1.499999999999999944e-01 7.999992388498503715e+02 1.799996326572078829e+02
2.999999999999999889e-01 7.999992388498503715e+02 1.799996326572078829e+02
4.499999999999999556e-01 7.999992388498503715e+02 1.799996326572078829e+02
5.999999999999999778e-01 7.999992388498503715e+02 1.799996326572078829e+02
7.500000000000000000e-01 7.999992388498503715e+02 1.799996326572078829e+02
9.000000000000000222e-01 7.999992388498503715e+02 1.799996326572078829e+02
1.050000000000000044e+00 7.999992388498503715e+02 1.799996326572078829e+02
1.199999999999999956e+00 7.999992388498503715e+02 1.799996326572078829e+02
1.349999999999999867e+00 7.999992388498503715e+02 1.799996326572078829e+02
1.499999999999999778e+00 7.999992388498503715e+02 1.799996326572078829e+02
1.649999999999999689e+00 7.999992388498503715e+02 1.799996326572078829e+02
1.799999999999999600e+00 7.999992388498503715e+02 1.799996326572078829e+02
1.949999999999999512e+00 7.999992388498503715e+02 1.799996326572078829e+02
2.099999999999999645e+00 7.999998221387794501e+02 1.799996331891280192e+02
2.249999999999999556e+00 7.999998221387794501e+02 1.799996331891280192e+02
2.399999999999999467e+00 7.999998221387794501e+02 1.799996331891280192e+02
2.549999999999999378e+00 7.999998221387794501e+02 1.799996331891280192e+02
2.699999999999999289e+00 7.999998221387794501e+02 1.799996331891280192e+02
2.849999999999999201e+00 7.999998221387794501e+02 1.799996331891280192e+02
2.999999999999999112e+00 7.999998221387794501e+02 1.799996331891280192e+02
3.149999999999999023e+00 7.999998221387794501e+02 1.799996331891280192e+02
3.299999999999998934e+00 7.999998221387794501e+02 1.799996331891280192e+02
3.449999999999998845e+00 7.999998221387794501e+02 1.799996331891280192e+02
3.599999999999998757e+00 7.999998221387794501e+02 1.799996331891280192e+02
3.749999999999998668e+00 7.999998221387794501e+02 1.799996331891280192e+02
3.899999999999998579e+00 7.999998221387794501e+02 1.799996331891280192e+02
4.049999999999998934e+00 5.064015489534770609e+02 1.799996339698268457e+02
4.199999999999999289e+00 4.009161710455215939e+02 1.799996367206329353e+02
4.349999999999999645e+00 2.877339535346456501e+02 1.799996460518497940e+02
4.500000000000000000e+00 2.411604599672294285e+02 1.799996590991132166e+02
4.650000000000000355e+00 2.127528177455728269e+02 1.799996748060441121e+02
4.800000000000000711e+00 1.957329791982539575e+02 1.799996935111601033e+02
4.950000000000001066e+00 1.849321939351714548e+02 1.799997132893678042e+02
5.100000000000001421e+00 1.779432546956958561e+02 1.799997325522213032e+02
5.250000000000001776e+00 1.733448959300722834e+02 1.799997522197213868e+02
5.400000000000002132e+00 1.702891726911028343e+02 1.799997711354788805e+02
5.550000000000002487e+00 1.682448352216180751e+02 1.799997885111919800e+02
5.700000000000002842e+00 1.668712806396240467e+02 1.799998054370191767e+02
5.850000000000003197e+00 1.659461263229560473e+02 1.799998212599462590e+02
6.000000000000003553e+00 1.653225036274216109e+02 1.799998355490417339e+02
6.150000000000003908e+00 1.649027256168598967e+02 1.799998492761275770e+02
6.300000000000004263e+00 1.646216298517447854e+02 1.799998620122386797e+02
6.450000000000004619e+00 1.644358476954494392e+02 1.799998734785805823e+02
6.600000000000004974e+00 1.643168328073191162e+02 1.799998844583129198e+02
6.750000000000005329e+00 1.642463467944555759e+02 1.799998946425931479e+02
6.900000000000005684e+00 1.642136060182747883e+02 1.799999038348785803e+02
7.050000000000006040e+00 1.642136060183478605e+02 1.799999126420873949e+02
7.200000000000006395e+00 1.642463467946835465e+02 1.799999208353444260e+02
7.350000000000006750e+00 1.643168328077344427e+02 1.799999282738885142e+02
7.500000000000007105e+00 1.644358476961111535e+02 1.799999354160674159e+02
7.650000000000007461e+00 1.646216298527475885e+02 1.799999420922376316e+02
7.800000000000007816e+00 1.649027256183492796e+02 1.799999482031973344e+02
7.950000000000008171e+00 1.653225036296167332e+02 1.799999540825496354e+02
8.100000000000008527e+00 1.659461263261858051e+02 1.799999596041642462e+02
8.250000000000008882e+00 1.668712806443809882e+02 1.799999646975026053e+02
8.400000000000009237e+00 1.682448352286440922e+02 1.799999695851688557e+02
8.550000000000009592e+00 1.702891727015253593e+02 1.799999741658363916e+02
8.700000000000009948e+00 1.733448959456304124e+02 1.799999783777861921e+02
8.850000000000010303e+00 1.779432547191320850e+02 1.799999823316744880e+02
9.000000000000010658e+00 1.849321939709251126e+02 1.799999859226393255e+02
9.150000000000011013e+00 1.957329792539641744e+02 1.799999890690377242e+02
9.300000000000011369e+00 2.127528178344057892e+02 1.799999917675014274e+02
9.450000000000011724e+00 2.411604601199528872e+02 1.799999939168908725e+02
9.600000000000012079e+00 2.877339537870102504e+02 1.799999954203829020e+02
9.750000000000012434e+00 4.009161717544139947e+02 1.799999963821613278e+02
9.900000000000012790e+00 5.064015494703278364e+02 1.799999967218787731e+02
1.005000000000001315e+01 7.999998289098040232e+02 1.799999967836244537e+02
1.020000000000001350e+01 7.999998289098040232e+02 1.799999967836244537e+02
1.035000000000001386e+01 7.999998289098040232e+02 1.799999967836244537e+02
1.050000000000001421e+01 7.999998289098040232e+02 1.799999967836244537e+02
1.065000000000001457e+01 7.999998289098040232e+02 1.799999967836244537e+02
1.080000000000001492e+01 7.999998289098040232e+02 1.799999967836244537e+02
1.095000000000001528e+01 7.999998289098040232e+02 1.799999967836244537e+02
1.110000000000001563e+01 7.999998289098040232e+02 1.799999967836244537e+02
1.125000000000001599e+01 7.999998289098040232e+02 1.799999967836244537e+02
1.140000000000001634e+01 7.999998289098040232e+02 1.799999967836244537e+02
1.155000000000001670e+01 7.999998289098040232e+02 1.799999967836244537e+02
1.170000000000001705e+01 7.999998289098040232e+02 1.799999967836244537e+02
1.185000000000001741e+01 7.999998289098040232e+02 1.799999967836244537e+02
1.200000000000001776e+01 7.999998289098040232e+02 1.799999967836244537e+02
1.215000000000001812e+01 7.999998289098040232e+02 1.799999967836244537e+02
1.230000000000001847e+01 7.999998289098040232e+02 1.799999967836244537e+02
1.245000000000001883e+01 7.999998289098040232e+02 1.799999967836244537e+02
1.260000000000001918e+01 7.999998289098040232e+02 1.799999967836244537e+02
1.275000000000001954e+01 7.999998289098040232e+02 1.799999967836244537e+02
1.290000000000001990e+01 7.999998289098040232e+02 1.799999967836244537e+02
1.305000000000002025e+01 7.999992678261837682e+02 1.799999968006711129e+02
1.320000000000002061e+01 7.999992678261837682e+02 1.799999968006711129e+02
1.335000000000002096e+01 7.999992678261837682e+02 1.799999968006711129e+02
1.350000000000002132e+01 7.999992678261837682e+02 1.799999968006711129e+02
1.365000000000002167e+01 7.999992678261837682e+02 1.799999968006711129e+02
1.380000000000002203e+01 7.999992678261837682e+02 1.799999968006711129e+02
1.395000000000002238e+01 7.999992678261837682e+02 1.799999968006711129e+02
1.410000000000002274e+01 7.999992678261837682e+02 1.799999968006711129e+02
1.425000000000002309e+01 7.999992678261837682e+02 1.799999968006711129e+02
1.440000000000002345e+01 7.999992678261837682e+02 1.799999968006711129e+02
1.455000000000002380e+01 7.999992678261837682e+02 1.799999968006711129e+02
1.470000000000002416e+01 7.999992678261837682e+02 1.799999968006711129e+02
1.485000000000002451e+01 7.999992678261837682e+02 1.799999968006711129e+02
1.500000000000002487e+01 7.999992678261837682e+02 1.799999968006711129e+02
1.515000000000002522e+01 7.999992678261837682e+02 1.799999968006711129e+02
1.530000000000002558e+01 7.999992678261837682e+02 1.799999968006711129e+02
1.545000000000002593e+01 7.999992678261837682e+02 1.799999968006711129e+02
1.560000000000002629e+01 7.999992678261837682e+02 1.799999968006711129e+02
1.575000000000002665e+01 7.999992678261837682e+02 1.799999968006711129e+02
1.590000000000002700e+01 7.999992678261837682e+02 1.799999968006711129e+02
