1.499999999999999944e-01 7.999998894136542731e+02 8.744938081472540148e+01
2.999999999999999889e-01 7.999998894136542731e+02 8.744938081472540148e+01
4.499999999999999556e-01 7.999998894136542731e+02 8.744938081472540148e+01
5.999999999999999778e-01 7.999998894136542731e+02 8.744938081472540148e+01
7.500000000000000000e-01 7.999998894136542731e+02 8.744938081472540148e+01
9.000000000000000222e-01 7.999998894136542731e+02 8.744938081472540148e+01
1.050000000000000044e+00 7.999998894136542731e+02 8.744938081472540148e+01
1.199999999999999956e+00 7.999998894136542731e+02 8.744938081472540148e+01
1.349999999999999867e+00 7.999998894136542731e+02 8.744938081472540148e+01
1.499999999999999778e+00 7.999998894136542731e+02 8.744938081472540148e+01
1.649999999999999689e+00 7.999998894136542731e+02 8.744938081472540148e+01
1.799999999999999600e+00 7.999998894136542731e+02 8.744938081472540148e+01
1.949999999999999512e+00 7.999998894136542731e+02 8.744938081472540148e+01
2.099999999999999645e+00 7.999999797699072133e+02 8.749743535886791790e+01
2.249999999999999556e+00 7.999999797699072133e+02 8.749743535886791790e+01
2.399999999999999467e+00 7.999999797699072133e+02 8.749743535886791790e+01
2.549999999999999378e+00 7.999999797699072133e+02 8.749743535886791790e+01
2.699999999999999289e+00 7.999999797699072133e+02 8.749743535886791790e+01
2.849999999999999201e+00 7.999999797699072133e+02 8.749743535886791790e+01
2.999999999999999112e+00 7.999999797699072133e+02 8.749743535886791790e+01
3.149999999999999023e+00 7.999999797699072133e+02 8.749743535886791790e+01
3.299999999999998934e+00 7.999999797699072133e+02 8.749743535886791790e+01
3.449999999999998845e+00 7.999999797699072133e+02 8.749743535886791790e+01
3.599999999999998757e+00 7.999999797699072133e+02 8.749743535886791790e+01
3.749999999999998668e+00 7.999999797699072133e+02 8.749743535886791790e+01
3.899999999999998579e+00 7.999999797699072133e+02 8.749743535886791790e+01
4.049999999999998934e+00 5.119932025529889188e+02 8.775734348992763501e+01
4.199999999999999289e+00 4.375957743706643441e+02 8.891469642464389267e+01
4.349999999999999645e+00 3.565863300765400936e+02 9.150717384713162517e+01
4.500000000000000000e+00 3.320673809225414175e+02 9.460747173914671748e+01
4.650000000000000355e+00 3.203288938091958471e+02 9.804872361981261975e+01
4.800000000000000711e+00 3.153274917561508914e+02 1.015561027424634091e+02
4.950000000000001066e+00 3.131275275333449599e+02 1.050369199667753861e+02
5.100000000000001421e+00 3.122118777087626995e+02 1.084397408604930888e+02
5.250000000000001776e+00 3.118721781868891298e+02 1.117444710833443509e+02
5.400000000000002132e+00 3.117908805221732678e+02 1.149434427640761101e+02
5.550000000000002487e+00 3.118227844419421331e+02 1.180350889944369897e+02
5.700000000000002842e+00 3.119018003880536867e+02 1.210205912900620291e+02
5.850000000000003197e+00 3.119979044463747186e+02 1.239024310361065062e+02
6.000000000000003553e+00 3.120975768686128049e+02 1.266837194119484451e+02
6.150000000000003908e+00 3.121948454696150748e+02 1.293678884469418620e+02
6.300000000000004263e+00 3.122871898554142831e+02 1.319585361663013146e+02
6.450000000000004619e+00 3.123736669210789501e+02 1.344593506834564494e+02
6.600000000000004974e+00 3.124540528258851850e+02 1.368740675456436122e+02
6.750000000000005329e+00 3.125284495994579856e+02 1.392064384529121810e+02
6.900000000000005684e+00 3.125971047123265976e+02 1.414602138338344446e+02
7.050000000000006040e+00 3.126603297069440259e+02 1.436391299394068426e+02
7.200000000000006395e+00 3.127184668403035062e+02 1.457468948741758936e+02
7.350000000000006750e+00 3.127718839271861384e+02 1.477871814983772936e+02
7.500000000000007105e+00 3.128209959937532290e+02 1.497636215646571145e+02
7.650000000000007461e+00 3.128663290396291927e+02 1.516797972309988722e+02
7.800000000000007816e+00 3.129086693486800641e+02 1.535392365784227877e+02
7.950000000000008171e+00 3.129493990660798772e+02 1.553454071782736605e+02
8.100000000000008527e+00 3.129912428094464190e+02 1.571017017054724363e+02
8.250000000000008882e+00 3.130399259710667934e+02 1.588114148213567489e+02
8.400000000000009237e+00 3.131078570602912805e+02 1.604776923768745576e+02
8.550000000000009592e+00 3.132223134535657891e+02 1.621034181091189339e+02
8.700000000000009948e+00 3.134436194558038551e+02 1.636909692518356962e+02
8.850000000000010303e+00 3.139058948739916559e+02 1.652416942597975265e+02
9.000000000000010658e+00 3.149067917991364425e+02 1.667547112518072083e+02
9.150000000000011013e+00 3.171222490352822092e+02 1.682247148094680824e+02
9.300000000000011369e+00 3.220217384039190165e+02 1.696354183745992543e+02
9.450000000000011724e+00 3.334895437413152308e+02 1.709567261878091813e+02
9.600000000000012079e+00 3.575475437070961107e+02 1.720970772580470225e+02
9.750000000000012434e+00 4.379230379996164402e+02 1.730063142230269762e+02
9.900000000000012790e+00 5.120082068374534856e+02 1.733938259040082528e+02
1.005000000000001315e+01 7.999999802644625788e+02 1.734724930505455518e+02
1.020000000000001350e+01 7.999999802644625788e+02 1.734724930505455518e+02
1.035000000000001386e+01 7.999999802644625788e+02 1.734724930505455518e+02
1.050000000000001421e+01 7.999999802644625788e+02 1.734724930505455518e+02
1.065000000000001457e+01 7.999999802644625788e+02 1.734724930505455518e+02
1.080000000000001492e+01 7.999999802644625788e+02 1.734724930505455518e+02
1.095000000000001528e+01 7.999999802644625788e+02 1.734724930505455518e+02
1.110000000000001563e+01 7.999999802644625788e+02 1.734724930505455518e+02
1.125000000000001599e+01 7.999999802644625788e+02 1.734724930505455518e+02
1.140000000000001634e+01 7.999999802644625788e+02 1.734724930505455518e+02
1.155000000000001670e+01 7.999999802644625788e+02 1.734724930505455518e+02
1.170000000000001705e+01 7.999999802644625788e+02 1.734724930505455518e+02
1.185000000000001741e+01 7.999999802644625788e+02 1.734724930505455518e+02
1.200000000000001776e+01 7.999999802644625788e+02 1.734724930505455518e+02
1.215000000000001812e+01 7.999999802644625788e+02 1.734724930505455518e+02
1.230000000000001847e+01 7.999999802644625788e+02 1.734724930505455518e+02
1.245000000000001883e+01 7.999999802644625788e+02 1.734724930505455518e+02
1.260000000000001918e+01 7.999999802644625788e+02 1.734724930505455518e+02
1.275000000000001954e+01 7.999999802644625788e+02 1.734724930505455518e+02
1.290000000000001990e+01 7.999999802644625788e+02 1.734724930505455518e+02
1.305000000000002025e+01 7.999998920752437925e+02 1.734877317133597501e+02
1.320000000000002061e+01 7.999998920752437925e+02 1.734877317133597501e+02
1.335000000000002096e+01 7.999998920752437925e+02 1.734877317133597501e+02
1.350000000000002132e+01 7.999998920752437925e+02 1.734877317133597501e+02
1.365000000000002167e+01 7.999998920752437925e+02 1.734877317133597501e+02
1.380000000000002203e+01 7.999998920752437925e+02 1.734877317133597501e+02
1.395000000000002238e+01 7.999998920752437925e+02 1.734877317133597501e+02
1.410000000000002274e+01 7.999998920752437925e+02 1.734877317133597501e+02
1.425000000000002309e+01 7.999998920752437925e+02 1.734877317133597501e+02
1.440000000000002345e+01 7.999998920752437925e+02 1.734877317133597501e+02
1.455000000000002380e+01 7.999998920752437925e+02 1.734877317133597501e+02
1.470000000000002416e+01 7.999998920752437925e+02 1.734877317133597501e+02
1.485000000000002451e+01 7.999998920752437925e+02 1.734877317133597501e+02
1.500000000000002487e+01 7.999998920752437925e+02 1.734877317133597501e+02
1.515000000000002522e+01 7.999998920752437925e+02 1.734877317133597501e+02
1.530000000000002558e+01 7.999998920752437925e+02 1.734877317133597501e+02
1.545000000000002593e+01 7.999998920752437925e+02 1.734877317133597501e+02
1.560000000000002629e+01 7.999998920752437925e+02 1.734877317133597501e+02
1.575000000000002665e+01 7.999998920752437925e+02 1.734877317133597501e+02
1.590000000000002700e+01 7.999998920752437925e+02 1.734877317133597501e+02
