1.499999999999999944e-01 7.998490506790428753e+02 1.799992053994805588e+02
2.999999999999999889e-01 7.998490506790428753e+02 1.799992053994805588e+02
4.499999999999999556e-01 7.998490506790428753e+02 1.799992053994805588e+02
5.999999999999999778e-01 7.998490506790428753e+02 1.799992053994805588e+02
7.500000000000000000e-01 7.998490506790428753e+02 1.799992053994805588e+02
9.000000000000000222e-01 7.998490506790428753e+02 1.799992053994805588e+02
1.050000000000000044e+00 7.998490506790428753e+02 1.799992053994805588e+02
1.199999999999999956e+00 7.998490506790428753e+02 1.799992053994805588e+02
1.349999999999999867e+00 7.998490506790428753e+02 1.799992053994805588e+02
1.499999999999999778e+00 7.998490506790428753e+02 1.799992053994805588e+02
1.649999999999999689e+00 7.998490506790428753e+02 1.799992053994805588e+02
1.799999999999999600e+00 7.998490506790428753e+02 1.799992053994805588e+02
1.949999999999999512e+00 7.998490506790428753e+02 1.799992053994805588e+02
2.099999999999999645e+00 7.999294669934342892e+02 1.799992058776064425e+02
2.249999999999999556e+00 7.999294669934342892e+02 1.799992058776064425e+02
2.399999999999999467e+00 7.999294669934342892e+02 1.799992058776064425e+02
2.549999999999999378e+00 7.999294669934342892e+02 1.799992058776064425e+02
2.699999999999999289e+00 7.999294669934342892e+02 1.799992058776064425e+02
2.849999999999999201e+00 7.999294669934342892e+02 1.799992058776064425e+02
2.999999999999999112e+00 7.999294669934342892e+02 1.799992058776064425e+02
3.149999999999999023e+00 7.999294669934342892e+02 1.799992058776064425e+02
3.299999999999998934e+00 7.999294669934342892e+02 1.799992058776064425e+02
3.449999999999998845e+00 7.999294669934342892e+02 1.799992058776064425e+02
3.599999999999998757e+00 7.999294669934342892e+02 1.799992058776064425e+02
3.749999999999998668e+00 7.999294669934342892e+02 1.799992058776064425e+02
3.899999999999998579e+00 7.999294669934342892e+02 1.799992058776064425e+02
4.049999999999998934e+00 4.549837635890676211e+02 1.799992064797939406e+02
4.199999999999999289e+00 2.371173737669085995e+02 1.799992075650089589e+02
4.349999999999999645e+00 8.739510659507686796e+01 1.799992143732621344e+02
4.500000000000000000e+00 3.686704355994755389e+01 1.799992297576499993e+02
4.650000000000000355e+00 1.538487499663260039e+01 1.799992660614793465e+02
4.800000000000000711e+00 6.930885276308821119e+00 1.799993442651036730e+02
4.950000000000001066e+00 3.518389354520223833e+00 1.799994823903106749e+02
5.100000000000001421e+00 2.152532150420057633e+00 1.799996600397710438e+02
5.250000000000001776e+00 1.604274001288047202e+00 1.799998170359889116e+02
5.400000000000002132e+00 1.384412854928427805e+00 1.799999149411891040e+02
5.550000000000002487e+00 1.296216016310211216e+00 1.799999635103827984e+02
5.700000000000002842e+00 1.260839876862803521e+00 1.799999849508805028e+02
5.850000000000003197e+00 1.246649833774426952e+00 1.799999938941226105e+02
6.000000000000003553e+00 1.240958018224603165e+00 1.799999975362093210e+02
6.150000000000003908e+00 1.238674973464810591e+00 1.799999990097934415e+02
6.300000000000004263e+00 1.237759291906456838e+00 1.799999996024706661e+02
6.450000000000004619e+00 1.237392204303603194e+00 1.799999998402773826e+02
6.600000000000004974e+00 1.237245474742962870e+00 1.799999999359172307e+02
6.750000000000005329e+00 1.237187902993355237e+00 1.799999999742910859e+02
6.900000000000005684e+00 1.237168010681898522e+00 1.799999999896732561e+02
7.050000000000006040e+00 1.237168010622895054e+00 1.799999999958571379e+02
7.200000000000006395e+00 1.237187903022856972e+00 1.799999999983380121e+02
7.350000000000006750e+00 1.237245474831468073e+00 1.799999999993325162e+02
7.500000000000007105e+00 1.237392204539617069e+00 1.799999999997322391e+02
7.650000000000007461e+00 1.237759292496491526e+00 1.799999999998926796e+02
7.800000000000007816e+00 1.238674974969399045e+00 1.799999999999568274e+02
7.950000000000008171e+00 1.240958022030326902e+00 1.799999999999826628e+02
8.100000000000008527e+00 1.246649843332988894e+00 1.799999999999930651e+02
8.250000000000008882e+00 1.260839900729706642e+00 1.799999999999972715e+02
8.400000000000009237e+00 1.296216075844711213e+00 1.799999999999988347e+02
8.550000000000009592e+00 1.384413003307400913e+00 1.799999999999993747e+02
8.700000000000009948e+00 1.604274371195543836e+00 1.799999999999992895e+02
8.850000000000010303e+00 2.152533072865537633e+00 1.799999999999991473e+02
9.000000000000010658e+00 3.518391651975164791e+00 1.799999999999988063e+02
9.150000000000011013e+00 6.930891020654215140e+00 1.799999999999984652e+02
9.300000000000011369e+00 1.538488919581736170e+01 1.799999999999982663e+02
9.450000000000011724e+00 3.686707988756184307e+01 1.799999999999982947e+02
9.600000000000012079e+00 8.739519028275466894e+01 1.799999999999980673e+02
9.750000000000012434e+00 2.371176373973046054e+02 1.799999999999981526e+02
9.900000000000012790e+00 4.549840774839176447e+02 1.799999999999982094e+02
1.005000000000001315e+01 7.999310498637398723e+02 1.799999999999981810e+02
1.020000000000001350e+01 7.999310498637398723e+02 1.799999999999981810e+02
1.035000000000001386e+01 7.999310498637398723e+02 1.799999999999981810e+02
1.050000000000001421e+01 7.999310498637398723e+02 1.799999999999981810e+02
1.065000000000001457e+01 7.999310498637398723e+02 1.799999999999981810e+02
1.080000000000001492e+01 7.999310498637398723e+02 1.799999999999981810e+02
1.095000000000001528e+01 7.999310498637398723e+02 1.799999999999981810e+02
1.110000000000001563e+01 7.999310498637398723e+02 1.799999999999981810e+02
1.125000000000001599e+01 7.999310498637398723e+02 1.799999999999981810e+02
1.140000000000001634e+01 7.999310498637398723e+02 1.799999999999981810e+02
1.155000000000001670e+01 7.999310498637398723e+02 1.799999999999981810e+02
1.170000000000001705e+01 7.999310498637398723e+02 1.799999999999981810e+02
1.185000000000001741e+01 7.999310498637398723e+02 1.799999999999981810e+02
1.200000000000001776e+01 7.999310498637398723e+02 1.799999999999981810e+02
1.215000000000001812e+01 7.999310498637398723e+02 1.799999999999981810e+02
1.230000000000001847e+01 7.999310498637398723e+02 1.799999999999981810e+02
1.245000000000001883e+01 7.999310498637398723e+02 1.799999999999981810e+02
1.260000000000001918e+01 7.999310498637398723e+02 1.799999999999981810e+02
1.275000000000001954e+01 7.999310498637398723e+02 1.799999999999981810e+02
1.290000000000001990e+01 7.999310498637398723e+02 1.799999999999981810e+02
1.305000000000002025e+01 7.998524382550666587e+02 1.799999999999981810e+02
1.320000000000002061e+01 7.998524382550666587e+02 1.799999999999981810e+02
1.335000000000002096e+01 7.998524382550666587e+02 1.799999999999981810e+02
1.350000000000002132e+01 7.998524382550666587e+02 1.799999999999981810e+02
1.365000000000002167e+01 7.998524382550666587e+02 1.799999999999981810e+02
1.380000000000002203e+01 7.998524382550666587e+02 1.799999999999981810e+02
1.395000000000002238e+01 7.998524382550666587e+02 1.799999999999981810e+02
1.410000000000002274e+01 7.998524382550666587e+02 1.799999999999981810e+02
1.425000000000002309e+01 7.998524382550666587e+02 1.799999999999981810e+02
1.440000000000002345e+01 7.998524382550666587e+02 1.799999999999981810e+02
1.455000000000002380e+01 7.998524382550666587e+02 1.799999999999981810e+02
1.470000000000002416e+01 7.998524382550666587e+02 1.799999999999981810e+02
1.485000000000002451e+01 7.998524382550666587e+02 1.799999999999981810e+02
1.500000000000002487e+01 7.998524382550666587e+02 1.799999999999981810e+02
1.515000000000002522e+01 7.998524382550666587e+02 1.799999999999981810e+02
1.530000000000002558e+01 7.998524382550666587e+02 1.799999999999981810e+02
1.545000000000002593e+01 7.998524382550666587e+02 1.799999999999981810e+02
1.560000000000002629e+01 7.998524382550666587e+02 1.799999999999981810e+02
1.575000000000002665e+01 7.998524382550666587e+02 1.799999999999981810e+02
1.590000000000002700e+01 7.998524382550666587e+02 1.799999999999981810e+02
