1.499999999999999944e-01 7.999997761411835882e+02 1.799987360696098335e+02
2.999999999999999889e-01 7.999997761411835882e+02 1.799987360696098335e+02
4.499999999999999556e-01 7.999997761411835882e+02 1.799987360696098335e+02
5.999999999999999778e-01 7.999997761411835882e+02 1.799987360696098335e+02
7.500000000000000000e-01 7.999997761411835882e+02 1.799987360696098335e+02
9.000000000000000222e-01 7.999997761411835882e+02 1.799987360696098335e+02
1.050000000000000044e+00 7.999997761411835882e+02 1.799987360696098335e+02
1.199999999999999956e+00 7.999997761411835882e+02 1.799987360696098335e+02
1.349999999999999867e+00 7.999997761411835882e+02 1.799987360696098335e+02
1.499999999999999778e+00 7.999997761411835882e+02 1.799987360696098335e+02
1.649999999999999689e+00 7.999997761411835882e+02 1.799987360696098335e+02
1.799999999999999600e+00 7.999997761411835882e+02 1.799987360696098335e+02
1.949999999999999512e+00 7.999997761411835882e+02 1.799987360696098335e+02
2.099999999999999645e+00 7.999999553044814320e+02 1.799987371621822945e+02
2.249999999999999556e+00 7.999999553044814320e+02 1.799987371621822945e+02
2.399999999999999467e+00 7.999999553044814320e+02 1.799987371621822945e+02
2.549999999999999378e+00 7.999999553044814320e+02 1.799987371621822945e+02
2.699999999999999289e+00 7.999999553044814320e+02 1.799987371621822945e+02
2.849999999999999201e+00 7.999999553044814320e+02 1.799987371621822945e+02
2.999999999999999112e+00 7.999999553044814320e+02 1.799987371621822945e+02
3.149999999999999023e+00 7.999999553044814320e+02 1.799987371621822945e+02
3.299999999999998934e+00 7.999999553044814320e+02 1.799987371621822945e+02
3.449999999999998845e+00 7.999999553044814320e+02 1.799987371621822945e+02
3.599999999999998757e+00 7.999999553044814320e+02 1.799987371621822945e+02
3.749999999999998668e+00 7.999999553044814320e+02 1.799987371621822945e+02
3.899999999999998579e+00 7.999999553044814320e+02 1.799987371621822945e+02
4.049999999999998934e+00 5.103591590093083141e+02 1.799987410366209986e+02
4.199999999999999289e+00 4.263681481264047193e+02 1.799987571870516661e+02
4.349999999999999645e+00 3.358424689650458390e+02 1.799987964354323822e+02
4.500000000000000000e+00 3.055770138791222053e+02 1.799988447446280873e+02
4.650000000000000355e+00 2.899529303964128530e+02 1.799988984946889730e+02
4.800000000000000711e+00 2.824991586536093564e+02 1.799989545351508582e+02
4.950000000000001066e+00 2.787582264291478396e+02 1.799990100121865453e+02
5.100000000000001421e+00 2.768811969652803668e+02 1.799990630690594458e+02
5.250000000000001776e+00 2.759325149441563099e+02 1.799991147759861292e+02
5.400000000000002132e+00 2.754522858621432988e+02 1.799991641939555223e+02
5.550000000000002487e+00 2.752088527038260963e+02 1.799992106946345700e+02
5.700000000000002842e+00 2.750853881734134916e+02 1.799992556260502568e+02
5.850000000000003197e+00 2.750227500512549454e+02 1.799992984228327373e+02
6.000000000000003553e+00 2.749909680137639612e+02 1.799993386698141649e+02
6.150000000000003908e+00 2.749748434034758588e+02 1.799993775533633027e+02
6.300000000000004263e+00 2.749666673797630665e+02 1.799994146275817002e+02
6.450000000000004619e+00 2.749625317017633392e+02 1.799994495632219582e+02
6.600000000000004974e+00 2.749604596065911437e+02 1.799994833588388872e+02
6.750000000000005329e+00 2.749594607140800804e+02 1.799995156491085027e+02
6.900000000000005684e+00 2.749590576013585519e+02 1.799995461688710350e+02
7.050000000000006040e+00 2.749590576013786745e+02 1.799995757483534646e+02
7.200000000000006395e+00 2.749594607141415281e+02 1.799996040902045422e+02
7.350000000000006750e+00 2.749604596066946556e+02 1.799996309849079239e+02
7.500000000000007105e+00 2.749625317019101089e+02 1.799996571150980458e+02
7.650000000000007461e+00 2.749666673799564478e+02 1.799996822431187979e+02
7.800000000000007816e+00 2.749748434037206835e+02 1.799997062090933184e+02
7.950000000000008171e+00 2.749909680140669366e+02 1.799997295649819193e+02
8.100000000000008527e+00 2.750227500516284067e+02 1.799997521251951298e+02
8.250000000000008882e+00 2.750853881738806876e+02 1.799997737725976208e+02
8.400000000000009237e+00 2.752088527044262491e+02 1.799997949376450208e+02
8.550000000000009592e+00 2.754522858629537154e+02 1.799998154720088337e+02
8.700000000000009948e+00 2.759325149453254653e+02 1.799998352789357341e+02
8.850000000000010303e+00 2.768811969670993562e+02 1.799998546420552827e+02
9.000000000000010658e+00 2.787582264321982848e+02 1.799998733757093134e+02
9.150000000000011013e+00 2.824991586590891757e+02 1.799998912705625855e+02
9.300000000000011369e+00 2.899529304067039561e+02 1.799999082171200939e+02
9.450000000000011724e+00 3.055770139003666372e+02 1.799999236323414493e+02
9.600000000000012079e+00 3.358424690051934931e+02 1.799999363163940700e+02
9.750000000000012434e+00 4.263681482616868834e+02 1.799999458948323365e+02
9.900000000000012790e+00 5.103591591057568166e+02 1.799999497661021621e+02
1.005000000000001315e+01 7.999999568889016928e+02 1.799999505247767786e+02
1.020000000000001350e+01 7.999999568889016928e+02 1.799999505247767786e+02
1.035000000000001386e+01 7.999999568889016928e+02 1.799999505247767786e+02
1.050000000000001421e+01 7.999999568889016928e+02 1.799999505247767786e+02
1.065000000000001457e+01 7.999999568889016928e+02 1.799999505247767786e+02
1.080000000000001492e+01 7.999999568889016928e+02 1.799999505247767786e+02
1.095000000000001528e+01 7.999999568889016928e+02 1.799999505247767786e+02
1.110000000000001563e+01 7.999999568889016928e+02 1.799999505247767786e+02
1.125000000000001599e+01 7.999999568889016928e+02 1.799999505247767786e+02
1.140000000000001634e+01 7.999999568889016928e+02 1.799999505247767786e+02
1.155000000000001670e+01 7.999999568889016928e+02 1.799999505247767786e+02
1.170000000000001705e+01 7.999999568889016928e+02 1.799999505247767786e+02
1.185000000000001741e+01 7.999999568889016928e+02 1.799999505247767786e+02
1.200000000000001776e+01 7.999999568889016928e+02 1.799999505247767786e+02
1.215000000000001812e+01 7.999999568889016928e+02 1.799999505247767786e+02
1.230000000000001847e+01 7.999999568889016928e+02 1.799999505247767786e+02
1.245000000000001883e+01 7.999999568889016928e+02 1.799999505247767786e+02
1.260000000000001918e+01 7.999999568889016928e+02 1.799999505247767786e+02
1.275000000000001954e+01 7.999999568889016928e+02 1.799999505247767786e+02
1.290000000000001990e+01 7.999999568889016928e+02 1.799999505247767786e+02
1.305000000000002025e+01 7.999997840767985053e+02 1.799999506947092982e+02
1.320000000000002061e+01 7.999997840767985053e+02 1.799999506947092982e+02
1.335000000000002096e+01 7.999997840767985053e+02 1.799999506947092982e+02
1.350000000000002132e+01 7.999997840767985053e+02 1.799999506947092982e+02
1.365000000000002167e+01 7.999997840767985053e+02 1.799999506947092982e+02
1.380000000000002203e+01 7.999997840767985053e+02 1.799999506947092982e+02
1.395000000000002238e+01 7.999997840767985053e+02 1.799999506947092982e+02
1.410000000000002274e+01 7.999997840767985053e+02 1.799999506947092982e+02
1.425000000000002309e+01 7.999997840767985053e+02 1.799999506947092982e+02
1.440000000000002345e+01 7.999997840767985053e+02 1.799999506947092982e+02
1.455000000000002380e+01 7.999997840767985053e+02 1.799999506947092982e+02
1.470000000000002416e+01 7.999997840767985053e+02 1.799999506947092982e+02
1.485000000000002451e+01 7.999997840767985053e+02 1.799999506947092982e+02
1.500000000000002487e+01 7.999997840767985053e+02 1.799999506947092982e+02
1.515000000000002522e+01 7.999997840767985053e+02 1.799999506947092982e+02
1.530000000000002558e+01 7.999997840767985053e+02 1.799999506947092982e+02
1.545000000000002593e+01 7.999997840767985053e+02 1.799999506947092982e+02
1.560000000000002629e+01 7.999997840767985053e+02 1.799999506947092982e+02
1.575000000000002665e+01 7.999997840767985053e+02 1.799999506947092982e+02
1.590000000000002700e+01 7.999997840767985053e+02 1.799999506947092982e+02
