1.499999999999999944e-01 7.999432915752695408e+02 1.317430642812089658e-04
2.999999999999999889e-01 7.999432915752695408e+02 1.317430642812089658e-04
4.499999999999999556e-01 7.999432915752695408e+02 1.317430642812089658e-04
5.999999999999999778e-01 7.999432915752695408e+02 1.317430642812089658e-04
7.500000000000000000e-01 7.999432915752695408e+02 1.317430642812089658e-04
9.000000000000000222e-01 7.999432915752695408e+02 1.317430642812089658e-04
1.050000000000000044e+00 7.999432915752695408e+02 1.317430642812089658e-04
1.199999999999999956e+00 7.999432915752695408e+02 1.317430642812089658e-04
1.349999999999999867e+00 7.999432915752695408e+02 1.317430642812089658e-04
1.499999999999999778e+00 7.999432915752695408e+02 1.317430642812089658e-04
1.649999999999999689e+00 7.999432915752695408e+02 1.317430642812089658e-04
1.799999999999999600e+00 7.999432915752695408e+02 1.317430642812089658e-04
1.949999999999999512e+00 7.999432915752695408e+02 1.317430642812089658e-04
2.099999999999999645e+00 7.999766505308353999e+02 1.316305142395890471e-04
2.249999999999999556e+00 7.999766505308353999e+02 1.316305142395890471e-04
2.399999999999999467e+00 7.999766505308353999e+02 1.316305142395890471e-04
2.549999999999999378e+00 7.999766505308353999e+02 1.316305142395890471e-04
2.699999999999999289e+00 7.999766505308353999e+02 1.316305142395890471e-04
2.849999999999999201e+00 7.999766505308353999e+02 1.316305142395890471e-04
2.999999999999999112e+00 7.999766505308353999e+02 1.316305142395890471e-04
3.149999999999999023e+00 7.999766505308353999e+02 1.316305142395890471e-04
3.299999999999998934e+00 7.999766505308353999e+02 1.316305142395890471e-04
3.449999999999998845e+00 7.999766505308353999e+02 1.316305142395890471e-04
3.599999999999998757e+00 7.999766505308353999e+02 1.316305142395890471e-04
3.749999999999998668e+00 7.999766505308353999e+02 1.316305142395890471e-04
3.899999999999998579e+00 7.999766505308353999e+02 1.316305142395890471e-04
4.049999999999998934e+00 4.711872864464191935e+02 1.317343590109265605e-04
4.199999999999999289e+00 2.694015175475629462e+02 1.322055707323466223e-04
4.349999999999999645e+00 1.113603363419881589e+02 1.327109123929748336e-04
4.500000000000000000e+00 5.138132889437366657e+01 1.336966535829819946e-04
4.650000000000000355e+00 2.275365587111966548e+01 1.362751858363653312e-04
4.800000000000000711e+00 9.973049009655902353e+00 1.414415072793495654e-04
4.950000000000001066e+00 4.146236236834994315e+00 1.543123500098442236e-04
5.100000000000001421e+00 1.506205474762140284e+00 1.933028558326332913e-04
5.250000000000001776e+00 3.077123864973145828e-01 4.294490344050050368e-04
5.400000000000002132e+00 2.360426991306212585e-01 1.799997458804228927e+02
5.550000000000002487e+00 4.827888401459858869e-01 1.799999434748355043e+02
5.700000000000002842e+00 5.947513995797635289e-01 1.799999791729688923e+02
5.850000000000003197e+00 6.455560552191172974e-01 1.799999912905340977e+02
6.000000000000003553e+00 6.686095142747490172e-01 1.799999961741668528e+02
6.150000000000003908e+00 6.790709222489681451e-01 1.799999982901959186e+02
6.300000000000004263e+00 6.838192953738939650e-01 1.799999992293039952e+02
6.450000000000004619e+00 6.859769858481854499e-01 1.799999996504666910e+02
6.600000000000004974e+00 6.869628092846369327e-01 1.799999998415721620e+02
6.750000000000005329e+00 6.874250059063911067e-01 1.799999999281346845e+02
6.900000000000005684e+00 6.876674987753972346e-01 1.799999999673094351e+02
7.050000000000006040e+00 6.878497419338600594e-01 1.799999999851517600e+02
7.200000000000006395e+00 6.880915716923823311e-01 1.799999999932326489e+02
7.350000000000006750e+00 6.885520061755414645e-01 1.799999999968567010e+02
7.500000000000007105e+00 6.895338098236720725e-01 1.799999999984293879e+02
7.650000000000007461e+00 6.916825795635190843e-01 1.799999999989697130e+02
7.800000000000007816e+00 6.964112652075300502e-01 1.799999999988344825e+02
7.950000000000008171e+00 7.068292738588297652e-01 1.799999999979638119e+02
8.100000000000008527e+00 7.297870868459881422e-01 1.799999999958818648e+02
8.250000000000008882e+00 7.803809703236765927e-01 1.799999999915999922e+02
8.400000000000009237e+00 8.918791041911617867e-01 1.799999999838890972e+02
8.550000000000009592e+00 1.137602103757672012e+00 1.799999999722639927e+02
8.700000000000009948e+00 1.679104188100552619e+00 1.799999999585727721e+02
8.850000000000010303e+00 2.872640476739562132e+00 1.799999999467995622e+02
9.000000000000010658e+00 5.501790537677898385e+00 1.799999999389884238e+02
9.150000000000011013e+00 1.130481417541417244e+01 1.799999999344837249e+02
9.300000000000011369e+00 2.403403406236711959e+01 1.799999999324463431e+02
9.450000000000011724e+00 5.255246428987936724e+01 1.799999999315876380e+02
9.600000000000012079e+00 1.123151097302467889e+02 1.799999999310597332e+02
9.750000000000012434e+00 2.699452457366998033e+02 1.799999999310662417e+02
9.900000000000012790e+00 4.712704583632559547e+02 1.799999999311373244e+02
1.005000000000001315e+01 7.999767416147166159e+02 1.799999999310996657e+02
1.020000000000001350e+01 7.999767416147166159e+02 1.799999999310996657e+02
1.035000000000001386e+01 7.999767416147166159e+02 1.799999999310996657e+02
1.050000000000001421e+01 7.999767416147166159e+02 1.799999999310996657e+02
1.065000000000001457e+01 7.999767416147166159e+02 1.799999999310996657e+02
1.080000000000001492e+01 7.999767416147166159e+02 1.799999999310996657e+02
1.095000000000001528e+01 7.999767416147166159e+02 1.799999999310996657e+02
1.110000000000001563e+01 7.999767416147166159e+02 1.799999999310996657e+02
1.125000000000001599e+01 7.999767416147166159e+02 1.799999999310996657e+02
1.140000000000001634e+01 7.999767416147166159e+02 1.799999999310996657e+02
1.155000000000001670e+01 7.999767416147166159e+02 1.799999999310996657e+02
1.170000000000001705e+01 7.999767416147166159e+02 1.799999999310996657e+02
1.185000000000001741e+01 7.999767416147166159e+02 1.799999999310996657e+02
1.200000000000001776e+01 7.999767416147166159e+02 1.799999999310996657e+02
1.215000000000001812e+01 7.999767416147166159e+02 1.799999999310996657e+02
1.230000000000001847e+01 7.999767416147166159e+02 1.799999999310996657e+02
1.245000000000001883e+01 7.999767416147166159e+02 1.799999999310996657e+02
1.260000000000001918e+01 7.999767416147166159e+02 1.799999999310996657e+02
1.275000000000001954e+01 7.999767416147166159e+02 1.799999999310996657e+02
1.290000000000001990e+01 7.999767416147166159e+02 1.799999999310996657e+02
1.305000000000002025e+01 7.999434914333138522e+02 1.799999999312405805e+02
1.320000000000002061e+01 7.999434914333138522e+02 1.799999999312405805e+02
1.335000000000002096e+01 7.999434914333138522e+02 1.799999999312405805e+02
1.350000000000002132e+01 7.999434914333138522e+02 1.799999999312405805e+02
1.365000000000002167e+01 7.999434914333138522e+02 1.799999999312405805e+02
1.380000000000002203e+01 7.999434914333138522e+02 1.799999999312405805e+02
1.395000000000002238e+01 7.999434914333138522e+02 1.799999999312405805e+02
1.410000000000002274e+01 7.999434914333138522e+02 1.799999999312405805e+02
1.425000000000002309e+01 7.999434914333138522e+02 1.799999999312405805e+02
1.440000000000002345e+01 7.999434914333138522e+02 1.799999999312405805e+02
1.455000000000002380e+01 7.999434914333138522e+02 1.799999999312405805e+02
1.470000000000002416e+01 7.999434914333138522e+02 1.799999999312405805e+02
1.485000000000002451e+01 7.999434914333138522e+02 1.799999999312405805e+02
1.500000000000002487e+01 7.999434914333138522e+02 1.799999999312405805e+02
1.515000000000002522e+01 7.999434914333138522e+02 1.799999999312405805e+02
1.530000000000002558e+01 7.999434914333138522e+02 1.799999999312405805e+02
1.545000000000002593e+01 7.999434914333138522e+02 1.799999999312405805e+02
1.560000000000002629e+01 7.999434914333138522e+02 1.799999999312405805e+02
1.575000000000002665e+01 7.999434914333138522e+02 1.799999999312405805e+02
1.590000000000002700e+01 7.999434914333138522e+02 1.799999999312405805e+02
