1.499999999999999944e-01 7.996028427430495640e+02 8.248757077389257120e-07
2.999999999999999889e-01 7.996028427430495640e+02 8.248757077389257120e-07
4.499999999999999556e-01 7.996028427430495640e+02 8.248757077389257120e-07
5.999999999999999778e-01 7.996028427430495640e+02 8.248757077389257120e-07
7.500000000000000000e-01 7.996028427430495640e+02 8.248757077389257120e-07
9.000000000000000222e-01 7.996028427430495640e+02 8.248757077389257120e-07
1.050000000000000044e+00 7.996028427430495640e+02 8.248757077389257120e-07
1.199999999999999956e+00 7.996028427430495640e+02 8.248757077389257120e-07
1.349999999999999867e+00 7.996028427430495640e+02 8.248757077389257120e-07
1.499999999999999778e+00 7.996028427430495640e+02 8.248757077389257120e-07
1.649999999999999689e+00 7.996028427430495640e+02 8.248757077389257120e-07
1.799999999999999600e+00 7.996028427430495640e+02 8.248757077389257120e-07
1.949999999999999512e+00 7.996028427430495640e+02 8.248757077389257120e-07
2.099999999999999645e+00 7.997895262803008336e+02 8.237772938235465858e-07
2.249999999999999556e+00 7.997895262803008336e+02 8.237772938235465858e-07
2.399999999999999467e+00 7.997895262803008336e+02 8.237772938235465858e-07
2.549999999999999378e+00 7.997895262803008336e+02 8.237772938235465858e-07
2.699999999999999289e+00 7.997895262803008336e+02 8.237772938235465858e-07
2.849999999999999201e+00 7.997895262803008336e+02 8.237772938235465858e-07
2.999999999999999112e+00 7.997895262803008336e+02 8.237772938235465858e-07
3.149999999999999023e+00 7.997895262803008336e+02 8.237772938235465858e-07
3.299999999999998934e+00 7.997895262803008336e+02 8.237772938235465858e-07
3.449999999999998845e+00 7.997895262803008336e+02 8.237772938235465858e-07
3.599999999999998757e+00 7.997895262803008336e+02 8.237772938235465858e-07
3.749999999999998668e+00 7.997895262803008336e+02 8.237772938235465858e-07
3.899999999999998579e+00 7.997895262803008336e+02 8.237772938235465858e-07
4.049999999999998934e+00 4.332037217497984329e+02 8.243439756361325976e-07
4.199999999999999289e+00 2.028854083018154597e+02 8.276298353315780787e-07
4.349999999999999645e+00 6.491398716546642333e+01 8.297721169059357749e-07
4.500000000000000000e+00 2.375289077664348270e+01 8.348013207370996724e-07
4.650000000000000355e+00 8.166964852506140460e+00 8.525575425633036275e-07
4.800000000000000711e+00 2.766496856500253898e+00 8.966062626791782009e-07
4.950000000000001066e+00 8.360957766277579140e-01 1.050001382840726194e-06
5.100000000000001421e+00 1.539236633611835714e-01 2.030282179044107238e-06
5.250000000000001776e+00 8.815666212376527255e-02 1.799999987434551656e+02
5.400000000000002132e+00 1.739310883433518029e-01 1.799999997741777804e+02
5.550000000000002487e+00 2.043399806493653159e-01 1.799999999316222556e+02
5.700000000000002842e+00 2.151183674420735770e-01 1.799999999769710257e+02
5.850000000000003197e+00 2.189390397070383187e-01 1.799999999919769778e+02
6.000000000000003553e+00 2.202933368853337015e-01 1.799999999971616091e+02
6.150000000000003908e+00 2.207733947716405964e-01 1.799999999989905746e+02
6.300000000000004263e+00 2.209435646698238997e-01 1.799999999996275335e+02
6.450000000000004619e+00 2.210038976047599135e-01 1.799999999998254339e+02
6.600000000000004974e+00 2.210253207022105926e-01 1.799999999998198916e+02
6.750000000000005329e+00 2.210330188847819954e-01 1.799999999996030340e+02
6.900000000000005684e+00 2.210360424585360306e-01 1.799999999989189519e+02
7.050000000000006040e+00 2.210379460284457309e-01 1.799999999969696205e+02
7.200000000000006395e+00 2.210409674780748901e-01 1.799999999914705313e+02
7.350000000000006750e+00 2.210486582262092270e-01 1.799999999759277500e+02
7.500000000000007105e+00 2.210700594923764584e-01 1.799999999322142799e+02
7.650000000000007461e+00 2.211303311817118811e-01 1.799999998091528539e+02
7.800000000000007816e+00 2.213003274916900409e-01 1.799999994617406855e+02
7.950000000000008171e+00 2.217798961212338327e-01 1.799999984874196741e+02
8.100000000000008527e+00 2.231328128543736966e-01 1.799999957660742211e+02
8.250000000000008882e+00 2.269495911264129973e-01 1.799999882505155995e+02
8.400000000000009237e+00 2.377169926533042599e-01 1.799999684099891226e+02
8.550000000000009592e+00 2.680948943313978816e-01 1.799999211136607755e+02
8.700000000000009948e+00 3.537819013066609841e-01 1.799998312835773220e+02
8.850000000000010303e+00 5.956156279892184102e-01 1.799997177103424804e+02
9.000000000000010658e+00 1.277092672457627032e+00 1.799996294653987263e+02
9.150000000000011013e+00 3.205534386874361985e+00 1.799995826059701471e+02
9.300000000000011369e+00 8.600512822145923053e+00 1.799995639613619858e+02
9.450000000000011724e+00 2.417105435399527380e+01 1.799995573543727687e+02
9.600000000000012079e+00 6.529103241434383165e+01 1.799995544904920735e+02
9.750000000000012434e+00 2.031531613319240819e+02 1.799995543772867279e+02
9.900000000000012790e+00 4.332724039695748388e+02 1.799995546367946417e+02
1.005000000000001315e+01 7.997889154944313077e+02 1.799995544792878945e+02
1.020000000000001350e+01 7.997889154944313077e+02 1.799995544792878945e+02
1.035000000000001386e+01 7.997889154944313077e+02 1.799995544792878945e+02
1.050000000000001421e+01 7.997889154944313077e+02 1.799995544792878945e+02
1.065000000000001457e+01 7.997889154944313077e+02 1.799995544792878945e+02
1.080000000000001492e+01 7.997889154944313077e+02 1.799995544792878945e+02
1.095000000000001528e+01 7.997889154944313077e+02 1.799995544792878945e+02
1.110000000000001563e+01 7.997889154944313077e+02 1.799995544792878945e+02
1.125000000000001599e+01 7.997889154944313077e+02 1.799995544792878945e+02
1.140000000000001634e+01 7.997889154944313077e+02 1.799995544792878945e+02
1.155000000000001670e+01 7.997889154944313077e+02 1.799995544792878945e+02
1.170000000000001705e+01 7.997889154944313077e+02 1.799995544792878945e+02
1.185000000000001741e+01 7.997889154944313077e+02 1.799995544792878945e+02
1.200000000000001776e+01 7.997889154944313077e+02 1.799995544792878945e+02
1.215000000000001812e+01 7.997889154944313077e+02 1.799995544792878945e+02
1.230000000000001847e+01 7.997889154944313077e+02 1.799995544792878945e+02
1.245000000000001883e+01 7.997889154944313077e+02 1.799995544792878945e+02
1.260000000000001918e+01 7.997889154944313077e+02 1.799995544792878945e+02
1.275000000000001954e+01 7.997889154944313077e+02 1.799995544792878945e+02
1.290000000000001990e+01 7.997889154944313077e+02 1.799995544792878945e+02
1.305000000000002025e+01 7.996016165779709581e+02 1.799995550361943231e+02
1.320000000000002061e+01 7.996016165779709581e+02 1.799995550361943231e+02
1.335000000000002096e+01 7.996016165779709581e+02 1.799995550361943231e+02
1.350000000000002132e+01 7.996016165779709581e+02 1.799995550361943231e+02
1.365000000000002167e+01 7.996016165779709581e+02 1.799995550361943231e+02
1.380000000000002203e+01 7.996016165779709581e+02 1.799995550361943231e+02
1.395000000000002238e+01 7.996016165779709581e+02 1.799995550361943231e+02
1.410000000000002274e+01 7.996016165779709581e+02 1.799995550361943231e+02
1.425000000000002309e+01 7.996016165779709581e+02 1.799995550361943231e+02
1.440000000000002345e+01 7.996016165779709581e+02 1.799995550361943231e+02
1.455000000000002380e+01 7.996016165779709581e+02 1.799995550361943231e+02
1.470000000000002416e+01 7.996016165779709581e+02 1.799995550361943231e+02
1.485000000000002451e+01 7.996016165779709581e+02 1.799995550361943231e+02
1.500000000000002487e+01 7.996016165779709581e+02 1.799995550361943231e+02
1.515000000000002522e+01 7.996016165779709581e+02 1.799995550361943231e+02
1.530000000000002558e+01 7.996016165779709581e+02 1.799995550361943231e+02
1.545000000000002593e+01 7.996016165779709581e+02 1.799995550361943231e+02
1.560000000000002629e+01 7.996016165779709581e+02 1.799995550361943231e+02
1.575000000000002665e+01 7.996016165779709581e+02 1.799995550361943231e+02
1.590000000000002700e+01 7.996016165779709581e+02 1.799995550361943231e+02
