1.499999999999999944e-01 7.999978078458443633e+02 1.799660992595014193e+02
2.999999999999999889e-01 7.999978078458443633e+02 1.799660992595014193e+02
4.499999999999999556e-01 7.999978078458443633e+02 1.799660992595014193e+02
5.999999999999999778e-01 7.999978078458443633e+02 1.799660992595014193e+02
7.500000000000000000e-01 7.999978078458443633e+02 1.799660992595014193e+02
9.000000000000000222e-01 7.999978078458443633e+02 1.799660992595014193e+02
1.050000000000000044e+00 7.999978078458443633e+02 1.799660992595014193e+02
1.199999999999999956e+00 7.999978078458443633e+02 1.799660992595014193e+02
1.349999999999999867e+00 7.999978078458443633e+02 1.799660992595014193e+02
1.499999999999999778e+00 7.999978078458443633e+02 1.799660992595014193e+02
1.649999999999999689e+00 7.999978078458443633e+02 1.799660992595014193e+02
1.799999999999999600e+00 7.999978078458443633e+02 1.799660992595014193e+02
1.949999999999999512e+00 7.999978078458443633e+02 1.799660992595014193e+02
2.099999999999999645e+00 7.999994124288542707e+02 1.799661098133302914e+02
2.249999999999999556e+00 7.999994124288542707e+02 1.799661098133302914e+02
2.399999999999999467e+00 7.999994124288542707e+02 1.799661098133302914e+02
2.549999999999999378e+00 7.999994124288542707e+02 1.799661098133302914e+02
2.699999999999999289e+00 7.999994124288542707e+02 1.799661098133302914e+02
2.849999999999999201e+00 7.999994124288542707e+02 1.799661098133302914e+02
2.999999999999999112e+00 7.999994124288542707e+02 1.799661098133302914e+02
3.149999999999999023e+00 7.999994124288542707e+02 1.799661098133302914e+02
3.299999999999998934e+00 7.999994124288542707e+02 1.799661098133302914e+02
3.449999999999998845e+00 7.999994124288542707e+02 1.799661098133302914e+02
3.599999999999998757e+00 7.999994124288542707e+02 1.799661098133302914e+02
3.749999999999998668e+00 7.999994124288542707e+02 1.799661098133302914e+02
3.899999999999998579e+00 7.999994124288542707e+02 1.799661098133302914e+02
4.049999999999998934e+00 5.015230536246298243e+02 1.799661495294799067e+02
4.199999999999999289e+00 3.727767647152692234e+02 1.799662761562960895e+02
4.349999999999999645e+00 2.356367894372227738e+02 1.799666161928616930e+02
4.500000000000000000e+00 1.701824123115749217e+02 1.799671181316294906e+02
4.650000000000000355e+00 1.258418307742602025e+02 1.799678348954251419e+02
4.800000000000000711e+00 9.569818344926211751e+01 1.799688021588047491e+02
4.950000000000001066e+00 7.416453176210815457e+01 1.799700415975567296e+02
5.100000000000001421e+00 5.849522571587918662e+01 1.799715622994947921e+02
5.250000000000001776e+00 4.694195785025129908e+01 1.799733904421655950e+02
5.400000000000002132e+00 3.836109479374024289e+01 1.799754994151888354e+02
5.550000000000002487e+00 3.196096889238318539e+01 1.799778377313187718e+02
5.700000000000002842e+00 2.717823611468159584e+01 1.799803490007394089e+02
5.850000000000003197e+00 2.360437593730050665e+01 1.799829307819570658e+02
6.000000000000003553e+00 2.094006728249763327e+01 1.799854746834842274e+02
6.150000000000003908e+00 1.896503792956103496e+01 1.799878940223991322e+02
6.300000000000004263e+00 1.751740819985667486e+01 1.799901053976887511e+02
6.450000000000004619e+00 1.647921508172704819e+01 1.799920561105354011e+02
6.600000000000004974e+00 1.576619128823698190e+01 1.799937307089787168e+02
6.750000000000005329e+00 1.532061384802598525e+01 1.799951286504355892e+02
6.900000000000005684e+00 1.510647080778451468e+01 1.799962685397721032e+02
7.050000000000006040e+00 1.510647086322933674e+01 1.799971827812311460e+02
7.200000000000006395e+00 1.532061401611764850e+01 1.799979029864487643e+02
7.350000000000006750e+00 1.576619157390043213e+01 1.799984614300493320e+02
7.500000000000007105e+00 1.647921549209801739e+01 1.799988892463477725e+02
7.650000000000007461e+00 1.751740874271440163e+01 1.799992118000469361e+02
7.800000000000007816e+00 1.896503861115251155e+01 1.799994509330251162e+02
7.950000000000008171e+00 2.094006810506499150e+01 1.799996253664843664e+02
8.100000000000008527e+00 2.360437689676881945e+01 1.799997498793298973e+02
8.250000000000008882e+00 2.717823719886019518e+01 1.799998366916731527e+02
8.400000000000009237e+00 3.196097008026314512e+01 1.799998958341583375e+02
8.550000000000009592e+00 3.836109605630845465e+01 1.799999350586281821e+02
8.700000000000009948e+00 4.694195915242467265e+01 1.799999603849875882e+02
8.850000000000010303e+00 5.849522701992499663e+01 1.799999763360603424e+02
9.000000000000010658e+00 7.416453303297143407e+01 1.799999861107583286e+02
9.150000000000011013e+00 9.569818466263525636e+01 1.799999919335322431e+02
9.300000000000011369e+00 1.258418319279594044e+02 1.799999952925134608e+02
9.450000000000011724e+00 1.701824134670256683e+02 1.799999971544174571e+02
9.600000000000012079e+00 2.356367906870602837e+02 1.799999981033642769e+02
9.750000000000012434e+00 3.727767670972746714e+02 1.799999985608532995e+02
9.900000000000012790e+00 5.015230553225815129e+02 1.799999986949912341e+02
1.005000000000001315e+01 7.999994305599977906e+02 1.799999987183032317e+02
1.020000000000001350e+01 7.999994305599977906e+02 1.799999987183032317e+02
1.035000000000001386e+01 7.999994305599977906e+02 1.799999987183032317e+02
1.050000000000001421e+01 7.999994305599977906e+02 1.799999987183032317e+02
1.065000000000001457e+01 7.999994305599977906e+02 1.799999987183032317e+02
1.080000000000001492e+01 7.999994305599977906e+02 1.799999987183032317e+02
1.095000000000001528e+01 7.999994305599977906e+02 1.799999987183032317e+02
1.110000000000001563e+01 7.999994305599977906e+02 1.799999987183032317e+02
1.125000000000001599e+01 7.999994305599977906e+02 1.799999987183032317e+02
1.140000000000001634e+01 7.999994305599977906e+02 1.799999987183032317e+02
1.155000000000001670e+01 7.999994305599977906e+02 1.799999987183032317e+02
1.170000000000001705e+01 7.999994305599977906e+02 1.799999987183032317e+02
1.185000000000001741e+01 7.999994305599977906e+02 1.799999987183032317e+02
1.200000000000001776e+01 7.999994305599977906e+02 1.799999987183032317e+02
1.215000000000001812e+01 7.999994305599977906e+02 1.799999987183032317e+02
1.230000000000001847e+01 7.999994305599977906e+02 1.799999987183032317e+02
1.245000000000001883e+01 7.999994305599977906e+02 1.799999987183032317e+02
1.260000000000001918e+01 7.999994305599977906e+02 1.799999987183032317e+02
1.275000000000001954e+01 7.999994305599977906e+02 1.799999987183032317e+02
1.290000000000001990e+01 7.999994305599977906e+02 1.799999987183032317e+02
1.305000000000002025e+01 7.999978754908606788e+02 1.799999987229546718e+02
1.320000000000002061e+01 7.999978754908606788e+02 1.799999987229546718e+02
1.335000000000002096e+01 7.999978754908606788e+02 1.799999987229546718e+02
1.350000000000002132e+01 7.999978754908606788e+02 1.799999987229546718e+02
1.365000000000002167e+01 7.999978754908606788e+02 1.799999987229546718e+02
1.380000000000002203e+01 7.999978754908606788e+02 1.799999987229546718e+02
1.395000000000002238e+01 7.999978754908606788e+02 1.799999987229546718e+02
1.410000000000002274e+01 7.999978754908606788e+02 1.799999987229546718e+02
1.425000000000002309e+01 7.999978754908606788e+02 1.799999987229546718e+02
1.440000000000002345e+01 7.999978754908606788e+02 1.799999987229546718e+02
1.455000000000002380e+01 7.999978754908606788e+02 1.799999987229546718e+02
1.470000000000002416e+01 7.999978754908606788e+02 1.799999987229546718e+02
1.485000000000002451e+01 7.999978754908606788e+02 1.799999987229546718e+02
1.500000000000002487e+01 7.999978754908606788e+02 1.799999987229546718e+02
1.515000000000002522e+01 7.999978754908606788e+02 1.799999987229546718e+02
1.530000000000002558e+01 7.999978754908606788e+02 1.799999987229546718e+02
1.545000000000002593e+01 7.999978754908606788e+02 1.799999987229546718e+02
1.560000000000002629e+01 7.999978754908606788e+02 1.799999987229546718e+02
1.575000000000002665e+01 7.999978754908606788e+02 1.799999987229546718e+02
1.590000000000002700e+01 7.999978754908606788e+02 1.799999987229546718e+02
