1.499999999999999944e-01 7.999999990897975977e+02 1.799996585739085049e+02
2.999999999999999889e-01 7.999999990897975977e+02 1.799996585739085049e+02
4.499999999999999556e-01 7.999999990897975977e+02 1.799996585739085049e+02
5.999999999999999778e-01 7.999999990897975977e+02 1.799996585739085049e+02
7.500000000000000000e-01 7.999999990897975977e+02 1.799996585739085049e+02
9.000000000000000222e-01 7.999999990897975977e+02 1.799996585739085049e+02
1.050000000000000044e+00 7.999999990897975977e+02 1.799996585739085049e+02
1.199999999999999956e+00 7.999999990897975977e+02 1.799996585739085049e+02
1.349999999999999867e+00 7.999999990897975977e+02 1.799996585739085049e+02
1.499999999999999778e+00 7.999999990897975977e+02 1.799996585739085049e+02
1.649999999999999689e+00 7.999999990897975977e+02 1.799996585739085049e+02
1.799999999999999600e+00 7.999999990897975977e+02 1.799996585739085049e+02
1.949999999999999512e+00 7.999999990897975977e+02 1.799996585739085049e+02
2.099999999999999645e+00 7.999999999066202463e+02 1.799996592335970718e+02
2.249999999999999556e+00 7.999999999066202463e+02 1.799996592335970718e+02
2.399999999999999467e+00 7.999999999066202463e+02 1.799996592335970718e+02
2.549999999999999378e+00 7.999999999066202463e+02 1.799996592335970718e+02
2.699999999999999289e+00 7.999999999066202463e+02 1.799996592335970718e+02
2.849999999999999201e+00 7.999999999066202463e+02 1.799996592335970718e+02
2.999999999999999112e+00 7.999999999066202463e+02 1.799996592335970718e+02
3.149999999999999023e+00 7.999999999066202463e+02 1.799996592335970718e+02
3.299999999999998934e+00 7.999999999066202463e+02 1.799996592335970718e+02
3.449999999999998845e+00 7.999999999066202463e+02 1.799996592335970718e+02
3.599999999999998757e+00 7.999999999066202463e+02 1.799996592335970718e+02
3.749999999999998668e+00 7.999999999066202463e+02 1.799996592335970718e+02
3.899999999999998579e+00 7.999999999066202463e+02 1.799996592335970718e+02
4.049999999999998934e+00 5.173009215925836770e+02 1.799996606413713209e+02
4.199999999999999289e+00 4.843468725236979822e+02 1.799996658147625794e+02
4.349999999999999645e+00 4.452144501012126625e+02 1.799996771776205264e+02
4.500000000000000000e+00 4.393322477614439094e+02 1.799996885876522015e+02
4.650000000000000355e+00 4.374280887138019693e+02 1.799996992248511560e+02
4.800000000000000711e+00 4.369943794711501255e+02 1.799997104789805462e+02
4.950000000000001066e+00 4.368798308997164668e+02 1.799997214339066431e+02
5.100000000000001421e+00 4.368515399439090743e+02 1.799997312979278092e+02
5.250000000000001776e+00 4.368443368680914887e+02 1.799997416789848899e+02
5.400000000000002132e+00 4.368425279760401168e+02 1.799997517721602662e+02
5.550000000000002487e+00 4.368420708700300565e+02 1.799997608905351001e+02
5.700000000000002842e+00 4.368419556853015138e+02 1.799997704681824473e+02
5.850000000000003197e+00 4.368419266230956168e+02 1.799997797890349602e+02
6.000000000000003553e+00 4.368419192946710723e+02 1.799997882452999818e+02
6.150000000000003908e+00 4.368419174462258070e+02 1.799997971085397239e+02
6.300000000000004263e+00 4.368419169800495183e+02 1.799998057438946262e+02
6.450000000000004619e+00 4.368419168624758981e+02 1.799998136168439089e+02
6.600000000000004974e+00 4.368419168328301794e+02 1.799998218482966479e+02
6.750000000000005329e+00 4.368419168253820430e+02 1.799998298786440500e+02
6.900000000000005684e+00 4.368419168236160317e+02 1.799998372416247605e+02
7.050000000000006040e+00 4.368419168236163728e+02 1.799998449179971090e+02
7.200000000000006395e+00 4.368419168253828389e+02 1.799998524181602022e+02
7.350000000000006750e+00 4.368419168328318847e+02 1.799998593397373270e+02
7.500000000000007105e+00 4.368419168624777740e+02 1.799998665325332752e+02
7.650000000000007461e+00 4.368419169800520194e+02 1.799998735723634127e+02
7.800000000000007816e+00 4.368419174462289902e+02 1.799998801169568310e+02
7.950000000000008171e+00 4.368419192946748240e+02 1.799998868931429854e+02
8.100000000000008527e+00 4.368419266231001075e+02 1.799998935381710794e+02
8.250000000000008882e+00 4.368419556853065728e+02 1.799998997666555738e+02
8.400000000000009237e+00 4.368420708700357977e+02 1.799999061892823988e+02
8.550000000000009592e+00 4.368425279760463695e+02 1.799999125013165155e+02
8.700000000000009948e+00 4.368443368680985373e+02 1.799999184715388481e+02
8.850000000000010303e+00 4.368515399439170892e+02 1.799999246001504787e+02
9.000000000000010658e+00 4.368798308997253343e+02 1.799999306370641818e+02
9.150000000000011013e+00 4.369943794711600731e+02 1.799999364019063819e+02
9.300000000000011369e+00 4.374280887138140201e+02 1.799999422797254454e+02
9.450000000000011724e+00 4.393322477614632362e+02 1.799999480647594510e+02
9.600000000000012079e+00 4.452144501012484170e+02 1.799999534374032635e+02
9.750000000000012434e+00 4.843468725238922730e+02 1.799999587163883916e+02
9.900000000000012790e+00 5.173009215927030482e+02 1.799999614717185636e+02
1.005000000000001315e+01 7.999999999116515710e+02 1.799999620650896475e+02
1.020000000000001350e+01 7.999999999116515710e+02 1.799999620650896475e+02
1.035000000000001386e+01 7.999999999116515710e+02 1.799999620650896475e+02
1.050000000000001421e+01 7.999999999116515710e+02 1.799999620650896475e+02
1.065000000000001457e+01 7.999999999116515710e+02 1.799999620650896475e+02
1.080000000000001492e+01 7.999999999116515710e+02 1.799999620650896475e+02
1.095000000000001528e+01 7.999999999116515710e+02 1.799999620650896475e+02
1.110000000000001563e+01 7.999999999116515710e+02 1.799999620650896475e+02
1.125000000000001599e+01 7.999999999116515710e+02 1.799999620650896475e+02
1.140000000000001634e+01 7.999999999116515710e+02 1.799999620650896475e+02
1.155000000000001670e+01 7.999999999116515710e+02 1.799999620650896475e+02
1.170000000000001705e+01 7.999999999116515710e+02 1.799999620650896475e+02
1.185000000000001741e+01 7.999999999116515710e+02 1.799999620650896475e+02
1.200000000000001776e+01 7.999999999116515710e+02 1.799999620650896475e+02
1.215000000000001812e+01 7.999999999116515710e+02 1.799999620650896475e+02
1.230000000000001847e+01 7.999999999116515710e+02 1.799999620650896475e+02
1.245000000000001883e+01 7.999999999116515710e+02 1.799999620650896475e+02
1.260000000000001918e+01 7.999999999116515710e+02 1.799999620650896475e+02
1.275000000000001954e+01 7.999999999116515710e+02 1.799999620650896475e+02
1.290000000000001990e+01 7.999999999116515710e+02 1.799999620650896475e+02
1.305000000000002025e+01 7.999999991388402805e+02 1.799999622494862592e+02
1.320000000000002061e+01 7.999999991388402805e+02 1.799999622494862592e+02
1.335000000000002096e+01 7.999999991388402805e+02 1.799999622494862592e+02
1.350000000000002132e+01 7.999999991388402805e+02 1.799999622494862592e+02
1.365000000000002167e+01 7.999999991388402805e+02 1.799999622494862592e+02
1.380000000000002203e+01 7.999999991388402805e+02 1.799999622494862592e+02
1.395000000000002238e+01 7.999999991388402805e+02 1.799999622494862592e+02
1.410000000000002274e+01 7.999999991388402805e+02 1.799999622494862592e+02
1.425000000000002309e+01 7.999999991388402805e+02 1.799999622494862592e+02
1.440000000000002345e+01 7.999999991388402805e+02 1.799999622494862592e+02
1.455000000000002380e+01 7.999999991388402805e+02 1.799999622494862592e+02
1.470000000000002416e+01 7.999999991388402805e+02 1.799999622494862592e+02
1.485000000000002451e+01 7.999999991388402805e+02 1.799999622494862592e+02
1.500000000000002487e+01 7.999999991388402805e+02 1.799999622494862592e+02
1.515000000000002522e+01 7.999999991388402805e+02 1.799999622494862592e+02
1.530000000000002558e+01 7.999999991388402805e+02 1.799999622494862592e+02
1.545000000000002593e+01 7.999999991388402805e+02 1.799999622494862592e+02
1.560000000000002629e+01 7.999999991388402805e+02 1.799999622494862592e+02
1.575000000000002665e+01 7.999999991388402805e+02 1.799999622494862592e+02
1.590000000000002700e+01 7.999999991388402805e+02 1.799999622494862592e+02
