1.499999999999999944e-01 7.999999997588163296e+02 1.799996460672379328e+02
2.999999999999999889e-01 7.999999997588163296e+02 1.799996460672379328e+02
4.499999999999999556e-01 7.999999997588163296e+02 1.799996460672379328e+02
5.999999999999999778e-01 7.999999997588163296e+02 1.799996460672379328e+02
7.500000000000000000e-01 7.999999997588163296e+02 1.799996460672379328e+02
9.000000000000000222e-01 7.999999997588163296e+02 1.799996460672379328e+02
1.050000000000000044e+00 7.999999997588163296e+02 1.799996460672379328e+02
1.199999999999999956e+00 7.999999997588163296e+02 1.799996460672379328e+02
1.349999999999999867e+00 7.999999997588163296e+02 1.799996460672379328e+02
1.499999999999999778e+00 7.999999997588163296e+02 1.799996460672379328e+02
1.649999999999999689e+00 7.999999997588163296e+02 1.799996460672379328e+02
1.799999999999999600e+00 7.999999997588163296e+02 1.799996460672379328e+02
1.949999999999999512e+00 7.999999997588163296e+02 1.799996460672379328e+02
2.099999999999999645e+00 7.999999999788284413e+02 1.799996467439617902e+02
2.249999999999999556e+00 7.999999999788284413e+02 1.799996467439617902e+02
2.399999999999999467e+00 7.999999999788284413e+02 1.799996467439617902e+02
2.549999999999999378e+00 7.999999999788284413e+02 1.799996467439617902e+02
2.699999999999999289e+00 7.999999999788284413e+02 1.799996467439617902e+02
2.849999999999999201e+00 7.999999999788284413e+02 1.799996467439617902e+02
2.999999999999999112e+00 7.999999999788284413e+02 1.799996467439617902e+02
3.149999999999999023e+00 7.999999999788284413e+02 1.799996467439617902e+02
3.299999999999998934e+00 7.999999999788284413e+02 1.799996467439617902e+02
3.449999999999998845e+00 7.999999999788284413e+02 1.799996467439617902e+02
3.599999999999998757e+00 7.999999999788284413e+02 1.799996467439617902e+02
3.749999999999998668e+00 7.999999999788284413e+02 1.799996467439617902e+02
3.899999999999998579e+00 7.999999999788284413e+02 1.799996467439617902e+02
4.049999999999998934e+00 5.178436707153738325e+02 1.799996482408570273e+02
4.199999999999999289e+00 4.911784279219685345e+02 1.799996537154506484e+02
4.349999999999999645e+00 4.583149949014127174e+02 1.799996653602179322e+02
4.500000000000000000e+00 4.541403734384628024e+02 1.799996768500772930e+02
4.650000000000000355e+00 4.528776716294569269e+02 1.799996875048772154e+02
4.800000000000000711e+00 4.526284856603876960e+02 1.799996987724201745e+02
4.950000000000001066e+00 4.525691839146159055e+02 1.799997097523299487e+02
5.100000000000001421e+00 4.525563050442359554e+02 1.799997196537565856e+02
5.250000000000001776e+00 4.525533821296321548e+02 1.799997300919186216e+02
5.400000000000002132e+00 4.525527327864149356e+02 1.799997402583722135e+02
5.550000000000002487e+00 4.525525870332631371e+02 1.799997494587805988e+02
5.700000000000002842e+00 4.525525544803766138e+02 1.799997591385575788e+02
5.850000000000003197e+00 4.525525471923173200e+02 1.799997685750074652e+02
6.000000000000003553e+00 4.525525455625500513e+02 1.799997771509526956e+02
6.150000000000003908e+00 4.525525451978925275e+02 1.799997861535337620e+02
6.300000000000004263e+00 4.525525451163235857e+02 1.799997949391956240e+02
6.450000000000004619e+00 4.525525450980757114e+02 1.799998029626584639e+02
6.600000000000004974e+00 4.525525450939942402e+02 1.799998113636286803e+02
6.750000000000005329e+00 4.525525450930837223e+02 1.799998195722580761e+02
6.900000000000005684e+00 4.525525450928896589e+02 1.799998271105593801e+02
7.050000000000006040e+00 4.525525450928898863e+02 1.799998349804273801e+02
7.200000000000006395e+00 4.525525450930842339e+02 1.799998426809098078e+02
7.350000000000006750e+00 4.525525450939953203e+02 1.799998497972716223e+02
7.500000000000007105e+00 4.525525450980774735e+02 1.799998572020606957e+02
7.650000000000007461e+00 4.525525451163257458e+02 1.799998644589879859e+02
7.800000000000007816e+00 4.525525451978951992e+02 1.799998712130614820e+02
7.950000000000008171e+00 4.525525455625531208e+02 1.799998782148629459e+02
8.100000000000008527e+00 4.525525471923210148e+02 1.799998850890766846e+02
8.250000000000008882e+00 4.525525544803809339e+02 1.799998915374432897e+02
8.400000000000009237e+00 4.525525870332679119e+02 1.799998981949378560e+02
8.550000000000009592e+00 4.525527327864203357e+02 1.799999047440343247e+02
8.700000000000009948e+00 4.525533821296380665e+02 1.799999109406620050e+02
8.850000000000010303e+00 4.525563050442424924e+02 1.799999173095437754e+02
9.000000000000010658e+00 4.525691839146230677e+02 1.799999235879715229e+02
9.150000000000011013e+00 4.526284856603954836e+02 1.799999295835695250e+02
9.300000000000011369e+00 4.528776716294654534e+02 1.799999357084327301e+02
9.450000000000011724e+00 4.541403734384723521e+02 1.799999417519115639e+02
9.600000000000012079e+00 4.583149949014247682e+02 1.799999474017451178e+02
9.750000000000012434e+00 4.911784279220095186e+02 1.799999530668301873e+02
9.900000000000012790e+00 5.178436707153966836e+02 1.799999560990409861e+02
1.005000000000001315e+01 7.999999999800286332e+02 1.799999567611547207e+02
1.020000000000001350e+01 7.999999999800286332e+02 1.799999567611547207e+02
1.035000000000001386e+01 7.999999999800286332e+02 1.799999567611547207e+02
1.050000000000001421e+01 7.999999999800286332e+02 1.799999567611547207e+02
1.065000000000001457e+01 7.999999999800286332e+02 1.799999567611547207e+02
1.080000000000001492e+01 7.999999999800286332e+02 1.799999567611547207e+02
1.095000000000001528e+01 7.999999999800286332e+02 1.799999567611547207e+02
1.110000000000001563e+01 7.999999999800286332e+02 1.799999567611547207e+02
1.125000000000001599e+01 7.999999999800286332e+02 1.799999567611547207e+02
1.140000000000001634e+01 7.999999999800286332e+02 1.799999567611547207e+02
1.155000000000001670e+01 7.999999999800286332e+02 1.799999567611547207e+02
1.170000000000001705e+01 7.999999999800286332e+02 1.799999567611547207e+02
1.185000000000001741e+01 7.999999999800286332e+02 1.799999567611547207e+02
1.200000000000001776e+01 7.999999999800286332e+02 1.799999567611547207e+02
1.215000000000001812e+01 7.999999999800286332e+02 1.799999567611547207e+02
1.230000000000001847e+01 7.999999999800286332e+02 1.799999567611547207e+02
1.245000000000001883e+01 7.999999999800286332e+02 1.799999567611547207e+02
1.260000000000001918e+01 7.999999999800286332e+02 1.799999567611547207e+02
1.275000000000001954e+01 7.999999999800286332e+02 1.799999567611547207e+02
1.290000000000001990e+01 7.999999999800286332e+02 1.799999567611547207e+02
1.305000000000002025e+01 7.999999997724896730e+02 1.799999569660506040e+02
1.320000000000002061e+01 7.999999997724896730e+02 1.799999569660506040e+02
1.335000000000002096e+01 7.999999997724896730e+02 1.799999569660506040e+02
1.350000000000002132e+01 7.999999997724896730e+02 1.799999569660506040e+02
1.365000000000002167e+01 7.999999997724896730e+02 1.799999569660506040e+02
1.380000000000002203e+01 7.999999997724896730e+02 1.799999569660506040e+02
1.395000000000002238e+01 7.999999997724896730e+02 1.799999569660506040e+02
1.410000000000002274e+01 7.999999997724896730e+02 1.799999569660506040e+02
1.425000000000002309e+01 7.999999997724896730e+02 1.799999569660506040e+02
1.440000000000002345e+01 7.999999997724896730e+02 1.799999569660506040e+02
1.455000000000002380e+01 7.999999997724896730e+02 1.799999569660506040e+02
1.470000000000002416e+01 7.999999997724896730e+02 1.799999569660506040e+02
1.485000000000002451e+01 7.999999997724896730e+02 1.799999569660506040e+02
1.500000000000002487e+01 7.999999997724896730e+02 1.799999569660506040e+02
1.515000000000002522e+01 7.999999997724896730e+02 1.799999569660506040e+02
1.530000000000002558e+01 7.999999997724896730e+02 1.799999569660506040e+02
1.545000000000002593e+01 7.999999997724896730e+02 1.799999569660506040e+02
1.560000000000002629e+01 7.999999997724896730e+02 1.799999569660506040e+02
1.575000000000002665e+01 7.999999997724896730e+02 1.799999569660506040e+02
1.590000000000002700e+01 7.999999997724896730e+02 1.799999569660506040e+02
