1.499999999999999944e-01 7.997721616121300485e+02 8.372223952624047172e-05
2.999999999999999889e-01 7.997721616121300485e+02 8.372223952624047172e-05
4.499999999999999556e-01 7.997721616121300485e+02 8.372223952624047172e-05
5.999999999999999778e-01 7.997721616121300485e+02 8.372223952624047172e-05
7.500000000000000000e-01 7.997721616121300485e+02 8.372223952624047172e-05
9.000000000000000222e-01 7.997721616121300485e+02 8.372223952624047172e-05
1.050000000000000044e+00 7.997721616121300485e+02 8.372223952624047172e-05
1.199999999999999956e+00 7.997721616121300485e+02 8.372223952624047172e-05
1.349999999999999867e+00 7.997721616121300485e+02 8.372223952624047172e-05
1.499999999999999778e+00 7.997721616121300485e+02 8.372223952624047172e-05
1.649999999999999689e+00 7.997721616121300485e+02 8.372223952624047172e-05
1.799999999999999600e+00 7.997721616121300485e+02 8.372223952624047172e-05
1.949999999999999512e+00 7.997721616121300485e+02 8.372223952624047172e-05
2.099999999999999645e+00 7.998875708815849066e+02 8.362414511098315018e-05
2.249999999999999556e+00 7.998875708815849066e+02 8.362414511098315018e-05
2.399999999999999467e+00 7.998875708815849066e+02 8.362414511098315018e-05
2.549999999999999378e+00 7.998875708815849066e+02 8.362414511098315018e-05
2.699999999999999289e+00 7.998875708815849066e+02 8.362414511098315018e-05
2.849999999999999201e+00 7.998875708815849066e+02 8.362414511098315018e-05
2.999999999999999112e+00 7.998875708815849066e+02 8.362414511098315018e-05
3.149999999999999023e+00 7.998875708815849066e+02 8.362414511098315018e-05
3.299999999999998934e+00 7.998875708815849066e+02 8.362414511098315018e-05
3.449999999999998845e+00 7.998875708815849066e+02 8.362414511098315018e-05
3.599999999999998757e+00 7.998875708815849066e+02 8.362414511098315018e-05
3.749999999999998668e+00 7.998875708815849066e+02 8.362414511098315018e-05
3.899999999999998579e+00 7.998875708815849066e+02 8.362414511098315018e-05
4.049999999999998934e+00 4.462757795565629522e+02 8.368394987778859928e-05
4.199999999999999289e+00 2.219809302498111947e+02 8.400380556550235411e-05
4.349999999999999645e+00 7.655376341973374110e+01 8.425504828435403937e-05
4.500000000000000000e+00 2.992952665770458154e+01 8.481671111937316709e-05
4.650000000000000355e+00 1.106301558085541714e+01 8.662399328840386659e-05
4.800000000000000711e+00 4.029125709988264248e+00 9.088105603050067316e-05
4.950000000000001066e+00 1.333422709346734791e+00 1.043774534874586379e-04
5.100000000000001421e+00 3.102086510891695070e-01 1.713643769244432846e-04
5.250000000000001776e+00 7.948254424172773724e-02 1.799997454858189485e+02
5.400000000000002132e+00 2.277223293472161458e-01 1.799999661869368310e+02
5.550000000000002487e+00 2.841363257532520947e-01 1.799999896545786839e+02
5.700000000000002842e+00 3.056021118595708685e-01 1.799999963389723519e+02
5.850000000000003197e+00 3.137703515833436541e-01 1.799999986428481122e+02
6.000000000000003553e+00 3.168785088159893348e-01 1.799999994869647253e+02
6.150000000000003908e+00 3.180612319315514469e-01 1.799999998054411208e+02
6.300000000000004263e+00 3.185113043730325444e-01 1.799999999260063532e+02
6.450000000000004619e+00 3.186826297951483866e-01 1.799999999716432626e+02
6.600000000000004974e+00 3.187479911237005581e-01 1.799999999888847242e+02
6.750000000000005329e+00 3.187733062079587398e-01 1.799999999949188236e+02
6.900000000000005684e+00 3.187841057308560266e-01 1.799999999958232024e+02
7.050000000000006040e+00 3.187912805526593729e-01 1.799999999925434224e+02
7.200000000000006395e+00 3.188020672128004662e-01 1.799999999817774494e+02
7.350000000000006750e+00 3.188273439448039426e-01 1.799999999525972498e+02
7.500000000000007105e+00 3.188926024893135036e-01 1.799999998759134598e+02
7.650000000000007461e+00 3.190636568494937819e-01 1.799999996748531146e+02
7.800000000000007816e+00 3.195130174731275474e-01 1.799999991462810272e+02
7.950000000000008171e+00 3.206938695886947244e-01 1.799999977695256632e+02
8.100000000000008527e+00 3.237971095902594243e-01 1.799999942070396060e+02
8.250000000000008882e+00 3.319524266103144328e-01 1.799999851420243431e+02
8.400000000000009237e+00 3.533842533881852432e-01 1.799999634008001408e+02
8.550000000000009592e+00 4.097090091128166023e-01 1.799999172175515412e+02
8.700000000000009948e+00 5.577143115422131814e-01 1.799998401038182010e+02
8.850000000000010303e+00 9.467894661409559376e-01 1.799997529674487566e+02
9.000000000000010658e+00 1.968386611631217420e+00 1.799996885565694527e+02
9.150000000000011013e+00 4.659848404385627418e+00 1.799996536091985604e+02
9.300000000000011369e+00 1.168269268023097140e+01 1.799996390870476546e+02
9.450000000000011724e+00 3.052052660067116818e+01 1.799996336585194285e+02
9.600000000000012079e+00 7.707418573991489552e+01 1.799996310583342449e+02
9.750000000000012434e+00 2.223300387116638319e+02 1.799996309930915288e+02
9.900000000000012790e+00 4.463530353487162756e+02 1.799996312610919915e+02
1.005000000000001315e+01 7.998874639965554252e+02 1.799996311051943394e+02
1.020000000000001350e+01 7.998874639965554252e+02 1.799996311051943394e+02
1.035000000000001386e+01 7.998874639965554252e+02 1.799996311051943394e+02
1.050000000000001421e+01 7.998874639965554252e+02 1.799996311051943394e+02
1.065000000000001457e+01 7.998874639965554252e+02 1.799996311051943394e+02
1.080000000000001492e+01 7.998874639965554252e+02 1.799996311051943394e+02
1.095000000000001528e+01 7.998874639965554252e+02 1.799996311051943394e+02
1.110000000000001563e+01 7.998874639965554252e+02 1.799996311051943394e+02
1.125000000000001599e+01 7.998874639965554252e+02 1.799996311051943394e+02
1.140000000000001634e+01 7.998874639965554252e+02 1.799996311051943394e+02
1.155000000000001670e+01 7.998874639965554252e+02 1.799996311051943394e+02
1.170000000000001705e+01 7.998874639965554252e+02 1.799996311051943394e+02
1.185000000000001741e+01 7.998874639965554252e+02 1.799996311051943394e+02
1.200000000000001776e+01 7.998874639965554252e+02 1.799996311051943394e+02
1.215000000000001812e+01 7.998874639965554252e+02 1.799996311051943394e+02
1.230000000000001847e+01 7.998874639965554252e+02 1.799996311051943394e+02
1.245000000000001883e+01 7.998874639965554252e+02 1.799996311051943394e+02
1.260000000000001918e+01 7.998874639965554252e+02 1.799996311051943394e+02
1.275000000000001954e+01 7.998874639965554252e+02 1.799996311051943394e+02
1.290000000000001990e+01 7.998874639965554252e+02 1.799996311051943394e+02
1.305000000000002025e+01 7.997718900588422457e+02 1.799996316643926093e+02
1.320000000000002061e+01 7.997718900588422457e+02 1.799996316643926093e+02
1.335000000000002096e+01 7.997718900588422457e+02 1.799996316643926093e+02
1.350000000000002132e+01 7.997718900588422457e+02 1.799996316643926093e+02
1.365000000000002167e+01 7.997718900588422457e+02 1.799996316643926093e+02
1.380000000000002203e+01 7.997718900588422457e+02 1.799996316643926093e+02
1.395000000000002238e+01 7.997718900588422457e+02 1.799996316643926093e+02
1.410000000000002274e+01 7.997718900588422457e+02 1.799996316643926093e+02
1.425000000000002309e+01 7.997718900588422457e+02 1.799996316643926093e+02
1.440000000000002345e+01 7.997718900588422457e+02 1.799996316643926093e+02
1.455000000000002380e+01 7.997718900588422457e+02 1.799996316643926093e+02
1.470000000000002416e+01 7.997718900588422457e+02 1.799996316643926093e+02
1.485000000000002451e+01 7.997718900588422457e+02 1.799996316643926093e+02
1.500000000000002487e+01 7.997718900588422457e+02 1.799996316643926093e+02
1.515000000000002522e+01 7.997718900588422457e+02 1.799996316643926093e+02
1.530000000000002558e+01 7.997718900588422457e+02 1.799996316643926093e+02
1.545000000000002593e+01 7.997718900588422457e+02 1.799996316643926093e+02
1.560000000000002629e+01 7.997718900588422457e+02 1.799996316643926093e+02
1.575000000000002665e+01 7.997718900588422457e+02 1.799996316643926093e+02
1.590000000000002700e+01 7.997718900588422457e+02 1.799996316643926093e+02
