1.499999999999999944e-01 7.998488733095604175e+02 1.194231629404907125e-03
2.999999999999999889e-01 7.998488733095604175e+02 1.194231629404907125e-03
4.499999999999999556e-01 7.998488733095604175e+02 1.194231629404907125e-03
5.999999999999999778e-01 7.998488733095604175e+02 1.194231629404907125e-03
7.500000000000000000e-01 7.998488733095604175e+02 1.194231629404907125e-03
9.000000000000000222e-01 7.998488733095604175e+02 1.194231629404907125e-03
1.050000000000000044e+00 7.998488733095604175e+02 1.194231629404907125e-03
1.199999999999999956e+00 7.998488733095604175e+02 1.194231629404907125e-03
1.349999999999999867e+00 7.998488733095604175e+02 1.194231629404907125e-03
1.499999999999999778e+00 7.998488733095604175e+02 1.194231629404907125e-03
1.649999999999999689e+00 7.998488733095604175e+02 1.194231629404907125e-03
1.799999999999999600e+00 7.998488733095604175e+02 1.194231629404907125e-03
1.949999999999999512e+00 7.998488733095604175e+02 1.194231629404907125e-03
2.099999999999999645e+00 7.999293321783749207e+02 1.194096400671251779e-03
2.249999999999999556e+00 7.999293321783749207e+02 1.194096400671251779e-03
2.399999999999999467e+00 7.999293321783749207e+02 1.194096400671251779e-03
2.549999999999999378e+00 7.999293321783749207e+02 1.194096400671251779e-03
2.699999999999999289e+00 7.999293321783749207e+02 1.194096400671251779e-03
2.849999999999999201e+00 7.999293321783749207e+02 1.194096400671251779e-03
2.999999999999999112e+00 7.999293321783749207e+02 1.194096400671251779e-03
3.149999999999999023e+00 7.999293321783749207e+02 1.194096400671251779e-03
3.299999999999998934e+00 7.999293321783749207e+02 1.194096400671251779e-03
3.449999999999998845e+00 7.999293321783749207e+02 1.194096400671251779e-03
3.599999999999998757e+00 7.999293321783749207e+02 1.194096400671251779e-03
3.749999999999998668e+00 7.999293321783749207e+02 1.194096400671251779e-03
3.899999999999998579e+00 7.999293321783749207e+02 1.194096400671251779e-03
4.049999999999998934e+00 4.547730219377065168e+02 1.194991633272635134e-03
4.199999999999999289e+00 2.360528730352022819e+02 1.197840913973347021e-03
4.349999999999999645e+00 8.573343205466569827e+01 1.205518174989483882e-03
4.500000000000000000e+00 3.494128245342110262e+01 1.223402659501493517e-03
4.650000000000000355e+00 1.334477768415206356e+01 1.272755493083588263e-03
4.800000000000000711e+00 4.844086843361637307e+00 1.411193055415926878e-03
4.950000000000001066e+00 1.412634561029364022e+00 1.938971575592973728e-03
5.100000000000001421e+00 3.914550772424263414e-02 2.809203741561494549e-02
5.250000000000001776e+00 5.121810485787818834e-01 1.799991388518826056e+02
5.400000000000002132e+00 7.332743861196604485e-01 1.799997587069196925e+02
5.550000000000002487e+00 8.219659132718106775e-01 1.799999136126313317e+02
5.700000000000002842e+00 8.575406239665994690e-01 1.799999667843488567e+02
5.850000000000003197e+00 8.718103802102632471e-01 1.799999868941245609e+02
6.000000000000003553e+00 8.775342165885717804e-01 1.799999947745569386e+02
6.150000000000003908e+00 8.798301799513410515e-01 1.799999979093585125e+02
6.300000000000004263e+00 8.807512123277660976e-01 1.799999991622459561e+02
6.450000000000004619e+00 8.811208608286733579e-01 1.799999996639273263e+02
6.600000000000004974e+00 8.812696485483115794e-01 1.799999998652121747e+02
6.750000000000005329e+00 8.813306148854849198e-01 1.799999999459354285e+02
6.900000000000005684e+00 8.813582732925056007e-01 1.799999999783030091e+02
7.050000000000006040e+00 8.813773545717822344e-01 1.799999999912967610e+02
7.200000000000006395e+00 8.814049205498690753e-01 1.799999999965089614e+02
7.350000000000006750e+00 8.814656194243184473e-01 1.799999999985990371e+02
7.500000000000007105e+00 8.816137253293732101e-01 1.799999999994380460e+02
7.650000000000007461e+00 8.819816682465102531e-01 1.799999999997747295e+02
7.800000000000007816e+00 8.828984460893138930e-01 1.799999999999096474e+02
7.950000000000008171e+00 8.851838018379680761e-01 1.799999999999637055e+02
8.100000000000008527e+00 8.908811928615705256e-01 1.799999999999854481e+02
8.250000000000008882e+00 9.050850202518176957e-01 1.799999999999941735e+02
8.400000000000009237e+00 9.404953747782087703e-01 1.799999999999974136e+02
8.550000000000009592e+00 1.028777191991764539e+00 1.799999999999984368e+02
8.700000000000009948e+00 1.248849379037835661e+00 1.799999999999980957e+02
8.850000000000010303e+00 1.797631508459573979e+00 1.799999999999972431e+02
9.000000000000010658e+00 3.164788131629535428e+00 1.799999999999960210e+02
9.150000000000011013e+00 6.580502186858524283e+00 1.799999999999953957e+02
9.300000000000011369e+00 1.504239731506751099e+01 1.799999999999951115e+02
9.450000000000011724e+00 3.654386844129978584e+01 1.799999999999950262e+02
9.600000000000012079e+00 8.711639936078512392e+01 1.799999999999949694e+02
9.750000000000012434e+00 2.369390800455825001e+02 1.799999999999949694e+02
9.900000000000012790e+00 4.549486524481304741e+02 1.799999999999949125e+02
1.005000000000001315e+01 7.999305300656186546e+02 1.799999999999949125e+02
1.020000000000001350e+01 7.999305300656186546e+02 1.799999999999949125e+02
1.035000000000001386e+01 7.999305300656186546e+02 1.799999999999949125e+02
1.050000000000001421e+01 7.999305300656186546e+02 1.799999999999949125e+02
1.065000000000001457e+01 7.999305300656186546e+02 1.799999999999949125e+02
1.080000000000001492e+01 7.999305300656186546e+02 1.799999999999949125e+02
1.095000000000001528e+01 7.999305300656186546e+02 1.799999999999949125e+02
1.110000000000001563e+01 7.999305300656186546e+02 1.799999999999949125e+02
1.125000000000001599e+01 7.999305300656186546e+02 1.799999999999949125e+02
1.140000000000001634e+01 7.999305300656186546e+02 1.799999999999949125e+02
1.155000000000001670e+01 7.999305300656186546e+02 1.799999999999949125e+02
1.170000000000001705e+01 7.999305300656186546e+02 1.799999999999949125e+02
1.185000000000001741e+01 7.999305300656186546e+02 1.799999999999949125e+02
1.200000000000001776e+01 7.999305300656186546e+02 1.799999999999949125e+02
1.215000000000001812e+01 7.999305300656186546e+02 1.799999999999949125e+02
1.230000000000001847e+01 7.999305300656186546e+02 1.799999999999949125e+02
1.245000000000001883e+01 7.999305300656186546e+02 1.799999999999949125e+02
1.260000000000001918e+01 7.999305300656186546e+02 1.799999999999949125e+02
1.275000000000001954e+01 7.999305300656186546e+02 1.799999999999949125e+02
1.290000000000001990e+01 7.999305300656186546e+02 1.799999999999949125e+02
1.305000000000002025e+01 7.998513441350680750e+02 1.799999999999949125e+02
1.320000000000002061e+01 7.998513441350680750e+02 1.799999999999949125e+02
1.335000000000002096e+01 7.998513441350680750e+02 1.799999999999949125e+02
1.350000000000002132e+01 7.998513441350680750e+02 1.799999999999949125e+02
1.365000000000002167e+01 7.998513441350680750e+02 1.799999999999949125e+02
1.380000000000002203e+01 7.998513441350680750e+02 1.799999999999949125e+02
1.395000000000002238e+01 7.998513441350680750e+02 1.799999999999949125e+02
1.410000000000002274e+01 7.998513441350680750e+02 1.799999999999949125e+02
1.425000000000002309e+01 7.998513441350680750e+02 1.799999999999949125e+02
1.440000000000002345e+01 7.998513441350680750e+02 1.799999999999949125e+02
1.455000000000002380e+01 7.998513441350680750e+02 1.799999999999949125e+02
1.470000000000002416e+01 7.998513441350680750e+02 1.799999999999949125e+02
1.485000000000002451e+01 7.998513441350680750e+02 1.799999999999949125e+02
1.500000000000002487e+01 7.998513441350680750e+02 1.799999999999949125e+02
1.515000000000002522e+01 7.998513441350680750e+02 1.799999999999949125e+02
1.530000000000002558e+01 7.998513441350680750e+02 1.799999999999949125e+02
1.545000000000002593e+01 7.998513441350680750e+02 1.799999999999949125e+02
1.560000000000002629e+01 7.998513441350680750e+02 1.799999999999949125e+02
1.575000000000002665e+01 7.998513441350680750e+02 1.799999999999949125e+02
1.590000000000002700e+01 7.998513441350680750e+02 1.799999999999949125e+02
