1.499999999999999944e-01 7.999999915228754617e+02 1.799995574817080239e+02
2.999999999999999889e-01 7.999999915228754617e+02 1.799995574817080239e+02
4.499999999999999556e-01 7.999999915228754617e+02 1.799995574817080239e+02
5.999999999999999778e-01 7.999999915228754617e+02 1.799995574817080239e+02
7.500000000000000000e-01 7.999999915228754617e+02 1.799995574817080239e+02
9.000000000000000222e-01 7.999999915228754617e+02 1.799995574817080239e+02
1.050000000000000044e+00 7.999999915228754617e+02 1.799995574817080239e+02
1.199999999999999956e+00 7.999999915228754617e+02 1.799995574817080239e+02
1.349999999999999867e+00 7.999999915228754617e+02 1.799995574817080239e+02
1.499999999999999778e+00 7.999999915228754617e+02 1.799995574817080239e+02
1.649999999999999689e+00 7.999999915228754617e+02 1.799995574817080239e+02
1.799999999999999600e+00 7.999999915228754617e+02 1.799995574817080239e+02
1.949999999999999512e+00 7.999999915228754617e+02 1.799995574817080239e+02
2.099999999999999645e+00 7.999999988666235140e+02 1.799995582075526670e+02
2.249999999999999556e+00 7.999999988666235140e+02 1.799995582075526670e+02
2.399999999999999467e+00 7.999999988666235140e+02 1.799995582075526670e+02
2.549999999999999378e+00 7.999999988666235140e+02 1.799995582075526670e+02
2.699999999999999289e+00 7.999999988666235140e+02 1.799995582075526670e+02
2.849999999999999201e+00 7.999999988666235140e+02 1.799995582075526670e+02
2.999999999999999112e+00 7.999999988666235140e+02 1.799995582075526670e+02
3.149999999999999023e+00 7.999999988666235140e+02 1.799995582075526670e+02
3.299999999999998934e+00 7.999999988666235140e+02 1.799995582075526670e+02
3.449999999999998845e+00 7.999999988666235140e+02 1.799995582075526670e+02
3.599999999999998757e+00 7.999999988666235140e+02 1.799995582075526670e+02
3.749999999999998668e+00 7.999999988666235140e+02 1.799995582075526670e+02
3.899999999999998579e+00 7.999999988666235140e+02 1.799995582075526670e+02
4.049999999999998934e+00 5.157420277704569571e+02 1.799995599787499145e+02
4.199999999999999289e+00 4.682418303867127065e+02 1.799995667972269189e+02
4.349999999999999645e+00 4.147113203503380987e+02 1.799995820205720065e+02
4.500000000000000000e+00 4.038413707417157639e+02 1.799995979907245669e+02
4.650000000000000355e+00 3.997709291499336928e+02 1.799996134977715201e+02
4.800000000000000711e+00 3.985649856992648097e+02 1.799996295257013514e+02
4.950000000000001066e+00 3.981727871383199044e+02 1.799996450807627468e+02
5.100000000000001421e+00 3.980495899983038157e+02 1.799996593560499321e+02
5.250000000000001776e+00 3.980103292247150080e+02 1.799996739276073185e+02
5.400000000000002132e+00 3.979978854238981398e+02 1.799996880104471586e+02
5.550000000000002487e+00 3.979939325508466936e+02 1.799997009502972389e+02
5.700000000000002842e+00 3.979926779572788860e+02 1.799997141442107420e+02
5.850000000000003197e+00 3.979922796278659689e+02 1.799997269071535300e+02
6.000000000000003553e+00 3.979921531763632174e+02 1.799997386692627117e+02
6.150000000000003908e+00 3.979921130316541280e+02 1.799997506534556067e+02
6.300000000000004263e+00 3.979921002872369513e+02 1.799997622608439656e+02
6.450000000000004619e+00 3.979920962416742327e+02 1.799997729972062928e+02
6.600000000000004974e+00 3.979920949585266499e+02 1.799997839267456641e+02
6.750000000000005329e+00 3.979920945548948339e+02 1.799997945288172048e+02
6.900000000000005684e+00 3.979920944384878680e+02 1.799998043783825210e+02
7.050000000000006040e+00 3.979920944384886070e+02 1.799998143947318283e+02
7.200000000000006395e+00 3.979920945548972213e+02 1.799998241287008796e+02
7.350000000000006750e+00 3.979920949585305721e+02 1.799998332189125847e+02
7.500000000000007105e+00 3.979920962416796328e+02 1.799998424516802515e+02
7.650000000000007461e+00 3.979921002872441136e+02 1.799998514434879553e+02
7.800000000000007816e+00 3.979921130316628819e+02 1.799998598919224548e+02
7.950000000000008171e+00 3.979921531763736766e+02 1.799998684605366748e+02
8.100000000000008527e+00 3.979922796278781334e+02 1.799998768264759406e+02
8.250000000000008882e+00 3.979926779572930400e+02 1.799998847423482289e+02
8.400000000000009237e+00 3.979939325508628372e+02 1.799998927575524306e+02
8.550000000000009592e+00 3.979978854239162160e+02 1.799999006056242479e+02
8.700000000000009948e+00 3.980103292247356421e+02 1.799999080907405187e+02
8.850000000000010303e+00 3.980495899983279742e+02 1.799999156546266192e+02
9.000000000000010658e+00 3.981727871383502588e+02 1.799999230814588032e+02
9.150000000000011013e+00 3.985649856993099434e+02 1.799999302184432395e+02
9.300000000000011369e+00 3.997709291500184463e+02 1.799999373804914171e+02
9.450000000000011724e+00 4.038413707419379648e+02 1.799999443586350765e+02
9.600000000000012079e+00 4.147113203508643551e+02 1.799999507362303461e+02
9.750000000000012434e+00 4.682418303894359042e+02 1.799999566320107647e+02
9.900000000000012790e+00 5.157420277722602577e+02 1.799999595181165830e+02
1.005000000000001315e+01 7.999999989190903307e+02 1.799999601245464476e+02
1.020000000000001350e+01 7.999999989190903307e+02 1.799999601245464476e+02
1.035000000000001386e+01 7.999999989190903307e+02 1.799999601245464476e+02
1.050000000000001421e+01 7.999999989190903307e+02 1.799999601245464476e+02
1.065000000000001457e+01 7.999999989190903307e+02 1.799999601245464476e+02
1.080000000000001492e+01 7.999999989190903307e+02 1.799999601245464476e+02
1.095000000000001528e+01 7.999999989190903307e+02 1.799999601245464476e+02
1.110000000000001563e+01 7.999999989190903307e+02 1.799999601245464476e+02
1.125000000000001599e+01 7.999999989190903307e+02 1.799999601245464476e+02
1.140000000000001634e+01 7.999999989190903307e+02 1.799999601245464476e+02
1.155000000000001670e+01 7.999999989190903307e+02 1.799999601245464476e+02
1.170000000000001705e+01 7.999999989190903307e+02 1.799999601245464476e+02
1.185000000000001741e+01 7.999999989190903307e+02 1.799999601245464476e+02
1.200000000000001776e+01 7.999999989190903307e+02 1.799999601245464476e+02
1.215000000000001812e+01 7.999999989190903307e+02 1.799999601245464476e+02
1.230000000000001847e+01 7.999999989190903307e+02 1.799999601245464476e+02
1.245000000000001883e+01 7.999999989190903307e+02 1.799999601245464476e+02
1.260000000000001918e+01 7.999999989190903307e+02 1.799999601245464476e+02
1.275000000000001954e+01 7.999999989190903307e+02 1.799999601245464476e+02
1.290000000000001990e+01 7.999999989190903307e+02 1.799999601245464476e+02
1.305000000000002025e+01 7.999999919153024166e+02 1.799999602980378484e+02
1.320000000000002061e+01 7.999999919153024166e+02 1.799999602980378484e+02
1.335000000000002096e+01 7.999999919153024166e+02 1.799999602980378484e+02
1.350000000000002132e+01 7.999999919153024166e+02 1.799999602980378484e+02
1.365000000000002167e+01 7.999999919153024166e+02 1.799999602980378484e+02
1.380000000000002203e+01 7.999999919153024166e+02 1.799999602980378484e+02
1.395000000000002238e+01 7.999999919153024166e+02 1.799999602980378484e+02
1.410000000000002274e+01 7.999999919153024166e+02 1.799999602980378484e+02
1.425000000000002309e+01 7.999999919153024166e+02 1.799999602980378484e+02
1.440000000000002345e+01 7.999999919153024166e+02 1.799999602980378484e+02
1.455000000000002380e+01 7.999999919153024166e+02 1.799999602980378484e+02
1.470000000000002416e+01 7.999999919153024166e+02 1.799999602980378484e+02
1.485000000000002451e+01 7.999999919153024166e+02 1.799999602980378484e+02
1.500000000000002487e+01 7.999999919153024166e+02 1.799999602980378484e+02
1.515000000000002522e+01 7.999999919153024166e+02 1.799999602980378484e+02
1.530000000000002558e+01 7.999999919153024166e+02 1.799999602980378484e+02
1.545000000000002593e+01 7.999999919153024166e+02 1.799999602980378484e+02
1.560000000000002629e+01 7.999999919153024166e+02 1.799999602980378484e+02
1.575000000000002665e+01 7.999999919153024166e+02 1.799999602980378484e+02
1.590000000000002700e+01 7.999999919153024166e+02 1.799999602980378484e+02
