1.499999999999999944e-01 7.999767972850891056e+02 3.954259142346927547e-11
2.999999999999999889e-01 7.999767972850891056e+02 3.954259142346927547e-11
4.499999999999999556e-01 7.999767972850891056e+02 3.954259142346927547e-11
5.999999999999999778e-01 7.999767972850891056e+02 3.954259142346927547e-11
7.500000000000000000e-01 7.999767972850891056e+02 3.954259142346927547e-11
9.000000000000000222e-01 7.999767972850891056e+02 3.954259142346927547e-11
1.050000000000000044e+00 7.999767972850891056e+02 3.954259142346927547e-11
1.199999999999999956e+00 7.999767972850891056e+02 3.954259142346927547e-11
1.349999999999999867e+00 7.999767972850891056e+02 3.954259142346927547e-11
1.499999999999999778e+00 7.999767972850891056e+02 3.954259142346927547e-11
1.649999999999999689e+00 7.999767972850891056e+02 3.954259142346927547e-11
1.799999999999999600e+00 7.999767972850891056e+02 3.954259142346927547e-11
1.949999999999999512e+00 7.999767972850891056e+02 3.954259142346927547e-11
2.099999999999999645e+00 7.999914974825281888e+02 3.965960893026476697e-11
2.249999999999999556e+00 7.999914974825281888e+02 3.965960893026476697e-11
2.399999999999999467e+00 7.999914974825281888e+02 3.965960893026476697e-11
2.549999999999999378e+00 7.999914974825281888e+02 3.965960893026476697e-11
2.699999999999999289e+00 7.999914974825281888e+02 3.965960893026476697e-11
2.849999999999999201e+00 7.999914974825281888e+02 3.965960893026476697e-11
2.999999999999999112e+00 7.999914974825281888e+02 3.965960893026476697e-11
3.149999999999999023e+00 7.999914974825281888e+02 3.965960893026476697e-11
3.299999999999998934e+00 7.999914974825281888e+02 3.965960893026476697e-11
3.449999999999998845e+00 7.999914974825281888e+02 3.965960893026476697e-11
3.599999999999998757e+00 7.999914974825281888e+02 3.965960893026476697e-11
3.749999999999998668e+00 7.999914974825281888e+02 3.965960893026476697e-11
3.899999999999998579e+00 7.999914974825281888e+02 3.965960893026476697e-11
4.049999999999998934e+00 4.825448722167692495e+02 3.960820560422462222e-11
4.199999999999999289e+00 2.990768544048671629e+02 3.981470708680490134e-11
4.349999999999999645e+00 1.387759798003685887e+02 3.993338992813733057e-11
4.500000000000000000e+00 7.173372597018720853e+01 4.008682275014052721e-11
4.650000000000000355e+00 3.615053505408856438e+01 4.081679438883156763e-11
4.800000000000000711e+00 1.830600941073612731e+01 4.345779291980989001e-11
4.950000000000001066e+00 9.186667947927617206e+00 5.378009149126228294e-11
5.100000000000001421e+00 4.546785842258245225e+00 9.333178674353348470e-11
5.250000000000001776e+00 2.182555253398504647e+00 2.538488308445607800e-10
5.400000000000002132e+00 9.783020028715441185e-01 9.664695710398518713e-10
5.550000000000002487e+00 3.648289474726880144e-01 4.890416072100833844e-09
5.700000000000002842e+00 5.232055275700986385e-02 6.617968595357126560e-08
5.850000000000003197e+00 1.068770296906222939e-01 1.799999999366355894e+02
6.000000000000003553e+00 1.879785459207141685e-01 1.799999999293239910e+02
6.150000000000003908e+00 2.293017793961098505e-01 1.799999998863886219e+02
6.300000000000004263e+00 2.503705375333993288e-01 1.799999997959421592e+02
6.450000000000004619e+00 2.611390951742578181e-01 1.799999996159200748e+02
6.600000000000004974e+00 2.666952312740704656e-01 1.799999992624265417e+02
6.750000000000005329e+00 2.696640324620602769e-01 1.799999985693752933e+02
6.900000000000005684e+00 2.714481562215951271e-01 1.799999972098707133e+02
7.050000000000006040e+00 2.728905409765047807e-01 1.799999945568384021e+02
7.200000000000006395e+00 2.746726648724688857e-01 1.799999893939720437e+02
7.350000000000006750e+00 2.776365208617335156e-01 1.799999794006183151e+02
7.500000000000007105e+00 2.831824307163515186e-01 1.799999603910828796e+02
7.650000000000007461e+00 2.939306498615223973e-01 1.799999251584280273e+02
7.800000000000007816e+00 3.149593491277755675e-01 1.799998628815652637e+02
7.950000000000008171e+00 3.562038822424256068e-01 1.799997622173169418e+02
8.100000000000008527e+00 4.371508951753639849e-01 1.799996200066458130e+02
8.250000000000008882e+00 5.960452517165322206e-01 1.799994528695628446e+02
8.400000000000009237e+00 9.079587445482957264e-01 1.799992955789934115e+02
8.550000000000009592e+00 1.520265335709439114e+00 1.799991748951453587e+02
8.700000000000009948e+00 2.722234029844614156e+00 1.799990953879602102e+02
8.850000000000010303e+00 5.082000015918112013e+00 1.799990496125048764e+02
9.000000000000010658e+00 9.713196004114685422e+00 1.799990248802947690e+02
9.150000000000011013e+00 1.881577517663177446e+01 1.799990112186998203e+02
9.300000000000011369e+00 3.662853602117937157e+01 1.799990050881068555e+02
9.450000000000011724e+00 7.215317911140184037e+01 1.799990023826736092e+02
9.600000000000012079e+00 1.390961733144771415e+02 1.799990004639198276e+02
9.750000000000012434e+00 2.992385449737364524e+02 1.799990005260517592e+02
9.900000000000012790e+00 4.825645244414518515e+02 1.799990008206348477e+02
1.005000000000001315e+01 7.999914048833478546e+02 1.799990006723847102e+02
1.020000000000001350e+01 7.999914048833478546e+02 1.799990006723847102e+02
1.035000000000001386e+01 7.999914048833478546e+02 1.799990006723847102e+02
1.050000000000001421e+01 7.999914048833478546e+02 1.799990006723847102e+02
1.065000000000001457e+01 7.999914048833478546e+02 1.799990006723847102e+02
1.080000000000001492e+01 7.999914048833478546e+02 1.799990006723847102e+02
1.095000000000001528e+01 7.999914048833478546e+02 1.799990006723847102e+02
1.110000000000001563e+01 7.999914048833478546e+02 1.799990006723847102e+02
1.125000000000001599e+01 7.999914048833478546e+02 1.799990006723847102e+02
1.140000000000001634e+01 7.999914048833478546e+02 1.799990006723847102e+02
1.155000000000001670e+01 7.999914048833478546e+02 1.799990006723847102e+02
1.170000000000001705e+01 7.999914048833478546e+02 1.799990006723847102e+02
1.185000000000001741e+01 7.999914048833478546e+02 1.799990006723847102e+02
1.200000000000001776e+01 7.999914048833478546e+02 1.799990006723847102e+02
1.215000000000001812e+01 7.999914048833478546e+02 1.799990006723847102e+02
1.230000000000001847e+01 7.999914048833478546e+02 1.799990006723847102e+02
1.245000000000001883e+01 7.999914048833478546e+02 1.799990006723847102e+02
1.260000000000001918e+01 7.999914048833478546e+02 1.799990006723847102e+02
1.275000000000001954e+01 7.999914048833478546e+02 1.799990006723847102e+02
1.290000000000001990e+01 7.999914048833478546e+02 1.799990006723847102e+02
1.305000000000002025e+01 7.999765419194332026e+02 1.799990012412110332e+02
1.320000000000002061e+01 7.999765419194332026e+02 1.799990012412110332e+02
1.335000000000002096e+01 7.999765419194332026e+02 1.799990012412110332e+02
1.350000000000002132e+01 7.999765419194332026e+02 1.799990012412110332e+02
1.365000000000002167e+01 7.999765419194332026e+02 1.799990012412110332e+02
1.380000000000002203e+01 7.999765419194332026e+02 1.799990012412110332e+02
1.395000000000002238e+01 7.999765419194332026e+02 1.799990012412110332e+02
1.410000000000002274e+01 7.999765419194332026e+02 1.799990012412110332e+02
1.425000000000002309e+01 7.999765419194332026e+02 1.799990012412110332e+02
1.440000000000002345e+01 7.999765419194332026e+02 1.799990012412110332e+02
1.455000000000002380e+01 7.999765419194332026e+02 1.799990012412110332e+02
1.470000000000002416e+01 7.999765419194332026e+02 1.799990012412110332e+02
1.485000000000002451e+01 7.999765419194332026e+02 1.799990012412110332e+02
1.500000000000002487e+01 7.999765419194332026e+02 1.799990012412110332e+02
1.515000000000002522e+01 7.999765419194332026e+02 1.799990012412110332e+02
1.530000000000002558e+01 7.999765419194332026e+02 1.799990012412110332e+02
1.545000000000002593e+01 7.999765419194332026e+02 1.799990012412110332e+02
1.560000000000002629e+01 7.999765419194332026e+02 1.799990012412110332e+02
1.575000000000002665e+01 7.999765419194332026e+02 1.799990012412110332e+02
1.590000000000002700e+01 7.999765419194332026e+02 1.799990012412110332e+02
