1.499999999999999944e-01 7.999832008413186486e+02 1.799993126165959154e+02
2.999999999999999889e-01 7.999832008413186486e+02 1.799993126165959154e+02
4.499999999999999556e-01 7.999832008413186486e+02 1.799993126165959154e+02
5.999999999999999778e-01 7.999832008413186486e+02 1.799993126165959154e+02
7.500000000000000000e-01 7.999832008413186486e+02 1.799993126165959154e+02
9.000000000000000222e-01 7.999832008413186486e+02 1.799993126165959154e+02
1.050000000000000044e+00 7.999832008413186486e+02 1.799993126165959154e+02
1.199999999999999956e+00 7.999832008413186486e+02 1.799993126165959154e+02
1.349999999999999867e+00 7.999832008413186486e+02 1.799993126165959154e+02
1.499999999999999778e+00 7.999832008413186486e+02 1.799993126165959154e+02
1.649999999999999689e+00 7.999832008413186486e+02 1.799993126165959154e+02
1.799999999999999600e+00 7.999832008413186486e+02 1.799993126165959154e+02
1.949999999999999512e+00 7.999832008413186486e+02 1.799993126165959154e+02
2.099999999999999645e+00 7.999941113329005020e+02 1.799993130978369891e+02
2.249999999999999556e+00 7.999941113329005020e+02 1.799993130978369891e+02
2.399999999999999467e+00 7.999941113329005020e+02 1.799993130978369891e+02
2.549999999999999378e+00 7.999941113329005020e+02 1.799993130978369891e+02
2.699999999999999289e+00 7.999941113329005020e+02 1.799993130978369891e+02
2.849999999999999201e+00 7.999941113329005020e+02 1.799993130978369891e+02
2.999999999999999112e+00 7.999941113329005020e+02 1.799993130978369891e+02
3.149999999999999023e+00 7.999941113329005020e+02 1.799993130978369891e+02
3.299999999999998934e+00 7.999941113329005020e+02 1.799993130978369891e+02
3.449999999999998845e+00 7.999941113329005020e+02 1.799993130978369891e+02
3.599999999999998757e+00 7.999941113329005020e+02 1.799993130978369891e+02
3.749999999999998668e+00 7.999941113329005020e+02 1.799993130978369891e+02
3.899999999999998579e+00 7.999941113329005020e+02 1.799993130978369891e+02
4.049999999999998934e+00 4.861760430331461862e+02 1.799993136939563669e+02
4.199999999999999289e+00 3.107340310288023488e+02 1.799993148551765785e+02
4.349999999999999645e+00 1.517555830558967784e+02 1.799993207428561277e+02
4.500000000000000000e+00 8.320743338727221783e+01 1.799993313451139443e+02
4.650000000000000355e+00 4.538010266480165456e+01 1.799993503194335460e+02
4.800000000000000711e+00 2.556388459096771015e+01 1.799993847136274496e+02
4.950000000000001066e+00 1.498131229926297081e+01 1.799994405881221553e+02
5.100000000000001421e+00 9.349428171690796319e+00 1.799995213829049590e+02
5.250000000000001776e+00 6.347643959246831002e+00 1.799996241710572065e+02
5.400000000000002132e+00 4.748026752039521625e+00 1.799997321171121030e+02
5.550000000000002487e+00 3.895492212580791147e+00 1.799998256659715423e+02
5.700000000000002842e+00 3.441127606032083008e+00 1.799998947789672457e+02
5.850000000000003197e+00 3.198971709892632020e+00 1.799999396534433913e+02
6.000000000000003553e+00 3.069922919457752641e+00 1.799999664241998971e+02
6.150000000000003908e+00 3.001169036702663107e+00 1.799999816885048460e+02
6.300000000000004263e+00 2.964573448433611702e+00 1.799999901164578944e+02
6.450000000000004619e+00 2.945159970939499772e+00 1.799999946880085702e+02
6.600000000000004974e+00 2.934983961040032341e+00 1.799999971580187150e+02
6.750000000000005329e+00 2.929881061922117169e+00 1.799999984821194516e+02
6.900000000000005684e+00 2.927763001725040226e+00 1.799999991889584408e+02
7.050000000000006040e+00 2.927763001828296296e+00 1.799999995675819378e+02
7.200000000000006395e+00 2.929881062305639716e+00 1.799999997696170908e+02
7.350000000000006750e+00 2.934983961836579169e+00 1.799999998772033223e+02
7.500000000000007105e+00 2.945159972495716261e+00 1.799999999347555217e+02
7.650000000000007461e+00 2.964573451332157106e+00 1.799999999654415319e+02
7.800000000000007816e+00 3.001169042204736570e+00 1.799999999817727030e+02
7.950000000000008171e+00 3.069922929761233377e+00 1.799999999904988499e+02
8.100000000000008527e+00 3.198971729238394346e+00 1.799999999951376708e+02
8.250000000000008882e+00 3.441127642326591740e+00 1.799999999975849505e+02
8.400000000000009237e+00 3.895492280656043249e+00 1.799999999988596642e+02
8.550000000000009592e+00 4.748026879759905228e+00 1.799999999994969073e+02
8.700000000000009948e+00 6.347644198870980858e+00 1.799999999997929478e+02
8.850000000000010303e+00 9.349428621323042421e+00 1.799999999999175202e+02
9.000000000000010658e+00 1.498131314273783943e+01 1.799999999999638760e+02
9.150000000000011013e+00 2.556388617686294396e+01 1.799999999999790816e+02
9.300000000000011369e+00 4.538010563198790948e+01 1.799999999999836575e+02
9.450000000000011724e+00 8.320743909880982869e+01 1.799999999999848228e+02
9.600000000000012079e+00 1.517555932542167341e+02 1.799999999999849081e+02
9.750000000000012434e+00 3.107340570509243776e+02 1.799999999999849649e+02
9.900000000000012790e+00 4.861760657416176059e+02 1.799999999999849365e+02
1.005000000000001315e+01 7.999942780675567064e+02 1.799999999999848228e+02
1.020000000000001350e+01 7.999942780675567064e+02 1.799999999999848228e+02
1.035000000000001386e+01 7.999942780675567064e+02 1.799999999999848228e+02
1.050000000000001421e+01 7.999942780675567064e+02 1.799999999999848228e+02
1.065000000000001457e+01 7.999942780675567064e+02 1.799999999999848228e+02
1.080000000000001492e+01 7.999942780675567064e+02 1.799999999999848228e+02
1.095000000000001528e+01 7.999942780675567064e+02 1.799999999999848228e+02
1.110000000000001563e+01 7.999942780675567064e+02 1.799999999999848228e+02
1.125000000000001599e+01 7.999942780675567064e+02 1.799999999999848228e+02
1.140000000000001634e+01 7.999942780675567064e+02 1.799999999999848228e+02
1.155000000000001670e+01 7.999942780675567064e+02 1.799999999999848228e+02
1.170000000000001705e+01 7.999942780675567064e+02 1.799999999999848228e+02
1.185000000000001741e+01 7.999942780675567064e+02 1.799999999999848228e+02
1.200000000000001776e+01 7.999942780675567064e+02 1.799999999999848228e+02
1.215000000000001812e+01 7.999942780675567064e+02 1.799999999999848228e+02
1.230000000000001847e+01 7.999942780675567064e+02 1.799999999999848228e+02
1.245000000000001883e+01 7.999942780675567064e+02 1.799999999999848228e+02
1.260000000000001918e+01 7.999942780675567064e+02 1.799999999999848228e+02
1.275000000000001954e+01 7.999942780675567064e+02 1.799999999999848228e+02
1.290000000000001990e+01 7.999942780675567064e+02 1.799999999999848228e+02
1.305000000000002025e+01 7.999836765014888442e+02 1.799999999999847944e+02
1.320000000000002061e+01 7.999836765014888442e+02 1.799999999999847944e+02
1.335000000000002096e+01 7.999836765014888442e+02 1.799999999999847944e+02
1.350000000000002132e+01 7.999836765014888442e+02 1.799999999999847944e+02
1.365000000000002167e+01 7.999836765014888442e+02 1.799999999999847944e+02
1.380000000000002203e+01 7.999836765014888442e+02 1.799999999999847944e+02
1.395000000000002238e+01 7.999836765014888442e+02 1.799999999999847944e+02
1.410000000000002274e+01 7.999836765014888442e+02 1.799999999999847944e+02
1.425000000000002309e+01 7.999836765014888442e+02 1.799999999999847944e+02
1.440000000000002345e+01 7.999836765014888442e+02 1.799999999999847944e+02
1.455000000000002380e+01 7.999836765014888442e+02 1.799999999999847944e+02
1.470000000000002416e+01 7.999836765014888442e+02 1.799999999999847944e+02
1.485000000000002451e+01 7.999836765014888442e+02 1.799999999999847944e+02
1.500000000000002487e+01 7.999836765014888442e+02 1.799999999999847944e+02
1.515000000000002522e+01 7.999836765014888442e+02 1.799999999999847944e+02
1.530000000000002558e+01 7.999836765014888442e+02 1.799999999999847944e+02
1.545000000000002593e+01 7.999836765014888442e+02 1.799999999999847944e+02
1.560000000000002629e+01 7.999836765014888442e+02 1.799999999999847944e+02
1.575000000000002665e+01 7.999836765014888442e+02 1.799999999999847944e+02
1.590000000000002700e+01 7.999836765014888442e+02 1.799999999999847944e+02
