1.499999999999999944e-01 7.999978121126714541e+02 1.799987557587123206e+02
2.999999999999999889e-01 7.999978121126714541e+02 1.799987557587123206e+02
4.499999999999999556e-01 7.999978121126714541e+02 1.799987557587123206e+02
5.999999999999999778e-01 7.999978121126714541e+02 1.799987557587123206e+02
7.500000000000000000e-01 7.999978121126714541e+02 1.799987557587123206e+02
9.000000000000000222e-01 7.999978121126714541e+02 1.799987557587123206e+02
1.050000000000000044e+00 7.999978121126714541e+02 1.799987557587123206e+02
1.199999999999999956e+00 7.999978121126714541e+02 1.799987557587123206e+02
1.349999999999999867e+00 7.999978121126714541e+02 1.799987557587123206e+02
1.499999999999999778e+00 7.999978121126714541e+02 1.799987557587123206e+02
1.649999999999999689e+00 7.999978121126714541e+02 1.799987557587123206e+02
1.799999999999999600e+00 7.999978121126714541e+02 1.799987557587123206e+02
1.949999999999999512e+00 7.999978121126714541e+02 1.799987557587123206e+02
2.099999999999999645e+00 7.999994135993932787e+02 1.799987563792683147e+02
2.249999999999999556e+00 7.999994135993932787e+02 1.799987563792683147e+02
2.399999999999999467e+00 7.999994135993932787e+02 1.799987563792683147e+02
2.549999999999999378e+00 7.999994135993932787e+02 1.799987563792683147e+02
2.699999999999999289e+00 7.999994135993932787e+02 1.799987563792683147e+02
2.849999999999999201e+00 7.999994135993932787e+02 1.799987563792683147e+02
2.999999999999999112e+00 7.999994135993932787e+02 1.799987563792683147e+02
3.149999999999999023e+00 7.999994135993932787e+02 1.799987563792683147e+02
3.299999999999998934e+00 7.999994135993932787e+02 1.799987563792683147e+02
3.449999999999998845e+00 7.999994135993932787e+02 1.799987563792683147e+02
3.599999999999998757e+00 7.999994135993932787e+02 1.799987563792683147e+02
3.749999999999998668e+00 7.999994135993932787e+02 1.799987563792683147e+02
3.899999999999998579e+00 7.999994135993932787e+02 1.799987563792683147e+02
4.049999999999998934e+00 5.015272905880266876e+02 1.799987578437050217e+02
4.199999999999999289e+00 3.728379771864185841e+02 1.799987622330986312e+02
4.349999999999999645e+00 2.358124248511434757e+02 1.799987755461662857e+02
4.500000000000000000e+00 1.704821466577655826e+02 1.799987953137913053e+02
4.650000000000000355e+00 1.262702772134668692e+02 1.799988230645519138e+02
4.800000000000000711e+00 9.624921634717877339e+01 1.799988611930815239e+02
4.950000000000001066e+00 7.482672353537161314e+01 1.799989098888700596e+02
5.100000000000001421e+00 5.925440052942089153e+01 1.799989688524103997e+02
5.250000000000001776e+00 4.778336349701366714e+01 1.799990397636206865e+02
5.400000000000002132e+00 3.927070988230605764e+01 1.799991207764043395e+02
5.550000000000002487e+00 3.292620231331523684e+01 1.799992092261645382e+02
5.700000000000002842e+00 2.818819443863736396e+01 1.799993034278575692e+02
5.850000000000003197e+00 2.464986560474078203e+01 1.799993989717376337e+02
6.000000000000003553e+00 2.201345120739316741e+01 1.799994916032152616e+02
6.150000000000003908e+00 2.006002528793162298e+01 1.799995787923611488e+02
6.300000000000004263e+00 1.862882424992209707e+01 1.799996575105850241e+02
6.450000000000004619e+00 1.760277597269804772e+01 1.799997260651521458e+02
6.600000000000004974e+00 1.689829487123141760e+01 1.799997844962389024e+02
6.750000000000005329e+00 1.645814916338983380e+01 1.799998328943589740e+02
6.900000000000005684e+00 1.624664420672979404e+01 1.799998720559270566e+02
7.050000000000006040e+00 1.624664420803340192e+01 1.799999033828999870e+02
7.200000000000006395e+00 1.645814916740944511e+01 1.799999279854911833e+02
7.350000000000006750e+00 1.689829487828233212e+01 1.799999470077625574e+02
7.500000000000007105e+00 1.760277598332973525e+01 1.799999616058915706e+02
7.650000000000007461e+00 1.862882426496613775e+01 1.799999726293336835e+02
7.800000000000007816e+00 2.006002530855886690e+01 1.799999808187396297e+02
7.950000000000008171e+00 2.201345123523174152e+01 1.799999868302949153e+02
8.100000000000008527e+00 2.464986564198672170e+01 1.799999911480537662e+02
8.250000000000008882e+00 2.818819448827771978e+01 1.799999941778710024e+02
8.400000000000009237e+00 3.292620237940188588e+01 1.799999962615351876e+02
8.550000000000009592e+00 3.927070997039823652e+01 1.799999976549642042e+02
8.700000000000009948e+00 4.778336361484083028e+01 1.799999985612565183e+02
8.850000000000010303e+00 5.925440068801714943e+01 1.799999991369843144e+02
9.000000000000010658e+00 7.482672375099609496e+01 1.799999994920663937e+02
9.150000000000011013e+00 9.624921664556416090e+01 1.799999997045850932e+02
9.300000000000011369e+00 1.262702776361036427e+02 1.799999998278362341e+02
9.450000000000011724e+00 1.704821472980492274e+02 1.799999998963703547e+02
9.600000000000012079e+00 2.358124258105055446e+02 1.799999999313467356e+02
9.750000000000012434e+00 3.728379795250675670e+02 1.799999999482612054e+02
9.900000000000012790e+00 5.015272923299042986e+02 1.799999999532296613e+02
1.005000000000001315e+01 7.999994322895215646e+02 1.799999999540893043e+02
1.020000000000001350e+01 7.999994322895215646e+02 1.799999999540893043e+02
1.035000000000001386e+01 7.999994322895215646e+02 1.799999999540893043e+02
1.050000000000001421e+01 7.999994322895215646e+02 1.799999999540893043e+02
1.065000000000001457e+01 7.999994322895215646e+02 1.799999999540893043e+02
1.080000000000001492e+01 7.999994322895215646e+02 1.799999999540893043e+02
1.095000000000001528e+01 7.999994322895215646e+02 1.799999999540893043e+02
1.110000000000001563e+01 7.999994322895215646e+02 1.799999999540893043e+02
1.125000000000001599e+01 7.999994322895215646e+02 1.799999999540893043e+02
1.140000000000001634e+01 7.999994322895215646e+02 1.799999999540893043e+02
1.155000000000001670e+01 7.999994322895215646e+02 1.799999999540893043e+02
1.170000000000001705e+01 7.999994322895215646e+02 1.799999999540893043e+02
1.185000000000001741e+01 7.999994322895215646e+02 1.799999999540893043e+02
1.200000000000001776e+01 7.999994322895215646e+02 1.799999999540893043e+02
1.215000000000001812e+01 7.999994322895215646e+02 1.799999999540893043e+02
1.230000000000001847e+01 7.999994322895215646e+02 1.799999999540893043e+02
1.245000000000001883e+01 7.999994322895215646e+02 1.799999999540893043e+02
1.260000000000001918e+01 7.999994322895215646e+02 1.799999999540893043e+02
1.275000000000001954e+01 7.999994322895215646e+02 1.799999999540893043e+02
1.290000000000001990e+01 7.999994322895215646e+02 1.799999999540893043e+02
1.305000000000002025e+01 7.999978818463869175e+02 1.799999999542732780e+02
1.320000000000002061e+01 7.999978818463869175e+02 1.799999999542732780e+02
1.335000000000002096e+01 7.999978818463869175e+02 1.799999999542732780e+02
1.350000000000002132e+01 7.999978818463869175e+02 1.799999999542732780e+02
1.365000000000002167e+01 7.999978818463869175e+02 1.799999999542732780e+02
1.380000000000002203e+01 7.999978818463869175e+02 1.799999999542732780e+02
1.395000000000002238e+01 7.999978818463869175e+02 1.799999999542732780e+02
1.410000000000002274e+01 7.999978818463869175e+02 1.799999999542732780e+02
1.425000000000002309e+01 7.999978818463869175e+02 1.799999999542732780e+02
1.440000000000002345e+01 7.999978818463869175e+02 1.799999999542732780e+02
1.455000000000002380e+01 7.999978818463869175e+02 1.799999999542732780e+02
1.470000000000002416e+01 7.999978818463869175e+02 1.799999999542732780e+02
1.485000000000002451e+01 7.999978818463869175e+02 1.799999999542732780e+02
1.500000000000002487e+01 7.999978818463869175e+02 1.799999999542732780e+02
1.515000000000002522e+01 7.999978818463869175e+02 1.799999999542732780e+02
1.530000000000002558e+01 7.999978818463869175e+02 1.799999999542732780e+02
1.545000000000002593e+01 7.999978818463869175e+02 1.799999999542732780e+02
1.560000000000002629e+01 7.999978818463869175e+02 1.799999999542732780e+02
1.575000000000002665e+01 7.999978818463869175e+02 1.799999999542732780e+02
1.590000000000002700e+01 7.999978818463869175e+02 1.799999999542732780e+02
