1.499999999999999944e-01 7.999765624152788632e+02 1.776048297719157176e-04
2.999999999999999889e-01 7.999765624152788632e+02 1.776048297719157176e-04
4.499999999999999556e-01 7.999765624152788632e+02 1.776048297719157176e-04
5.999999999999999778e-01 7.999765624152788632e+02 1.776048297719157176e-04
7.500000000000000000e-01 7.999765624152788632e+02 1.776048297719157176e-04
9.000000000000000222e-01 7.999765624152788632e+02 1.776048297719157176e-04
1.050000000000000044e+00 7.999765624152788632e+02 1.776048297719157176e-04
1.199999999999999956e+00 7.999765624152788632e+02 1.776048297719157176e-04
1.349999999999999867e+00 7.999765624152788632e+02 1.776048297719157176e-04
1.499999999999999778e+00 7.999765624152788632e+02 1.776048297719157176e-04
1.649999999999999689e+00 7.999765624152788632e+02 1.776048297719157176e-04
1.799999999999999600e+00 7.999765624152788632e+02 1.776048297719157176e-04
1.949999999999999512e+00 7.999765624152788632e+02 1.776048297719157176e-04
2.099999999999999645e+00 7.999914092271521895e+02 1.775487418689269958e-04
2.249999999999999556e+00 7.999914092271521895e+02 1.775487418689269958e-04
2.399999999999999467e+00 7.999914092271521895e+02 1.775487418689269958e-04
2.549999999999999378e+00 7.999914092271521895e+02 1.775487418689269958e-04
2.699999999999999289e+00 7.999914092271521895e+02 1.775487418689269958e-04
2.849999999999999201e+00 7.999914092271521895e+02 1.775487418689269958e-04
2.999999999999999112e+00 7.999914092271521895e+02 1.775487418689269958e-04
3.149999999999999023e+00 7.999914092271521895e+02 1.775487418689269958e-04
3.299999999999998934e+00 7.999914092271521895e+02 1.775487418689269958e-04
3.449999999999998845e+00 7.999914092271521895e+02 1.775487418689269958e-04
3.599999999999998757e+00 7.999914092271521895e+02 1.775487418689269958e-04
3.749999999999998668e+00 7.999914092271521895e+02 1.775487418689269958e-04
3.899999999999998579e+00 7.999914092271521895e+02 1.775487418689269958e-04
4.049999999999998934e+00 4.825008365427437411e+02 1.776989195513278830e-04
4.199999999999999289e+00 2.987147263084176529e+02 1.782350049244207923e-04
4.349999999999999645e+00 1.380591139714346127e+02 1.792235490289950661e-04
4.500000000000000000e+00 7.079494042068736803e+01 1.810564859311414310e-04
4.650000000000000355e+00 3.508109045321127439e+01 1.850680698374240762e-04
4.800000000000000711e+00 1.716583472648878583e+01 1.929643991362972599e-04
4.950000000000001066e+00 8.009263284806792171e+00 2.106108777162329915e-04
5.100000000000001421e+00 3.350141120626503266e+00 2.568436810465035691e-04
5.250000000000001776e+00 9.760492573370243008e-01 4.491563535871101465e-04
5.400000000000002132e+00 2.332353890205922653e-01 1.799990422946535205e+02
5.550000000000002487e+00 8.492698183065385820e-01 1.799998658518430830e+02
5.700000000000002842e+00 1.163080622668076103e+00 1.799999500917282944e+02
5.850000000000003197e+00 1.322940052335297878e+00 1.799999776440344590e+02
6.000000000000003553e+00 1.404377780744596294e+00 1.799999892587677550e+02
6.150000000000003908e+00 1.445871746819506143e+00 1.799999946843129521e+02
6.300000000000004263e+00 1.467027136224544392e+00 1.799999973306709933e+02
6.450000000000004619e+00 1.477839529194454826e+00 1.799999986484961880e+02
6.600000000000004974e+00 1.483417609480852661e+00 1.799999993139871606e+02
6.750000000000005329e+00 1.486396932639422630e+00 1.799999996511715210e+02
6.900000000000005684e+00 1.488185182201760881e+00 1.799999998222974114e+02
7.050000000000006040e+00 1.489627278370704744e+00 1.799999999095464602e+02
7.200000000000006395e+00 1.491404589147208526e+00 1.799999999539679152e+02
7.350000000000006750e+00 1.494356866369514591e+00 1.799999999765680911e+02
7.500000000000007105e+00 1.499879015571508489e+00 1.799999999881052020e+02
7.650000000000007461e+00 1.510580167428372533e+00 1.799999999939824704e+02
7.800000000000007816e+00 1.531516453809729228e+00 1.799999999969723206e+02
7.950000000000008171e+00 1.572579961612262878e+00 1.799999999984966905e+02
8.100000000000008527e+00 1.653172605449810817e+00 1.799999999992698747e+02
8.250000000000008882e+00 1.811373472612416435e+00 1.799999999996572342e+02
8.400000000000009237e+00 2.121930280882281750e+00 1.799999999998461249e+02
8.550000000000009592e+00 2.731584301089540645e+00 1.799999999999316742e+02
8.700000000000009948e+00 3.928372560378647904e+00 1.799999999999655813e+02
8.850000000000010303e+00 6.278043003126946076e+00 1.799999999999767795e+02
9.000000000000010658e+00 1.088965141809486425e+01 1.799999999999793374e+02
9.150000000000011013e+00 1.995453066876703119e+01 1.799999999999794795e+02
9.300000000000011369e+00 3.769602614735418200e+01 1.799999999999790532e+02
9.450000000000011724e+00 7.308960403476166334e+01 1.799999999999785700e+02
9.600000000000012079e+00 1.398107949824938885e+02 1.799999999999783142e+02
9.750000000000012434e+00 2.995993706064621165e+02 1.799999999999780584e+02
9.900000000000012790e+00 4.826084381273205395e+02 1.799999999999780869e+02
1.005000000000001315e+01 7.999915390862058757e+02 1.799999999999780869e+02
1.020000000000001350e+01 7.999915390862058757e+02 1.799999999999780869e+02
1.035000000000001386e+01 7.999915390862058757e+02 1.799999999999780869e+02
1.050000000000001421e+01 7.999915390862058757e+02 1.799999999999780869e+02
1.065000000000001457e+01 7.999915390862058757e+02 1.799999999999780869e+02
1.080000000000001492e+01 7.999915390862058757e+02 1.799999999999780869e+02
1.095000000000001528e+01 7.999915390862058757e+02 1.799999999999780869e+02
1.110000000000001563e+01 7.999915390862058757e+02 1.799999999999780869e+02
1.125000000000001599e+01 7.999915390862058757e+02 1.799999999999780869e+02
1.140000000000001634e+01 7.999915390862058757e+02 1.799999999999780869e+02
1.155000000000001670e+01 7.999915390862058757e+02 1.799999999999780869e+02
1.170000000000001705e+01 7.999915390862058757e+02 1.799999999999780869e+02
1.185000000000001741e+01 7.999915390862058757e+02 1.799999999999780869e+02
1.200000000000001776e+01 7.999915390862058757e+02 1.799999999999780869e+02
1.215000000000001812e+01 7.999915390862058757e+02 1.799999999999780869e+02
1.230000000000001847e+01 7.999915390862058757e+02 1.799999999999780869e+02
1.245000000000001883e+01 7.999915390862058757e+02 1.799999999999780869e+02
1.260000000000001918e+01 7.999915390862058757e+02 1.799999999999780869e+02
1.275000000000001954e+01 7.999915390862058757e+02 1.799999999999780869e+02
1.290000000000001990e+01 7.999915390862058757e+02 1.799999999999780869e+02
1.305000000000002025e+01 7.999769023263797862e+02 1.799999999999782290e+02
1.320000000000002061e+01 7.999769023263797862e+02 1.799999999999782290e+02
1.335000000000002096e+01 7.999769023263797862e+02 1.799999999999782290e+02
1.350000000000002132e+01 7.999769023263797862e+02 1.799999999999782290e+02
1.365000000000002167e+01 7.999769023263797862e+02 1.799999999999782290e+02
1.380000000000002203e+01 7.999769023263797862e+02 1.799999999999782290e+02
1.395000000000002238e+01 7.999769023263797862e+02 1.799999999999782290e+02
1.410000000000002274e+01 7.999769023263797862e+02 1.799999999999782290e+02
1.425000000000002309e+01 7.999769023263797862e+02 1.799999999999782290e+02
1.440000000000002345e+01 7.999769023263797862e+02 1.799999999999782290e+02
1.455000000000002380e+01 7.999769023263797862e+02 1.799999999999782290e+02
1.470000000000002416e+01 7.999769023263797862e+02 1.799999999999782290e+02
1.485000000000002451e+01 7.999769023263797862e+02 1.799999999999782290e+02
1.500000000000002487e+01 7.999769023263797862e+02 1.799999999999782290e+02
1.515000000000002522e+01 7.999769023263797862e+02 1.799999999999782290e+02
1.530000000000002558e+01 7.999769023263797862e+02 1.799999999999782290e+02
1.545000000000002593e+01 7.999769023263797862e+02 1.799999999999782290e+02
1.560000000000002629e+01 7.999769023263797862e+02 1.799999999999782290e+02
1.575000000000002665e+01 7.999769023263797862e+02 1.799999999999782290e+02
1.590000000000002700e+01 7.999769023263797862e+02 1.799999999999782290e+02
