1.499999999999999944e-01 7.999992327453285270e+02 7.689889270858198245e+01
2.999999999999999889e-01 7.999992327453285270e+02 7.689889270858198245e+01
4.499999999999999556e-01 7.999992327453285270e+02 7.689889270858198245e+01
5.999999999999999778e-01 7.999992327453285270e+02 7.689889270858198245e+01
7.500000000000000000e-01 7.999992327453285270e+02 7.689889270858198245e+01
9.000000000000000222e-01 7.999992327453285270e+02 7.689889270858198245e+01
1.050000000000000044e+00 7.999992327453285270e+02 7.689889270858198245e+01
1.199999999999999956e+00 7.999992327453285270e+02 7.689889270858198245e+01
1.349999999999999867e+00 7.999992327453285270e+02 7.689889270858198245e+01
1.499999999999999778e+00 7.999992327453285270e+02 7.689889270858198245e+01
1.649999999999999689e+00 7.999992327453285270e+02 7.689889270858198245e+01
1.799999999999999600e+00 7.999992327453285270e+02 7.689889270858198245e+01
1.949999999999999512e+00 7.999992327453285270e+02 7.689889270858198245e+01
2.099999999999999645e+00 7.999998205789481744e+02 7.692469545042341394e+01
2.249999999999999556e+00 7.999998205789481744e+02 7.692469545042341394e+01
2.399999999999999467e+00 7.999998205789481744e+02 7.692469545042341394e+01
2.549999999999999378e+00 7.999998205789481744e+02 7.692469545042341394e+01
2.699999999999999289e+00 7.999998205789481744e+02 7.692469545042341394e+01
2.849999999999999201e+00 7.999998205789481744e+02 7.692469545042341394e+01
2.999999999999999112e+00 7.999998205789481744e+02 7.692469545042341394e+01
3.149999999999999023e+00 7.999998205789481744e+02 7.692469545042341394e+01
3.299999999999998934e+00 7.999998205789481744e+02 7.692469545042341394e+01
3.449999999999998845e+00 7.999998205789481744e+02 7.692469545042341394e+01
3.599999999999998757e+00 7.999998205789481744e+02 7.692469545042341394e+01
3.749999999999998668e+00 7.999998205789481744e+02 7.692469545042341394e+01
3.899999999999998579e+00 7.999998205789481744e+02 7.692469545042341394e+01
4.049999999999998934e+00 5.063476665342358274e+02 7.707255093280348035e+01
4.199999999999999289e+00 4.000109133420044145e+02 7.772574497852433240e+01
4.349999999999999645e+00 2.849696936956289619e+02 7.943692357246975178e+01
4.500000000000000000e+00 2.363606899066469680e+02 8.196016934088535777e+01
4.650000000000000355e+00 2.058513245490613031e+02 8.535874741174751534e+01
4.800000000000000711e+00 1.869014367480403678e+02 8.941772700131467388e+01
4.950000000000001066e+00 1.744920464439572925e+02 9.396487433262882405e+01
5.100000000000001421e+00 1.663002687935389474e+02 9.880914704536266413e+01
5.250000000000001776e+00 1.609255098503992940e+02 1.037858015832728569e+02
5.400000000000002132e+00 1.574914427365642666e+02 1.087602566346942154e+02
5.550000000000002487e+00 1.554077469880530487e+02 1.136321425391999753e+02
5.700000000000002842e+00 1.542607941503765971e+02 1.183326335888418441e+02
5.850000000000003197e+00 1.537541373452073969e+02 1.228193380254962221e+02
6.000000000000003553e+00 1.536740695035781243e+02 1.270702203813966520e+02
6.150000000000003908e+00 1.538674696968084277e+02 1.310778793033055081e+02
6.300000000000004263e+00 1.542263102790157063e+02 1.348447875013970076e+02
6.450000000000004619e+00 1.546762070506806310e+02 1.383796480502403483e+02
6.600000000000004974e+00 1.551677682085039578e+02 1.416947787049191447e+02
6.750000000000005329e+00 1.556700838643164388e+02 1.448043286999486838e+02
6.900000000000005684e+00 1.561659483445839953e+02 1.477231069866921018e+02
7.050000000000006040e+00 1.566485279344701382e+02 1.504658412894743549e+02
7.200000000000006395e+00 1.571192678951993571e+02 1.530467247997442826e+02
7.350000000000006750e+00 1.575869095449092185e+02 1.554791364913233167e+02
7.500000000000007105e+00 1.580675770441873738e+02 1.577754608504548912e+02
7.650000000000007461e+00 1.585860047022866013e+02 1.599469519637073347e+02
7.800000000000007816e+00 1.591781218323154690e+02 1.620035938992202773e+02
7.950000000000008171e+00 1.598954182523511065e+02 1.639539240370424125e+02
8.100000000000008527e+00 1.608118246038830819e+02 1.658047870360488787e+02
8.250000000000008882e+00 1.620343425923132941e+02 1.675609829299888816e+02
8.400000000000009237e+00 1.637195167146715846e+02 1.692247800363307704e+02
8.550000000000009592e+00 1.660994097924748019e+02 1.707952722809630473e+02
8.700000000000009948e+00 1.695236875561387819e+02 1.722675835779600106e+02
8.850000000000010303e+00 1.745310722598574102e+02 1.736320183004728221e+02
9.000000000000010658e+00 1.819739937034099455e+02 1.748732995413748768e+02
9.150000000000011013e+00 1.932735030658552660e+02 1.759707945265236617e+02
9.300000000000011369e+00 2.108293397830504716e+02 1.768986829375706407e+02
9.450000000000011724e+00 2.397959592508770186e+02 1.776350165274924677e+02
9.600000000000012079e+00 2.869140405407072194e+02 1.781518163954737872e+02
9.750000000000012434e+00 4.006291527647420025e+02 1.784766123290914663e+02
9.900000000000012790e+00 5.063826993888515062e+02 1.785902772552031479e+02
1.005000000000001315e+01 7.999998253213453836e+02 1.786114920251854699e+02
1.020000000000001350e+01 7.999998253213453836e+02 1.786114920251854699e+02
1.035000000000001386e+01 7.999998253213453836e+02 1.786114920251854699e+02
1.050000000000001421e+01 7.999998253213453836e+02 1.786114920251854699e+02
1.065000000000001457e+01 7.999998253213453836e+02 1.786114920251854699e+02
1.080000000000001492e+01 7.999998253213453836e+02 1.786114920251854699e+02
1.095000000000001528e+01 7.999998253213453836e+02 1.786114920251854699e+02
1.110000000000001563e+01 7.999998253213453836e+02 1.786114920251854699e+02
1.125000000000001599e+01 7.999998253213453836e+02 1.786114920251854699e+02
1.140000000000001634e+01 7.999998253213453836e+02 1.786114920251854699e+02
1.155000000000001670e+01 7.999998253213453836e+02 1.786114920251854699e+02
1.170000000000001705e+01 7.999998253213453836e+02 1.786114920251854699e+02
1.185000000000001741e+01 7.999998253213453836e+02 1.786114920251854699e+02
1.200000000000001776e+01 7.999998253213453836e+02 1.786114920251854699e+02
1.215000000000001812e+01 7.999998253213453836e+02 1.786114920251854699e+02
1.230000000000001847e+01 7.999998253213453836e+02 1.786114920251854699e+02
1.245000000000001883e+01 7.999998253213453836e+02 1.786114920251854699e+02
1.260000000000001918e+01 7.999998253213453836e+02 1.786114920251854699e+02
1.275000000000001954e+01 7.999998253213453836e+02 1.786114920251854699e+02
1.290000000000001990e+01 7.999998253213453836e+02 1.786114920251854699e+02
1.305000000000002025e+01 7.999992526421472121e+02 1.786155380371806700e+02
1.320000000000002061e+01 7.999992526421472121e+02 1.786155380371806700e+02
1.335000000000002096e+01 7.999992526421472121e+02 1.786155380371806700e+02
1.350000000000002132e+01 7.999992526421472121e+02 1.786155380371806700e+02
1.365000000000002167e+01 7.999992526421472121e+02 1.786155380371806700e+02
1.380000000000002203e+01 7.999992526421472121e+02 1.786155380371806700e+02
1.395000000000002238e+01 7.999992526421472121e+02 1.786155380371806700e+02
1.410000000000002274e+01 7.999992526421472121e+02 1.786155380371806700e+02
1.425000000000002309e+01 7.999992526421472121e+02 1.786155380371806700e+02
1.440000000000002345e+01 7.999992526421472121e+02 1.786155380371806700e+02
1.455000000000002380e+01 7.999992526421472121e+02 1.786155380371806700e+02
1.470000000000002416e+01 7.999992526421472121e+02 1.786155380371806700e+02
1.485000000000002451e+01 7.999992526421472121e+02 1.786155380371806700e+02
1.500000000000002487e+01 7.999992526421472121e+02 1.786155380371806700e+02
1.515000000000002522e+01 7.999992526421472121e+02 1.786155380371806700e+02
1.530000000000002558e+01 7.999992526421472121e+02 1.786155380371806700e+02
1.545000000000002593e+01 7.999992526421472121e+02 1.786155380371806700e+02
1.560000000000002629e+01 7.999992526421472121e+02 1.786155380371806700e+02
1.575000000000002665e+01 7.999992526421472121e+02 1.786155380371806700e+02
1.590000000000002700e+01 7.999992526421472121e+02 1.786155380371806700e+02
