1.499999999999999944e-01 7.997228943872911486e+02 9.347705445850174044e-05
2.999999999999999889e-01 7.997228943872911486e+02 9.347705445850174044e-05
4.499999999999999556e-01 7.997228943872911486e+02 9.347705445850174044e-05
5.999999999999999778e-01 7.997228943872911486e+02 9.347705445850174044e-05
7.500000000000000000e-01 7.997228943872911486e+02 9.347705445850174044e-05
9.000000000000000222e-01 7.997228943872911486e+02 9.347705445850174044e-05
1.050000000000000044e+00 7.997228943872911486e+02 9.347705445850174044e-05
1.199999999999999956e+00 7.997228943872911486e+02 9.347705445850174044e-05
1.349999999999999867e+00 7.997228943872911486e+02 9.347705445850174044e-05
1.499999999999999778e+00 7.997228943872911486e+02 9.347705445850174044e-05
1.649999999999999689e+00 7.997228943872911486e+02 9.347705445850174044e-05
1.799999999999999600e+00 7.997228943872911486e+02 9.347705445850174044e-05
1.949999999999999512e+00 7.997228943872911486e+02 9.347705445850174044e-05
2.099999999999999645e+00 7.998597941125385660e+02 9.339123104279423160e-05
2.249999999999999556e+00 7.998597941125385660e+02 9.339123104279423160e-05
2.399999999999999467e+00 7.998597941125385660e+02 9.339123104279423160e-05
2.549999999999999378e+00 7.998597941125385660e+02 9.339123104279423160e-05
2.699999999999999289e+00 7.998597941125385660e+02 9.339123104279423160e-05
2.849999999999999201e+00 7.998597941125385660e+02 9.339123104279423160e-05
2.999999999999999112e+00 7.998597941125385660e+02 9.339123104279423160e-05
3.149999999999999023e+00 7.998597941125385660e+02 9.339123104279423160e-05
3.299999999999998934e+00 7.998597941125385660e+02 9.339123104279423160e-05
3.449999999999998845e+00 7.998597941125385660e+02 9.339123104279423160e-05
3.599999999999998757e+00 7.998597941125385660e+02 9.339123104279423160e-05
3.749999999999998668e+00 7.998597941125385660e+02 9.339123104279423160e-05
3.899999999999998579e+00 7.998597941125385660e+02 9.339123104279423160e-05
4.049999999999998934e+00 4.419279897329498681e+02 9.345766754265127929e-05
4.199999999999999289e+00 2.152466289805834094e+02 9.377954385925146852e-05
4.349999999999999645e+00 7.225110073031723346e+01 9.414604696955652940e-05
4.500000000000000000e+00 2.752669493767594133e+01 9.501727933480808019e-05
4.650000000000000355e+00 9.842084814170604545e+00 9.775633415420870165e-05
4.800000000000000711e+00 3.414109582480151062e+00 1.050823574869630406e-04
4.950000000000001066e+00 1.009569161079980404e+00 1.317600304407973155e-04
5.100000000000001421e+00 1.192415603577501315e-01 4.154519046861704368e-04
5.250000000000001776e+00 2.116173867095767491e-01 1.799999130892692278e+02
5.400000000000002132e+00 3.344110590257969307e-01 1.799999795764751411e+02
5.550000000000002487e+00 3.800050698955601547e-01 1.799999933102327248e+02
5.700000000000002842e+00 3.969316407332144081e-01 1.799999976218130087e+02
5.850000000000003197e+00 4.032159169279339039e-01 1.799999991306785319e+02
6.000000000000003553e+00 4.055490148613216661e-01 1.799999996782825633e+02
6.150000000000003908e+00 4.064152105054290587e-01 1.799999998807919042e+02
6.300000000000004263e+00 4.067368090300078620e-01 1.799999999557695674e+02
6.450000000000004619e+00 4.068562432614726276e-01 1.799999999835412439e+02
6.600000000000004974e+00 4.069006843201350421e-01 1.799999999938891051e+02
6.750000000000005329e+00 4.069174526339338627e-01 1.799999999977309528e+02
6.900000000000005684e+00 4.069244025935176978e-01 1.799999999991554205e+02
7.050000000000006040e+00 4.069289347679614366e-01 1.799999999996858548e+02
7.200000000000006395e+00 4.069358744019382357e-01 1.799999999998821920e+02
7.350000000000006750e+00 4.069526109718708540e-01 1.799999999999529621e+02
7.500000000000007105e+00 4.069969650594202903e-01 1.799999999999743636e+02
7.650000000000007461e+00 4.071161646340897278e-01 1.799999999999682814e+02
7.800000000000007816e+00 4.074371304054693610e-01 1.799999999999283773e+02
7.950000000000008171e+00 4.083016224424227403e-01 1.799999999998130136e+02
8.100000000000008527e+00 4.106301312630193934e-01 1.799999999995021653e+02
8.250000000000008882e+00 4.169020468210646868e-01 1.799999999986787884e+02
8.400000000000009237e+00 4.337953244794334751e-01 1.799999999965902759e+02
8.550000000000009592e+00 4.792996622313694388e-01 1.799999999917118885e+02
8.700000000000009948e+00 6.018518343529422054e-01 1.799999999822089194e+02
8.850000000000010303e+00 9.320604304955395492e-01 1.799999999691409585e+02
9.000000000000010658e+00 1.820638228758213017e+00 1.799999999575933316e+02
9.150000000000011013e+00 4.220472345120114710e+00 1.799999999506155746e+02
9.300000000000011369e+00 1.063587450063992890e+01 1.799999999475872698e+02
9.450000000000011724e+00 2.828695713080917074e+01 1.799999999464480140e+02
9.600000000000012079e+00 7.292642542436563247e+01 1.799999999459147944e+02
9.750000000000012434e+00 2.157091056828764692e+02 1.799999999458989635e+02
9.900000000000012790e+00 4.420359075511368019e+02 1.799999999459519131e+02
1.005000000000001315e+01 7.998602536129055807e+02 1.799999999459206492e+02
1.020000000000001350e+01 7.998602536129055807e+02 1.799999999459206492e+02
1.035000000000001386e+01 7.998602536129055807e+02 1.799999999459206492e+02
1.050000000000001421e+01 7.998602536129055807e+02 1.799999999459206492e+02
1.065000000000001457e+01 7.998602536129055807e+02 1.799999999459206492e+02
1.080000000000001492e+01 7.998602536129055807e+02 1.799999999459206492e+02
1.095000000000001528e+01 7.998602536129055807e+02 1.799999999459206492e+02
1.110000000000001563e+01 7.998602536129055807e+02 1.799999999459206492e+02
1.125000000000001599e+01 7.998602536129055807e+02 1.799999999459206492e+02
1.140000000000001634e+01 7.998602536129055807e+02 1.799999999459206492e+02
1.155000000000001670e+01 7.998602536129055807e+02 1.799999999459206492e+02
1.170000000000001705e+01 7.998602536129055807e+02 1.799999999459206492e+02
1.185000000000001741e+01 7.998602536129055807e+02 1.799999999459206492e+02
1.200000000000001776e+01 7.998602536129055807e+02 1.799999999459206492e+02
1.215000000000001812e+01 7.998602536129055807e+02 1.799999999459206492e+02
1.230000000000001847e+01 7.998602536129055807e+02 1.799999999459206492e+02
1.245000000000001883e+01 7.998602536129055807e+02 1.799999999459206492e+02
1.260000000000001918e+01 7.998602536129055807e+02 1.799999999459206492e+02
1.275000000000001954e+01 7.998602536129055807e+02 1.799999999459206492e+02
1.290000000000001990e+01 7.998602536129055807e+02 1.799999999459206492e+02
1.305000000000002025e+01 7.997237144487954765e+02 1.799999999460317213e+02
1.320000000000002061e+01 7.997237144487954765e+02 1.799999999460317213e+02
1.335000000000002096e+01 7.997237144487954765e+02 1.799999999460317213e+02
1.350000000000002132e+01 7.997237144487954765e+02 1.799999999460317213e+02
1.365000000000002167e+01 7.997237144487954765e+02 1.799999999460317213e+02
1.380000000000002203e+01 7.997237144487954765e+02 1.799999999460317213e+02
1.395000000000002238e+01 7.997237144487954765e+02 1.799999999460317213e+02
1.410000000000002274e+01 7.997237144487954765e+02 1.799999999460317213e+02
1.425000000000002309e+01 7.997237144487954765e+02 1.799999999460317213e+02
1.440000000000002345e+01 7.997237144487954765e+02 1.799999999460317213e+02
1.455000000000002380e+01 7.997237144487954765e+02 1.799999999460317213e+02
1.470000000000002416e+01 7.997237144487954765e+02 1.799999999460317213e+02
1.485000000000002451e+01 7.997237144487954765e+02 1.799999999460317213e+02
1.500000000000002487e+01 7.997237144487954765e+02 1.799999999460317213e+02
1.515000000000002522e+01 7.997237144487954765e+02 1.799999999460317213e+02
1.530000000000002558e+01 7.997237144487954765e+02 1.799999999460317213e+02
1.545000000000002593e+01 7.997237144487954765e+02 1.799999999460317213e+02
1.560000000000002629e+01 7.997237144487954765e+02 1.799999999460317213e+02
1.575000000000002665e+01 7.997237144487954765e+02 1.799999999460317213e+02
1.590000000000002700e+01 7.997237144487954765e+02 1.799999999460317213e+02
