1.499999999999999944e-01 7.999679521541056602e+02 2.470734785160466629e-04
2.999999999999999889e-01 7.999679521541056602e+02 2.470734785160466629e-04
4.499999999999999556e-01 7.999679521541056602e+02 2.470734785160466629e-04
5.999999999999999778e-01 7.999679521541056602e+02 2.470734785160466629e-04
7.500000000000000000e-01 7.999679521541056602e+02 2.470734785160466629e-04
9.000000000000000222e-01 7.999679521541056602e+02 2.470734785160466629e-04
1.050000000000000044e+00 7.999679521541056602e+02 2.470734785160466629e-04
1.199999999999999956e+00 7.999679521541056602e+02 2.470734785160466629e-04
1.349999999999999867e+00 7.999679521541056602e+02 2.470734785160466629e-04
1.499999999999999778e+00 7.999679521541056602e+02 2.470734785160466629e-04
1.649999999999999689e+00 7.999679521541056602e+02 2.470734785160466629e-04
1.799999999999999600e+00 7.999679521541056602e+02 2.470734785160466629e-04
1.949999999999999512e+00 7.999679521541056602e+02 2.470734785160466629e-04
2.099999999999999645e+00 7.999877598996251891e+02 2.469772739899234182e-04
2.249999999999999556e+00 7.999877598996251891e+02 2.469772739899234182e-04
2.399999999999999467e+00 7.999877598996251891e+02 2.469772739899234182e-04
2.549999999999999378e+00 7.999877598996251891e+02 2.469772739899234182e-04
2.699999999999999289e+00 7.999877598996251891e+02 2.469772739899234182e-04
2.849999999999999201e+00 7.999877598996251891e+02 2.469772739899234182e-04
2.999999999999999112e+00 7.999877598996251891e+02 2.469772739899234182e-04
3.149999999999999023e+00 7.999877598996251891e+02 2.469772739899234182e-04
3.299999999999998934e+00 7.999877598996251891e+02 2.469772739899234182e-04
3.449999999999998845e+00 7.999877598996251891e+02 2.469772739899234182e-04
3.599999999999998757e+00 7.999877598996251891e+02 2.469772739899234182e-04
3.749999999999998668e+00 7.999877598996251891e+02 2.469772739899234182e-04
3.899999999999998579e+00 7.999877598996251891e+02 2.469772739899234182e-04
4.049999999999998934e+00 4.788367178170880720e+02 2.471810868492907431e-04
4.199999999999999289e+00 2.884335439080554124e+02 2.479329312915501404e-04
4.349999999999999645e+00 1.281214785351980652e+02 2.492435539714898951e-04
4.500000000000000000e+00 6.321567273323766045e+01 2.517476775619753582e-04
4.650000000000000355e+00 3.003219182154774103e+01 2.574904372181219259e-04
4.800000000000000711e+00 1.406358225409919172e+01 2.692215632861261199e-04
4.950000000000001066e+00 6.229622387776849735e+00 2.969124105820508674e-04
5.100000000000001421e+00 2.405897341054014760e+00 3.763002905555756783e-04
5.250000000000001776e+00 5.366003347395462697e-01 8.246517429928434950e-04
5.400000000000002132e+00 3.768320891509802095e-01 1.799994260045370993e+02
5.550000000000002487e+00 8.232379546583388219e-01 1.799998714168934555e+02
5.700000000000002842e+00 1.041393636169232195e+00 1.799999503152279487e+02
5.850000000000003197e+00 1.148006585657242340e+00 1.799999779696194651e+02
6.000000000000003553e+00 1.200109586606515677e+00 1.799999896866523841e+02
6.150000000000003908e+00 1.225575663956988137e+00 1.799999950636195933e+02
6.300000000000004263e+00 1.238028117728561028e+00 1.799999976113836624e+02
6.450000000000004619e+00 1.244128508196752136e+00 1.799999988367694073e+02
6.600000000000004974e+00 1.247140298073020404e+00 1.799999994327899060e+02
6.750000000000005329e+00 1.248674673985533445e+00 1.799999997230904398e+02
6.900000000000005684e+00 1.249552465138833668e+00 1.799999998645786548e+02
7.050000000000006040e+00 1.250243254562917627e+00 1.799999999338430712e+02
7.200000000000006395e+00 1.251116587030594474e+00 1.799999999676853975e+02
7.350000000000006750e+00 1.252639660091119822e+00 1.799999999842048624e+02
7.500000000000007105e+00 1.255627256893092181e+00 1.799999999922976315e+02
7.650000000000007461e+00 1.261677621948820160e+00 1.799999999962529671e+02
7.800000000000007816e+00 1.274027458333080176e+00 1.799999999981835117e+02
7.950000000000008171e+00 1.299283438256054524e+00 1.799999999991282209e+02
8.100000000000008527e+00 1.350956502258100045e+00 1.799999999995878852e+02
8.250000000000008882e+00 1.456689818327504327e+00 1.799999999998088356e+02
8.400000000000009237e+00 1.673046199118118693e+00 1.799999999999109548e+02
8.550000000000009592e+00 2.115773028166444192e+00 1.799999999999534452e+02
8.700000000000009948e+00 3.021689047423805619e+00 1.799999999999664340e+02
8.850000000000010303e+00 4.875654389638327757e+00 1.799999999999674856e+02
9.000000000000010658e+00 8.668215680632819442e+00 1.799999999999652687e+02
9.150000000000011013e+00 1.643923606073038712e+01 1.799999999999633360e+02
9.300000000000011369e+00 3.228270905723466910e+01 1.799999999999621707e+02
9.450000000000011724e+00 6.522311410270715726e+01 1.799999999999614602e+02
9.600000000000012079e+00 1.296926125265284782e+02 1.799999999999611759e+02
9.750000000000012434e+00 2.892625564708483807e+02 1.799999999999611191e+02
9.900000000000012790e+00 4.789459767590436172e+02 1.799999999999610054e+02
1.005000000000001315e+01 7.999879234571221787e+02 1.799999999999608917e+02
1.020000000000001350e+01 7.999879234571221787e+02 1.799999999999608917e+02
1.035000000000001386e+01 7.999879234571221787e+02 1.799999999999608917e+02
1.050000000000001421e+01 7.999879234571221787e+02 1.799999999999608917e+02
1.065000000000001457e+01 7.999879234571221787e+02 1.799999999999608917e+02
1.080000000000001492e+01 7.999879234571221787e+02 1.799999999999608917e+02
1.095000000000001528e+01 7.999879234571221787e+02 1.799999999999608917e+02
1.110000000000001563e+01 7.999879234571221787e+02 1.799999999999608917e+02
1.125000000000001599e+01 7.999879234571221787e+02 1.799999999999608917e+02
1.140000000000001634e+01 7.999879234571221787e+02 1.799999999999608917e+02
1.155000000000001670e+01 7.999879234571221787e+02 1.799999999999608917e+02
1.170000000000001705e+01 7.999879234571221787e+02 1.799999999999608917e+02
1.185000000000001741e+01 7.999879234571221787e+02 1.799999999999608917e+02
1.200000000000001776e+01 7.999879234571221787e+02 1.799999999999608917e+02
1.215000000000001812e+01 7.999879234571221787e+02 1.799999999999608917e+02
1.230000000000001847e+01 7.999879234571221787e+02 1.799999999999608917e+02
1.245000000000001883e+01 7.999879234571221787e+02 1.799999999999608917e+02
1.260000000000001918e+01 7.999879234571221787e+02 1.799999999999608917e+02
1.275000000000001954e+01 7.999879234571221787e+02 1.799999999999608917e+02
1.290000000000001990e+01 7.999879234571221787e+02 1.799999999999608917e+02
1.305000000000002025e+01 7.999683620324614139e+02 1.799999999999609770e+02
1.320000000000002061e+01 7.999683620324614139e+02 1.799999999999609770e+02
1.335000000000002096e+01 7.999683620324614139e+02 1.799999999999609770e+02
1.350000000000002132e+01 7.999683620324614139e+02 1.799999999999609770e+02
1.365000000000002167e+01 7.999683620324614139e+02 1.799999999999609770e+02
1.380000000000002203e+01 7.999683620324614139e+02 1.799999999999609770e+02
1.395000000000002238e+01 7.999683620324614139e+02 1.799999999999609770e+02
1.410000000000002274e+01 7.999683620324614139e+02 1.799999999999609770e+02
1.425000000000002309e+01 7.999683620324614139e+02 1.799999999999609770e+02
1.440000000000002345e+01 7.999683620324614139e+02 1.799999999999609770e+02
1.455000000000002380e+01 7.999683620324614139e+02 1.799999999999609770e+02
1.470000000000002416e+01 7.999683620324614139e+02 1.799999999999609770e+02
1.485000000000002451e+01 7.999683620324614139e+02 1.799999999999609770e+02
1.500000000000002487e+01 7.999683620324614139e+02 1.799999999999609770e+02
1.515000000000002522e+01 7.999683620324614139e+02 1.799999999999609770e+02
1.530000000000002558e+01 7.999683620324614139e+02 1.799999999999609770e+02
1.545000000000002593e+01 7.999683620324614139e+02 1.799999999999609770e+02
1.560000000000002629e+01 7.999683620324614139e+02 1.799999999999609770e+02
1.575000000000002665e+01 7.999683620324614139e+02 1.799999999999609770e+02
1.590000000000002700e+01 7.999683620324614139e+02 1.799999999999609770e+02
