1.499999999999999944e-01 7.999995777522507296e+02 1.799995934895463279e+02
2.999999999999999889e-01 7.999995777522507296e+02 1.799995934895463279e+02
4.499999999999999556e-01 7.999995777522507296e+02 1.799995934895463279e+02
5.999999999999999778e-01 7.999995777522507296e+02 1.799995934895463279e+02
7.500000000000000000e-01 7.999995777522507296e+02 1.799995934895463279e+02
9.000000000000000222e-01 7.999995777522507296e+02 1.799995934895463279e+02
1.050000000000000044e+00 7.999995777522507296e+02 1.799995934895463279e+02
1.199999999999999956e+00 7.999995777522507296e+02 1.799995934895463279e+02
1.349999999999999867e+00 7.999995777522507296e+02 1.799995934895463279e+02
1.499999999999999778e+00 7.999995777522507296e+02 1.799995934895463279e+02
1.649999999999999689e+00 7.999995777522507296e+02 1.799995934895463279e+02
1.799999999999999600e+00 7.999995777522507296e+02 1.799995934895463279e+02
1.949999999999999512e+00 7.999995777522507296e+02 1.799995934895463279e+02
2.099999999999999645e+00 7.999999085413049897e+02 1.799995940743207541e+02
2.249999999999999556e+00 7.999999085413049897e+02 1.799995940743207541e+02
2.399999999999999467e+00 7.999999085413049897e+02 1.799995940743207541e+02
2.549999999999999378e+00 7.999999085413049897e+02 1.799995940743207541e+02
2.699999999999999289e+00 7.999999085413049897e+02 1.799995940743207541e+02
2.849999999999999201e+00 7.999999085413049897e+02 1.799995940743207541e+02
2.999999999999999112e+00 7.999999085413049897e+02 1.799995940743207541e+02
3.149999999999999023e+00 7.999999085413049897e+02 1.799995940743207541e+02
3.299999999999998934e+00 7.999999085413049897e+02 1.799995940743207541e+02
3.449999999999998845e+00 7.999999085413049897e+02 1.799995940743207541e+02
3.599999999999998757e+00 7.999999085413049897e+02 1.799995940743207541e+02
3.749999999999998668e+00 7.999999085413049897e+02 1.799995940743207541e+02
3.899999999999998579e+00 7.999999085413049897e+02 1.799995940743207541e+02
4.049999999999998934e+00 5.084950839074706437e+02 1.799995951383067165e+02
4.199999999999999289e+00 4.140649293850411823e+02 1.799995991902628703e+02
4.349999999999999645e+00 3.126543591680867280e+02 1.799996112489460245e+02
4.500000000000000000e+00 2.749634542070767793e+02 1.799996270089249322e+02
4.650000000000000355e+00 2.538345488514237331e+02 1.799996448432103477e+02
4.800000000000000711e+00 2.425477922694558970e+02 1.799996647174961595e+02
4.950000000000001066e+00 2.361988479239575156e+02 1.799996847874678565e+02
5.100000000000001421e+00 2.325979254223309454e+02 1.799997037035650465e+02
5.250000000000001776e+00 2.305346943836772482e+02 1.799997226437911308e+02
5.400000000000002132e+00 2.293473073766843697e+02 1.799997406814848659e+02
5.550000000000002487e+00 2.286619875910023723e+02 1.799997571690008442e+02
5.700000000000002842e+00 2.282658279584311742e+02 1.799997733366110140e+02
5.850000000000003197e+00 2.280366232869309613e+02 1.799997885772760640e+02
6.000000000000003553e+00 2.279039701181611974e+02 1.799998024507702041e+02
6.150000000000003908e+00 2.278272210910834588e+02 1.799998160076559088e+02
6.300000000000004263e+00 2.277828922195976702e+02 1.799998287804202164e+02
6.450000000000004619e+00 2.277574306620501545e+02 1.799998404293853298e+02
6.600000000000004974e+00 2.277430556311179828e+02 1.799998518136804364e+02
6.750000000000005329e+00 2.277353754504294443e+02 1.799998625605470011e+02
6.900000000000005684e+00 2.277320441191786529e+02 1.799998724028120876e+02
7.050000000000006040e+00 2.277320441191854457e+02 1.799998820321173412e+02
7.200000000000006395e+00 2.277353754504521248e+02 1.799998911518640341e+02
7.350000000000006750e+00 2.277430556311598195e+02 1.799998995546890512e+02
7.500000000000007105e+00 2.277574306621183950e+02 1.799999077893235437e+02
7.650000000000007461e+00 2.277828922197043937e+02 1.799999156230690005e+02
7.800000000000007816e+00 2.278272210912509195e+02 1.799999228995655756e+02
7.950000000000008171e+00 2.279039701184264857e+02 1.799999300442940751e+02
8.100000000000008527e+00 2.280366232873596459e+02 1.799999368780269720e+02
8.250000000000008882e+00 2.282658279591360042e+02 1.799999432868259248e+02
8.400000000000009237e+00 2.286619875921774963e+02 1.799999495849321818e+02
8.550000000000009592e+00 2.293473073786668692e+02 1.799999556327262837e+02
8.700000000000009948e+00 2.305346943870550831e+02 1.799999613422386631e+02
8.850000000000010303e+00 2.325979254281407123e+02 1.799999669097189496e+02
9.000000000000010658e+00 2.361988479340477056e+02 1.799999721980553034e+02
9.150000000000011013e+00 2.425477922872626095e+02 1.799999770913533439e+02
9.300000000000011369e+00 2.538345488832200374e+02 1.799999816017939054e+02
9.450000000000011724e+00 2.749634542679616516e+02 1.799999855106984228e+02
9.600000000000012079e+00 3.126543592764531923e+02 1.799999885143393499e+02
9.750000000000012434e+00 4.140649297188109017e+02 1.799999906354695440e+02
9.900000000000012790e+00 5.084950841484616717e+02 1.799999914428224201e+02
1.005000000000001315e+01 7.999999120644006325e+02 1.799999915942548796e+02
1.020000000000001350e+01 7.999999120644006325e+02 1.799999915942548796e+02
1.035000000000001386e+01 7.999999120644006325e+02 1.799999915942548796e+02
1.050000000000001421e+01 7.999999120644006325e+02 1.799999915942548796e+02
1.065000000000001457e+01 7.999999120644006325e+02 1.799999915942548796e+02
1.080000000000001492e+01 7.999999120644006325e+02 1.799999915942548796e+02
1.095000000000001528e+01 7.999999120644006325e+02 1.799999915942548796e+02
1.110000000000001563e+01 7.999999120644006325e+02 1.799999915942548796e+02
1.125000000000001599e+01 7.999999120644006325e+02 1.799999915942548796e+02
1.140000000000001634e+01 7.999999120644006325e+02 1.799999915942548796e+02
1.155000000000001670e+01 7.999999120644006325e+02 1.799999915942548796e+02
1.170000000000001705e+01 7.999999120644006325e+02 1.799999915942548796e+02
1.185000000000001741e+01 7.999999120644006325e+02 1.799999915942548796e+02
1.200000000000001776e+01 7.999999120644006325e+02 1.799999915942548796e+02
1.215000000000001812e+01 7.999999120644006325e+02 1.799999915942548796e+02
1.230000000000001847e+01 7.999999120644006325e+02 1.799999915942548796e+02
1.245000000000001883e+01 7.999999120644006325e+02 1.799999915942548796e+02
1.260000000000001918e+01 7.999999120644006325e+02 1.799999915942548796e+02
1.275000000000001954e+01 7.999999120644006325e+02 1.799999915942548796e+02
1.290000000000001990e+01 7.999999120644006325e+02 1.799999915942548796e+02
1.305000000000002025e+01 7.999995940177260536e+02 1.799999916357520249e+02
1.320000000000002061e+01 7.999995940177260536e+02 1.799999916357520249e+02
1.335000000000002096e+01 7.999995940177260536e+02 1.799999916357520249e+02
1.350000000000002132e+01 7.999995940177260536e+02 1.799999916357520249e+02
1.365000000000002167e+01 7.999995940177260536e+02 1.799999916357520249e+02
1.380000000000002203e+01 7.999995940177260536e+02 1.799999916357520249e+02
1.395000000000002238e+01 7.999995940177260536e+02 1.799999916357520249e+02
1.410000000000002274e+01 7.999995940177260536e+02 1.799999916357520249e+02
1.425000000000002309e+01 7.999995940177260536e+02 1.799999916357520249e+02
1.440000000000002345e+01 7.999995940177260536e+02 1.799999916357520249e+02
1.455000000000002380e+01 7.999995940177260536e+02 1.799999916357520249e+02
1.470000000000002416e+01 7.999995940177260536e+02 1.799999916357520249e+02
1.485000000000002451e+01 7.999995940177260536e+02 1.799999916357520249e+02
1.500000000000002487e+01 7.999995940177260536e+02 1.799999916357520249e+02
1.515000000000002522e+01 7.999995940177260536e+02 1.799999916357520249e+02
1.530000000000002558e+01 7.999995940177260536e+02 1.799999916357520249e+02
1.545000000000002593e+01 7.999995940177260536e+02 1.799999916357520249e+02
1.560000000000002629e+01 7.999995940177260536e+02 1.799999916357520249e+02
1.575000000000002665e+01 7.999995940177260536e+02 1.799999916357520249e+02
1.590000000000002700e+01 7.999995940177260536e+02 1.799999916357520249e+02
