1.499999999999999944e-01 7.999568048032432444e+02 1.799984653254078353e+02
2.999999999999999889e-01 7.999568048032432444e+02 1.799984653254078353e+02
4.499999999999999556e-01 7.999568048032432444e+02 1.799984653254078353e+02
5.999999999999999778e-01 7.999568048032432444e+02 1.799984653254078353e+02
7.500000000000000000e-01 7.999568048032432444e+02 1.799984653254078353e+02
9.000000000000000222e-01 7.999568048032432444e+02 1.799984653254078353e+02
1.050000000000000044e+00 7.999568048032432444e+02 1.799984653254078353e+02
1.199999999999999956e+00 7.999568048032432444e+02 1.799984653254078353e+02
1.349999999999999867e+00 7.999568048032432444e+02 1.799984653254078353e+02
1.499999999999999778e+00 7.999568048032432444e+02 1.799984653254078353e+02
1.649999999999999689e+00 7.999568048032432444e+02 1.799984653254078353e+02
1.799999999999999600e+00 7.999568048032432444e+02 1.799984653254078353e+02
1.949999999999999512e+00 7.999568048032432444e+02 1.799984653254078353e+02
2.099999999999999645e+00 7.999828630810691266e+02 1.799984658836825986e+02
2.249999999999999556e+00 7.999828630810691266e+02 1.799984658836825986e+02
2.399999999999999467e+00 7.999828630810691266e+02 1.799984658836825986e+02
2.549999999999999378e+00 7.999828630810691266e+02 1.799984658836825986e+02
2.699999999999999289e+00 7.999828630810691266e+02 1.799984658836825986e+02
2.849999999999999201e+00 7.999828630810691266e+02 1.799984658836825986e+02
2.999999999999999112e+00 7.999828630810691266e+02 1.799984658836825986e+02
3.149999999999999023e+00 7.999828630810691266e+02 1.799984658836825986e+02
3.299999999999998934e+00 7.999828630810691266e+02 1.799984658836825986e+02
3.449999999999998845e+00 7.999828630810691266e+02 1.799984658836825986e+02
3.599999999999998757e+00 7.999828630810691266e+02 1.799984658836825986e+02
3.749999999999998668e+00 7.999828630810691266e+02 1.799984658836825986e+02
3.899999999999998579e+00 7.999828630810691266e+02 1.799984658836825986e+02
4.049999999999998934e+00 4.752010724267707360e+02 1.799984671257738285e+02
4.199999999999999289e+00 2.796507266858740195e+02 1.799984700501442205e+02
4.349999999999999645e+00 1.210575449820124589e+02 1.799984815429680225e+02
4.500000000000000000e+00 5.905185780017872332e+01 1.799985041999848079e+02
4.650000000000000355e+00 2.847102030491994995e+01 1.799985510021395214e+02
4.800000000000000711e+00 1.432071417123661305e+01 1.799986425194630044e+02
4.950000000000001066e+00 7.638395725466963881e+00 1.799988037877519389e+02
5.100000000000001421e+00 4.500364712812441326e+00 1.799990442938203330e+02
5.250000000000001776e+00 3.024062312602850966e+00 1.799993311013141124e+02
5.400000000000002132e+00 2.329875380967393994e+00 1.799995916518729189e+02
5.550000000000002487e+00 2.003401034266516945e+00 1.799997764978875239e+02
5.700000000000002842e+00 1.849867731821660755e+00 1.799998861546005173e+02
5.850000000000003197e+00 1.777663713230964504e+00 1.799999442798223868e+02
6.000000000000003553e+00 1.743708081070053595e+00 1.799999732651762940e+02
6.150000000000003908e+00 1.727740757562457929e+00 1.799999873094998861e+02
6.300000000000004263e+00 1.720234682998466269e+00 1.799999940051838223e+02
6.450000000000004619e+00 1.716711280416802765e+00 1.799999971728081505e+02
6.600000000000004974e+00 1.715068276566370287e+00 1.799999986690020535e+02
6.750000000000005329e+00 1.714325356913832366e+00 1.799999993737152408e+02
6.900000000000005684e+00 1.714039251055595514e+00 1.799999997051960463e+02
7.050000000000006040e+00 1.714039251099848116e+00 1.799999998613437242e+02
7.200000000000006395e+00 1.714325357061341037e+00 1.799999999347961648e+02
7.350000000000006750e+00 1.715068276876138498e+00 1.799999999693256711e+02
7.500000000000007105e+00 1.716711281080591789e+00 1.799999999855866406e+02
7.650000000000007461e+00 1.720234684414549520e+00 1.799999999932346952e+02
7.800000000000007816e+00 1.727740760645389173e+00 1.799999999968296436e+02
7.950000000000008171e+00 1.743708087634189496e+00 1.799999999985222416e+02
8.100000000000008527e+00 1.777663727126281401e+00 1.799999999993173390e+02
8.250000000000008882e+00 1.849867761367647745e+00 1.799999999996896634e+02
8.400000000000009237e+00 2.003401097060958591e+00 1.799999999998617852e+02
8.550000000000009592e+00 2.329875514403738634e+00 1.799999999999380407e+02
8.700000000000009948e+00 3.024062596298904282e+00 1.799999999999674287e+02
8.850000000000010303e+00 4.500365315968025470e+00 1.799999999999755573e+02
9.000000000000010658e+00 7.638397007025993446e+00 1.799999999999753584e+02
9.150000000000011013e+00 1.432071690148015364e+01 1.799999999999737668e+02
9.300000000000011369e+00 2.847102607636637472e+01 1.799999999999722604e+02
9.450000000000011724e+00 5.905187036008762647e+01 1.799999999999716351e+02
9.600000000000012079e+00 1.210575699662476694e+02 1.799999999999709814e+02
9.750000000000012434e+00 2.796507957565913784e+02 1.799999999999707256e+02
9.900000000000012790e+00 4.752011402780845515e+02 1.799999999999707541e+02
1.005000000000001315e+01 7.999832843517993979e+02 1.799999999999706688e+02
1.020000000000001350e+01 7.999832843517993979e+02 1.799999999999706688e+02
1.035000000000001386e+01 7.999832843517993979e+02 1.799999999999706688e+02
1.050000000000001421e+01 7.999832843517993979e+02 1.799999999999706688e+02
1.065000000000001457e+01 7.999832843517993979e+02 1.799999999999706688e+02
1.080000000000001492e+01 7.999832843517993979e+02 1.799999999999706688e+02
1.095000000000001528e+01 7.999832843517993979e+02 1.799999999999706688e+02
1.110000000000001563e+01 7.999832843517993979e+02 1.799999999999706688e+02
1.125000000000001599e+01 7.999832843517993979e+02 1.799999999999706688e+02
1.140000000000001634e+01 7.999832843517993979e+02 1.799999999999706688e+02
1.155000000000001670e+01 7.999832843517993979e+02 1.799999999999706688e+02
1.170000000000001705e+01 7.999832843517993979e+02 1.799999999999706688e+02
1.185000000000001741e+01 7.999832843517993979e+02 1.799999999999706688e+02
1.200000000000001776e+01 7.999832843517993979e+02 1.799999999999706688e+02
1.215000000000001812e+01 7.999832843517993979e+02 1.799999999999706688e+02
1.230000000000001847e+01 7.999832843517993979e+02 1.799999999999706688e+02
1.245000000000001883e+01 7.999832843517993979e+02 1.799999999999706688e+02
1.260000000000001918e+01 7.999832843517993979e+02 1.799999999999706688e+02
1.275000000000001954e+01 7.999832843517993979e+02 1.799999999999706688e+02
1.290000000000001990e+01 7.999832843517993979e+02 1.799999999999706688e+02
1.305000000000002025e+01 7.999578666584669691e+02 1.799999999999707541e+02
1.320000000000002061e+01 7.999578666584669691e+02 1.799999999999707541e+02
1.335000000000002096e+01 7.999578666584669691e+02 1.799999999999707541e+02
1.350000000000002132e+01 7.999578666584669691e+02 1.799999999999707541e+02
1.365000000000002167e+01 7.999578666584669691e+02 1.799999999999707541e+02
1.380000000000002203e+01 7.999578666584669691e+02 1.799999999999707541e+02
1.395000000000002238e+01 7.999578666584669691e+02 1.799999999999707541e+02
1.410000000000002274e+01 7.999578666584669691e+02 1.799999999999707541e+02
1.425000000000002309e+01 7.999578666584669691e+02 1.799999999999707541e+02
1.440000000000002345e+01 7.999578666584669691e+02 1.799999999999707541e+02
1.455000000000002380e+01 7.999578666584669691e+02 1.799999999999707541e+02
1.470000000000002416e+01 7.999578666584669691e+02 1.799999999999707541e+02
1.485000000000002451e+01 7.999578666584669691e+02 1.799999999999707541e+02
1.500000000000002487e+01 7.999578666584669691e+02 1.799999999999707541e+02
1.515000000000002522e+01 7.999578666584669691e+02 1.799999999999707541e+02
1.530000000000002558e+01 7.999578666584669691e+02 1.799999999999707541e+02
1.545000000000002593e+01 7.999578666584669691e+02 1.799999999999707541e+02
1.560000000000002629e+01 7.999578666584669691e+02 1.799999999999707541e+02
1.575000000000002665e+01 7.999578666584669691e+02 1.799999999999707541e+02
1.590000000000002700e+01 7.999578666584669691e+02 1.799999999999707541e+02
