1.499999999999999944e-01 7.999998915325114694e+02 1.979741049078509363e+01
2.999999999999999889e-01 7.999998915325114694e+02 1.979741049078509363e+01
4.499999999999999556e-01 7.999998915325114694e+02 1.979741049078509363e+01
5.999999999999999778e-01 7.999998915325114694e+02 1.979741049078509363e+01
7.500000000000000000e-01 7.999998915325114694e+02 1.979741049078509363e+01
9.000000000000000222e-01 7.999998915325114694e+02 1.979741049078509363e+01
1.050000000000000044e+00 7.999998915325114694e+02 1.979741049078509363e+01
1.199999999999999956e+00 7.999998915325114694e+02 1.979741049078509363e+01
1.349999999999999867e+00 7.999998915325114694e+02 1.979741049078509363e+01
1.499999999999999778e+00 7.999998915325114694e+02 1.979741049078509363e+01
1.649999999999999689e+00 7.999998915325114694e+02 1.979741049078509363e+01
1.799999999999999600e+00 7.999998915325114694e+02 1.979741049078509363e+01
1.949999999999999512e+00 7.999998915325114694e+02 1.979741049078509363e+01
2.099999999999999645e+00 7.999999801582835062e+02 1.983563820994994487e+01
2.249999999999999556e+00 7.999999801582835062e+02 1.983563820994994487e+01
2.399999999999999467e+00 7.999999801582835062e+02 1.983563820994994487e+01
2.549999999999999378e+00 7.999999801582835062e+02 1.983563820994994487e+01
2.699999999999999289e+00 7.999999801582835062e+02 1.983563820994994487e+01
2.849999999999999201e+00 7.999999801582835062e+02 1.983563820994994487e+01
2.999999999999999112e+00 7.999999801582835062e+02 1.983563820994994487e+01
3.149999999999999023e+00 7.999999801582835062e+02 1.983563820994994487e+01
3.299999999999998934e+00 7.999999801582835062e+02 1.983563820994994487e+01
3.449999999999998845e+00 7.999999801582835062e+02 1.983563820994994487e+01
3.599999999999998757e+00 7.999999801582835062e+02 1.983563820994994487e+01
3.749999999999998668e+00 7.999999801582835062e+02 1.983563820994994487e+01
3.899999999999998579e+00 7.999999801582835062e+02 1.983563820994994487e+01
4.049999999999998934e+00 5.119920627147731125e+02 2.003629652194625166e+01
4.199999999999999289e+00 4.375964982328842439e+02 2.099134648425087590e+01
4.349999999999999645e+00 3.565906654991919140e+02 2.320099426344571825e+01
4.500000000000000000e+00 3.320399170144306140e+02 2.593206162127537695e+01
4.650000000000000355e+00 3.202214650902428730e+02 2.905114141683843343e+01
4.800000000000000711e+00 3.151106233330618238e+02 3.232361453403069618e+01
4.950000000000001066e+00 3.127871655230638339e+02 3.566575811201155943e+01
5.100000000000001421e+00 3.117461291500413267e+02 3.902818575166106996e+01
5.250000000000001776e+00 3.112858150006152300e+02 4.238862578436623352e+01
5.400000000000002132e+00 3.110919531168361232e+02 4.573577940155607990e+01
5.550000000000002487e+00 3.110206371563224366e+02 4.906384056510256642e+01
5.700000000000002842e+00 3.110060729078656436e+02 5.236951644706645226e+01
5.850000000000003197e+00 3.110180589071038639e+02 5.565072293476133325e+01
6.000000000000003553e+00 3.110426873218287938e+02 5.890597803667367316e+01
6.150000000000003908e+00 3.110735085083856006e+02 6.213412875137633051e+01
6.300000000000004263e+00 3.111074893131817589e+02 6.533422250236277762e+01
6.450000000000004619e+00 3.111431628246326682e+02 6.850545174812508264e+01
6.600000000000004974e+00 3.111797822150738853e+02 7.164712981762023958e+01
6.750000000000005329e+00 3.112169341977862018e+02 7.475867482862884117e+01
6.900000000000005684e+00 3.112543634138574475e+02 7.783960508532923939e+01
7.050000000000006040e+00 3.112918952089486311e+02 8.088953735659541167e+01
7.200000000000006395e+00 3.113294060657061095e+02 8.390817974220168196e+01
7.350000000000006750e+00 3.113668224324595712e+02 8.689533066602341194e+01
7.500000000000007105e+00 3.114041478363413376e+02 8.985087773066602779e+01
7.650000000000007461e+00 3.114415350326075895e+02 9.277478856632983195e+01
7.800000000000007816e+00 3.114794501347050186e+02 9.566710585556974422e+01
7.950000000000008171e+00 3.115190365172716156e+02 9.852793753430290735e+01
8.100000000000008527e+00 3.115629151375933930e+02 1.013574286534351927e+02
8.250000000000008882e+00 3.116169441869175216e+02 1.041557166401042167e+02
8.400000000000009237e+00 3.116940894020358428e+02 1.069228352895177636e+02
8.550000000000009592e+00 3.118229454626497272e+02 1.096584997373568058e+02
8.700000000000009948e+00 3.120664864764095796e+02 1.123616539175763904e+02
8.850000000000010303e+00 3.125637113531064415e+02 1.150295125216937180e+02
9.000000000000010658e+00 3.136206361842676529e+02 1.176553739307185680e+02
9.150000000000011013e+00 3.159262213465340210e+02 1.202246546299435579e+02
9.300000000000011369e+00 3.209677804488509310e+02 1.227032021693824646e+02
9.450000000000011724e+00 3.326484013078122643e+02 1.250323460268224380e+02
9.600000000000012079e+00 3.569904546390760061e+02 1.270451160822789234e+02
9.750000000000012434e+00 4.377288628082168884e+02 1.286495980626090443e+02
9.900000000000012790e+00 5.119980156405978278e+02 1.293327722920775500e+02
1.005000000000001315e+01 7.999999798487938278e+02 1.294714047007951763e+02
1.020000000000001350e+01 7.999999798487938278e+02 1.294714047007951763e+02
1.035000000000001386e+01 7.999999798487938278e+02 1.294714047007951763e+02
1.050000000000001421e+01 7.999999798487938278e+02 1.294714047007951763e+02
1.065000000000001457e+01 7.999999798487938278e+02 1.294714047007951763e+02
1.080000000000001492e+01 7.999999798487938278e+02 1.294714047007951763e+02
1.095000000000001528e+01 7.999999798487938278e+02 1.294714047007951763e+02
1.110000000000001563e+01 7.999999798487938278e+02 1.294714047007951763e+02
1.125000000000001599e+01 7.999999798487938278e+02 1.294714047007951763e+02
1.140000000000001634e+01 7.999999798487938278e+02 1.294714047007951763e+02
1.155000000000001670e+01 7.999999798487938278e+02 1.294714047007951763e+02
1.170000000000001705e+01 7.999999798487938278e+02 1.294714047007951763e+02
1.185000000000001741e+01 7.999999798487938278e+02 1.294714047007951763e+02
1.200000000000001776e+01 7.999999798487938278e+02 1.294714047007951763e+02
1.215000000000001812e+01 7.999999798487938278e+02 1.294714047007951763e+02
1.230000000000001847e+01 7.999999798487938278e+02 1.294714047007951763e+02
1.245000000000001883e+01 7.999999798487938278e+02 1.294714047007951763e+02
1.260000000000001918e+01 7.999999798487938278e+02 1.294714047007951763e+02
1.275000000000001954e+01 7.999999798487938278e+02 1.294714047007951763e+02
1.290000000000001990e+01 7.999999798487938278e+02 1.294714047007951763e+02
1.305000000000002025e+01 7.999998898238535503e+02 1.294982901540873570e+02
1.320000000000002061e+01 7.999998898238535503e+02 1.294982901540873570e+02
1.335000000000002096e+01 7.999998898238535503e+02 1.294982901540873570e+02
1.350000000000002132e+01 7.999998898238535503e+02 1.294982901540873570e+02
1.365000000000002167e+01 7.999998898238535503e+02 1.294982901540873570e+02
1.380000000000002203e+01 7.999998898238535503e+02 1.294982901540873570e+02
1.395000000000002238e+01 7.999998898238535503e+02 1.294982901540873570e+02
1.410000000000002274e+01 7.999998898238535503e+02 1.294982901540873570e+02
1.425000000000002309e+01 7.999998898238535503e+02 1.294982901540873570e+02
1.440000000000002345e+01 7.999998898238535503e+02 1.294982901540873570e+02
1.455000000000002380e+01 7.999998898238535503e+02 1.294982901540873570e+02
1.470000000000002416e+01 7.999998898238535503e+02 1.294982901540873570e+02
1.485000000000002451e+01 7.999998898238535503e+02 1.294982901540873570e+02
1.500000000000002487e+01 7.999998898238535503e+02 1.294982901540873570e+02
1.515000000000002522e+01 7.999998898238535503e+02 1.294982901540873570e+02
1.530000000000002558e+01 7.999998898238535503e+02 1.294982901540873570e+02
1.545000000000002593e+01 7.999998898238535503e+02 1.294982901540873570e+02
1.560000000000002629e+01 7.999998898238535503e+02 1.294982901540873570e+02
1.575000000000002665e+01 7.999998898238535503e+02 1.294982901540873570e+02
1.590000000000002700e+01 7.999998898238535503e+02 1.294982901540873570e+02
