1.499999999999999944e-01 7.999965398693406087e+02 1.774624060035812079e-06
2.999999999999999889e-01 7.999965398693406087e+02 1.774624060035812079e-06
4.499999999999999556e-01 7.999965398693406087e+02 1.774624060035812079e-06
5.999999999999999778e-01 7.999965398693406087e+02 1.774624060035812079e-06
7.500000000000000000e-01 7.999965398693406087e+02 1.774624060035812079e-06
9.000000000000000222e-01 7.999965398693406087e+02 1.774624060035812079e-06
1.050000000000000044e+00 7.999965398693406087e+02 1.774624060035812079e-06
1.199999999999999956e+00 7.999965398693406087e+02 1.774624060035812079e-06
1.349999999999999867e+00 7.999965398693406087e+02 1.774624060035812079e-06
1.499999999999999778e+00 7.999965398693406087e+02 1.774624060035812079e-06
1.649999999999999689e+00 7.999965398693406087e+02 1.774624060035812079e-06
1.799999999999999600e+00 7.999965398693406087e+02 1.774624060035812079e-06
1.949999999999999512e+00 7.999965398693406087e+02 1.774624060035812079e-06
2.099999999999999645e+00 7.999990131471486166e+02 1.773225385082177752e-06
2.249999999999999556e+00 7.999990131471486166e+02 1.773225385082177752e-06
2.399999999999999467e+00 7.999990131471486166e+02 1.773225385082177752e-06
2.549999999999999378e+00 7.999990131471486166e+02 1.773225385082177752e-06
2.699999999999999289e+00 7.999990131471486166e+02 1.773225385082177752e-06
2.849999999999999201e+00 7.999990131471486166e+02 1.773225385082177752e-06
2.999999999999999112e+00 7.999990131471486166e+02 1.773225385082177752e-06
3.149999999999999023e+00 7.999990131471486166e+02 1.773225385082177752e-06
3.299999999999998934e+00 7.999990131471486166e+02 1.773225385082177752e-06
3.449999999999998845e+00 7.999990131471486166e+02 1.773225385082177752e-06
3.599999999999998757e+00 7.999990131471486166e+02 1.773225385082177752e-06
3.749999999999998668e+00 7.999990131471486166e+02 1.773225385082177752e-06
3.899999999999998579e+00 7.999990131471486166e+02 1.773225385082177752e-06
4.049999999999998934e+00 4.987204240804581445e+02 1.775076786225682213e-06
4.199999999999999289e+00 3.583086503734189137e+02 1.783075369132802734e-06
4.349999999999999645e+00 2.113989995183657413e+02 1.792352115281836689e-06
4.500000000000000000e+00 1.401887017309505268e+02 1.805669885501792749e-06
4.650000000000000355e+00 9.297098140585077886e+01 1.830376034517300354e-06
4.800000000000000711e+00 6.213443646944346455e+01 1.860623331073618658e-06
4.950000000000001066e+00 4.134266044210886548e+01 1.906121969819096762e-06
5.100000000000001421e+00 2.724141657186940790e+01 1.980511473154145108e-06
5.250000000000001776e+00 1.763402569995054137e+01 2.091406792636973933e-06
5.400000000000002132e+00 1.107772385041807084e+01 2.276557997893391416e-06
5.550000000000002487e+00 6.599607681140305715e+00 2.619544893334158076e-06
5.700000000000002842e+00 3.539226979195319700e+00 3.340864009881983065e-06
5.850000000000003197e+00 1.446251091375188480e+00 5.591818676875526251e-06
6.000000000000003553e+00 1.296832425578031689e-02 4.275207807028502671e-04
6.150000000000003908e+00 9.712973768099004701e-01 1.799999960959289922e+02
6.300000000000004263e+00 1.651223400192236568e+00 1.799999984293016269e+02
6.450000000000004619e+00 2.126760954331842868e+00 1.799999991639626558e+02
6.600000000000004974e+00 2.467822409896598401e+00 1.799999995072007266e+02
6.750000000000005329e+00 2.724554224707688377e+00 1.799999996946844476e+02
6.900000000000005684e+00 2.934706637081077929e+00 1.799999998056425738e+02
7.050000000000006040e+00 3.129182756824647527e+00 1.799999998752782346e+02
7.200000000000006395e+00 3.336582184142244500e+00 1.799999999199253011e+02
7.350000000000006750e+00 3.587406936463025886e+00 1.799999999488415767e+02
7.500000000000007105e+00 3.918548364635867642e+00 1.799999999678305187e+02
7.650000000000007461e+00 4.378715875625871945e+00 1.799999999801312356e+02
7.800000000000007816e+00 5.035608454061943462e+00 1.799999999879275379e+02
7.950000000000008171e+00 5.985890314964507297e+00 1.799999999927738656e+02
8.100000000000008527e+00 7.369454808445539129e+00 1.799999999956534396e+02
8.250000000000008882e+00 9.390119851570233322e+00 1.799999999972795877e+02
8.400000000000009237e+00 1.234592114361940318e+01 1.799999999981615417e+02
8.550000000000009592e+00 1.667382070263606764e+01 1.799999999986116279e+02
8.700000000000009948e+00 2.301635846553867282e+01 1.799999999988247907e+02
8.850000000000010303e+00 3.232357007339837196e+01 1.799999999989228456e+02
9.000000000000010658e+00 4.601130423791667567e+01 1.799999999989636876e+02
9.150000000000011013e+00 6.624896847619702100e+01 1.799999999989754826e+02
9.300000000000011369e+00 9.637262814853438897e+01 1.799999999989805701e+02
9.450000000000011724e+00 1.427226086555567406e+02 1.799999999989821333e+02
9.600000000000012079e+00 2.129763643126289310e+02 1.799999999989795469e+02
9.750000000000012434e+00 3.588993522395716127e+02 1.799999999989809396e+02
9.900000000000012790e+00 4.987654296995842174e+02 1.799999999989826733e+02
1.005000000000001315e+01 7.999990164788894162e+02 1.799999999989821333e+02
1.020000000000001350e+01 7.999990164788894162e+02 1.799999999989821333e+02
1.035000000000001386e+01 7.999990164788894162e+02 1.799999999989821333e+02
1.050000000000001421e+01 7.999990164788894162e+02 1.799999999989821333e+02
1.065000000000001457e+01 7.999990164788894162e+02 1.799999999989821333e+02
1.080000000000001492e+01 7.999990164788894162e+02 1.799999999989821333e+02
1.095000000000001528e+01 7.999990164788894162e+02 1.799999999989821333e+02
1.110000000000001563e+01 7.999990164788894162e+02 1.799999999989821333e+02
1.125000000000001599e+01 7.999990164788894162e+02 1.799999999989821333e+02
1.140000000000001634e+01 7.999990164788894162e+02 1.799999999989821333e+02
1.155000000000001670e+01 7.999990164788894162e+02 1.799999999989821333e+02
1.170000000000001705e+01 7.999990164788894162e+02 1.799999999989821333e+02
1.185000000000001741e+01 7.999990164788894162e+02 1.799999999989821333e+02
1.200000000000001776e+01 7.999990164788894162e+02 1.799999999989821333e+02
1.215000000000001812e+01 7.999990164788894162e+02 1.799999999989821333e+02
1.230000000000001847e+01 7.999990164788894162e+02 1.799999999989821333e+02
1.245000000000001883e+01 7.999990164788894162e+02 1.799999999989821333e+02
1.260000000000001918e+01 7.999990164788894162e+02 1.799999999989821333e+02
1.275000000000001954e+01 7.999990164788894162e+02 1.799999999989821333e+02
1.290000000000001990e+01 7.999990164788894162e+02 1.799999999989821333e+02
1.305000000000002025e+01 7.999965500508996001e+02 1.799999999989842081e+02
1.320000000000002061e+01 7.999965500508996001e+02 1.799999999989842081e+02
1.335000000000002096e+01 7.999965500508996001e+02 1.799999999989842081e+02
1.350000000000002132e+01 7.999965500508996001e+02 1.799999999989842081e+02
1.365000000000002167e+01 7.999965500508996001e+02 1.799999999989842081e+02
1.380000000000002203e+01 7.999965500508996001e+02 1.799999999989842081e+02
1.395000000000002238e+01 7.999965500508996001e+02 1.799999999989842081e+02
1.410000000000002274e+01 7.999965500508996001e+02 1.799999999989842081e+02
1.425000000000002309e+01 7.999965500508996001e+02 1.799999999989842081e+02
1.440000000000002345e+01 7.999965500508996001e+02 1.799999999989842081e+02
1.455000000000002380e+01 7.999965500508996001e+02 1.799999999989842081e+02
1.470000000000002416e+01 7.999965500508996001e+02 1.799999999989842081e+02
1.485000000000002451e+01 7.999965500508996001e+02 1.799999999989842081e+02
1.500000000000002487e+01 7.999965500508996001e+02 1.799999999989842081e+02
1.515000000000002522e+01 7.999965500508996001e+02 1.799999999989842081e+02
1.530000000000002558e+01 7.999965500508996001e+02 1.799999999989842081e+02
1.545000000000002593e+01 7.999965500508996001e+02 1.799999999989842081e+02
1.560000000000002629e+01 7.999965500508996001e+02 1.799999999989842081e+02
1.575000000000002665e+01 7.999965500508996001e+02 1.799999999989842081e+02
1.590000000000002700e+01 7.999965500508996001e+02 1.799999999989842081e+02
