1.499999999999999944e-01 7.999999970226598407e+02 8.637030405343000439e+01
2.999999999999999889e-01 7.999999970226598407e+02 8.637030405343000439e+01
4.499999999999999556e-01 7.999999970226598407e+02 8.637030405343000439e+01
5.999999999999999778e-01 7.999999970226598407e+02 8.637030405343000439e+01
7.500000000000000000e-01 7.999999970226598407e+02 8.637030405343000439e+01
9.000000000000000222e-01 7.999999970226598407e+02 8.637030405343000439e+01
1.050000000000000044e+00 7.999999970226598407e+02 8.637030405343000439e+01
1.199999999999999956e+00 7.999999970226598407e+02 8.637030405343000439e+01
1.349999999999999867e+00 7.999999970226598407e+02 8.637030405343000439e+01
1.499999999999999778e+00 7.999999970226598407e+02 8.637030405343000439e+01
1.649999999999999689e+00 7.999999970226598407e+02 8.637030405343000439e+01
1.799999999999999600e+00 7.999999970226598407e+02 8.637030405343000439e+01
1.949999999999999512e+00 7.999999970226598407e+02 8.637030405343000439e+01
2.099999999999999645e+00 7.999999996486900500e+02 8.643559877452135254e+01
2.249999999999999556e+00 7.999999996486900500e+02 8.643559877452135254e+01
2.399999999999999467e+00 7.999999996486900500e+02 8.643559877452135254e+01
2.549999999999999378e+00 7.999999996486900500e+02 8.643559877452135254e+01
2.699999999999999289e+00 7.999999996486900500e+02 8.643559877452135254e+01
2.849999999999999201e+00 7.999999996486900500e+02 8.643559877452135254e+01
2.999999999999999112e+00 7.999999996486900500e+02 8.643559877452135254e+01
3.149999999999999023e+00 7.999999996486900500e+02 8.643559877452135254e+01
3.299999999999998934e+00 7.999999996486900500e+02 8.643559877452135254e+01
3.449999999999998845e+00 7.999999996486900500e+02 8.643559877452135254e+01
3.599999999999998757e+00 7.999999996486900500e+02 8.643559877452135254e+01
3.749999999999998668e+00 7.999999996486900500e+02 8.643559877452135254e+01
3.899999999999998579e+00 7.999999996486900500e+02 8.643559877452135254e+01
4.049999999999998934e+00 5.165955901532696544e+02 8.677880885937749156e+01
4.199999999999999289e+00 4.764201114495612615e+02 8.823212830080190372e+01
4.349999999999999645e+00 4.299361728152061346e+02 9.102886224505064661e+01
4.500000000000000000e+00 4.216653205102580841e+02 9.392700748148469359e+01
4.650000000000000355e+00 4.187949347497673784e+02 9.689961910867411632e+01
4.800000000000000711e+00 4.180616862895498684e+02 9.982215409992187460e+01
4.950000000000001066e+00 4.178694332671526013e+02 1.026837061291102629e+02
5.100000000000001421e+00 4.178392929591814209e+02 1.054772670581401570e+02
5.250000000000001776e+00 4.178537048846819744e+02 1.082023455249536141e+02
5.400000000000002132e+00 4.178800297081796771e+02 1.108594477421718665e+02
5.550000000000002487e+00 4.179087884305009766e+02 1.134495970617466867e+02
5.700000000000002842e+00 4.179372815817683318e+02 1.159740128444461504e+02
5.850000000000003197e+00 4.179647421711807738e+02 1.184340354359725325e+02
6.000000000000003553e+00 4.179909632866591664e+02 1.208310962831844080e+02
6.150000000000003908e+00 4.180159025831496251e+02 1.231667041247142720e+02
6.300000000000004263e+00 4.180395684902045446e+02 1.254424288709036830e+02
6.450000000000004619e+00 4.180619868119239868e+02 1.276598942038063598e+02
6.600000000000004974e+00 4.180831907432501566e+02 1.298207708387213017e+02
6.750000000000005329e+00 4.181032174292109289e+02 1.319267645778321310e+02
6.900000000000005684e+00 4.181221063702848824e+02 1.339796113389442098e+02
7.050000000000006040e+00 4.181398986853582187e+02 1.359810724937340467e+02
7.200000000000006395e+00 4.181566364953493462e+02 1.379329254053187981e+02
7.350000000000006750e+00 4.181723623301032262e+02 1.398369602386744077e+02
7.500000000000007105e+00 4.181871188524267495e+02 1.416949769796433429e+02
7.650000000000007461e+00 4.182009486944870105e+02 1.435087781036901333e+02
7.800000000000007816e+00 4.182138947636125863e+02 1.452801668352907427e+02
7.950000000000008171e+00 4.182260025181477090e+02 1.470109455030018353e+02
8.100000000000008527e+00 4.182373283735419136e+02 1.487029099293599756e+02
8.250000000000008882e+00 4.182479697348107948e+02 1.503578485891783032e+02
8.400000000000009237e+00 4.182581711455225104e+02 1.519775411661165947e+02
8.550000000000009592e+00 4.182686982038130168e+02 1.535637517043580829e+02
8.700000000000009948e+00 4.182821432126764876e+02 1.551182180493163969e+02
8.850000000000010303e+00 4.183075806704136426e+02 1.566426224298649572e+02
9.000000000000010658e+00 4.183763510920487647e+02 1.581384391168288914e+02
9.150000000000011013e+00 4.186023954213882803e+02 1.596067067001546604e+02
9.300000000000011369e+00 4.193541662606131126e+02 1.610455428861153848e+02
9.450000000000011724e+00 4.222047712586953594e+02 1.624512716735239621e+02
9.600000000000012079e+00 4.303703812400585775e+02 1.637710437574073126e+02
9.750000000000012434e+00 4.765789535845989349e+02 1.649943467593228661e+02
9.900000000000012790e+00 5.166005953025156714e+02 1.656080160313698570e+02
1.005000000000001315e+01 7.999999996567619291e+02 1.657429466716550337e+02
1.020000000000001350e+01 7.999999996567619291e+02 1.657429466716550337e+02
1.035000000000001386e+01 7.999999996567619291e+02 1.657429466716550337e+02
1.050000000000001421e+01 7.999999996567619291e+02 1.657429466716550337e+02
1.065000000000001457e+01 7.999999996567619291e+02 1.657429466716550337e+02
1.080000000000001492e+01 7.999999996567619291e+02 1.657429466716550337e+02
1.095000000000001528e+01 7.999999996567619291e+02 1.657429466716550337e+02
1.110000000000001563e+01 7.999999996567619291e+02 1.657429466716550337e+02
1.125000000000001599e+01 7.999999996567619291e+02 1.657429466716550337e+02
1.140000000000001634e+01 7.999999996567619291e+02 1.657429466716550337e+02
1.155000000000001670e+01 7.999999996567619291e+02 1.657429466716550337e+02
1.170000000000001705e+01 7.999999996567619291e+02 1.657429466716550337e+02
1.185000000000001741e+01 7.999999996567619291e+02 1.657429466716550337e+02
1.200000000000001776e+01 7.999999996567619291e+02 1.657429466716550337e+02
1.215000000000001812e+01 7.999999996567619291e+02 1.657429466716550337e+02
1.230000000000001847e+01 7.999999996567619291e+02 1.657429466716550337e+02
1.245000000000001883e+01 7.999999996567619291e+02 1.657429466716550337e+02
1.260000000000001918e+01 7.999999996567619291e+02 1.657429466716550337e+02
1.275000000000001954e+01 7.999999996567619291e+02 1.657429466716550337e+02
1.290000000000001990e+01 7.999999996567619291e+02 1.657429466716550337e+02
1.305000000000002025e+01 7.999999970899839354e+02 1.657694714023589597e+02
1.320000000000002061e+01 7.999999970899839354e+02 1.657694714023589597e+02
1.335000000000002096e+01 7.999999970899839354e+02 1.657694714023589597e+02
1.350000000000002132e+01 7.999999970899839354e+02 1.657694714023589597e+02
1.365000000000002167e+01 7.999999970899839354e+02 1.657694714023589597e+02
1.380000000000002203e+01 7.999999970899839354e+02 1.657694714023589597e+02
1.395000000000002238e+01 7.999999970899839354e+02 1.657694714023589597e+02
1.410000000000002274e+01 7.999999970899839354e+02 1.657694714023589597e+02
1.425000000000002309e+01 7.999999970899839354e+02 1.657694714023589597e+02
1.440000000000002345e+01 7.999999970899839354e+02 1.657694714023589597e+02
1.455000000000002380e+01 7.999999970899839354e+02 1.657694714023589597e+02
1.470000000000002416e+01 7.999999970899839354e+02 1.657694714023589597e+02
1.485000000000002451e+01 7.999999970899839354e+02 1.657694714023589597e+02
1.500000000000002487e+01 7.999999970899839354e+02 1.657694714023589597e+02
1.515000000000002522e+01 7.999999970899839354e+02 1.657694714023589597e+02
1.530000000000002558e+01 7.999999970899839354e+02 1.657694714023589597e+02
1.545000000000002593e+01 7.999999970899839354e+02 1.657694714023589597e+02
1.560000000000002629e+01 7.999999970899839354e+02 1.657694714023589597e+02
1.575000000000002665e+01 7.999999970899839354e+02 1.657694714023589597e+02
1.590000000000002700e+01 7.999999970899839354e+02 1.657694714023589597e+02
