1.499999999999999944e-01 7.994423110249324509e+02 1.798793734844930441e+02
2.999999999999999889e-01 7.994423110249324509e+02 1.798793734844930441e+02
4.499999999999999556e-01 7.994423110249324509e+02 1.798793734844930441e+02
5.999999999999999778e-01 7.994423110249324509e+02 1.798793734844930441e+02
7.500000000000000000e-01 7.994423110249324509e+02 1.798793734844930441e+02
9.000000000000000222e-01 7.994423110249324509e+02 1.798793734844930441e+02
1.050000000000000044e+00 7.994423110249324509e+02 1.798793734844930441e+02
1.199999999999999956e+00 7.994423110249324509e+02 1.798793734844930441e+02
1.349999999999999867e+00 7.994423110249324509e+02 1.798793734844930441e+02
1.499999999999999778e+00 7.994423110249324509e+02 1.798793734844930441e+02
1.649999999999999689e+00 7.994423110249324509e+02 1.798793734844930441e+02
1.799999999999999600e+00 7.994423110249324509e+02 1.798793734844930441e+02
1.949999999999999512e+00 7.994423110249324509e+02 1.798793734844930441e+02
2.099999999999999645e+00 7.996918727369670705e+02 1.798793964194883017e+02
2.249999999999999556e+00 7.996918727369670705e+02 1.798793964194883017e+02
2.399999999999999467e+00 7.996918727369670705e+02 1.798793964194883017e+02
2.549999999999999378e+00 7.996918727369670705e+02 1.798793964194883017e+02
2.699999999999999289e+00 7.996918727369670705e+02 1.798793964194883017e+02
2.849999999999999201e+00 7.996918727369670705e+02 1.798793964194883017e+02
2.999999999999999112e+00 7.996918727369670705e+02 1.798793964194883017e+02
3.149999999999999023e+00 7.996918727369670705e+02 1.798793964194883017e+02
3.299999999999998934e+00 7.996918727369670705e+02 1.798793964194883017e+02
3.449999999999998845e+00 7.996918727369670705e+02 1.798793964194883017e+02
3.599999999999998757e+00 7.996918727369670705e+02 1.798793964194883017e+02
3.749999999999998668e+00 7.996918727369670705e+02 1.798793964194883017e+02
3.899999999999998579e+00 7.996918727369670705e+02 1.798793964194883017e+02
4.049999999999998934e+00 4.245606085921613726e+02 1.798794820409463568e+02
4.199999999999999289e+00 1.920938623978123019e+02 1.798797020138954394e+02
4.349999999999999645e+00 5.930327430282975598e+01 1.798806681154599403e+02
4.500000000000000000e+00 2.141894553878355723e+01 1.798831815875246889e+02
4.650000000000000355e+00 7.634774897615166367e+00 1.798902484347553923e+02
4.800000000000000711e+00 3.066325937308391758e+00 1.799066939328234866e+02
4.950000000000001066e+00 1.500480612874042663e+00 1.799353763331747587e+02
5.100000000000001421e+00 9.705635136735395463e-01 1.799660349022041146e+02
5.250000000000001776e+00 7.903666537148410498e-01 1.799858394501983412e+02
5.400000000000002132e+00 7.292018042975882963e-01 1.799947870203327511e+02
5.550000000000002487e+00 7.084262449582752197e-01 1.799981772673895648e+02
5.700000000000002842e+00 7.013713266409808966e-01 1.799993747495796583e+02
5.850000000000003197e+00 6.989754008699833321e-01 1.799997869334783331e+02
6.000000000000003553e+00 6.981617486998743516e-01 1.799999275357599515e+02
6.150000000000003908e+00 6.978854304697961197e-01 1.799999753808556591e+02
6.300000000000004263e+00 6.977915942147205897e-01 1.799999916380197078e+02
6.450000000000004619e+00 6.977597322530755264e-01 1.799999971592656607e+02
6.600000000000004974e+00 6.977489265053122836e-01 1.799999990352495729e+02
6.750000000000005329e+00 6.977453001226194829e-01 1.799999996723616107e+02
6.900000000000005684e+00 6.977441959317047804e-01 1.799999998886995627e+02
7.050000000000006040e+00 6.977441959317047804e-01 1.799999999622015991e+02
7.200000000000006395e+00 6.977453001816229516e-01 1.799999999871634202e+02
7.350000000000006750e+00 6.977489265643157523e-01 1.799999999956393992e+02
7.500000000000007105e+00 6.977597323710824639e-01 1.799999999985191437e+02
7.650000000000007461e+00 6.977915945392396679e-01 1.799999999994970210e+02
7.800000000000007816e+00 6.978854313843498858e-01 1.799999999998291287e+02
7.950000000000008171e+00 6.981617513255287122e-01 1.799999999999419629e+02
8.100000000000008527e+00 6.989754088354516171e-01 1.799999999999803606e+02
8.250000000000008882e+00 7.013713500948597357e-01 1.799999999999932925e+02
8.400000000000009237e+00 7.084263136383128767e-01 1.799999999999976126e+02
8.550000000000009592e+00 7.292020048208769367e-01 1.799999999999987210e+02
8.700000000000009948e+00 7.903672285561356148e-01 1.799999999999981810e+02
8.850000000000010303e+00 9.705651080062693836e-01 1.799999999999961062e+02
9.000000000000010658e+00 1.500484848084028044e+00 1.799999999999927525e+02
9.150000000000011013e+00 3.066337208106745038e+00 1.799999999999897113e+02
9.300000000000011369e+00 7.634805620415278327e+00 1.799999999999875797e+02
9.450000000000011724e+00 2.141903608845876050e+01 1.799999999999867839e+02
9.600000000000012079e+00 5.930351585532498859e+01 1.799999999999866134e+02
9.750000000000012434e+00 1.920947457261651437e+02 1.799999999999864428e+02
9.900000000000012790e+00 4.245619334256726916e+02 1.799999999999863292e+02
1.005000000000001315e+01 7.996974122054110694e+02 1.799999999999863007e+02
1.020000000000001350e+01 7.996974122054110694e+02 1.799999999999863007e+02
1.035000000000001386e+01 7.996974122054110694e+02 1.799999999999863007e+02
1.050000000000001421e+01 7.996974122054110694e+02 1.799999999999863007e+02
1.065000000000001457e+01 7.996974122054110694e+02 1.799999999999863007e+02
1.080000000000001492e+01 7.996974122054110694e+02 1.799999999999863007e+02
1.095000000000001528e+01 7.996974122054110694e+02 1.799999999999863007e+02
1.110000000000001563e+01 7.996974122054110694e+02 1.799999999999863007e+02
1.125000000000001599e+01 7.996974122054110694e+02 1.799999999999863007e+02
1.140000000000001634e+01 7.996974122054110694e+02 1.799999999999863007e+02
1.155000000000001670e+01 7.996974122054110694e+02 1.799999999999863007e+02
1.170000000000001705e+01 7.996974122054110694e+02 1.799999999999863007e+02
1.185000000000001741e+01 7.996974122054110694e+02 1.799999999999863007e+02
1.200000000000001776e+01 7.996974122054110694e+02 1.799999999999863007e+02
1.215000000000001812e+01 7.996974122054110694e+02 1.799999999999863007e+02
1.230000000000001847e+01 7.996974122054110694e+02 1.799999999999863007e+02
1.245000000000001883e+01 7.996974122054110694e+02 1.799999999999863007e+02
1.260000000000001918e+01 7.996974122054110694e+02 1.799999999999863007e+02
1.275000000000001954e+01 7.996974122054110694e+02 1.799999999999863007e+02
1.290000000000001990e+01 7.996974122054110694e+02 1.799999999999863007e+02
1.305000000000002025e+01 7.994523374126666795e+02 1.799999999999863292e+02
1.320000000000002061e+01 7.994523374126666795e+02 1.799999999999863292e+02
1.335000000000002096e+01 7.994523374126666795e+02 1.799999999999863292e+02
1.350000000000002132e+01 7.994523374126666795e+02 1.799999999999863292e+02
1.365000000000002167e+01 7.994523374126666795e+02 1.799999999999863292e+02
1.380000000000002203e+01 7.994523374126666795e+02 1.799999999999863292e+02
1.395000000000002238e+01 7.994523374126666795e+02 1.799999999999863292e+02
1.410000000000002274e+01 7.994523374126666795e+02 1.799999999999863292e+02
1.425000000000002309e+01 7.994523374126666795e+02 1.799999999999863292e+02
1.440000000000002345e+01 7.994523374126666795e+02 1.799999999999863292e+02
1.455000000000002380e+01 7.994523374126666795e+02 1.799999999999863292e+02
1.470000000000002416e+01 7.994523374126666795e+02 1.799999999999863292e+02
1.485000000000002451e+01 7.994523374126666795e+02 1.799999999999863292e+02
1.500000000000002487e+01 7.994523374126666795e+02 1.799999999999863292e+02
1.515000000000002522e+01 7.994523374126666795e+02 1.799999999999863292e+02
1.530000000000002558e+01 7.994523374126666795e+02 1.799999999999863292e+02
1.545000000000002593e+01 7.994523374126666795e+02 1.799999999999863292e+02
1.560000000000002629e+01 7.994523374126666795e+02 1.799999999999863292e+02
1.575000000000002665e+01 7.994523374126666795e+02 1.799999999999863292e+02
1.590000000000002700e+01 7.994523374126666795e+02 1.799999999999863292e+02
