1.499999999999999944e-01 7.999999915307492984e+02 1.799995846953428043e+02
2.999999999999999889e-01 7.999999915307492984e+02 1.799995846953428043e+02
4.499999999999999556e-01 7.999999915307492984e+02 1.799995846953428043e+02
5.999999999999999778e-01 7.999999915307492984e+02 1.799995846953428043e+02
7.500000000000000000e-01 7.999999915307492984e+02 1.799995846953428043e+02
9.000000000000000222e-01 7.999999915307492984e+02 1.799995846953428043e+02
1.050000000000000044e+00 7.999999915307492984e+02 1.799995846953428043e+02
1.199999999999999956e+00 7.999999915307492984e+02 1.799995846953428043e+02
1.349999999999999867e+00 7.999999915307492984e+02 1.799995846953428043e+02
1.499999999999999778e+00 7.999999915307492984e+02 1.799995846953428043e+02
1.649999999999999689e+00 7.999999915307492984e+02 1.799995846953428043e+02
1.799999999999999600e+00 7.999999915307492984e+02 1.799995846953428043e+02
1.949999999999999512e+00 7.999999915307492984e+02 1.799995846953428043e+02
2.099999999999999645e+00 7.999999988676821658e+02 1.799995853984748351e+02
2.249999999999999556e+00 7.999999988676821658e+02 1.799995853984748351e+02
2.399999999999999467e+00 7.999999988676821658e+02 1.799995853984748351e+02
2.549999999999999378e+00 7.999999988676821658e+02 1.799995853984748351e+02
2.699999999999999289e+00 7.999999988676821658e+02 1.799995853984748351e+02
2.849999999999999201e+00 7.999999988676821658e+02 1.799995853984748351e+02
2.999999999999999112e+00 7.999999988676821658e+02 1.799995853984748351e+02
3.149999999999999023e+00 7.999999988676821658e+02 1.799995853984748351e+02
3.299999999999998934e+00 7.999999988676821658e+02 1.799995853984748351e+02
3.449999999999998845e+00 7.999999988676821658e+02 1.799995853984748351e+02
3.599999999999998757e+00 7.999999988676821658e+02 1.799995853984748351e+02
3.749999999999998668e+00 7.999999988676821658e+02 1.799995853984748351e+02
3.899999999999998579e+00 7.999999988676821658e+02 1.799995853984748351e+02
4.049999999999998934e+00 5.157422941066739668e+02 1.799995870514385388e+02
4.199999999999999289e+00 4.682470065981615335e+02 1.799995933791726088e+02
4.349999999999999645e+00 4.147240257226109179e+02 1.799996076418584607e+02
4.500000000000000000e+00 4.038572928071326373e+02 1.799996226077286394e+02
4.650000000000000355e+00 3.997884477630719857e+02 1.799996370882789449e+02
4.800000000000000711e+00 3.985831562045864302e+02 1.799996521154598099e+02
4.950000000000001066e+00 3.981912191603794327e+02 1.799996667018423864e+02
5.100000000000001421e+00 3.980681213800138494e+02 1.799996800434807369e+02
5.250000000000001776e+00 3.980288975234161626e+02 1.799996937144514106e+02
5.400000000000002132e+00 3.980164671260220075e+02 1.799997069293005438e+02
5.550000000000002487e+00 3.980125190462543401e+02 1.799997190327693488e+02
5.700000000000002842e+00 3.980112661447551545e+02 1.799997314198008667e+02
5.850000000000003197e+00 3.980108684066657929e+02 1.799997434044362024e+02
6.000000000000003553e+00 3.980107421600674229e+02 1.799997544157060361e+02
6.150000000000003908e+00 3.980107020858626470e+02 1.799997656749071098e+02
6.300000000000004263e+00 3.980106893655590170e+02 1.799997765821509290e+02
6.450000000000004619e+00 3.980106853281998838e+02 1.799997866421321646e+02
6.600000000000004974e+00 3.980106840478274535e+02 1.799997969177796904e+02
6.750000000000005329e+00 3.980106836451213894e+02 1.799998068874413661e+02
6.900000000000005684e+00 3.980106835289942637e+02 1.799998161250672979e+02
7.050000000000006040e+00 3.980106835289947753e+02 1.799998255488723657e+02
7.200000000000006395e+00 3.980106836451232653e+02 1.799998347087301340e+02
7.350000000000006750e+00 3.980106840478305230e+02 1.799998432423627150e+02
7.500000000000007105e+00 3.980106853282044881e+02 1.799998519350829440e+02
7.650000000000007461e+00 3.980106893655652698e+02 1.799998604024990527e+02
7.800000000000007816e+00 3.980107020858703777e+02 1.799998683414391110e+02
7.950000000000008171e+00 3.980107421600762905e+02 1.799998764144218342e+02
8.100000000000008527e+00 3.980108684066765932e+02 1.799998842978397704e+02
8.250000000000008882e+00 3.980112661447677169e+02 1.799998917437120554e+02
8.400000000000009237e+00 3.980125190462686078e+02 1.799998993002764109e+02
8.550000000000009592e+00 3.980164671260382079e+02 1.799999067004722519e+02
8.700000000000009948e+00 3.980288975234348641e+02 1.799999137480927232e+02
8.850000000000010303e+00 3.980681213800355067e+02 1.799999208835349123e+02
9.000000000000010658e+00 3.981912191604071154e+02 1.799999278906912537e+02
9.150000000000011013e+00 3.985831562046287218e+02 1.799999346169518901e+02
9.300000000000011369e+00 3.997884477631544655e+02 1.799999413770884189e+02
9.450000000000011724e+00 4.038572928073535877e+02 1.799999479645466920e+02
9.600000000000012079e+00 4.147240257231389933e+02 1.799999539805195070e+02
9.750000000000012434e+00 4.682470066009086622e+02 1.799999595493567881e+02
9.900000000000012790e+00 5.157422941084938657e+02 1.799999622765340348e+02
1.005000000000001315e+01 7.999999989206401096e+02 1.799999628487573489e+02
1.020000000000001350e+01 7.999999989206401096e+02 1.799999628487573489e+02
1.035000000000001386e+01 7.999999989206401096e+02 1.799999628487573489e+02
1.050000000000001421e+01 7.999999989206401096e+02 1.799999628487573489e+02
1.065000000000001457e+01 7.999999989206401096e+02 1.799999628487573489e+02
1.080000000000001492e+01 7.999999989206401096e+02 1.799999628487573489e+02
1.095000000000001528e+01 7.999999989206401096e+02 1.799999628487573489e+02
1.110000000000001563e+01 7.999999989206401096e+02 1.799999628487573489e+02
1.125000000000001599e+01 7.999999989206401096e+02 1.799999628487573489e+02
1.140000000000001634e+01 7.999999989206401096e+02 1.799999628487573489e+02
1.155000000000001670e+01 7.999999989206401096e+02 1.799999628487573489e+02
1.170000000000001705e+01 7.999999989206401096e+02 1.799999628487573489e+02
1.185000000000001741e+01 7.999999989206401096e+02 1.799999628487573489e+02
1.200000000000001776e+01 7.999999989206401096e+02 1.799999628487573489e+02
1.215000000000001812e+01 7.999999989206401096e+02 1.799999628487573489e+02
1.230000000000001847e+01 7.999999989206401096e+02 1.799999628487573489e+02
1.245000000000001883e+01 7.999999989206401096e+02 1.799999628487573489e+02
1.260000000000001918e+01 7.999999989206401096e+02 1.799999628487573489e+02
1.275000000000001954e+01 7.999999989206401096e+02 1.799999628487573489e+02
1.290000000000001990e+01 7.999999989206401096e+02 1.799999628487573489e+02
1.305000000000002025e+01 7.999999919268514077e+02 1.799999630150615246e+02
1.320000000000002061e+01 7.999999919268514077e+02 1.799999630150615246e+02
1.335000000000002096e+01 7.999999919268514077e+02 1.799999630150615246e+02
1.350000000000002132e+01 7.999999919268514077e+02 1.799999630150615246e+02
1.365000000000002167e+01 7.999999919268514077e+02 1.799999630150615246e+02
1.380000000000002203e+01 7.999999919268514077e+02 1.799999630150615246e+02
1.395000000000002238e+01 7.999999919268514077e+02 1.799999630150615246e+02
1.410000000000002274e+01 7.999999919268514077e+02 1.799999630150615246e+02
1.425000000000002309e+01 7.999999919268514077e+02 1.799999630150615246e+02
1.440000000000002345e+01 7.999999919268514077e+02 1.799999630150615246e+02
1.455000000000002380e+01 7.999999919268514077e+02 1.799999630150615246e+02
1.470000000000002416e+01 7.999999919268514077e+02 1.799999630150615246e+02
1.485000000000002451e+01 7.999999919268514077e+02 1.799999630150615246e+02
1.500000000000002487e+01 7.999999919268514077e+02 1.799999630150615246e+02
1.515000000000002522e+01 7.999999919268514077e+02 1.799999630150615246e+02
1.530000000000002558e+01 7.999999919268514077e+02 1.799999630150615246e+02
1.545000000000002593e+01 7.999999919268514077e+02 1.799999630150615246e+02
1.560000000000002629e+01 7.999999919268514077e+02 1.799999630150615246e+02
1.575000000000002665e+01 7.999999919268514077e+02 1.799999630150615246e+02
1.590000000000002700e+01 7.999999919268514077e+02 1.799999630150615246e+02
