1.499999999999999944e-01 7.999978169612977581e+02 9.065582430056728924e-05
2.999999999999999889e-01 7.999978169612977581e+02 9.065582430056728924e-05
4.499999999999999556e-01 7.999978169612977581e+02 9.065582430056728924e-05
5.999999999999999778e-01 7.999978169612977581e+02 9.065582430056728924e-05
7.500000000000000000e-01 7.999978169612977581e+02 9.065582430056728924e-05
9.000000000000000222e-01 7.999978169612977581e+02 9.065582430056728924e-05
1.050000000000000044e+00 7.999978169612977581e+02 9.065582430056728924e-05
1.199999999999999956e+00 7.999978169612977581e+02 9.065582430056728924e-05
1.349999999999999867e+00 7.999978169612977581e+02 9.065582430056728924e-05
1.499999999999999778e+00 7.999978169612977581e+02 9.065582430056728924e-05
1.649999999999999689e+00 7.999978169612977581e+02 9.065582430056728924e-05
1.799999999999999600e+00 7.999978169612977581e+02 9.065582430056728924e-05
1.949999999999999512e+00 7.999978169612977581e+02 9.065582430056728924e-05
2.099999999999999645e+00 7.999994143550643457e+02 9.065051248091648972e-05
2.249999999999999556e+00 7.999994143550643457e+02 9.065051248091648972e-05
2.399999999999999467e+00 7.999994143550643457e+02 9.065051248091648972e-05
2.549999999999999378e+00 7.999994143550643457e+02 9.065051248091648972e-05
2.699999999999999289e+00 7.999994143550643457e+02 9.065051248091648972e-05
2.849999999999999201e+00 7.999994143550643457e+02 9.065051248091648972e-05
2.999999999999999112e+00 7.999994143550643457e+02 9.065051248091648972e-05
3.149999999999999023e+00 7.999994143550643457e+02 9.065051248091648972e-05
3.299999999999998934e+00 7.999994143550643457e+02 9.065051248091648972e-05
3.449999999999998845e+00 7.999994143550643457e+02 9.065051248091648972e-05
3.599999999999998757e+00 7.999994143550643457e+02 9.065051248091648972e-05
3.749999999999998668e+00 7.999994143550643457e+02 9.065051248091648972e-05
3.899999999999998579e+00 7.999994143550643457e+02 9.065051248091648972e-05
4.049999999999998934e+00 5.014422316518555931e+02 9.075707050854031621e-05
4.199999999999999289e+00 3.715946145090970845e+02 9.114180536928806475e-05
4.349999999999999645e+00 2.322144013624957779e+02 9.196669975808369202e-05
4.500000000000000000e+00 1.643024258535454862e+02 9.320915102606353031e-05
4.650000000000000355e+00 1.173983864988548760e+02 9.515809531768226748e-05
4.800000000000000711e+00 8.480913121589331638e+01 9.789195764275948619e-05
4.950000000000001066e+00 6.106253304054266806e+01 1.018547695020854960e-04
5.100000000000001421e+00 4.347159849004713550e+01 1.077481418375603184e-04
5.250000000000001776e+00 3.029827292007560757e+01 1.166340607829940978e-04
5.400000000000002132e+00 2.037925044737950486e+01 1.309795473147801204e-04
5.550000000000002487e+00 1.288693123282422448e+01 1.566342220830074794e-04
5.700000000000002842e+00 7.215492768136698487e+00 2.114745238275261840e-04
5.850000000000003197e+00 2.913159304161297314e+00 3.959785942880822418e-04
6.000000000000003553e+00 3.606030738421850401e-01 1.799975803008535991e+02
6.150000000000003908e+00 2.864430974134720032e+00 1.799997697357289326e+02
6.300000000000004263e+00 4.796192997306732764e+00 1.799998960534513515e+02
6.450000000000004619e+00 6.308739626987957649e+00 1.799999402378670652e+02
6.600000000000004974e+00 7.521939393222680792e+00 1.799999621198263355e+02
6.750000000000005329e+00 8.532093530962328032e+00 1.799999747638607914e+02
6.900000000000005684e+00 9.419511460852305618e+00 1.799999827177295515e+02
7.050000000000006040e+00 1.025485123109416463e+01 1.799999880064173965e+02
7.200000000000006395e+00 1.110472450674518186e+01 1.799999916331805991e+02
7.350000000000006750e+00 1.203701025214590814e+01 1.799999941666748953e+02
7.500000000000007105e+00 1.312630561284693442e+01 1.799999959607518463e+02
7.650000000000007461e+00 1.445996594269266922e+01 1.799999972321586768e+02
7.800000000000007816e+00 1.614525497471481685e+01 1.799999981285151875e+02
7.950000000000008171e+00 1.831825716151105610e+01 1.799999987562140689e+02
8.100000000000008527e+00 2.115543107382446308e+01 1.799999991885880206e+02
8.250000000000008882e+00 2.488907544784441939e+01 1.799999994806463519e+02
8.400000000000009237e+00 2.982868252110817764e+01 1.799999996743138411e+02
8.550000000000009592e+00 3.639150607429806428e+01 1.799999997996714285e+02
8.700000000000009948e+00 4.514830211936485682e+01 1.799999998788987625e+02
8.850000000000010303e+00 5.689659522961839144e+01 1.799999999279504834e+02
9.000000000000010658e+00 7.278366777003660104e+01 1.799999999575753691e+02
9.150000000000011013e+00 9.455820426281064783e+01 1.799999999750145889e+02
9.300000000000011369e+00 1.249613464846135571e+02 1.799999999849936501e+02
9.450000000000011724e+00 1.695700131128393195e+02 1.799999999904906076e+02
9.600000000000012079e+00 2.352798583808537956e+02 1.799999999932789194e+02
9.750000000000012434e+00 3.726530305911204550e+02 1.799999999946215894e+02
9.900000000000012790e+00 5.015145394127336544e+02 1.799999999950153153e+02
1.005000000000001315e+01 7.999994270846098061e+02 1.799999999950834706e+02
1.020000000000001350e+01 7.999994270846098061e+02 1.799999999950834706e+02
1.035000000000001386e+01 7.999994270846098061e+02 1.799999999950834706e+02
1.050000000000001421e+01 7.999994270846098061e+02 1.799999999950834706e+02
1.065000000000001457e+01 7.999994270846098061e+02 1.799999999950834706e+02
1.080000000000001492e+01 7.999994270846098061e+02 1.799999999950834706e+02
1.095000000000001528e+01 7.999994270846098061e+02 1.799999999950834706e+02
1.110000000000001563e+01 7.999994270846098061e+02 1.799999999950834706e+02
1.125000000000001599e+01 7.999994270846098061e+02 1.799999999950834706e+02
1.140000000000001634e+01 7.999994270846098061e+02 1.799999999950834706e+02
1.155000000000001670e+01 7.999994270846098061e+02 1.799999999950834706e+02
1.170000000000001705e+01 7.999994270846098061e+02 1.799999999950834706e+02
1.185000000000001741e+01 7.999994270846098061e+02 1.799999999950834706e+02
1.200000000000001776e+01 7.999994270846098061e+02 1.799999999950834706e+02
1.215000000000001812e+01 7.999994270846098061e+02 1.799999999950834706e+02
1.230000000000001847e+01 7.999994270846098061e+02 1.799999999950834706e+02
1.245000000000001883e+01 7.999994270846098061e+02 1.799999999950834706e+02
1.260000000000001918e+01 7.999994270846098061e+02 1.799999999950834706e+02
1.275000000000001954e+01 7.999994270846098061e+02 1.799999999950834706e+02
1.290000000000001990e+01 7.999994270846098061e+02 1.799999999950834706e+02
1.305000000000002025e+01 7.999978627224843422e+02 1.799999999950978236e+02
1.320000000000002061e+01 7.999978627224843422e+02 1.799999999950978236e+02
1.335000000000002096e+01 7.999978627224843422e+02 1.799999999950978236e+02
1.350000000000002132e+01 7.999978627224843422e+02 1.799999999950978236e+02
1.365000000000002167e+01 7.999978627224843422e+02 1.799999999950978236e+02
1.380000000000002203e+01 7.999978627224843422e+02 1.799999999950978236e+02
1.395000000000002238e+01 7.999978627224843422e+02 1.799999999950978236e+02
1.410000000000002274e+01 7.999978627224843422e+02 1.799999999950978236e+02
1.425000000000002309e+01 7.999978627224843422e+02 1.799999999950978236e+02
1.440000000000002345e+01 7.999978627224843422e+02 1.799999999950978236e+02
1.455000000000002380e+01 7.999978627224843422e+02 1.799999999950978236e+02
1.470000000000002416e+01 7.999978627224843422e+02 1.799999999950978236e+02
1.485000000000002451e+01 7.999978627224843422e+02 1.799999999950978236e+02
1.500000000000002487e+01 7.999978627224843422e+02 1.799999999950978236e+02
1.515000000000002522e+01 7.999978627224843422e+02 1.799999999950978236e+02
1.530000000000002558e+01 7.999978627224843422e+02 1.799999999950978236e+02
1.545000000000002593e+01 7.999978627224843422e+02 1.799999999950978236e+02
1.560000000000002629e+01 7.999978627224843422e+02 1.799999999950978236e+02
1.575000000000002665e+01 7.999978627224843422e+02 1.799999999950978236e+02
1.590000000000002700e+01 7.999978627224843422e+02 1.799999999950978236e+02
