1.499999999999999944e-01 7.999261837465397775e+02 7.550474785089633656e-05
2.999999999999999889e-01 7.999261837465397775e+02 7.550474785089633656e-05
4.499999999999999556e-01 7.999261837465397775e+02 7.550474785089633656e-05
5.999999999999999778e-01 7.999261837465397775e+02 7.550474785089633656e-05
7.500000000000000000e-01 7.999261837465397775e+02 7.550474785089633656e-05
9.000000000000000222e-01 7.999261837465397775e+02 7.550474785089633656e-05
1.050000000000000044e+00 7.999261837465397775e+02 7.550474785089633656e-05
1.199999999999999956e+00 7.999261837465397775e+02 7.550474785089633656e-05
1.349999999999999867e+00 7.999261837465397775e+02 7.550474785089633656e-05
1.499999999999999778e+00 7.999261837465397775e+02 7.550474785089633656e-05
1.649999999999999689e+00 7.999261837465397775e+02 7.550474785089633656e-05
1.799999999999999600e+00 7.999261837465397775e+02 7.550474785089633656e-05
1.949999999999999512e+00 7.999261837465397775e+02 7.550474785089633656e-05
2.099999999999999645e+00 7.999685405224663555e+02 7.543947110533189004e-05
2.249999999999999556e+00 7.999685405224663555e+02 7.543947110533189004e-05
2.399999999999999467e+00 7.999685405224663555e+02 7.543947110533189004e-05
2.549999999999999378e+00 7.999685405224663555e+02 7.543947110533189004e-05
2.699999999999999289e+00 7.999685405224663555e+02 7.543947110533189004e-05
2.849999999999999201e+00 7.999685405224663555e+02 7.543947110533189004e-05
2.999999999999999112e+00 7.999685405224663555e+02 7.543947110533189004e-05
3.149999999999999023e+00 7.999685405224663555e+02 7.543947110533189004e-05
3.299999999999998934e+00 7.999685405224663555e+02 7.543947110533189004e-05
3.449999999999998845e+00 7.999685405224663555e+02 7.543947110533189004e-05
3.599999999999998757e+00 7.999685405224663555e+02 7.543947110533189004e-05
3.749999999999998668e+00 7.999685405224663555e+02 7.543947110533189004e-05
3.899999999999998579e+00 7.999685405224663555e+02 7.543947110533189004e-05
4.049999999999998934e+00 4.672080304098214469e+02 7.549788792171607810e-05
4.199999999999999289e+00 2.604992151706831578e+02 7.576559593114318147e-05
4.349999999999999645e+00 1.040861751801595148e+02 7.605409962452291950e-05
4.500000000000000000e+00 4.651760982575549974e+01 7.663523443368625010e-05
4.650000000000000355e+00 1.988808001238457379e+01 7.820167905003838626e-05
4.800000000000000711e+00 8.398268281205602648e+00 8.148909424399164436e-05
4.950000000000001066e+00 3.330606086892800022e+00 9.011587318819014314e-05
5.100000000000001421e+00 1.110575185875347870e+00 1.189296652961413514e-04
5.250000000000001776e+00 1.359246580427679874e-01 4.264748115505589965e-04
5.400000000000002132e+00 2.916814854245330935e-01 1.799999127667903736e+02
5.550000000000002487e+00 4.793241293177743501e-01 1.799999766460068713e+02
5.700000000000002842e+00 5.616601287483717897e-01 1.799999912520575265e+02
5.850000000000003197e+00 5.977892700512938973e-01 1.799999963923946495e+02
6.000000000000003553e+00 6.136427763691472137e-01 1.799999984538389128e+02
6.150000000000003908e+00 6.205995566359661098e-01 1.799999993289623887e+02
6.300000000000004263e+00 6.236528293729861616e-01 1.799999997069083406e+02
6.450000000000004619e+00 6.249940814743695228e-01 1.799999998713308571e+02
6.600000000000004974e+00 6.255859957176426178e-01 1.799999999435774214e+02
6.750000000000005329e+00 6.258534188502835605e-01 1.799999999752448048e+02
6.900000000000005684e+00 6.259882935224823086e-01 1.799999999891097673e+02
7.050000000000006040e+00 6.260874260764239807e-01 1.799999999952171095e+02
7.200000000000006395e+00 6.262219690311212617e-01 1.799999999978930134e+02
7.350000000000006750e+00 6.264884902367384711e-01 1.799999999990546371e+02
7.500000000000007105e+00 6.270782854294338904e-01 1.799999999995431494e+02
7.650000000000007461e+00 6.284146800112466735e-01 1.799999999997035900e+02
7.800000000000007816e+00 6.314568705987539943e-01 1.799999999996518056e+02
7.950000000000008171e+00 6.383883902415163902e-01 1.799999999993581525e+02
8.100000000000008527e+00 6.541843272879077631e-01 1.799999999986370938e+02
8.250000000000008882e+00 6.901822765906331369e-01 1.799999999970797262e+02
8.400000000000009237e+00 7.722193285447929156e-01 1.799999999940797011e+02
8.550000000000009592e+00 9.591808530039429570e-01 1.799999999891743983e+02
8.700000000000009948e+00 1.385235669024410754e+00 1.799999999829092587e+02
8.850000000000010303e+00 2.356355219395254608e+00 1.799999999771718535e+02
9.000000000000010658e+00 4.568364323581221242e+00 1.799999999732553135e+02
9.150000000000011013e+00 9.617859261116208813e+00 1.799999999710104532e+02
9.300000000000011369e+00 2.106696843885271164e+01 1.799999999700059163e+02
9.450000000000011724e+00 4.760648649151073641e+01 1.799999999695907604e+02
9.600000000000012079e+00 1.049889385092387215e+02 1.799999999693470443e+02
9.750000000000012434e+00 2.610307425879238394e+02 1.799999999693480390e+02
9.900000000000012790e+00 4.672951685135264484e+02 1.799999999693795303e+02
1.005000000000001315e+01 7.999686599874436297e+02 1.799999999693625341e+02
1.020000000000001350e+01 7.999686599874436297e+02 1.799999999693625341e+02
1.035000000000001386e+01 7.999686599874436297e+02 1.799999999693625341e+02
1.050000000000001421e+01 7.999686599874436297e+02 1.799999999693625341e+02
1.065000000000001457e+01 7.999686599874436297e+02 1.799999999693625341e+02
1.080000000000001492e+01 7.999686599874436297e+02 1.799999999693625341e+02
1.095000000000001528e+01 7.999686599874436297e+02 1.799999999693625341e+02
1.110000000000001563e+01 7.999686599874436297e+02 1.799999999693625341e+02
1.125000000000001599e+01 7.999686599874436297e+02 1.799999999693625341e+02
1.140000000000001634e+01 7.999686599874436297e+02 1.799999999693625341e+02
1.155000000000001670e+01 7.999686599874436297e+02 1.799999999693625341e+02
1.170000000000001705e+01 7.999686599874436297e+02 1.799999999693625341e+02
1.185000000000001741e+01 7.999686599874436297e+02 1.799999999693625341e+02
1.200000000000001776e+01 7.999686599874436297e+02 1.799999999693625341e+02
1.215000000000001812e+01 7.999686599874436297e+02 1.799999999693625341e+02
1.230000000000001847e+01 7.999686599874436297e+02 1.799999999693625341e+02
1.245000000000001883e+01 7.999686599874436297e+02 1.799999999693625341e+02
1.260000000000001918e+01 7.999686599874436297e+02 1.799999999693625341e+02
1.275000000000001954e+01 7.999686599874436297e+02 1.799999999693625341e+02
1.290000000000001990e+01 7.999686599874436297e+02 1.799999999693625341e+02
1.305000000000002025e+01 7.999264369475922649e+02 1.799999999694251471e+02
1.320000000000002061e+01 7.999264369475922649e+02 1.799999999694251471e+02
1.335000000000002096e+01 7.999264369475922649e+02 1.799999999694251471e+02
1.350000000000002132e+01 7.999264369475922649e+02 1.799999999694251471e+02
1.365000000000002167e+01 7.999264369475922649e+02 1.799999999694251471e+02
1.380000000000002203e+01 7.999264369475922649e+02 1.799999999694251471e+02
1.395000000000002238e+01 7.999264369475922649e+02 1.799999999694251471e+02
1.410000000000002274e+01 7.999264369475922649e+02 1.799999999694251471e+02
1.425000000000002309e+01 7.999264369475922649e+02 1.799999999694251471e+02
1.440000000000002345e+01 7.999264369475922649e+02 1.799999999694251471e+02
1.455000000000002380e+01 7.999264369475922649e+02 1.799999999694251471e+02
1.470000000000002416e+01 7.999264369475922649e+02 1.799999999694251471e+02
1.485000000000002451e+01 7.999264369475922649e+02 1.799999999694251471e+02
1.500000000000002487e+01 7.999264369475922649e+02 1.799999999694251471e+02
1.515000000000002522e+01 7.999264369475922649e+02 1.799999999694251471e+02
1.530000000000002558e+01 7.999264369475922649e+02 1.799999999694251471e+02
1.545000000000002593e+01 7.999264369475922649e+02 1.799999999694251471e+02
1.560000000000002629e+01 7.999264369475922649e+02 1.799999999694251471e+02
1.575000000000002665e+01 7.999264369475922649e+02 1.799999999694251471e+02
1.590000000000002700e+01 7.999264369475922649e+02 1.799999999694251471e+02
