1.499999999999999944e-01 7.999919939681460619e+02 7.534784539342531673e-05
2.999999999999999889e-01 7.999919939681460619e+02 7.534784539342531673e-05
4.499999999999999556e-01 7.999919939681460619e+02 7.534784539342531673e-05
5.999999999999999778e-01 7.999919939681460619e+02 7.534784539342531673e-05
7.500000000000000000e-01 7.999919939681460619e+02 7.534784539342531673e-05
9.000000000000000222e-01 7.999919939681460619e+02 7.534784539342531673e-05
1.050000000000000044e+00 7.999919939681460619e+02 7.534784539342531673e-05
1.199999999999999956e+00 7.999919939681460619e+02 7.534784539342531673e-05
1.349999999999999867e+00 7.999919939681460619e+02 7.534784539342531673e-05
1.499999999999999778e+00 7.999919939681460619e+02 7.534784539342531673e-05
1.649999999999999689e+00 7.999919939681460619e+02 7.534784539342531673e-05
1.799999999999999600e+00 7.999919939681460619e+02 7.534784539342531673e-05
1.949999999999999512e+00 7.999919939681460619e+02 7.534784539342531673e-05
2.099999999999999645e+00 7.999974500485636781e+02 7.527077337621257414e-05
2.249999999999999556e+00 7.999974500485636781e+02 7.527077337621257414e-05
2.399999999999999467e+00 7.999974500485636781e+02 7.527077337621257414e-05
2.549999999999999378e+00 7.999974500485636781e+02 7.527077337621257414e-05
2.699999999999999289e+00 7.999974500485636781e+02 7.527077337621257414e-05
2.849999999999999201e+00 7.999974500485636781e+02 7.527077337621257414e-05
2.999999999999999112e+00 7.999974500485636781e+02 7.527077337621257414e-05
3.149999999999999023e+00 7.999974500485636781e+02 7.527077337621257414e-05
3.299999999999998934e+00 7.999974500485636781e+02 7.527077337621257414e-05
3.449999999999998845e+00 7.999974500485636781e+02 7.527077337621257414e-05
3.599999999999998757e+00 7.999974500485636781e+02 7.527077337621257414e-05
3.749999999999998668e+00 7.999974500485636781e+02 7.527077337621257414e-05
3.899999999999998579e+00 7.999974500485636781e+02 7.527077337621257414e-05
4.049999999999998934e+00 4.927167802355932622e+02 7.534111493667783321e-05
4.199999999999999289e+00 3.329701220147146046e+02 7.566792553992396364e-05
4.349999999999999645e+00 1.766426517475244395e+02 7.594658935650144826e-05
4.500000000000000000e+00 1.044179074242534853e+02 7.636116789344615796e-05
4.650000000000000355e+00 6.081643519896964278e+01 7.728229727799185156e-05
4.800000000000000711e+00 3.551476612670262512e+01 7.844728514772025818e-05
4.950000000000001066e+00 2.052578432553065113e+01 8.045093282060822304e-05
5.100000000000001421e+00 1.165793620414636322e+01 8.425577986859167368e-05
5.250000000000001776e+00 6.402953669668825398e+00 9.099502074749743485e-05
5.400000000000002132e+00 3.288846521607851514e+00 1.050912208037102502e-04
5.550000000000002487e+00 1.443172512079911485e+00 1.424865530048613493e-04
5.700000000000002842e+00 3.492355338735251280e-01 3.493805766493496279e-04
5.850000000000003197e+00 2.992097606631887174e-01 1.799997578997048038e+02
6.000000000000003553e+00 6.836882938663961795e-01 1.799999368237131989e+02
6.150000000000003908e+00 9.118321478002826552e-01 1.799999717168166740e+02
6.300000000000004263e+00 1.047509256819296297e+00 1.799999851263434891e+02
6.450000000000004619e+00 1.128702222437141245e+00 1.799999913667948306e+02
6.600000000000004974e+00 1.178141027694493914e+00 1.799999944142058155e+02
6.750000000000005329e+00 1.209666128033688892e+00 1.799999956593475758e+02
6.900000000000005684e+00 1.232103036685202824e+00 1.799999956207205400e+02
7.050000000000006040e+00 1.251733020755352754e+00 1.799999943884270124e+02
7.200000000000006395e+00 1.274051549626392443e+00 1.799999916800825304e+02
7.350000000000006750e+00 1.305306766683315800e+00 1.799999868556398610e+02
7.500000000000007105e+00 1.354248685512771999e+00 1.799999790004488034e+02
7.650000000000007461e+00 1.434578814819502668e+00 1.799999668229712881e+02
7.800000000000007816e+00 1.568786034970656829e+00 1.799999489152056356e+02
7.950000000000008171e+00 1.794442730495035221e+00 1.799999249049415653e+02
8.100000000000008527e+00 2.174724197006781878e+00 1.799998957656931111e+02
8.250000000000008882e+00 2.816097902091115657e+00 1.799998642162175031e+02
8.400000000000009237e+00 3.898138486750866605e+00 1.799998349539505398e+02
8.550000000000009592e+00 5.723844215370519350e+00 1.799998108723495420e+02
8.700000000000009948e+00 8.804556450136523438e+00 1.799997925718475358e+02
8.850000000000010303e+00 1.400402834095285698e+01 1.799997805411188097e+02
9.000000000000010658e+00 2.278055037109686509e+01 1.799997729536830491e+02
9.150000000000011013e+00 3.762181750799289404e+01 1.799997678399213612e+02
9.300000000000011369e+00 6.269159051773853264e+01 1.799997653418470520e+02
9.450000000000011724e+00 1.059449493853494744e+02 1.799997641063920355e+02
9.600000000000012079e+00 1.776956422990034525e+02 1.799997630278872407e+02
9.750000000000012434e+00 3.334229977496123638e+02 1.799997630820714392e+02
9.900000000000012790e+00 4.927589881137389511e+02 1.799997632702114743e+02
1.005000000000001315e+01 7.999974465639720620e+02 1.799997631805265712e+02
1.020000000000001350e+01 7.999974465639720620e+02 1.799997631805265712e+02
1.035000000000001386e+01 7.999974465639720620e+02 1.799997631805265712e+02
1.050000000000001421e+01 7.999974465639720620e+02 1.799997631805265712e+02
1.065000000000001457e+01 7.999974465639720620e+02 1.799997631805265712e+02
1.080000000000001492e+01 7.999974465639720620e+02 1.799997631805265712e+02
1.095000000000001528e+01 7.999974465639720620e+02 1.799997631805265712e+02
1.110000000000001563e+01 7.999974465639720620e+02 1.799997631805265712e+02
1.125000000000001599e+01 7.999974465639720620e+02 1.799997631805265712e+02
1.140000000000001634e+01 7.999974465639720620e+02 1.799997631805265712e+02
1.155000000000001670e+01 7.999974465639720620e+02 1.799997631805265712e+02
1.170000000000001705e+01 7.999974465639720620e+02 1.799997631805265712e+02
1.185000000000001741e+01 7.999974465639720620e+02 1.799997631805265712e+02
1.200000000000001776e+01 7.999974465639720620e+02 1.799997631805265712e+02
1.215000000000001812e+01 7.999974465639720620e+02 1.799997631805265712e+02
1.230000000000001847e+01 7.999974465639720620e+02 1.799997631805265712e+02
1.245000000000001883e+01 7.999974465639720620e+02 1.799997631805265712e+02
1.260000000000001918e+01 7.999974465639720620e+02 1.799997631805265712e+02
1.275000000000001954e+01 7.999974465639720620e+02 1.799997631805265712e+02
1.290000000000001990e+01 7.999974465639720620e+02 1.799997631805265712e+02
1.305000000000002025e+01 7.999919804142709836e+02 1.799997635362832966e+02
1.320000000000002061e+01 7.999919804142709836e+02 1.799997635362832966e+02
1.335000000000002096e+01 7.999919804142709836e+02 1.799997635362832966e+02
1.350000000000002132e+01 7.999919804142709836e+02 1.799997635362832966e+02
1.365000000000002167e+01 7.999919804142709836e+02 1.799997635362832966e+02
1.380000000000002203e+01 7.999919804142709836e+02 1.799997635362832966e+02
1.395000000000002238e+01 7.999919804142709836e+02 1.799997635362832966e+02
1.410000000000002274e+01 7.999919804142709836e+02 1.799997635362832966e+02
1.425000000000002309e+01 7.999919804142709836e+02 1.799997635362832966e+02
1.440000000000002345e+01 7.999919804142709836e+02 1.799997635362832966e+02
1.455000000000002380e+01 7.999919804142709836e+02 1.799997635362832966e+02
1.470000000000002416e+01 7.999919804142709836e+02 1.799997635362832966e+02
1.485000000000002451e+01 7.999919804142709836e+02 1.799997635362832966e+02
1.500000000000002487e+01 7.999919804142709836e+02 1.799997635362832966e+02
1.515000000000002522e+01 7.999919804142709836e+02 1.799997635362832966e+02
1.530000000000002558e+01 7.999919804142709836e+02 1.799997635362832966e+02
1.545000000000002593e+01 7.999919804142709836e+02 1.799997635362832966e+02
1.560000000000002629e+01 7.999919804142709836e+02 1.799997635362832966e+02
1.575000000000002665e+01 7.999919804142709836e+02 1.799997635362832966e+02
1.590000000000002700e+01 7.999919804142709836e+02 1.799997635362832966e+02
