1.499999999999999944e-01 7.999568985523853826e+02 9.078315074062537349e-05
2.999999999999999889e-01 7.999568985523853826e+02 9.078315074062537349e-05
4.499999999999999556e-01 7.999568985523853826e+02 9.078315074062537349e-05
5.999999999999999778e-01 7.999568985523853826e+02 9.078315074062537349e-05
7.500000000000000000e-01 7.999568985523853826e+02 9.078315074062537349e-05
9.000000000000000222e-01 7.999568985523853826e+02 9.078315074062537349e-05
1.050000000000000044e+00 7.999568985523853826e+02 9.078315074062537349e-05
1.199999999999999956e+00 7.999568985523853826e+02 9.078315074062537349e-05
1.349999999999999867e+00 7.999568985523853826e+02 9.078315074062537349e-05
1.499999999999999778e+00 7.999568985523853826e+02 9.078315074062537349e-05
1.649999999999999689e+00 7.999568985523853826e+02 9.078315074062537349e-05
1.799999999999999600e+00 7.999568985523853826e+02 9.078315074062537349e-05
1.949999999999999512e+00 7.999568985523853826e+02 9.078315074062537349e-05
2.099999999999999645e+00 7.999828875584677235e+02 9.075846994732739148e-05
2.249999999999999556e+00 7.999828875584677235e+02 9.075846994732739148e-05
2.399999999999999467e+00 7.999828875584677235e+02 9.075846994732739148e-05
2.549999999999999378e+00 7.999828875584677235e+02 9.075846994732739148e-05
2.699999999999999289e+00 7.999828875584677235e+02 9.075846994732739148e-05
2.849999999999999201e+00 7.999828875584677235e+02 9.075846994732739148e-05
2.999999999999999112e+00 7.999828875584677235e+02 9.075846994732739148e-05
3.149999999999999023e+00 7.999828875584677235e+02 9.075846994732739148e-05
3.299999999999998934e+00 7.999828875584677235e+02 9.075846994732739148e-05
3.449999999999998845e+00 7.999828875584677235e+02 9.075846994732739148e-05
3.599999999999998757e+00 7.999828875584677235e+02 9.075846994732739148e-05
3.749999999999998668e+00 7.999828875584677235e+02 9.075846994732739148e-05
3.899999999999998579e+00 7.999828875584677235e+02 9.075846994732739148e-05
4.049999999999998934e+00 4.750494864629515064e+02 9.083182149349777745e-05
4.199999999999999289e+00 2.785849037328727036e+02 9.108729421469785592e-05
4.349999999999999645e+00 1.191163339217191037e+02 9.160222794801775592e-05
4.500000000000000000e+00 5.662465205299601223e+01 9.262914201502159273e-05
4.650000000000000355e+00 2.578649820308068641e+01 9.504781465863310075e-05
4.800000000000000711e+00 1.150975007090240965e+01 1.003579538974008756e-04
4.950000000000001066e+00 4.766486889645619840e+00 1.139117903165010048e-04
5.100000000000001421e+00 1.599478925560504194e+00 1.598413556888056419e-04
5.250000000000001776e+00 1.094683633855311200e-01 1.098449443460602915e-03
5.400000000000002132e+00 5.911855676627055800e-01 1.799999043297755748e+02
5.550000000000002487e+00 9.207073041892499532e-01 1.799999710801303081e+02
5.700000000000002842e+00 1.075675987072486350e+00 1.799999883570969246e+02
5.850000000000003197e+00 1.148556418420071168e+00 1.799999948712169555e+02
6.000000000000003553e+00 1.182831830220379743e+00 1.799999976554319403e+02
6.150000000000003908e+00 1.198952588501811078e+00 1.799999989120527744e+02
6.300000000000004263e+00 1.206537077731752561e+00 1.799999994914973627e+02
6.450000000000004619e+00 1.210110560245084343e+00 1.799999997613134894e+02
6.600000000000004974e+00 1.211805142848049854e+00 1.799999998878900271e+02
6.750000000000005329e+00 1.212631893286697959e+00 1.799999999473046159e+02
6.900000000000005684e+00 1.213084089528535969e+00 1.799999999752012343e+02
7.050000000000006040e+00 1.213431533018024311e+00 1.799999999883391126e+02
7.200000000000006395e+00 1.213881524978773996e+00 1.799999999945173670e+02
7.350000000000006750e+00 1.214702551667926400e+00 1.799999999974204457e+02
7.500000000000007105e+00 1.216384476256735070e+00 1.799999999987882973e+02
7.650000000000007461e+00 1.219930813899736677e+00 1.799999999994315374e+02
7.800000000000007816e+00 1.227457476190068064e+00 1.799999999997337454e+02
7.950000000000008171e+00 1.243455226222920373e+00 1.799999999998756266e+02
8.100000000000008527e+00 1.277469068388711548e+00 1.799999999999413376e+02
8.250000000000008882e+00 1.349793360623721128e+00 1.799999999999705267e+02
8.400000000000009237e+00 1.503579775145880149e+00 1.799999999999810427e+02
8.550000000000009592e+00 1.830588871464357226e+00 1.799999999999813838e+02
8.700000000000009948e+00 2.525905948246474964e+00 1.799999999999762963e+02
8.850000000000010303e+00 4.004594502625721475e+00 1.799999999999695888e+02
9.000000000000010658e+00 7.147650010920742147e+00 1.799999999999642171e+02
9.150000000000011013e+00 1.384049623844290267e+01 1.799999999999607212e+02
9.300000000000011369e+00 2.801256559036715998e+01 1.799999999999589022e+02
9.450000000000011724e+00 5.863754634404401145e+01 1.799999999999580211e+02
9.600000000000012079e+00 1.207263685558417592e+02 1.799999999999574527e+02
9.750000000000012434e+00 2.794690283682742802e+02 1.799999999999572822e+02
9.900000000000012790e+00 4.751752633127158560e+02 1.799999999999573106e+02
1.005000000000001315e+01 7.999831533599511886e+02 1.799999999999572537e+02
1.020000000000001350e+01 7.999831533599511886e+02 1.799999999999572537e+02
1.035000000000001386e+01 7.999831533599511886e+02 1.799999999999572537e+02
1.050000000000001421e+01 7.999831533599511886e+02 1.799999999999572537e+02
1.065000000000001457e+01 7.999831533599511886e+02 1.799999999999572537e+02
1.080000000000001492e+01 7.999831533599511886e+02 1.799999999999572537e+02
1.095000000000001528e+01 7.999831533599511886e+02 1.799999999999572537e+02
1.110000000000001563e+01 7.999831533599511886e+02 1.799999999999572537e+02
1.125000000000001599e+01 7.999831533599511886e+02 1.799999999999572537e+02
1.140000000000001634e+01 7.999831533599511886e+02 1.799999999999572537e+02
1.155000000000001670e+01 7.999831533599511886e+02 1.799999999999572537e+02
1.170000000000001705e+01 7.999831533599511886e+02 1.799999999999572537e+02
1.185000000000001741e+01 7.999831533599511886e+02 1.799999999999572537e+02
1.200000000000001776e+01 7.999831533599511886e+02 1.799999999999572537e+02
1.215000000000001812e+01 7.999831533599511886e+02 1.799999999999572537e+02
1.230000000000001847e+01 7.999831533599511886e+02 1.799999999999572537e+02
1.245000000000001883e+01 7.999831533599511886e+02 1.799999999999572537e+02
1.260000000000001918e+01 7.999831533599511886e+02 1.799999999999572537e+02
1.275000000000001954e+01 7.999831533599511886e+02 1.799999999999572537e+02
1.290000000000001990e+01 7.999831533599511886e+02 1.799999999999572537e+02
1.305000000000002025e+01 7.999575418630352033e+02 1.799999999999573959e+02
1.320000000000002061e+01 7.999575418630352033e+02 1.799999999999573959e+02
1.335000000000002096e+01 7.999575418630352033e+02 1.799999999999573959e+02
1.350000000000002132e+01 7.999575418630352033e+02 1.799999999999573959e+02
1.365000000000002167e+01 7.999575418630352033e+02 1.799999999999573959e+02
1.380000000000002203e+01 7.999575418630352033e+02 1.799999999999573959e+02
1.395000000000002238e+01 7.999575418630352033e+02 1.799999999999573959e+02
1.410000000000002274e+01 7.999575418630352033e+02 1.799999999999573959e+02
1.425000000000002309e+01 7.999575418630352033e+02 1.799999999999573959e+02
1.440000000000002345e+01 7.999575418630352033e+02 1.799999999999573959e+02
1.455000000000002380e+01 7.999575418630352033e+02 1.799999999999573959e+02
1.470000000000002416e+01 7.999575418630352033e+02 1.799999999999573959e+02
1.485000000000002451e+01 7.999575418630352033e+02 1.799999999999573959e+02
1.500000000000002487e+01 7.999575418630352033e+02 1.799999999999573959e+02
1.515000000000002522e+01 7.999575418630352033e+02 1.799999999999573959e+02
1.530000000000002558e+01 7.999575418630352033e+02 1.799999999999573959e+02
1.545000000000002593e+01 7.999575418630352033e+02 1.799999999999573959e+02
1.560000000000002629e+01 7.999575418630352033e+02 1.799999999999573959e+02
1.575000000000002665e+01 7.999575418630352033e+02 1.799999999999573959e+02
1.590000000000002700e+01 7.999575418630352033e+02 1.799999999999573959e+02
