1.499999999999999944e-01 7.999997786210092272e+02 4.040691410136218309e+01
2.999999999999999889e-01 7.999997786210092272e+02 4.040691410136218309e+01
4.499999999999999556e-01 7.999997786210092272e+02 4.040691410136218309e+01
5.999999999999999778e-01 7.999997786210092272e+02 4.040691410136218309e+01
7.500000000000000000e-01 7.999997786210092272e+02 4.040691410136218309e+01
9.000000000000000222e-01 7.999997786210092272e+02 4.040691410136218309e+01
1.050000000000000044e+00 7.999997786210092272e+02 4.040691410136218309e+01
1.199999999999999956e+00 7.999997786210092272e+02 4.040691410136218309e+01
1.349999999999999867e+00 7.999997786210092272e+02 4.040691410136218309e+01
1.499999999999999778e+00 7.999997786210092272e+02 4.040691410136218309e+01
1.649999999999999689e+00 7.999997786210092272e+02 4.040691410136218309e+01
1.799999999999999600e+00 7.999997786210092272e+02 4.040691410136218309e+01
1.949999999999999512e+00 7.999997786210092272e+02 4.040691410136218309e+01
2.099999999999999645e+00 7.999999557702211632e+02 4.045208036751228065e+01
2.249999999999999556e+00 7.999999557702211632e+02 4.045208036751228065e+01
2.399999999999999467e+00 7.999999557702211632e+02 4.045208036751228065e+01
2.549999999999999378e+00 7.999999557702211632e+02 4.045208036751228065e+01
2.699999999999999289e+00 7.999999557702211632e+02 4.045208036751228065e+01
2.849999999999999201e+00 7.999999557702211632e+02 4.045208036751228065e+01
2.999999999999999112e+00 7.999999557702211632e+02 4.045208036751228065e+01
3.149999999999999023e+00 7.999999557702211632e+02 4.045208036751228065e+01
3.299999999999998934e+00 7.999999557702211632e+02 4.045208036751228065e+01
3.449999999999998845e+00 7.999999557702211632e+02 4.045208036751228065e+01
3.599999999999998757e+00 7.999999557702211632e+02 4.045208036751228065e+01
3.749999999999998668e+00 7.999999557702211632e+02 4.045208036751228065e+01
3.899999999999998579e+00 7.999999557702211632e+02 4.045208036751228065e+01
4.049999999999998934e+00 5.103256516169320207e+02 4.069359637631571047e+01
4.199999999999999289e+00 4.256955341652457605e+02 4.183819320705382694e+01
4.349999999999999645e+00 3.337756502282107363e+02 4.460867169882365602e+01
4.500000000000000000e+00 3.022429766975282064e+02 4.821670019412781727e+01
4.650000000000000355e+00 2.855933703123296823e+02 5.249665778675655048e+01
4.800000000000000711e+00 2.774387083249030184e+02 5.708354596538210046e+01
4.950000000000001066e+00 2.732936760766511952e+02 6.180654189955784261e+01
5.100000000000001421e+00 2.712421152084371556e+02 6.655158819045504970e+01
5.250000000000001776e+00 2.702801089372678689e+02 7.125741477091037268e+01
5.400000000000002132e+00 2.698915113737572824e+02 7.588973798495622702e+01
5.550000000000002487e+00 2.698038315214714089e+02 8.043001212586466409e+01
5.700000000000002842e+00 2.698725229282573537e+02 8.486832052968257756e+01
5.850000000000003197e+00 2.700204446106612863e+02 8.919963270129120758e+01
6.000000000000003553e+00 2.702062533989390545e+02 9.342175470457922870e+01
6.150000000000003908e+00 2.704076838746157136e+02 9.753422477362467191e+01
6.300000000000004263e+00 2.706126805004340667e+02 1.015377139601205414e+02
6.450000000000004619e+00 2.708146844341186465e+02 1.054336824463724440e+02
6.600000000000004974e+00 2.710101252749757350e+02 1.092241751346878971e+02
6.750000000000005329e+00 2.711970857447489607e+02 1.129116978723227191e+02
6.900000000000005684e+00 2.713745925920838999e+02 1.164991266361824529e+02
7.050000000000006040e+00 2.715422460888873957e+02 1.199896395287144202e+02
7.200000000000006395e+00 2.717000432469963016e+02 1.233866678606087675e+02
7.350000000000006750e+00 2.718483301517683230e+02 1.266938485892993924e+02
7.500000000000007105e+00 2.719878728947011268e+02 1.299149812900803056e+02
7.650000000000007461e+00 2.721200896542860050e+02 1.330539910499607572e+02
7.800000000000007816e+00 2.722475576810451798e+02 1.361148813882991249e+02
7.950000000000008171e+00 2.723750329553788561e+02 1.391016750135857478e+02
8.100000000000008527e+00 2.725114558401716636e+02 1.420183314580889942e+02
8.250000000000008882e+00 2.726738692444819208e+02 1.448686035198398372e+02
8.400000000000009237e+00 2.728950608245310718e+02 1.476557837814621621e+02
8.550000000000009592e+00 2.732384935168902871e+02 1.503822430134602257e+02
8.700000000000009948e+00 2.738275277942317416e+02 1.530485553734245343e+02
8.850000000000010303e+00 2.749033447392326934e+02 1.556518799197627629e+02
9.000000000000010658e+00 2.769388824151621407e+02 1.581828326975982577e+02
9.150000000000011013e+00 2.808855243837961098e+02 1.606204875310033344e+02
9.300000000000011369e+00 2.886076404040895227e+02 1.629204627841849913e+02
9.450000000000011724e+00 3.045696092101472345e+02 1.650130652764660510e+02
9.600000000000012079e+00 3.352205187792883976e+02 1.667392954694272191e+02
9.750000000000012434e+00 4.261621454799683306e+02 1.680327169371918501e+02
9.900000000000012790e+00 5.103482338229083553e+02 1.685532990631412531e+02
1.005000000000001315e+01 7.999999561495430953e+02 1.686562991304450634e+02
1.020000000000001350e+01 7.999999561495430953e+02 1.686562991304450634e+02
1.035000000000001386e+01 7.999999561495430953e+02 1.686562991304450634e+02
1.050000000000001421e+01 7.999999561495430953e+02 1.686562991304450634e+02
1.065000000000001457e+01 7.999999561495430953e+02 1.686562991304450634e+02
1.080000000000001492e+01 7.999999561495430953e+02 1.686562991304450634e+02
1.095000000000001528e+01 7.999999561495430953e+02 1.686562991304450634e+02
1.110000000000001563e+01 7.999999561495430953e+02 1.686562991304450634e+02
1.125000000000001599e+01 7.999999561495430953e+02 1.686562991304450634e+02
1.140000000000001634e+01 7.999999561495430953e+02 1.686562991304450634e+02
1.155000000000001670e+01 7.999999561495430953e+02 1.686562991304450634e+02
1.170000000000001705e+01 7.999999561495430953e+02 1.686562991304450634e+02
1.185000000000001741e+01 7.999999561495430953e+02 1.686562991304450634e+02
1.200000000000001776e+01 7.999999561495430953e+02 1.686562991304450634e+02
1.215000000000001812e+01 7.999999561495430953e+02 1.686562991304450634e+02
1.230000000000001847e+01 7.999999561495430953e+02 1.686562991304450634e+02
1.245000000000001883e+01 7.999999561495430953e+02 1.686562991304450634e+02
1.260000000000001918e+01 7.999999561495430953e+02 1.686562991304450634e+02
1.275000000000001954e+01 7.999999561495430953e+02 1.686562991304450634e+02
1.290000000000001990e+01 7.999999561495430953e+02 1.686562991304450634e+02
1.305000000000002025e+01 7.999997804163224373e+02 1.686761656603523818e+02
1.320000000000002061e+01 7.999997804163224373e+02 1.686761656603523818e+02
1.335000000000002096e+01 7.999997804163224373e+02 1.686761656603523818e+02
1.350000000000002132e+01 7.999997804163224373e+02 1.686761656603523818e+02
1.365000000000002167e+01 7.999997804163224373e+02 1.686761656603523818e+02
1.380000000000002203e+01 7.999997804163224373e+02 1.686761656603523818e+02
1.395000000000002238e+01 7.999997804163224373e+02 1.686761656603523818e+02
1.410000000000002274e+01 7.999997804163224373e+02 1.686761656603523818e+02
1.425000000000002309e+01 7.999997804163224373e+02 1.686761656603523818e+02
1.440000000000002345e+01 7.999997804163224373e+02 1.686761656603523818e+02
1.455000000000002380e+01 7.999997804163224373e+02 1.686761656603523818e+02
1.470000000000002416e+01 7.999997804163224373e+02 1.686761656603523818e+02
1.485000000000002451e+01 7.999997804163224373e+02 1.686761656603523818e+02
1.500000000000002487e+01 7.999997804163224373e+02 1.686761656603523818e+02
1.515000000000002522e+01 7.999997804163224373e+02 1.686761656603523818e+02
1.530000000000002558e+01 7.999997804163224373e+02 1.686761656603523818e+02
1.545000000000002593e+01 7.999997804163224373e+02 1.686761656603523818e+02
1.560000000000002629e+01 7.999997804163224373e+02 1.686761656603523818e+02
1.575000000000002665e+01 7.999997804163224373e+02 1.686761656603523818e+02
1.590000000000002700e+01 7.999997804163224373e+02 1.686761656603523818e+02
