1.499999999999999944e-01 7.997710873546386665e+02 1.799993634368987614e+02
2.999999999999999889e-01 7.997710873546386665e+02 1.799993634368987614e+02
4.499999999999999556e-01 7.997710873546386665e+02 1.799993634368987614e+02
5.999999999999999778e-01 7.997710873546386665e+02 1.799993634368987614e+02
7.500000000000000000e-01 7.997710873546386665e+02 1.799993634368987614e+02
9.000000000000000222e-01 7.997710873546386665e+02 1.799993634368987614e+02
1.050000000000000044e+00 7.997710873546386665e+02 1.799993634368987614e+02
1.199999999999999956e+00 7.997710873546386665e+02 1.799993634368987614e+02
1.349999999999999867e+00 7.997710873546386665e+02 1.799993634368987614e+02
1.499999999999999778e+00 7.997710873546386665e+02 1.799993634368987614e+02
1.649999999999999689e+00 7.997710873546386665e+02 1.799993634368987614e+02
1.799999999999999600e+00 7.997710873546386665e+02 1.799993634368987614e+02
1.949999999999999512e+00 7.997710873546386665e+02 1.799993634368987614e+02
2.099999999999999645e+00 7.998871030052977176e+02 1.799993639009942967e+02
2.249999999999999556e+00 7.998871030052977176e+02 1.799993639009942967e+02
2.399999999999999467e+00 7.998871030052977176e+02 1.799993639009942967e+02
2.549999999999999378e+00 7.998871030052977176e+02 1.799993639009942967e+02
2.699999999999999289e+00 7.998871030052977176e+02 1.799993639009942967e+02
2.849999999999999201e+00 7.998871030052977176e+02 1.799993639009942967e+02
2.999999999999999112e+00 7.998871030052977176e+02 1.799993639009942967e+02
3.149999999999999023e+00 7.998871030052977176e+02 1.799993639009942967e+02
3.299999999999998934e+00 7.998871030052977176e+02 1.799993639009942967e+02
3.449999999999998845e+00 7.998871030052977176e+02 1.799993639009942967e+02
3.599999999999998757e+00 7.998871030052977176e+02 1.799993639009942967e+02
3.749999999999998668e+00 7.998871030052977176e+02 1.799993639009942967e+02
3.899999999999998579e+00 7.998871030052977176e+02 1.799993639009942967e+02
4.049999999999998934e+00 4.464524048015643984e+02 1.799993643759805764e+02
4.199999999999999289e+00 2.227793669683812823e+02 1.799993651022087704e+02
4.349999999999999645e+00 7.774441059912230401e+01 1.799993709602988758e+02
4.500000000000000000e+00 3.128190632433210538e+01 1.799993848136196561e+02
4.650000000000000355e+00 1.248119337956817887e+01 1.799994188720384614e+02
4.800000000000000711e+00 5.472680513234962518e+00 1.799994936552509728e+02
4.950000000000001066e+00 2.786735137082530400e+00 1.799996220914206333e+02
5.100000000000001421e+00 1.767246303656634154e+00 1.799997727506251977e+02
5.250000000000001776e+00 1.378976428296510903e+00 1.799998891845136200e+02
5.400000000000002132e+00 1.231278409132357865e+00 1.799999527658593479e+02
5.550000000000002487e+00 1.175070895040789765e+00 1.799999811352629990e+02
5.700000000000002842e+00 1.153683795753920549e+00 1.799999926875824769e+02
5.850000000000003197e+00 1.145545543835112312e+00 1.799999971973798836e+02
6.000000000000003553e+00 1.142448820796175823e+00 1.799999989288467930e+02
6.150000000000003908e+00 1.141270473407359987e+00 1.799999995919350226e+02
6.300000000000004263e+00 1.140822117229276955e+00 1.799999998446431846e+02
6.450000000000004619e+00 1.140651574311164040e+00 1.799999999407748987e+02
6.600000000000004974e+00 1.140586848449970603e+00 1.799999999774596517e+02
6.750000000000005329e+00 1.140562662102070135e+00 1.799999999914218165e+02
6.900000000000005684e+00 1.140554622820445729e+00 1.799999999967304518e+02
7.050000000000006040e+00 1.140554622849947464e+00 1.799999999987555270e+02
7.200000000000006395e+00 1.140562662161073604e+00 1.799999999995263806e+02
7.350000000000006750e+00 1.140586848567977540e+00 1.799999999998194937e+02
7.500000000000007105e+00 1.140651574488174447e+00 1.799999999999311626e+02
7.650000000000007461e+00 1.140822117730806440e+00 1.799999999999738804e+02
7.800000000000007816e+00 1.141270474616931097e+00 1.799999999999900808e+02
7.950000000000008171e+00 1.142448824011864872e+00 1.799999999999962199e+02
8.100000000000008527e+00 1.145545552213604878e+00 1.799999999999984936e+02
8.250000000000008882e+00 1.153683817703210934e+00 1.799999999999992610e+02
8.400000000000009237e+00 1.175070952687178760e+00 1.799999999999996021e+02
8.550000000000009592e+00 1.231278560653265686e+00 1.799999999999995453e+02
8.700000000000009948e+00 1.378976826422416480e+00 1.799999999999990052e+02
8.850000000000010303e+00 1.767247350363419400e+00 1.799999999999978115e+02
9.000000000000010658e+00 2.786737884763439865e+00 1.799999999999961346e+02
9.150000000000011013e+00 5.472687758281956860e+00 1.799999999999949978e+02
9.300000000000011369e+00 1.248121223969139137e+01 1.799999999999940883e+02
9.450000000000011724e+00 3.128195726458690018e+01 1.799999999999939746e+02
9.600000000000012079e+00 7.774453391129083002e+01 1.799999999999938041e+02
9.750000000000012434e+00 2.227797742905315488e+02 1.799999999999937756e+02
9.900000000000012790e+00 4.464529255594669621e+02 1.799999999999937756e+02
1.005000000000001315e+01 7.998895666490076337e+02 1.799999999999937756e+02
1.020000000000001350e+01 7.998895666490076337e+02 1.799999999999937756e+02
1.035000000000001386e+01 7.998895666490076337e+02 1.799999999999937756e+02
1.050000000000001421e+01 7.998895666490076337e+02 1.799999999999937756e+02
1.065000000000001457e+01 7.998895666490076337e+02 1.799999999999937756e+02
1.080000000000001492e+01 7.998895666490076337e+02 1.799999999999937756e+02
1.095000000000001528e+01 7.998895666490076337e+02 1.799999999999937756e+02
1.110000000000001563e+01 7.998895666490076337e+02 1.799999999999937756e+02
1.125000000000001599e+01 7.998895666490076337e+02 1.799999999999937756e+02
1.140000000000001634e+01 7.998895666490076337e+02 1.799999999999937756e+02
1.155000000000001670e+01 7.998895666490076337e+02 1.799999999999937756e+02
1.170000000000001705e+01 7.998895666490076337e+02 1.799999999999937756e+02
1.185000000000001741e+01 7.998895666490076337e+02 1.799999999999937756e+02
1.200000000000001776e+01 7.998895666490076337e+02 1.799999999999937756e+02
1.215000000000001812e+01 7.998895666490076337e+02 1.799999999999937756e+02
1.230000000000001847e+01 7.998895666490076337e+02 1.799999999999937756e+02
1.245000000000001883e+01 7.998895666490076337e+02 1.799999999999937756e+02
1.260000000000001918e+01 7.998895666490076337e+02 1.799999999999937756e+02
1.275000000000001954e+01 7.998895666490076337e+02 1.799999999999937756e+02
1.290000000000001990e+01 7.998895666490076337e+02 1.799999999999937756e+02
1.305000000000002025e+01 7.997760827808500608e+02 1.799999999999937756e+02
1.320000000000002061e+01 7.997760827808500608e+02 1.799999999999937756e+02
1.335000000000002096e+01 7.997760827808500608e+02 1.799999999999937756e+02
1.350000000000002132e+01 7.997760827808500608e+02 1.799999999999937756e+02
1.365000000000002167e+01 7.997760827808500608e+02 1.799999999999937756e+02
1.380000000000002203e+01 7.997760827808500608e+02 1.799999999999937756e+02
1.395000000000002238e+01 7.997760827808500608e+02 1.799999999999937756e+02
1.410000000000002274e+01 7.997760827808500608e+02 1.799999999999937756e+02
1.425000000000002309e+01 7.997760827808500608e+02 1.799999999999937756e+02
1.440000000000002345e+01 7.997760827808500608e+02 1.799999999999937756e+02
1.455000000000002380e+01 7.997760827808500608e+02 1.799999999999937756e+02
1.470000000000002416e+01 7.997760827808500608e+02 1.799999999999937756e+02
1.485000000000002451e+01 7.997760827808500608e+02 1.799999999999937756e+02
1.500000000000002487e+01 7.997760827808500608e+02 1.799999999999937756e+02
1.515000000000002522e+01 7.997760827808500608e+02 1.799999999999937756e+02
1.530000000000002558e+01 7.997760827808500608e+02 1.799999999999937756e+02
1.545000000000002593e+01 7.997760827808500608e+02 1.799999999999937756e+02
1.560000000000002629e+01 7.997760827808500608e+02 1.799999999999937756e+02
1.575000000000002665e+01 7.997760827808500608e+02 1.799999999999937756e+02
1.590000000000002700e+01 7.997760827808500608e+02 1.799999999999937756e+02
