1.499999999999999944e-01 7.999919611908226216e+02 1.412332373296187882e-04
2.999999999999999889e-01 7.999919611908226216e+02 1.412332373296187882e-04
4.499999999999999556e-01 7.999919611908226216e+02 1.412332373296187882e-04
5.999999999999999778e-01 7.999919611908226216e+02 1.412332373296187882e-04
7.500000000000000000e-01 7.999919611908226216e+02 1.412332373296187882e-04
9.000000000000000222e-01 7.999919611908226216e+02 1.412332373296187882e-04
1.050000000000000044e+00 7.999919611908226216e+02 1.412332373296187882e-04
1.199999999999999956e+00 7.999919611908226216e+02 1.412332373296187882e-04
1.349999999999999867e+00 7.999919611908226216e+02 1.412332373296187882e-04
1.499999999999999778e+00 7.999919611908226216e+02 1.412332373296187882e-04
1.649999999999999689e+00 7.999919611908226216e+02 1.412332373296187882e-04
1.799999999999999600e+00 7.999919611908226216e+02 1.412332373296187882e-04
1.949999999999999512e+00 7.999919611908226216e+02 1.412332373296187882e-04
2.099999999999999645e+00 7.999974393484259281e+02 1.411503487495080478e-04
2.249999999999999556e+00 7.999974393484259281e+02 1.411503487495080478e-04
2.399999999999999467e+00 7.999974393484259281e+02 1.411503487495080478e-04
2.549999999999999378e+00 7.999974393484259281e+02 1.411503487495080478e-04
2.699999999999999289e+00 7.999974393484259281e+02 1.411503487495080478e-04
2.849999999999999201e+00 7.999974393484259281e+02 1.411503487495080478e-04
2.999999999999999112e+00 7.999974393484259281e+02 1.411503487495080478e-04
3.149999999999999023e+00 7.999974393484259281e+02 1.411503487495080478e-04
3.299999999999998934e+00 7.999974393484259281e+02 1.411503487495080478e-04
3.449999999999998845e+00 7.999974393484259281e+02 1.411503487495080478e-04
3.599999999999998757e+00 7.999974393484259281e+02 1.411503487495080478e-04
3.749999999999998668e+00 7.999974393484259281e+02 1.411503487495080478e-04
3.899999999999998579e+00 7.999974393484259281e+02 1.411503487495080478e-04
4.049999999999998934e+00 4.927036178225799858e+02 1.412823226853987535e-04
4.199999999999999289e+00 3.328287494136221767e+02 1.418125808674286503e-04
4.349999999999999645e+00 1.763138975209205057e+02 1.425308067234398735e-04
4.500000000000000000e+00 1.039412434082857146e+02 1.436818173277121247e-04
4.650000000000000355e+00 6.023138846351551479e+01 1.459703193212869010e-04
4.800000000000000711e+00 3.485774136254099886e+01 1.494743522639785382e-04
4.950000000000001066e+00 1.982308459412060486e+01 1.557452187876950944e-04
5.100000000000001421e+00 1.092711964813145542e+01 1.678285932819045811e-04
5.250000000000001776e+00 5.655127477710792050e+00 1.922920030760222332e-04
5.400000000000002132e+00 2.530838570515044239e+00 2.547961294845357827e-04
5.550000000000002487e+00 6.791081402504914877e-01 5.640808072217007307e-04
5.700000000000002842e+00 4.184176842054512235e-01 1.799994570949429828e+02
5.850000000000003197e+00 1.068984581721394989e+00 1.799998739871232658e+02
6.000000000000003553e+00 1.454715226311208198e+00 1.799999449915789569e+02
6.150000000000003908e+00 1.683596752438887734e+00 1.799999718148686441e+02
6.300000000000004263e+00 1.819707092141015892e+00 1.799999845365200031e+02
6.450000000000004619e+00 1.901152486398984820e+00 1.799999912075215320e+02
6.600000000000004974e+00 1.950735097241079075e+00 1.799999949186380377e+02
6.750000000000005329e+00 1.982336595625667997e+00 1.799999970348198133e+02
6.900000000000005684e+00 2.004804507340082864e+00 1.799999982582906739e+02
7.050000000000006040e+00 2.024429229982416700e+00 1.799999989771899038e+02
7.200000000000006395e+00 2.046705158334248154e+00 1.799999994000815207e+02
7.350000000000006750e+00 2.077868967674618261e+00 1.799999996489663374e+02
7.500000000000007105e+00 2.126645731458211230e+00 1.799999997966131673e+02
7.650000000000007461e+00 2.206691761496671234e+00 1.799999998837667192e+02
7.800000000000007816e+00 2.340418166348740669e+00 1.799999999348955555e+02
7.950000000000008171e+00 2.565265829261591080e+00 1.799999999647741618e+02
8.100000000000008527e+00 2.944189224784807379e+00 1.799999999817950425e+02
8.250000000000008882e+00 3.583286453338615729e+00 1.799999999911075008e+02
8.400000000000009237e+00 4.661516718968812256e+00 1.799999999959374861e+02
8.550000000000009592e+00 6.480858641245092144e+00 1.799999999982560723e+02
8.700000000000009948e+00 9.550980037909759801e+00 1.799999999992840003e+02
8.850000000000010303e+00 1.473293061826590744e+01 1.799999999997106386e+02
9.000000000000010658e+00 2.348075632912632216e+01 1.799999999998773035e+02
9.150000000000011013e+00 3.827580192378530199e+01 1.799999999999395186e+02
9.300000000000011369e+00 6.327327855201607321e+01 1.799999999999619149e+02
9.450000000000011724e+00 1.064184317362780092e+02 1.799999999999700435e+02
9.600000000000012079e+00 1.780220799795412745e+02 1.799999999999727152e+02
9.750000000000012434e+00 3.335634188742826609e+02 1.799999999999736815e+02
9.900000000000012790e+00 4.927720918949772795e+02 1.799999999999738236e+02
1.005000000000001315e+01 7.999974628104973817e+02 1.799999999999739089e+02
1.020000000000001350e+01 7.999974628104973817e+02 1.799999999999739089e+02
1.035000000000001386e+01 7.999974628104973817e+02 1.799999999999739089e+02
1.050000000000001421e+01 7.999974628104973817e+02 1.799999999999739089e+02
1.065000000000001457e+01 7.999974628104973817e+02 1.799999999999739089e+02
1.080000000000001492e+01 7.999974628104973817e+02 1.799999999999739089e+02
1.095000000000001528e+01 7.999974628104973817e+02 1.799999999999739089e+02
1.110000000000001563e+01 7.999974628104973817e+02 1.799999999999739089e+02
1.125000000000001599e+01 7.999974628104973817e+02 1.799999999999739089e+02
1.140000000000001634e+01 7.999974628104973817e+02 1.799999999999739089e+02
1.155000000000001670e+01 7.999974628104973817e+02 1.799999999999739089e+02
1.170000000000001705e+01 7.999974628104973817e+02 1.799999999999739089e+02
1.185000000000001741e+01 7.999974628104973817e+02 1.799999999999739089e+02
1.200000000000001776e+01 7.999974628104973817e+02 1.799999999999739089e+02
1.215000000000001812e+01 7.999974628104973817e+02 1.799999999999739089e+02
1.230000000000001847e+01 7.999974628104973817e+02 1.799999999999739089e+02
1.245000000000001883e+01 7.999974628104973817e+02 1.799999999999739089e+02
1.260000000000001918e+01 7.999974628104973817e+02 1.799999999999739089e+02
1.275000000000001954e+01 7.999974628104973817e+02 1.799999999999739089e+02
1.290000000000001990e+01 7.999974628104973817e+02 1.799999999999739089e+02
1.305000000000002025e+01 7.999920306342571621e+02 1.799999999999739941e+02
1.320000000000002061e+01 7.999920306342571621e+02 1.799999999999739941e+02
1.335000000000002096e+01 7.999920306342571621e+02 1.799999999999739941e+02
1.350000000000002132e+01 7.999920306342571621e+02 1.799999999999739941e+02
1.365000000000002167e+01 7.999920306342571621e+02 1.799999999999739941e+02
1.380000000000002203e+01 7.999920306342571621e+02 1.799999999999739941e+02
1.395000000000002238e+01 7.999920306342571621e+02 1.799999999999739941e+02
1.410000000000002274e+01 7.999920306342571621e+02 1.799999999999739941e+02
1.425000000000002309e+01 7.999920306342571621e+02 1.799999999999739941e+02
1.440000000000002345e+01 7.999920306342571621e+02 1.799999999999739941e+02
1.455000000000002380e+01 7.999920306342571621e+02 1.799999999999739941e+02
1.470000000000002416e+01 7.999920306342571621e+02 1.799999999999739941e+02
1.485000000000002451e+01 7.999920306342571621e+02 1.799999999999739941e+02
1.500000000000002487e+01 7.999920306342571621e+02 1.799999999999739941e+02
1.515000000000002522e+01 7.999920306342571621e+02 1.799999999999739941e+02
1.530000000000002558e+01 7.999920306342571621e+02 1.799999999999739941e+02
1.545000000000002593e+01 7.999920306342571621e+02 1.799999999999739941e+02
1.560000000000002629e+01 7.999920306342571621e+02 1.799999999999739941e+02
1.575000000000002665e+01 7.999920306342571621e+02 1.799999999999739941e+02
1.590000000000002700e+01 7.999920306342571621e+02 1.799999999999739941e+02
