1.499999999999999944e-01 7.999995769123004266e+02 5.095660317043250132e+01
2.999999999999999889e-01 7.999995769123004266e+02 5.095660317043250132e+01
4.499999999999999556e-01 7.999995769123004266e+02 5.095660317043250132e+01
5.999999999999999778e-01 7.999995769123004266e+02 5.095660317043250132e+01
7.500000000000000000e-01 7.999995769123004266e+02 5.095660317043250132e+01
9.000000000000000222e-01 7.999995769123004266e+02 5.095660317043250132e+01
1.050000000000000044e+00 7.999995769123004266e+02 5.095660317043250132e+01
1.199999999999999956e+00 7.999995769123004266e+02 5.095660317043250132e+01
1.349999999999999867e+00 7.999995769123004266e+02 5.095660317043250132e+01
1.499999999999999778e+00 7.999995769123004266e+02 5.095660317043250132e+01
1.649999999999999689e+00 7.999995769123004266e+02 5.095660317043250132e+01
1.799999999999999600e+00 7.999995769123004266e+02 5.095660317043250132e+01
1.949999999999999512e+00 7.999995769123004266e+02 5.095660317043250132e+01
2.099999999999999645e+00 7.999999082853039454e+02 5.099394775400450186e+01
2.249999999999999556e+00 7.999999082853039454e+02 5.099394775400450186e+01
2.399999999999999467e+00 7.999999082853039454e+02 5.099394775400450186e+01
2.549999999999999378e+00 7.999999082853039454e+02 5.099394775400450186e+01
2.699999999999999289e+00 7.999999082853039454e+02 5.099394775400450186e+01
2.849999999999999201e+00 7.999999082853039454e+02 5.099394775400450186e+01
2.999999999999999112e+00 7.999999082853039454e+02 5.099394775400450186e+01
3.149999999999999023e+00 7.999999082853039454e+02 5.099394775400450186e+01
3.299999999999998934e+00 7.999999082853039454e+02 5.099394775400450186e+01
3.449999999999998845e+00 7.999999082853039454e+02 5.099394775400450186e+01
3.599999999999998757e+00 7.999999082853039454e+02 5.099394775400450186e+01
3.749999999999998668e+00 7.999999082853039454e+02 5.099394775400450186e+01
3.899999999999998579e+00 7.999999082853039454e+02 5.099394775400450186e+01
4.049999999999998934e+00 5.084447388434468849e+02 5.119797692963150837e+01
4.199999999999999289e+00 4.131527045074607827e+02 5.215794382017462993e+01
4.349999999999999645e+00 3.098612281188620727e+02 5.460132591818378955e+01
4.500000000000000000e+00 2.702803173646207142e+02 5.800141335170654600e+01
4.650000000000000355e+00 2.474126718867069599e+02 6.227904482533844543e+01
4.800000000000000711e+00 2.347461072074184472e+02 6.707184912956347489e+01
4.950000000000001066e+00 2.274395557259423128e+02 7.215670485763445186e+01
5.100000000000001421e+00 2.232827520715274545e+02 7.735285158142882267e+01
5.250000000000001776e+00 2.210005492542074705e+02 8.254165868086673186e+01
5.400000000000002132e+00 2.198513490615185049e+02 8.764639829558021233e+01
5.550000000000002487e+00 2.193854564570109744e+02 9.262055862113534488e+01
5.700000000000002842e+00 2.193262529356826747e+02 9.743761881738122099e+01
5.850000000000003197e+00 2.195022953876072620e+02 1.020840599301271823e+02
6.000000000000003553e+00 2.198073586598260363e+02 1.065546371460766579e+02
6.150000000000003908e+00 2.201760202085970093e+02 1.108493106304700007e+02
6.300000000000004263e+00 2.205684764662356940e+02 1.149712890815877131e+02
6.450000000000004619e+00 2.209610113870591590e+02 1.189257867075783821e+02
6.600000000000004974e+00 2.213399989170440847e+02 1.227192383447962243e+02
6.750000000000005329e+00 2.216981430115033049e+02 1.263588069725392842e+02
6.900000000000005684e+00 2.220321495655200863e+02 1.298520645420987023e+02
7.050000000000006040e+00 2.223413317840555692e+02 1.332067839950204302e+02
7.200000000000006395e+00 2.226268531451118804e+02 1.364308031654711044e+02
7.350000000000006750e+00 2.228914531901468195e+02 1.395319236122749658e+02
7.500000000000007105e+00 2.231396142001085536e+02 1.425178299566620126e+02
7.650000000000007461e+00 2.233782388855401280e+02 1.453960167891544302e+02
7.800000000000007816e+00 2.236180467630339592e+02 1.481736994493257384e+02
7.950000000000008171e+00 2.238760995716158106e+02 1.508576922849867685e+02
8.100000000000008527e+00 2.241801949211831584e+02 1.534542264535982099e+02
8.250000000000008882e+00 2.245764243521207106e+02 1.559686539329261166e+02
8.400000000000009237e+00 2.251421647674372934e+02 1.584049653188151012e+02
8.550000000000009592e+00 2.260085349775035581e+02 1.607650032683147288e+02
8.700000000000009948e+00 2.273995772031061904e+02 1.630471769303533733e+02
8.850000000000010303e+00 2.297022944616657298e+02 1.652444348184009755e+02
9.000000000000010658e+00 2.335928561479221059e+02 1.673410463423703902e+02
9.150000000000011013e+00 2.402944996815692207e+02 1.693085989250843397e+02
9.300000000000011369e+00 2.520036224608753628e+02 1.710984604587224851e+02
9.450000000000011724e+00 2.736199384620219348e+02 1.726474364832866115e+02
9.600000000000012079e+00 3.118266337497058771e+02 1.738447717078532548e+02
9.750000000000012434e+00 4.137766777871504473e+02 1.746753304536862572e+02
9.900000000000012790e+00 5.084772900156143578e+02 1.749886474915802808e+02
1.005000000000001315e+01 7.999999099310267638e+02 1.750489372555860825e+02
1.020000000000001350e+01 7.999999099310267638e+02 1.750489372555860825e+02
1.035000000000001386e+01 7.999999099310267638e+02 1.750489372555860825e+02
1.050000000000001421e+01 7.999999099310267638e+02 1.750489372555860825e+02
1.065000000000001457e+01 7.999999099310267638e+02 1.750489372555860825e+02
1.080000000000001492e+01 7.999999099310267638e+02 1.750489372555860825e+02
1.095000000000001528e+01 7.999999099310267638e+02 1.750489372555860825e+02
1.110000000000001563e+01 7.999999099310267638e+02 1.750489372555860825e+02
1.125000000000001599e+01 7.999999099310267638e+02 1.750489372555860825e+02
1.140000000000001634e+01 7.999999099310267638e+02 1.750489372555860825e+02
1.155000000000001670e+01 7.999999099310267638e+02 1.750489372555860825e+02
1.170000000000001705e+01 7.999999099310267638e+02 1.750489372555860825e+02
1.185000000000001741e+01 7.999999099310267638e+02 1.750489372555860825e+02
1.200000000000001776e+01 7.999999099310267638e+02 1.750489372555860825e+02
1.215000000000001812e+01 7.999999099310267638e+02 1.750489372555860825e+02
1.230000000000001847e+01 7.999999099310267638e+02 1.750489372555860825e+02
1.245000000000001883e+01 7.999999099310267638e+02 1.750489372555860825e+02
1.260000000000001918e+01 7.999999099310267638e+02 1.750489372555860825e+02
1.275000000000001954e+01 7.999999099310267638e+02 1.750489372555860825e+02
1.290000000000001990e+01 7.999999099310267638e+02 1.750489372555860825e+02
1.305000000000002025e+01 7.999995842702485334e+02 1.750605030075488457e+02
1.320000000000002061e+01 7.999995842702485334e+02 1.750605030075488457e+02
1.335000000000002096e+01 7.999995842702485334e+02 1.750605030075488457e+02
1.350000000000002132e+01 7.999995842702485334e+02 1.750605030075488457e+02
1.365000000000002167e+01 7.999995842702485334e+02 1.750605030075488457e+02
1.380000000000002203e+01 7.999995842702485334e+02 1.750605030075488457e+02
1.395000000000002238e+01 7.999995842702485334e+02 1.750605030075488457e+02
1.410000000000002274e+01 7.999995842702485334e+02 1.750605030075488457e+02
1.425000000000002309e+01 7.999995842702485334e+02 1.750605030075488457e+02
1.440000000000002345e+01 7.999995842702485334e+02 1.750605030075488457e+02
1.455000000000002380e+01 7.999995842702485334e+02 1.750605030075488457e+02
1.470000000000002416e+01 7.999995842702485334e+02 1.750605030075488457e+02
1.485000000000002451e+01 7.999995842702485334e+02 1.750605030075488457e+02
1.500000000000002487e+01 7.999995842702485334e+02 1.750605030075488457e+02
1.515000000000002522e+01 7.999995842702485334e+02 1.750605030075488457e+02
1.530000000000002558e+01 7.999995842702485334e+02 1.750605030075488457e+02
1.545000000000002593e+01 7.999995842702485334e+02 1.750605030075488457e+02
1.560000000000002629e+01 7.999995842702485334e+02 1.750605030075488457e+02
1.575000000000002665e+01 7.999995842702485334e+02 1.750605030075488457e+02
1.590000000000002700e+01 7.999995842702485334e+02 1.750605030075488457e+02
