1.499999999999999944e-01 7.999986821148194167e+02 2.150749347704650205e-04
2.999999999999999889e-01 7.999986821148194167e+02 2.150749347704650205e-04
4.499999999999999556e-01 7.999986821148194167e+02 2.150749347704650205e-04
5.999999999999999778e-01 7.999986821148194167e+02 2.150749347704650205e-04
7.500000000000000000e-01 7.999986821148194167e+02 2.150749347704650205e-04
9.000000000000000222e-01 7.999986821148194167e+02 2.150749347704650205e-04
1.050000000000000044e+00 7.999986821148194167e+02 2.150749347704650205e-04
1.199999999999999956e+00 7.999986821148194167e+02 2.150749347704650205e-04
1.349999999999999867e+00 7.999986821148194167e+02 2.150749347704650205e-04
1.499999999999999778e+00 7.999986821148194167e+02 2.150749347704650205e-04
1.649999999999999689e+00 7.999986821148194167e+02 2.150749347704650205e-04
1.799999999999999600e+00 7.999986821148194167e+02 2.150749347704650205e-04
1.949999999999999512e+00 7.999986821148194167e+02 2.150749347704650205e-04
2.099999999999999645e+00 7.999996690627970111e+02 2.150861367881118369e-04
2.249999999999999556e+00 7.999996690627970111e+02 2.150861367881118369e-04
2.399999999999999467e+00 7.999996690627970111e+02 2.150861367881118369e-04
2.549999999999999378e+00 7.999996690627970111e+02 2.150861367881118369e-04
2.699999999999999289e+00 7.999996690627970111e+02 2.150861367881118369e-04
2.849999999999999201e+00 7.999996690627970111e+02 2.150861367881118369e-04
2.999999999999999112e+00 7.999996690627970111e+02 2.150861367881118369e-04
3.149999999999999023e+00 7.999996690627970111e+02 2.150861367881118369e-04
3.299999999999998934e+00 7.999996690627970111e+02 2.150861367881118369e-04
3.449999999999998845e+00 7.999996690627970111e+02 2.150861367881118369e-04
3.599999999999998757e+00 7.999996690627970111e+02 2.150861367881118369e-04
3.749999999999998668e+00 7.999996690627970111e+02 2.150861367881118369e-04
3.899999999999998579e+00 7.999996690627970111e+02 2.150861367881118369e-04
4.049999999999998934e+00 5.039912874839580468e+02 2.154436172667750782e-04
4.199999999999999289e+00 3.856310502911259164e+02 2.169125102440272457e-04
4.349999999999999645e+00 2.570526213707781835e+02 2.204830251884004610e-04
4.500000000000000000e+00 1.966304316186950985e+02 2.260716421084163485e-04
4.650000000000000355e+00 1.546795570961412238e+02 2.346415364712362006e-04
4.800000000000000711e+00 1.245865926195239410e+02 2.464488440486745091e-04
4.950000000000001066e+00 1.011554549683592228e+02 2.626259556717247534e-04
5.100000000000001421e+00 8.202034347025076499e+01 2.848388386947897644e-04
5.250000000000001776e+00 6.579916518874989606e+01 3.153729851353981317e-04
5.400000000000002132e+00 5.168465022897582628e+01 3.590449716761590082e-04
5.550000000000002487e+00 3.918219562893605001e+01 4.254447968408126002e-04
5.700000000000002842e+00 2.798122456493989674e+01 5.358584485513073759e-04
5.850000000000003197e+00 1.788006845303266346e+01 7.544728442719916828e-04
6.000000000000003553e+00 8.741028549859343855e+00 1.387981142284555602e-03
6.150000000000003908e+00 4.624604734068498146e-01 2.353939957960171636e-02
6.300000000000004263e+00 7.038623420382826623e+00 1.799986155876024441e+02
6.450000000000004619e+00 1.383717939506275840e+01 1.799993710816549424e+02
6.600000000000004974e+00 2.000632272302709680e+01 1.799996129580622153e+02
6.750000000000005329e+00 2.562067314400260543e+01 1.799997319920887264e+02
6.900000000000005684e+00 3.075799701524981344e+01 1.799998026328338483e+02
7.050000000000006040e+00 3.549997904267942772e+01 1.799998494683644026e+02
7.200000000000006395e+00 3.993273164219093019e+01 1.799998826649935779e+02
7.350000000000006750e+00 4.414748784006334859e+01 1.799999072823813435e+02
7.500000000000007105e+00 4.824182132069708473e+01 1.799999262494964682e+02
7.650000000000007461e+00 5.232169783195312363e+01 1.799999411815348935e+02
7.800000000000007816e+00 5.650469418603888982e+01 1.799999531136750193e+02
7.950000000000008171e+00 6.092484334390280765e+01 1.799999628042567679e+02
8.100000000000008527e+00 6.573981639434094859e+01 1.799999707041536965e+02
8.250000000000008882e+00 7.114161732301305108e+01 1.799999771445100691e+02
8.400000000000009237e+00 7.737281052098437328e+01 1.799999824056612567e+02
8.550000000000009592e+00 8.475189304981932992e+01 1.799999866637058119e+02
8.700000000000009948e+00 9.371442387513855010e+01 1.799999900647086406e+02
8.850000000000010303e+00 1.048833972323397319e+02 1.799999927453165469e+02
9.000000000000010658e+00 1.191928390060368343e+02 1.799999948045100666e+02
9.150000000000011013e+00 1.381447057746841836e+02 1.799999963349680456e+02
9.300000000000011369e+00 1.642157798103299058e+02 1.799999974265079459e+02
9.450000000000011724e+00 2.026913274205396078e+02 1.799999981602794321e+02
9.600000000000012079e+00 2.603021404429723020e+02 1.799999986019495566e+02
9.750000000000012434e+00 3.866560338603122204e+02 1.799999988463720513e+02
9.900000000000012790e+00 5.040536874464286825e+02 1.799999989248526049e+02
1.005000000000001315e+01 7.999996759649814067e+02 1.799999989389047244e+02
1.020000000000001350e+01 7.999996759649814067e+02 1.799999989389047244e+02
1.035000000000001386e+01 7.999996759649814067e+02 1.799999989389047244e+02
1.050000000000001421e+01 7.999996759649814067e+02 1.799999989389047244e+02
1.065000000000001457e+01 7.999996759649814067e+02 1.799999989389047244e+02
1.080000000000001492e+01 7.999996759649814067e+02 1.799999989389047244e+02
1.095000000000001528e+01 7.999996759649814067e+02 1.799999989389047244e+02
1.110000000000001563e+01 7.999996759649814067e+02 1.799999989389047244e+02
1.125000000000001599e+01 7.999996759649814067e+02 1.799999989389047244e+02
1.140000000000001634e+01 7.999996759649814067e+02 1.799999989389047244e+02
1.155000000000001670e+01 7.999996759649814067e+02 1.799999989389047244e+02
1.170000000000001705e+01 7.999996759649814067e+02 1.799999989389047244e+02
1.185000000000001741e+01 7.999996759649814067e+02 1.799999989389047244e+02
1.200000000000001776e+01 7.999996759649814067e+02 1.799999989389047244e+02
1.215000000000001812e+01 7.999996759649814067e+02 1.799999989389047244e+02
1.230000000000001847e+01 7.999996759649814067e+02 1.799999989389047244e+02
1.245000000000001883e+01 7.999996759649814067e+02 1.799999989389047244e+02
1.260000000000001918e+01 7.999996759649814067e+02 1.799999989389047244e+02
1.275000000000001954e+01 7.999996759649814067e+02 1.799999989389047244e+02
1.290000000000001990e+01 7.999996759649814067e+02 1.799999989389047244e+02
1.305000000000002025e+01 7.999987085962384299e+02 1.799999989419185056e+02
1.320000000000002061e+01 7.999987085962384299e+02 1.799999989419185056e+02
1.335000000000002096e+01 7.999987085962384299e+02 1.799999989419185056e+02
1.350000000000002132e+01 7.999987085962384299e+02 1.799999989419185056e+02
1.365000000000002167e+01 7.999987085962384299e+02 1.799999989419185056e+02
1.380000000000002203e+01 7.999987085962384299e+02 1.799999989419185056e+02
1.395000000000002238e+01 7.999987085962384299e+02 1.799999989419185056e+02
1.410000000000002274e+01 7.999987085962384299e+02 1.799999989419185056e+02
1.425000000000002309e+01 7.999987085962384299e+02 1.799999989419185056e+02
1.440000000000002345e+01 7.999987085962384299e+02 1.799999989419185056e+02
1.455000000000002380e+01 7.999987085962384299e+02 1.799999989419185056e+02
1.470000000000002416e+01 7.999987085962384299e+02 1.799999989419185056e+02
1.485000000000002451e+01 7.999987085962384299e+02 1.799999989419185056e+02
1.500000000000002487e+01 7.999987085962384299e+02 1.799999989419185056e+02
1.515000000000002522e+01 7.999987085962384299e+02 1.799999989419185056e+02
1.530000000000002558e+01 7.999987085962384299e+02 1.799999989419185056e+02
1.545000000000002593e+01 7.999987085962384299e+02 1.799999989419185056e+02
1.560000000000002629e+01 7.999987085962384299e+02 1.799999989419185056e+02
1.575000000000002665e+01 7.999987085962384299e+02 1.799999989419185056e+02
1.590000000000002700e+01 7.999987085962384299e+02 1.799999989419185056e+02
