1.499999999999999944e-01 7.999965246755534736e+02 2.005627311785218581e-06
2.999999999999999889e-01 7.999965246755534736e+02 2.005627311785218581e-06
4.499999999999999556e-01 7.999965246755534736e+02 2.005627311785218581e-06
5.999999999999999778e-01 7.999965246755534736e+02 2.005627311785218581e-06
7.500000000000000000e-01 7.999965246755534736e+02 2.005627311785218581e-06
9.000000000000000222e-01 7.999965246755534736e+02 2.005627311785218581e-06
1.050000000000000044e+00 7.999965246755534736e+02 2.005627311785218581e-06
1.199999999999999956e+00 7.999965246755534736e+02 2.005627311785218581e-06
1.349999999999999867e+00 7.999965246755534736e+02 2.005627311785218581e-06
1.499999999999999778e+00 7.999965246755534736e+02 2.005627311785218581e-06
1.649999999999999689e+00 7.999965246755534736e+02 2.005627311785218581e-06
1.799999999999999600e+00 7.999965246755534736e+02 2.005627311785218581e-06
1.949999999999999512e+00 7.999965246755534736e+02 2.005627311785218581e-06
2.099999999999999645e+00 7.999990087071347489e+02 2.004919854359243914e-06
2.249999999999999556e+00 7.999990087071347489e+02 2.004919854359243914e-06
2.399999999999999467e+00 7.999990087071347489e+02 2.004919854359243914e-06
2.549999999999999378e+00 7.999990087071347489e+02 2.004919854359243914e-06
2.699999999999999289e+00 7.999990087071347489e+02 2.004919854359243914e-06
2.849999999999999201e+00 7.999990087071347489e+02 2.004919854359243914e-06
2.999999999999999112e+00 7.999990087071347489e+02 2.004919854359243914e-06
3.149999999999999023e+00 7.999990087071347489e+02 2.004919854359243914e-06
3.299999999999998934e+00 7.999990087071347489e+02 2.004919854359243914e-06
3.449999999999998845e+00 7.999990087071347489e+02 2.004919854359243914e-06
3.599999999999998757e+00 7.999990087071347489e+02 2.004919854359243914e-06
3.749999999999998668e+00 7.999990087071347489e+02 2.004919854359243914e-06
3.899999999999998579e+00 7.999990087071347489e+02 2.004919854359243914e-06
4.049999999999998934e+00 4.987093208904860262e+02 2.007025389771932566e-06
4.199999999999999289e+00 3.581624399260475684e+02 2.015000605815053802e-06
4.349999999999999645e+00 2.110079093825487462e+02 2.028506493334525373e-06
4.500000000000000000e+00 1.395599553598950990e+02 2.048972745249955096e-06
4.650000000000000355e+00 9.212700609786658390e+01 2.084120560130742206e-06
4.800000000000000711e+00 6.111430992788640992e+01 2.133877509247206206e-06
4.950000000000001066e+00 4.018639720595143672e+01 2.211308141819579021e-06
5.100000000000001421e+00 2.598430409301807842e+01 2.337920784745151082e-06
5.250000000000001776e+00 1.630433777162252795e+01 2.545773216899860358e-06
5.400000000000002132e+00 9.696858669378670470e+00 2.925577308299232016e-06
5.550000000000002487e+00 5.183164788226022779e+00 3.745932745102820149e-06
5.700000000000002842e+00 2.098301713806904445e+00 6.325107612337177443e-06
5.850000000000003197e+00 1.139244828300434165e-02 1.799992036587444488e+02
6.000000000000003553e+00 1.456016225464395575e+00 1.799999957354743572e+02
6.150000000000003908e+00 2.447918786412856207e+00 1.799999982661551599e+02
6.300000000000004263e+00 3.132930450184602478e+00 1.799999990739762552e+02
6.450000000000004619e+00 3.611783587049146149e+00 1.799999994502595371e+02
6.600000000000004974e+00 3.954907611427799452e+00 1.799999996568361098e+02
6.750000000000005329e+00 4.212776564144775193e+00 1.799999997797958997e+02
6.900000000000005684e+00 4.423327882272587885e+00 1.799999998564697421e+02
7.050000000000006040e+00 4.617540747382705035e+00 1.799999999060203493e+02
7.200000000000006395e+00 4.823992969336558190e+00 1.799999999385123033e+02
7.350000000000006750e+00 5.073066153194460526e+00 1.799999999599852174e+02
7.500000000000007105e+00 5.401418048272248029e+00 1.799999999743113506e+02
7.650000000000007461e+00 5.857381435471971542e+00 1.799999999838074700e+02
7.800000000000007816e+00 6.508087413796140197e+00 1.799999999900245200e+02
7.950000000000008171e+00 7.449369686960181980e+00 1.799999999940411328e+02
8.100000000000008527e+00 8.819928037738797855e+00 1.799999999965567099e+02
8.250000000000008882e+00 1.082188845752410344e+01 1.799999999980751397e+02
8.400000000000009237e+00 1.375092399786712249e+01 1.799999999989593107e+02
8.550000000000009592e+00 1.804076327756526510e+01 1.799999999994516600e+02
8.700000000000009948e+00 2.432965198916223670e+01 1.799999999997148450e+02
8.850000000000010303e+00 3.356218579305006244e+01 1.799999999998510987e+02
9.000000000000010658e+00 4.714785498209773351e+01 1.799999999999193108e+02
9.150000000000011013e+00 6.724966391792811748e+01 1.799999999999523652e+02
9.300000000000011369e+00 9.719945401954392139e+01 1.799999999999683098e+02
9.450000000000011724e+00 1.433385190492946322e+02 1.799999999999756142e+02
9.600000000000012079e+00 2.133601056944193033e+02 1.799999999999789395e+02
9.750000000000012434e+00 3.590433128696571998e+02 1.799999999999803606e+02
9.900000000000012790e+00 4.987764355890158754e+02 1.799999999999805596e+02
1.005000000000001315e+01 7.999990231864406951e+02 1.799999999999806164e+02
1.020000000000001350e+01 7.999990231864406951e+02 1.799999999999806164e+02
1.035000000000001386e+01 7.999990231864406951e+02 1.799999999999806164e+02
1.050000000000001421e+01 7.999990231864406951e+02 1.799999999999806164e+02
1.065000000000001457e+01 7.999990231864406951e+02 1.799999999999806164e+02
1.080000000000001492e+01 7.999990231864406951e+02 1.799999999999806164e+02
1.095000000000001528e+01 7.999990231864406951e+02 1.799999999999806164e+02
1.110000000000001563e+01 7.999990231864406951e+02 1.799999999999806164e+02
1.125000000000001599e+01 7.999990231864406951e+02 1.799999999999806164e+02
1.140000000000001634e+01 7.999990231864406951e+02 1.799999999999806164e+02
1.155000000000001670e+01 7.999990231864406951e+02 1.799999999999806164e+02
1.170000000000001705e+01 7.999990231864406951e+02 1.799999999999806164e+02
1.185000000000001741e+01 7.999990231864406951e+02 1.799999999999806164e+02
1.200000000000001776e+01 7.999990231864406951e+02 1.799999999999806164e+02
1.215000000000001812e+01 7.999990231864406951e+02 1.799999999999806164e+02
1.230000000000001847e+01 7.999990231864406951e+02 1.799999999999806164e+02
1.245000000000001883e+01 7.999990231864406951e+02 1.799999999999806164e+02
1.260000000000001918e+01 7.999990231864406951e+02 1.799999999999806164e+02
1.275000000000001954e+01 7.999990231864406951e+02 1.799999999999806164e+02
1.290000000000001990e+01 7.999990231864406951e+02 1.799999999999806164e+02
1.305000000000002025e+01 7.999965732158286755e+02 1.799999999999807301e+02
1.320000000000002061e+01 7.999965732158286755e+02 1.799999999999807301e+02
1.335000000000002096e+01 7.999965732158286755e+02 1.799999999999807301e+02
1.350000000000002132e+01 7.999965732158286755e+02 1.799999999999807301e+02
1.365000000000002167e+01 7.999965732158286755e+02 1.799999999999807301e+02
1.380000000000002203e+01 7.999965732158286755e+02 1.799999999999807301e+02
1.395000000000002238e+01 7.999965732158286755e+02 1.799999999999807301e+02
1.410000000000002274e+01 7.999965732158286755e+02 1.799999999999807301e+02
1.425000000000002309e+01 7.999965732158286755e+02 1.799999999999807301e+02
1.440000000000002345e+01 7.999965732158286755e+02 1.799999999999807301e+02
1.455000000000002380e+01 7.999965732158286755e+02 1.799999999999807301e+02
1.470000000000002416e+01 7.999965732158286755e+02 1.799999999999807301e+02
1.485000000000002451e+01 7.999965732158286755e+02 1.799999999999807301e+02
1.500000000000002487e+01 7.999965732158286755e+02 1.799999999999807301e+02
1.515000000000002522e+01 7.999965732158286755e+02 1.799999999999807301e+02
1.530000000000002558e+01 7.999965732158286755e+02 1.799999999999807301e+02
1.545000000000002593e+01 7.999965732158286755e+02 1.799999999999807301e+02
1.560000000000002629e+01 7.999965732158286755e+02 1.799999999999807301e+02
1.575000000000002665e+01 7.999965732158286755e+02 1.799999999999807301e+02
1.590000000000002700e+01 7.999965732158286755e+02 1.799999999999807301e+02
