1.499999999999999944e-01 7.999986909785735634e+02 5.173755169729510328e-06
2.999999999999999889e-01 7.999986909785735634e+02 5.173755169729510328e-06
4.499999999999999556e-01 7.999986909785735634e+02 5.173755169729510328e-06
5.999999999999999778e-01 7.999986909785735634e+02 5.173755169729510328e-06
7.500000000000000000e-01 7.999986909785735634e+02 5.173755169729510328e-06
9.000000000000000222e-01 7.999986909785735634e+02 5.173755169729510328e-06
1.050000000000000044e+00 7.999986909785735634e+02 5.173755169729510328e-06
1.199999999999999956e+00 7.999986909785735634e+02 5.173755169729510328e-06
1.349999999999999867e+00 7.999986909785735634e+02 5.173755169729510328e-06
1.499999999999999778e+00 7.999986909785735634e+02 5.173755169729510328e-06
1.649999999999999689e+00 7.999986909785735634e+02 5.173755169729510328e-06
1.799999999999999600e+00 7.999986909785735634e+02 5.173755169729510328e-06
1.949999999999999512e+00 7.999986909785735634e+02 5.173755169729510328e-06
2.099999999999999645e+00 7.999996713444671741e+02 5.170619524208497353e-06
2.249999999999999556e+00 7.999996713444671741e+02 5.170619524208497353e-06
2.399999999999999467e+00 7.999996713444671741e+02 5.170619524208497353e-06
2.549999999999999378e+00 7.999996713444671741e+02 5.170619524208497353e-06
2.699999999999999289e+00 7.999996713444671741e+02 5.170619524208497353e-06
2.849999999999999201e+00 7.999996713444671741e+02 5.170619524208497353e-06
2.999999999999999112e+00 7.999996713444671741e+02 5.170619524208497353e-06
3.149999999999999023e+00 7.999996713444671741e+02 5.170619524208497353e-06
3.299999999999998934e+00 7.999996713444671741e+02 5.170619524208497353e-06
3.449999999999998845e+00 7.999996713444671741e+02 5.170619524208497353e-06
3.599999999999998757e+00 7.999996713444671741e+02 5.170619524208497353e-06
3.749999999999998668e+00 7.999996713444671741e+02 5.170619524208497353e-06
3.899999999999998579e+00 7.999996713444671741e+02 5.170619524208497353e-06
4.049999999999998934e+00 5.040045468502540871e+02 5.178581199971610260e-06
4.199999999999999289e+00 3.858561666551075859e+02 5.214512482032418461e-06
4.349999999999999645e+00 2.577857672341655757e+02 5.278767635785719392e-06
4.500000000000000000e+00 1.980287239301971454e+02 5.375916331984420538e-06
4.650000000000000355e+00 1.569210684645475169e+02 5.530714255130853019e-06
4.800000000000000711e+00 1.278214363649601495e+02 5.725631249897666919e-06
4.950000000000001066e+00 1.055063836032766318e+02 5.984322107854822548e-06
5.100000000000001421e+00 8.757268676597823287e+01 6.336660744787891986e-06
5.250000000000001776e+00 7.259498730746317108e+01 6.782197463195416276e-06
5.400000000000002132e+00 5.971925425788094088e+01 7.374692734485321921e-06
5.550000000000002487e+00 4.840407090780269073e+01 8.201159581333605786e-06
5.700000000000002842e+00 3.829541141992610420e+01 9.356179528796637612e-06
5.850000000000003197e+00 2.915455174806108118e+01 1.111369423290042846e-05
6.000000000000003553e+00 2.081534920198345517e+01 1.411636275161498588e-05
6.150000000000003908e+00 1.315750280632596869e+01 2.020352896447974445e-05
6.300000000000004263e+00 6.089252391550893151e+00 3.945313937958605521e-05
6.450000000000004619e+00 4.640870219716362044e-01 1.799995319287840516e+02
6.600000000000004974e+00 6.567827690783346384e+00 1.799999702198350064e+02
6.750000000000005329e+00 1.228312888927208135e+01 1.799999856972156635e+02
6.900000000000005684e+00 1.767058283006841179e+01 1.799999910749805565e+02
7.050000000000006040e+00 2.279277147492620514e+01 1.799999938198220093e+02
7.200000000000006395e+00 2.771625560496029550e+01 1.799999954744894524e+02
7.350000000000006750e+00 3.251337434873941845e+01 1.799999965684375809e+02
7.500000000000007105e+00 3.726419395414853852e+01 1.799999973509229392e+02
7.650000000000007461e+00 4.205894715024284380e+01 1.799999979299177255e+02
7.800000000000007816e+00 4.700135860950889111e+01 1.799999983676032116e+02
7.950000000000008171e+00 5.221338093119410928e+01 1.799999987111901589e+02
8.100000000000008527e+00 5.784211436502582160e+01 1.799999989815643460e+02
8.250000000000008882e+00 6.407013967955623457e+01 1.799999991939813242e+02
8.400000000000009237e+00 7.113132700675973297e+01 1.799999993641190201e+02
8.550000000000009592e+00 7.933576580816620094e+01 1.799999994984819409e+02
8.700000000000009948e+00 8.911045287919517932e+01 1.799999996027904956e+02
8.850000000000010303e+00 1.010692489685039419e+02 1.799999996840696781e+02
9.000000000000010658e+00 1.161360823861290044e+02 1.799999997454523850e+02
9.150000000000011013e+00 1.358015938474568713e+02 1.799999997900336837e+02
9.300000000000011369e+00 1.625294001160914377e+02 1.799999998217932955e+02
9.450000000000011724e+00 2.015914611598313400e+02 1.799999998429803441e+02
9.600000000000012079e+00 2.596954517522821675e+02 1.799999998554156377e+02
9.750000000000012434e+00 3.864584705090898638e+02 1.799999998625443141e+02
9.900000000000012790e+00 5.040412140970479413e+02 1.799999998649045665e+02
1.005000000000001315e+01 7.999996725354234286e+02 1.799999998652745035e+02
1.020000000000001350e+01 7.999996725354234286e+02 1.799999998652745035e+02
1.035000000000001386e+01 7.999996725354234286e+02 1.799999998652745035e+02
1.050000000000001421e+01 7.999996725354234286e+02 1.799999998652745035e+02
1.065000000000001457e+01 7.999996725354234286e+02 1.799999998652745035e+02
1.080000000000001492e+01 7.999996725354234286e+02 1.799999998652745035e+02
1.095000000000001528e+01 7.999996725354234286e+02 1.799999998652745035e+02
1.110000000000001563e+01 7.999996725354234286e+02 1.799999998652745035e+02
1.125000000000001599e+01 7.999996725354234286e+02 1.799999998652745035e+02
1.140000000000001634e+01 7.999996725354234286e+02 1.799999998652745035e+02
1.155000000000001670e+01 7.999996725354234286e+02 1.799999998652745035e+02
1.170000000000001705e+01 7.999996725354234286e+02 1.799999998652745035e+02
1.185000000000001741e+01 7.999996725354234286e+02 1.799999998652745035e+02
1.200000000000001776e+01 7.999996725354234286e+02 1.799999998652745035e+02
1.215000000000001812e+01 7.999996725354234286e+02 1.799999998652745035e+02
1.230000000000001847e+01 7.999996725354234286e+02 1.799999998652745035e+02
1.245000000000001883e+01 7.999996725354234286e+02 1.799999998652745035e+02
1.260000000000001918e+01 7.999996725354234286e+02 1.799999998652745035e+02
1.275000000000001954e+01 7.999996725354234286e+02 1.799999998652745035e+02
1.290000000000001990e+01 7.999996725354234286e+02 1.799999998652745035e+02
1.305000000000002025e+01 7.999986951252725476e+02 1.799999998655182765e+02
1.320000000000002061e+01 7.999986951252725476e+02 1.799999998655182765e+02
1.335000000000002096e+01 7.999986951252725476e+02 1.799999998655182765e+02
1.350000000000002132e+01 7.999986951252725476e+02 1.799999998655182765e+02
1.365000000000002167e+01 7.999986951252725476e+02 1.799999998655182765e+02
1.380000000000002203e+01 7.999986951252725476e+02 1.799999998655182765e+02
1.395000000000002238e+01 7.999986951252725476e+02 1.799999998655182765e+02
1.410000000000002274e+01 7.999986951252725476e+02 1.799999998655182765e+02
1.425000000000002309e+01 7.999986951252725476e+02 1.799999998655182765e+02
1.440000000000002345e+01 7.999986951252725476e+02 1.799999998655182765e+02
1.455000000000002380e+01 7.999986951252725476e+02 1.799999998655182765e+02
1.470000000000002416e+01 7.999986951252725476e+02 1.799999998655182765e+02
1.485000000000002451e+01 7.999986951252725476e+02 1.799999998655182765e+02
1.500000000000002487e+01 7.999986951252725476e+02 1.799999998655182765e+02
1.515000000000002522e+01 7.999986951252725476e+02 1.799999998655182765e+02
1.530000000000002558e+01 7.999986951252725476e+02 1.799999998655182765e+02
1.545000000000002593e+01 7.999986951252725476e+02 1.799999998655182765e+02
1.560000000000002629e+01 7.999986951252725476e+02 1.799999998655182765e+02
1.575000000000002665e+01 7.999986951252725476e+02 1.799999998655182765e+02
1.590000000000002700e+01 7.999986951252725476e+02 1.799999998655182765e+02
