1.499999999999999944e-01 7.999257640697945817e+02 1.941225435161841872e-03
2.999999999999999889e-01 7.999257640697945817e+02 1.941225435161841872e-03
4.499999999999999556e-01 7.999257640697945817e+02 1.941225435161841872e-03
5.999999999999999778e-01 7.999257640697945817e+02 1.941225435161841872e-03
7.500000000000000000e-01 7.999257640697945817e+02 1.941225435161841872e-03
9.000000000000000222e-01 7.999257640697945817e+02 1.941225435161841872e-03
1.050000000000000044e+00 7.999257640697945817e+02 1.941225435161841872e-03
1.199999999999999956e+00 7.999257640697945817e+02 1.941225435161841872e-03
1.349999999999999867e+00 7.999257640697945817e+02 1.941225435161841872e-03
1.499999999999999778e+00 7.999257640697945817e+02 1.941225435161841872e-03
1.649999999999999689e+00 7.999257640697945817e+02 1.941225435161841872e-03
1.799999999999999600e+00 7.999257640697945817e+02 1.941225435161841872e-03
1.949999999999999512e+00 7.999257640697945817e+02 1.941225435161841872e-03
2.099999999999999645e+00 7.999683570662538159e+02 1.941040159333717874e-03
2.249999999999999556e+00 7.999683570662538159e+02 1.941040159333717874e-03
2.399999999999999467e+00 7.999683570662538159e+02 1.941040159333717874e-03
2.549999999999999378e+00 7.999683570662538159e+02 1.941040159333717874e-03
2.699999999999999289e+00 7.999683570662538159e+02 1.941040159333717874e-03
2.849999999999999201e+00 7.999683570662538159e+02 1.941040159333717874e-03
2.999999999999999112e+00 7.999683570662538159e+02 1.941040159333717874e-03
3.149999999999999023e+00 7.999683570662538159e+02 1.941040159333717874e-03
3.299999999999998934e+00 7.999683570662538159e+02 1.941040159333717874e-03
3.449999999999998845e+00 7.999683570662538159e+02 1.941040159333717874e-03
3.599999999999998757e+00 7.999683570662538159e+02 1.941040159333717874e-03
3.749999999999998668e+00 7.999683570662538159e+02 1.941040159333717874e-03
3.899999999999998579e+00 7.999683570662538159e+02 1.941040159333717874e-03
4.049999999999998934e+00 4.671736643837187444e+02 1.942556498311542867e-03
4.199999999999999289e+00 2.602897077524438600e+02 1.947342139300256569e-03
4.349999999999999645e+00 1.037305471898172726e+02 1.959560675434568466e-03
4.500000000000000000e+00 4.608884204244099436e+01 1.985776645493819714e-03
4.650000000000000355e+00 1.942402064487225744e+01 2.051358473322717479e-03
4.800000000000000711e+00 7.918291645820836777e+00 2.213787550472301469e-03
4.950000000000001066e+00 2.843544739887022388e+00 2.702993833436639903e-03
5.100000000000001421e+00 6.203946348157387547e-01 5.440467458989073357e-03
5.250000000000001776e+00 3.556248178335863486e-01 1.799958354618827912e+02
5.400000000000002132e+00 7.838305885071008561e-01 1.799991708428927382e+02
5.550000000000002487e+00 9.717357064400289346e-01 1.799997063735521579e+02
5.700000000000002842e+00 1.054186556978152112e+00 1.799998812275173350e+02
5.850000000000003197e+00 1.090365946343126780e+00 1.799999496093998914e+02
6.000000000000003553e+00 1.106241434727792239e+00 1.799999781948232567e+02
6.150000000000003908e+00 1.113207830878423010e+00 1.799999904912798172e+02
6.300000000000004263e+00 1.116265308999174977e+00 1.799999958387891752e+02
6.450000000000004619e+00 1.117608398380070867e+00 1.799999981753270504e+02
6.600000000000004974e+00 1.118201111294297334e+00 1.799999991997169673e+02
6.750000000000005329e+00 1.118468872044786622e+00 1.799999996489019054e+02
6.900000000000005684e+00 1.118603868028117176e+00 1.799999998458784489e+02
7.050000000000006040e+00 1.118702993501642595e+00 1.799999999323740383e+02
7.200000000000006395e+00 1.118837396529613670e+00 1.799999999703277922e+02
7.350000000000006750e+00 1.119103546013377581e+00 1.799999999869763485e+02
7.500000000000007105e+00 1.119692472704514330e+00 1.799999999942879469e+02
7.650000000000007461e+00 1.121026883206184266e+00 1.799999999974963316e+02
7.800000000000007816e+00 1.124064560677368263e+00 1.799999999989038315e+02
7.950000000000008171e+00 1.130985822626087156e+00 1.799999999995218047e+02
8.100000000000008527e+00 1.146758449939113689e+00 1.799999999997928342e+02
8.250000000000008882e+00 1.182703432358948703e+00 1.799999999999116085e+02
8.400000000000009237e+00 1.264620137327483462e+00 1.799999999999632507e+02
8.550000000000009592e+00 1.451308256985583967e+00 1.799999999999847944e+02
8.700000000000009948e+00 1.876742164443470529e+00 1.799999999999928093e+02
8.850000000000010303e+00 2.846452544837831056e+00 1.799999999999950262e+02
9.000000000000010658e+00 5.055269428317487268e+00 1.799999999999950262e+02
9.150000000000011013e+00 1.009755523087319062e+01 1.799999999999945430e+02
9.300000000000011369e+00 2.153055693383634761e+01 1.799999999999942872e+02
9.450000000000011724e+00 4.803454508157804526e+01 1.799999999999942588e+02
9.600000000000012079e+00 1.053437003950849942e+02 1.799999999999942588e+02
9.750000000000012434e+00 2.612395470357394061e+02 1.799999999999940883e+02
9.900000000000012790e+00 4.673294349951352160e+02 1.799999999999940883e+02
1.005000000000001315e+01 7.999689363896677605e+02 1.799999999999941167e+02
1.020000000000001350e+01 7.999689363896677605e+02 1.799999999999941167e+02
1.035000000000001386e+01 7.999689363896677605e+02 1.799999999999941167e+02
1.050000000000001421e+01 7.999689363896677605e+02 1.799999999999941167e+02
1.065000000000001457e+01 7.999689363896677605e+02 1.799999999999941167e+02
1.080000000000001492e+01 7.999689363896677605e+02 1.799999999999941167e+02
1.095000000000001528e+01 7.999689363896677605e+02 1.799999999999941167e+02
1.110000000000001563e+01 7.999689363896677605e+02 1.799999999999941167e+02
1.125000000000001599e+01 7.999689363896677605e+02 1.799999999999941167e+02
1.140000000000001634e+01 7.999689363896677605e+02 1.799999999999941167e+02
1.155000000000001670e+01 7.999689363896677605e+02 1.799999999999941167e+02
1.170000000000001705e+01 7.999689363896677605e+02 1.799999999999941167e+02
1.185000000000001741e+01 7.999689363896677605e+02 1.799999999999941167e+02
1.200000000000001776e+01 7.999689363896677605e+02 1.799999999999941167e+02
1.215000000000001812e+01 7.999689363896677605e+02 1.799999999999941167e+02
1.230000000000001847e+01 7.999689363896677605e+02 1.799999999999941167e+02
1.245000000000001883e+01 7.999689363896677605e+02 1.799999999999941167e+02
1.260000000000001918e+01 7.999689363896677605e+02 1.799999999999941167e+02
1.275000000000001954e+01 7.999689363896677605e+02 1.799999999999941167e+02
1.290000000000001990e+01 7.999689363896677605e+02 1.799999999999941167e+02
1.305000000000002025e+01 7.999270751805119062e+02 1.799999999999941167e+02
1.320000000000002061e+01 7.999270751805119062e+02 1.799999999999941167e+02
1.335000000000002096e+01 7.999270751805119062e+02 1.799999999999941167e+02
1.350000000000002132e+01 7.999270751805119062e+02 1.799999999999941167e+02
1.365000000000002167e+01 7.999270751805119062e+02 1.799999999999941167e+02
1.380000000000002203e+01 7.999270751805119062e+02 1.799999999999941167e+02
1.395000000000002238e+01 7.999270751805119062e+02 1.799999999999941167e+02
1.410000000000002274e+01 7.999270751805119062e+02 1.799999999999941167e+02
1.425000000000002309e+01 7.999270751805119062e+02 1.799999999999941167e+02
1.440000000000002345e+01 7.999270751805119062e+02 1.799999999999941167e+02
1.455000000000002380e+01 7.999270751805119062e+02 1.799999999999941167e+02
1.470000000000002416e+01 7.999270751805119062e+02 1.799999999999941167e+02
1.485000000000002451e+01 7.999270751805119062e+02 1.799999999999941167e+02
1.500000000000002487e+01 7.999270751805119062e+02 1.799999999999941167e+02
1.515000000000002522e+01 7.999270751805119062e+02 1.799999999999941167e+02
1.530000000000002558e+01 7.999270751805119062e+02 1.799999999999941167e+02
1.545000000000002593e+01 7.999270751805119062e+02 1.799999999999941167e+02
1.560000000000002629e+01 7.999270751805119062e+02 1.799999999999941167e+02
1.575000000000002665e+01 7.999270751805119062e+02 1.799999999999941167e+02
1.590000000000002700e+01 7.999270751805119062e+02 1.799999999999941167e+02
