1.499999999999999944e-01 7.996655672419531129e+02 2.044216269896370619e-04
2.999999999999999889e-01 7.996655672419531129e+02 2.044216269896370619e-04
4.499999999999999556e-01 7.996655672419531129e+02 2.044216269896370619e-04
5.999999999999999778e-01 7.996655672419531129e+02 2.044216269896370619e-04
7.500000000000000000e-01 7.996655672419531129e+02 2.044216269896370619e-04
9.000000000000000222e-01 7.996655672419531129e+02 2.044216269896370619e-04
1.050000000000000044e+00 7.996655672419531129e+02 2.044216269896370619e-04
1.199999999999999956e+00 7.996655672419531129e+02 2.044216269896370619e-04
1.349999999999999867e+00 7.996655672419531129e+02 2.044216269896370619e-04
1.499999999999999778e+00 7.996655672419531129e+02 2.044216269896370619e-04
1.649999999999999689e+00 7.996655672419531129e+02 2.044216269896370619e-04
1.799999999999999600e+00 7.996655672419531129e+02 2.044216269896370619e-04
1.949999999999999512e+00 7.996655672419531129e+02 2.044216269896370619e-04
2.099999999999999645e+00 7.998267075205776564e+02 2.043268781627416431e-04
2.249999999999999556e+00 7.998267075205776564e+02 2.043268781627416431e-04
2.399999999999999467e+00 7.998267075205776564e+02 2.043268781627416431e-04
2.549999999999999378e+00 7.998267075205776564e+02 2.043268781627416431e-04
2.699999999999999289e+00 7.998267075205776564e+02 2.043268781627416431e-04
2.849999999999999201e+00 7.998267075205776564e+02 2.043268781627416431e-04
2.999999999999999112e+00 7.998267075205776564e+02 2.043268781627416431e-04
3.149999999999999023e+00 7.998267075205776564e+02 2.043268781627416431e-04
3.299999999999998934e+00 7.998267075205776564e+02 2.043268781627416431e-04
3.449999999999998845e+00 7.998267075205776564e+02 2.043268781627416431e-04
3.599999999999998757e+00 7.998267075205776564e+02 2.043268781627416431e-04
3.749999999999998668e+00 7.998267075205776564e+02 2.043268781627416431e-04
3.899999999999998579e+00 7.998267075205776564e+02 2.043268781627416431e-04
4.049999999999998934e+00 4.375397313861842576e+02 2.044725752501364013e-04
4.199999999999999289e+00 2.087749276647571151e+02 2.050426538369176654e-04
4.349999999999999645e+00 6.822389104140003724e+01 2.061811876306052227e-04
4.500000000000000000e+00 2.530203896824968268e+01 2.090513129267002057e-04
4.650000000000000355e+00 8.701321188532887163e+00 2.180030871252736091e-04
4.800000000000000711e+00 2.812599263486561085e+00 2.456697391106654749e-04
4.950000000000001066e+00 6.602937953217633549e-01 3.788661073812482627e-04
5.100000000000001421e+00 1.178950712264850154e-01 1.799992290814299452e+02
5.250000000000001776e+00 4.003573816584093947e-01 1.799999176942846759e+02
5.400000000000002132e+00 5.027394164070528859e-01 1.799999762297916561e+02
5.550000000000002487e+00 5.398679492595874763e-01 1.799999919628130272e+02
5.700000000000002842e+00 5.533300261657814190e-01 1.799999971563458985e+02
5.850000000000003197e+00 5.582114345297668478e-01 1.799999989778237932e+02
6.000000000000003553e+00 5.599814131517177884e-01 1.799999996300192890e+02
6.150000000000003908e+00 5.606232082194537725e-01 1.799999998659871210e+02
6.300000000000004263e+00 5.608559295239956555e-01 1.799999999514229216e+02
6.450000000000004619e+00 5.609403356971824905e-01 1.799999999823641872e+02
6.600000000000004974e+00 5.609710013929998240e-01 1.799999999936051154e+02
6.750000000000005329e+00 5.609822869274694312e-01 1.799999999976810443e+02
6.900000000000005684e+00 5.609868371569746159e-01 1.799999999991579500e+02
7.050000000000006040e+00 5.609897505122489747e-01 1.799999999996947793e+02
7.200000000000006395e+00 5.609942915372130301e-01 1.799999999998893259e+02
7.350000000000006750e+00 5.610055482189864051e-01 1.799999999999598685e+02
7.500000000000007105e+00 5.610361331980584509e-01 1.799999999999853344e+02
7.650000000000007461e+00 5.611203163381333070e-01 1.799999999999946851e+02
7.800000000000007816e+00 5.613524224135062468e-01 1.799999999999980105e+02
7.950000000000008171e+00 5.619925208364975333e-01 1.799999999999991758e+02
8.100000000000008527e+00 5.637578200113466664e-01 1.799999999999996021e+02
8.250000000000008882e+00 5.686263230776376076e-01 1.799999999999996305e+02
8.400000000000009237e+00 5.820528093274788262e-01 1.799999999999996874e+02
8.550000000000009592e+00 6.190831898506985453e-01 1.799999999999992895e+02
8.700000000000009948e+00 7.211945676045843356e-01 1.799999999999985789e+02
8.850000000000010303e+00 1.002910546464136132e+00 1.799999999999972147e+02
9.000000000000010658e+00 1.779043142302498381e+00 1.799999999999955378e+02
9.150000000000011013e+00 3.925683820460662332e+00 1.799999999999944578e+02
9.300000000000011369e+00 9.798899530479175723e+00 1.799999999999938893e+02
9.450000000000011724e+00 2.635720421550630732e+01 1.799999999999936051e+02
9.600000000000012079e+00 6.916861349098384437e+01 1.799999999999936335e+02
9.750000000000012434e+00 2.094344691575774107e+02 1.799999999999936051e+02
9.900000000000012790e+00 4.377016758803727043e+02 1.799999999999936335e+02
1.005000000000001315e+01 7.998285023942739826e+02 1.799999999999936335e+02
1.020000000000001350e+01 7.998285023942739826e+02 1.799999999999936335e+02
1.035000000000001386e+01 7.998285023942739826e+02 1.799999999999936335e+02
1.050000000000001421e+01 7.998285023942739826e+02 1.799999999999936335e+02
1.065000000000001457e+01 7.998285023942739826e+02 1.799999999999936335e+02
1.080000000000001492e+01 7.998285023942739826e+02 1.799999999999936335e+02
1.095000000000001528e+01 7.998285023942739826e+02 1.799999999999936335e+02
1.110000000000001563e+01 7.998285023942739826e+02 1.799999999999936335e+02
1.125000000000001599e+01 7.998285023942739826e+02 1.799999999999936335e+02
1.140000000000001634e+01 7.998285023942739826e+02 1.799999999999936335e+02
1.155000000000001670e+01 7.998285023942739826e+02 1.799999999999936335e+02
1.170000000000001705e+01 7.998285023942739826e+02 1.799999999999936335e+02
1.185000000000001741e+01 7.998285023942739826e+02 1.799999999999936335e+02
1.200000000000001776e+01 7.998285023942739826e+02 1.799999999999936335e+02
1.215000000000001812e+01 7.998285023942739826e+02 1.799999999999936335e+02
1.230000000000001847e+01 7.998285023942739826e+02 1.799999999999936335e+02
1.245000000000001883e+01 7.998285023942739826e+02 1.799999999999936335e+02
1.260000000000001918e+01 7.998285023942739826e+02 1.799999999999936335e+02
1.275000000000001954e+01 7.998285023942739826e+02 1.799999999999936335e+02
1.290000000000001990e+01 7.998285023942739826e+02 1.799999999999936335e+02
1.305000000000002025e+01 7.996688806558820488e+02 1.799999999999936051e+02
1.320000000000002061e+01 7.996688806558820488e+02 1.799999999999936051e+02
1.335000000000002096e+01 7.996688806558820488e+02 1.799999999999936051e+02
1.350000000000002132e+01 7.996688806558820488e+02 1.799999999999936051e+02
1.365000000000002167e+01 7.996688806558820488e+02 1.799999999999936051e+02
1.380000000000002203e+01 7.996688806558820488e+02 1.799999999999936051e+02
1.395000000000002238e+01 7.996688806558820488e+02 1.799999999999936051e+02
1.410000000000002274e+01 7.996688806558820488e+02 1.799999999999936051e+02
1.425000000000002309e+01 7.996688806558820488e+02 1.799999999999936051e+02
1.440000000000002345e+01 7.996688806558820488e+02 1.799999999999936051e+02
1.455000000000002380e+01 7.996688806558820488e+02 1.799999999999936051e+02
1.470000000000002416e+01 7.996688806558820488e+02 1.799999999999936051e+02
1.485000000000002451e+01 7.996688806558820488e+02 1.799999999999936051e+02
1.500000000000002487e+01 7.996688806558820488e+02 1.799999999999936051e+02
1.515000000000002522e+01 7.996688806558820488e+02 1.799999999999936051e+02
1.530000000000002558e+01 7.996688806558820488e+02 1.799999999999936051e+02
1.545000000000002593e+01 7.996688806558820488e+02 1.799999999999936051e+02
1.560000000000002629e+01 7.996688806558820488e+02 1.799999999999936051e+02
1.575000000000002665e+01 7.996688806558820488e+02 1.799999999999936051e+02
1.590000000000002700e+01 7.996688806558820488e+02 1.799999999999936051e+02
