1.499999999999999944e-01 7.999920219565457273e+02 5.080069698237821285e-11
2.999999999999999889e-01 7.999920219565457273e+02 5.080069698237821285e-11
4.499999999999999556e-01 7.999920219565457273e+02 5.080069698237821285e-11
5.999999999999999778e-01 7.999920219565457273e+02 5.080069698237821285e-11
7.500000000000000000e-01 7.999920219565457273e+02 5.080069698237821285e-11
9.000000000000000222e-01 7.999920219565457273e+02 5.080069698237821285e-11
1.050000000000000044e+00 7.999920219565457273e+02 5.080069698237821285e-11
1.199999999999999956e+00 7.999920219565457273e+02 5.080069698237821285e-11
1.349999999999999867e+00 7.999920219565457273e+02 5.080069698237821285e-11
1.499999999999999778e+00 7.999920219565457273e+02 5.080069698237821285e-11
1.649999999999999689e+00 7.999920219565457273e+02 5.080069698237821285e-11
1.799999999999999600e+00 7.999920219565457273e+02 5.080069698237821285e-11
1.949999999999999512e+00 7.999920219565457273e+02 5.080069698237821285e-11
2.099999999999999645e+00 7.999974591841962592e+02 5.095179833602969666e-11
2.249999999999999556e+00 7.999974591841962592e+02 5.095179833602969666e-11
2.399999999999999467e+00 7.999974591841962592e+02 5.095179833602969666e-11
2.549999999999999378e+00 7.999974591841962592e+02 5.095179833602969666e-11
2.699999999999999289e+00 7.999974591841962592e+02 5.095179833602969666e-11
2.849999999999999201e+00 7.999974591841962592e+02 5.095179833602969666e-11
2.999999999999999112e+00 7.999974591841962592e+02 5.095179833602969666e-11
3.149999999999999023e+00 7.999974591841962592e+02 5.095179833602969666e-11
3.299999999999998934e+00 7.999974591841962592e+02 5.095179833602969666e-11
3.449999999999998845e+00 7.999974591841962592e+02 5.095179833602969666e-11
3.599999999999998757e+00 7.999974591841962592e+02 5.095179833602969666e-11
3.749999999999998668e+00 7.999974591841962592e+02 5.095179833602969666e-11
3.899999999999998579e+00 7.999974591841962592e+02 5.095179833602969666e-11
4.049999999999998934e+00 4.927280510870234025e+02 5.113087730990173441e-11
4.199999999999999289e+00 3.330911186463955573e+02 5.268685487891389130e-11
4.349999999999999645e+00 1.769240049600042255e+02 5.823974635887907425e-11
4.500000000000000000e+00 1.048258807677928246e+02 7.502509724588435347e-11
4.650000000000000355e+00 6.131728000934496237e+01 1.244876424166818651e-10
4.800000000000000711e+00 3.607737236593807495e+01 2.668337772959716858e-10
4.950000000000001066e+00 2.112764905176168639e+01 6.786731177044202923e-10
5.100000000000001421e+00 1.228401478458500762e+01 1.879300715046383630e-09
5.250000000000001776e+00 7.043711788882433211e+00 5.431673222311417248e-09
5.400000000000002132e+00 3.938411426627524747e+00 1.627367518519662326e-08
5.550000000000002487e+00 2.097988285713910273e+00 5.143582415545466802e-08
5.700000000000002842e+00 1.007170370159542472e+00 1.804165417063074983e-07
5.850000000000003197e+00 3.605735615461753696e-01 8.489776400777415688e-07
6.000000000000003553e+00 2.281124893124797381e-02 1.799999773611732508e+02
6.150000000000003908e+00 2.503090311374762678e-01 1.799999965235827517e+02
6.300000000000004263e+00 3.856056169622661400e-01 1.799999961974135090e+02
6.450000000000004619e+00 4.665761107386288131e-01 1.799999946978847447e+02
6.600000000000004974e+00 5.158875468305268441e-01 1.799999919195615519e+02
6.750000000000005329e+00 5.473442856327892514e-01 1.799999871664103921e+02
6.900000000000005684e+00 5.697524109466485243e-01 1.799999791995121825e+02
7.050000000000006040e+00 5.893849181526320535e-01 1.799999661171690377e+02
7.200000000000006395e+00 6.117377917922794950e-01 1.799999449911636589e+02
7.350000000000006750e+00 6.430685681012846544e-01 1.799999117140485225e+02
7.500000000000007105e+00 6.921480939503226182e-01 1.799998617806047605e+02
7.650000000000007461e+00 7.727158820603676759e-01 1.799997913745141318e+02
7.800000000000007816e+00 9.073264427551634981e-01 1.799997002391388605e+02
7.950000000000008171e+00 1.133663429186924532e+00 1.799995957278691776e+02
8.100000000000008527e+00 1.515089424305301691e+00 1.799994902708837401e+02
8.250000000000008882e+00 2.158385874792401182e+00 1.799993963278527076e+02
8.400000000000009237e+00 3.243651713530724123e+00 1.799993231102108382e+02
8.550000000000009592e+00 5.074755692136662333e+00 1.799992709399196826e+02
8.700000000000009948e+00 8.164470848222855182e+00 1.799992354316570413e+02
8.850000000000010303e+00 1.337886759656025859e+01 1.799992136916195307e+02
9.000000000000010658e+00 2.217988130533456115e+01 1.799992006136641578e+02
9.150000000000011013e+00 3.706066895521472304e+01 1.799991920818878839e+02
9.300000000000011369e+00 6.219235598229236928e+01 1.799991879769023626e+02
9.450000000000011724e+00 1.055385013764749829e+02 1.799991859659569684e+02
9.600000000000012079e+00 1.774153995795089713e+02 1.799991842256409313e+02
9.750000000000012434e+00 3.333024569525874199e+02 1.799991843115922450e+02
9.900000000000012790e+00 4.927477451063778062e+02 1.799991846137660900e+02
1.005000000000001315e+01 7.999974325552765322e+02 1.799991844694815200e+02
1.020000000000001350e+01 7.999974325552765322e+02 1.799991844694815200e+02
1.035000000000001386e+01 7.999974325552765322e+02 1.799991844694815200e+02
1.050000000000001421e+01 7.999974325552765322e+02 1.799991844694815200e+02
1.065000000000001457e+01 7.999974325552765322e+02 1.799991844694815200e+02
1.080000000000001492e+01 7.999974325552765322e+02 1.799991844694815200e+02
1.095000000000001528e+01 7.999974325552765322e+02 1.799991844694815200e+02
1.110000000000001563e+01 7.999974325552765322e+02 1.799991844694815200e+02
1.125000000000001599e+01 7.999974325552765322e+02 1.799991844694815200e+02
1.140000000000001634e+01 7.999974325552765322e+02 1.799991844694815200e+02
1.155000000000001670e+01 7.999974325552765322e+02 1.799991844694815200e+02
1.170000000000001705e+01 7.999974325552765322e+02 1.799991844694815200e+02
1.185000000000001741e+01 7.999974325552765322e+02 1.799991844694815200e+02
1.200000000000001776e+01 7.999974325552765322e+02 1.799991844694815200e+02
1.215000000000001812e+01 7.999974325552765322e+02 1.799991844694815200e+02
1.230000000000001847e+01 7.999974325552765322e+02 1.799991844694815200e+02
1.245000000000001883e+01 7.999974325552765322e+02 1.799991844694815200e+02
1.260000000000001918e+01 7.999974325552765322e+02 1.799991844694815200e+02
1.275000000000001954e+01 7.999974325552765322e+02 1.799991844694815200e+02
1.290000000000001990e+01 7.999974325552765322e+02 1.799991844694815200e+02
1.305000000000002025e+01 7.999919371166918154e+02 1.799991850416972454e+02
1.320000000000002061e+01 7.999919371166918154e+02 1.799991850416972454e+02
1.335000000000002096e+01 7.999919371166918154e+02 1.799991850416972454e+02
1.350000000000002132e+01 7.999919371166918154e+02 1.799991850416972454e+02
1.365000000000002167e+01 7.999919371166918154e+02 1.799991850416972454e+02
1.380000000000002203e+01 7.999919371166918154e+02 1.799991850416972454e+02
1.395000000000002238e+01 7.999919371166918154e+02 1.799991850416972454e+02
1.410000000000002274e+01 7.999919371166918154e+02 1.799991850416972454e+02
1.425000000000002309e+01 7.999919371166918154e+02 1.799991850416972454e+02
1.440000000000002345e+01 7.999919371166918154e+02 1.799991850416972454e+02
1.455000000000002380e+01 7.999919371166918154e+02 1.799991850416972454e+02
1.470000000000002416e+01 7.999919371166918154e+02 1.799991850416972454e+02
1.485000000000002451e+01 7.999919371166918154e+02 1.799991850416972454e+02
1.500000000000002487e+01 7.999919371166918154e+02 1.799991850416972454e+02
1.515000000000002522e+01 7.999919371166918154e+02 1.799991850416972454e+02
1.530000000000002558e+01 7.999919371166918154e+02 1.799991850416972454e+02
1.545000000000002593e+01 7.999919371166918154e+02 1.799991850416972454e+02
1.560000000000002629e+01 7.999919371166918154e+02 1.799991850416972454e+02
1.575000000000002665e+01 7.999919371166918154e+02 1.799991850416972454e+02
1.590000000000002700e+01 7.999919371166918154e+02 1.799991850416972454e+02
