1.499999999999999944e-01 7.999260324505362405e+02 1.799995126118671180e+02
2.999999999999999889e-01 7.999260324505362405e+02 1.799995126118671180e+02
4.499999999999999556e-01 7.999260324505362405e+02 1.799995126118671180e+02
5.999999999999999778e-01 7.999260324505362405e+02 1.799995126118671180e+02
7.500000000000000000e-01 7.999260324505362405e+02 1.799995126118671180e+02
9.000000000000000222e-01 7.999260324505362405e+02 1.799995126118671180e+02
1.050000000000000044e+00 7.999260324505362405e+02 1.799995126118671180e+02
1.199999999999999956e+00 7.999260324505362405e+02 1.799995126118671180e+02
1.349999999999999867e+00 7.999260324505362405e+02 1.799995126118671180e+02
1.499999999999999778e+00 7.999260324505362405e+02 1.799995126118671180e+02
1.649999999999999689e+00 7.999260324505362405e+02 1.799995126118671180e+02
1.799999999999999600e+00 7.999260324505362405e+02 1.799995126118671180e+02
1.949999999999999512e+00 7.999260324505362405e+02 1.799995126118671180e+02
2.099999999999999645e+00 7.999684982979971437e+02 1.799995130652814623e+02
2.249999999999999556e+00 7.999684982979971437e+02 1.799995130652814623e+02
2.399999999999999467e+00 7.999684982979971437e+02 1.799995130652814623e+02
2.549999999999999378e+00 7.999684982979971437e+02 1.799995130652814623e+02
2.699999999999999289e+00 7.999684982979971437e+02 1.799995130652814623e+02
2.849999999999999201e+00 7.999684982979971437e+02 1.799995130652814623e+02
2.999999999999999112e+00 7.999684982979971437e+02 1.799995130652814623e+02
3.149999999999999023e+00 7.999684982979971437e+02 1.799995130652814623e+02
3.299999999999998934e+00 7.999684982979971437e+02 1.799995130652814623e+02
3.449999999999998845e+00 7.999684982979971437e+02 1.799995130652814623e+02
3.599999999999998757e+00 7.999684982979971437e+02 1.799995130652814623e+02
3.749999999999998668e+00 7.999684982979971437e+02 1.799995130652814623e+02
3.899999999999998579e+00 7.999684982979971437e+02 1.799995130652814623e+02
4.049999999999998934e+00 4.673749302991465129e+02 1.799995134491339286e+02
4.199999999999999289e+00 2.615175031492584594e+02 1.799995139391794226e+02
4.349999999999999645e+00 1.058162845800769531e+02 1.799995184823010845e+02
4.500000000000000000e+00 4.860494943442079574e+01 1.799995280336358405e+02
4.650000000000000355e+00 2.214844970032379123e+01 1.799995483348636753e+02
4.800000000000000711e+00 1.073701204417088917e+01 1.799995900600874279e+02
4.950000000000001066e+00 5.704394593896587651e+00 1.799996616218206782e+02
5.100000000000001421e+00 3.499866649591581336e+00 1.799997573792769572e+02
5.250000000000001776e+00 2.532053058398787471e+00 1.799998528226131498e+02
5.400000000000002132e+00 2.107456463767505284e+00 1.799999223866400939e+02
5.550000000000002487e+00 1.921137736918780092e+00 1.799999625550030657e+02
5.700000000000002842e+00 1.839383976475403415e+00 1.799999828346867901e+02
5.850000000000003197e+00 1.803510948977503858e+00 1.799999923162041853e+02
6.000000000000003553e+00 1.787770295349190519e+00 1.799999965908672550e+02
6.150000000000003908e+00 1.780863699420677904e+00 1.799999984979106671e+02
6.300000000000004263e+00 1.777833786599472887e+00 1.799999993396013167e+02
6.450000000000004619e+00 1.776505759874851265e+00 1.799999997093356967e+02
6.600000000000004974e+00 1.775926395123605062e+00 1.799999998723841372e+02
6.750000000000005329e+00 1.775679838729956828e+00 1.799999999439807539e+02
6.900000000000005684e+00 1.775589118787337384e+00 1.799999999753611917e+02
7.050000000000006040e+00 1.775589118846340853e+00 1.799999999891859090e+02
7.200000000000006395e+00 1.775679838833212898e+00 1.799999999952538019e+02
7.350000000000006750e+00 1.775926395330117202e+00 1.799999999979129655e+02
7.500000000000007105e+00 1.776505760346879015e+00 1.799999999990842241e+02
7.650000000000007461e+00 1.777833787661535325e+00 1.799999999995982023e+02
7.800000000000007816e+00 1.780863701854570991e+00 1.799999999998235012e+02
7.950000000000008171e+00 1.787770300939769186e+00 1.799999999999226645e+02
8.100000000000008527e+00 1.803510961751754849e+00 1.799999999999661782e+02
8.250000000000008882e+00 1.839384005564113522e+00 1.799999999999847375e+02
8.400000000000009237e+00 1.921137803179675529e+00 1.799999999999920988e+02
8.550000000000009592e+00 2.107456614786883620e+00 1.799999999999942304e+02
8.700000000000009948e+00 2.532053402551269983e+00 1.799999999999924682e+02
8.850000000000010303e+00 3.499867434131203936e+00 1.799999999999890292e+02
9.000000000000010658e+00 5.704396380540060818e+00 1.799999999999848512e+02
9.150000000000011013e+00 1.073701612549982798e+01 1.799999999999818669e+02
9.300000000000011369e+00 2.214845893690749179e+01 1.799999999999800480e+02
9.450000000000011724e+00 4.860497099546374500e+01 1.799999999999791953e+02
9.600000000000012079e+00 1.058163302713495142e+02 1.799999999999787121e+02
9.750000000000012434e+00 2.615176365103999387e+02 1.799999999999785132e+02
9.900000000000012790e+00 4.673750720801280067e+02 1.799999999999784848e+02
1.005000000000001315e+01 7.999693011278972108e+02 1.799999999999783711e+02
1.020000000000001350e+01 7.999693011278972108e+02 1.799999999999783711e+02
1.035000000000001386e+01 7.999693011278972108e+02 1.799999999999783711e+02
1.050000000000001421e+01 7.999693011278972108e+02 1.799999999999783711e+02
1.065000000000001457e+01 7.999693011278972108e+02 1.799999999999783711e+02
1.080000000000001492e+01 7.999693011278972108e+02 1.799999999999783711e+02
1.095000000000001528e+01 7.999693011278972108e+02 1.799999999999783711e+02
1.110000000000001563e+01 7.999693011278972108e+02 1.799999999999783711e+02
1.125000000000001599e+01 7.999693011278972108e+02 1.799999999999783711e+02
1.140000000000001634e+01 7.999693011278972108e+02 1.799999999999783711e+02
1.155000000000001670e+01 7.999693011278972108e+02 1.799999999999783711e+02
1.170000000000001705e+01 7.999693011278972108e+02 1.799999999999783711e+02
1.185000000000001741e+01 7.999693011278972108e+02 1.799999999999783711e+02
1.200000000000001776e+01 7.999693011278972108e+02 1.799999999999783711e+02
1.215000000000001812e+01 7.999693011278972108e+02 1.799999999999783711e+02
1.230000000000001847e+01 7.999693011278972108e+02 1.799999999999783711e+02
1.245000000000001883e+01 7.999693011278972108e+02 1.799999999999783711e+02
1.260000000000001918e+01 7.999693011278972108e+02 1.799999999999783711e+02
1.275000000000001954e+01 7.999693011278972108e+02 1.799999999999783711e+02
1.290000000000001990e+01 7.999693011278972108e+02 1.799999999999783711e+02
1.305000000000002025e+01 7.999279175451428046e+02 1.799999999999784563e+02
1.320000000000002061e+01 7.999279175451428046e+02 1.799999999999784563e+02
1.335000000000002096e+01 7.999279175451428046e+02 1.799999999999784563e+02
1.350000000000002132e+01 7.999279175451428046e+02 1.799999999999784563e+02
1.365000000000002167e+01 7.999279175451428046e+02 1.799999999999784563e+02
1.380000000000002203e+01 7.999279175451428046e+02 1.799999999999784563e+02
1.395000000000002238e+01 7.999279175451428046e+02 1.799999999999784563e+02
1.410000000000002274e+01 7.999279175451428046e+02 1.799999999999784563e+02
1.425000000000002309e+01 7.999279175451428046e+02 1.799999999999784563e+02
1.440000000000002345e+01 7.999279175451428046e+02 1.799999999999784563e+02
1.455000000000002380e+01 7.999279175451428046e+02 1.799999999999784563e+02
1.470000000000002416e+01 7.999279175451428046e+02 1.799999999999784563e+02
1.485000000000002451e+01 7.999279175451428046e+02 1.799999999999784563e+02
1.500000000000002487e+01 7.999279175451428046e+02 1.799999999999784563e+02
1.515000000000002522e+01 7.999279175451428046e+02 1.799999999999784563e+02
1.530000000000002558e+01 7.999279175451428046e+02 1.799999999999784563e+02
1.545000000000002593e+01 7.999279175451428046e+02 1.799999999999784563e+02
1.560000000000002629e+01 7.999279175451428046e+02 1.799999999999784563e+02
1.575000000000002665e+01 7.999279175451428046e+02 1.799999999999784563e+02
1.590000000000002700e+01 7.999279175451428046e+02 1.799999999999784563e+02
