1.499999999999999944e-01 7.998803129183842202e+02 4.500540062846170031e-08
2.999999999999999889e-01 7.998803129183842202e+02 4.500540062846170031e-08
4.499999999999999556e-01 7.998803129183842202e+02 4.500540062846170031e-08
5.999999999999999778e-01 7.998803129183842202e+02 4.500540062846170031e-08
7.500000000000000000e-01 7.998803129183842202e+02 4.500540062846170031e-08
9.000000000000000222e-01 7.998803129183842202e+02 4.500540062846170031e-08
1.050000000000000044e+00 7.998803129183842202e+02 4.500540062846170031e-08
1.199999999999999956e+00 7.998803129183842202e+02 4.500540062846170031e-08
1.349999999999999867e+00 7.998803129183842202e+02 4.500540062846170031e-08
1.499999999999999778e+00 7.998803129183842202e+02 4.500540062846170031e-08
1.649999999999999689e+00 7.998803129183842202e+02 4.500540062846170031e-08
1.799999999999999600e+00 7.998803129183842202e+02 4.500540062846170031e-08
1.949999999999999512e+00 7.998803129183842202e+02 4.500540062846170031e-08
2.099999999999999645e+00 7.999456562044325665e+02 4.494539485033755000e-08
2.249999999999999556e+00 7.999456562044325665e+02 4.494539485033755000e-08
2.399999999999999467e+00 7.999456562044325665e+02 4.494539485033755000e-08
2.549999999999999378e+00 7.999456562044325665e+02 4.494539485033755000e-08
2.699999999999999289e+00 7.999456562044325665e+02 4.494539485033755000e-08
2.849999999999999201e+00 7.999456562044325665e+02 4.494539485033755000e-08
2.999999999999999112e+00 7.999456562044325665e+02 4.494539485033755000e-08
3.149999999999999023e+00 7.999456562044325665e+02 4.494539485033755000e-08
3.299999999999998934e+00 7.999456562044325665e+02 4.494539485033755000e-08
3.449999999999998845e+00 7.999456562044325665e+02 4.494539485033755000e-08
3.599999999999998757e+00 7.999456562044325665e+02 4.494539485033755000e-08
3.749999999999998668e+00 7.999456562044325665e+02 4.494539485033755000e-08
3.899999999999998579e+00 7.999456562044325665e+02 4.494539485033755000e-08
4.049999999999998934e+00 4.590320709852849745e+02 4.497883254739321046e-08
4.199999999999999289e+00 2.440605539488075806e+02 4.516504803486753872e-08
4.349999999999999645e+00 9.168888993661667541e+01 4.527061814307842269e-08
4.500000000000000000e+00 3.878471541043180082e+01 4.547690746203869594e-08
4.650000000000000355e+00 1.568391492577881152e+01 4.614540005665190847e-08
4.800000000000000711e+00 6.323492057202663830e+00 4.738970549311716240e-08
4.950000000000001066e+00 2.437955128279043038e+00 5.068789421525110583e-08
5.100000000000001421e+00 8.377435513364162034e-01 6.112167361127518461e-08
5.250000000000001776e+00 1.769908092744572059e-01 1.194118381953046537e-07
5.400000000000002132e+00 9.560979597290497622e-02 1.799999999087405058e+02
5.550000000000002487e+00 2.081059837223619979e-01 1.799999999826249280e+02
5.700000000000002842e+00 2.545263061924742942e-01 1.799999999941196336e+02
5.850000000000003197e+00 2.736817442148549162e-01 1.799999999977063112e+02
6.000000000000003553e+00 2.815862155398463074e-01 1.799999999989910862e+02
6.150000000000003908e+00 2.848480528532491007e-01 1.799999999993839594e+02
6.300000000000004263e+00 2.861942046026797470e-01 1.799999999992548680e+02
6.450000000000004619e+00 2.867500791141992522e-01 1.799999999985018633e+02
6.600000000000004974e+00 2.869803973844682332e-01 1.799999999965041297e+02
6.750000000000005329e+00 2.870777093273773062e-01 1.799999999915961553e+02
6.900000000000005684e+00 2.871233702237532270e-01 1.799999999796521308e+02
7.050000000000006040e+00 2.871555531937701744e-01 1.799999999507842290e+02
7.200000000000006395e+00 2.872011638191906968e-01 1.799999998809489909e+02
7.350000000000006750e+00 2.872983330917122657e-01 1.799999997114956898e+02
7.500000000000007105e+00 2.875282966331269563e-01 1.799999993025430456e+02
7.650000000000007461e+00 2.880833076878843713e-01 1.799999983158036514e+02
7.800000000000007816e+00 2.894273659942427912e-01 1.799999959361344679e+02
7.950000000000008171e+00 2.926841299533862184e-01 1.799999902771701557e+02
8.100000000000008527e+00 3.005763058995398751e-01 1.799999770939708412e+02
8.250000000000008882e+00 3.197019478782294755e-01 1.799999477930913656e+02
8.400000000000009237e+00 3.660500683346299411e-01 1.799998896826142527e+02
8.550000000000009592e+00 4.783713041317696479e-01 1.799997957616059523e+02
8.700000000000009948e+00 7.505480829491375516e-01 1.799996844439208132e+02
8.850000000000010303e+00 1.410274456205257820e+00 1.799995936390251927e+02
9.000000000000010658e+00 3.008003892931768064e+00 1.799995392063347879e+02
9.150000000000011013e+00 6.887549177261988120e+00 1.799995116524366665e+02
9.300000000000011369e+00 1.623363681834430139e+01 1.799995002265628443e+02
9.450000000000011724e+00 3.930042048129646304e+01 1.799994957928647068e+02
9.600000000000012079e+00 9.212865312734622592e+01 1.799994934346128446e+02
9.750000000000012434e+00 2.443350733077776340e+02 1.799994934151814618e+02
9.900000000000012790e+00 4.590832135383189438e+02 1.799994936916810104e+02
1.005000000000001315e+01 7.999454107194118251e+02 1.799994935378058472e+02
1.020000000000001350e+01 7.999454107194118251e+02 1.799994935378058472e+02
1.035000000000001386e+01 7.999454107194118251e+02 1.799994935378058472e+02
1.050000000000001421e+01 7.999454107194118251e+02 1.799994935378058472e+02
1.065000000000001457e+01 7.999454107194118251e+02 1.799994935378058472e+02
1.080000000000001492e+01 7.999454107194118251e+02 1.799994935378058472e+02
1.095000000000001528e+01 7.999454107194118251e+02 1.799994935378058472e+02
1.110000000000001563e+01 7.999454107194118251e+02 1.799994935378058472e+02
1.125000000000001599e+01 7.999454107194118251e+02 1.799994935378058472e+02
1.140000000000001634e+01 7.999454107194118251e+02 1.799994935378058472e+02
1.155000000000001670e+01 7.999454107194118251e+02 1.799994935378058472e+02
1.170000000000001705e+01 7.999454107194118251e+02 1.799994935378058472e+02
1.185000000000001741e+01 7.999454107194118251e+02 1.799994935378058472e+02
1.200000000000001776e+01 7.999454107194118251e+02 1.799994935378058472e+02
1.215000000000001812e+01 7.999454107194118251e+02 1.799994935378058472e+02
1.230000000000001847e+01 7.999454107194118251e+02 1.799994935378058472e+02
1.245000000000001883e+01 7.999454107194118251e+02 1.799994935378058472e+02
1.260000000000001918e+01 7.999454107194118251e+02 1.799994935378058472e+02
1.275000000000001954e+01 7.999454107194118251e+02 1.799994935378058472e+02
1.290000000000001990e+01 7.999454107194118251e+02 1.799994935378058472e+02
1.305000000000002025e+01 7.998797494321156591e+02 1.799994940996477339e+02
1.320000000000002061e+01 7.998797494321156591e+02 1.799994940996477339e+02
1.335000000000002096e+01 7.998797494321156591e+02 1.799994940996477339e+02
1.350000000000002132e+01 7.998797494321156591e+02 1.799994940996477339e+02
1.365000000000002167e+01 7.998797494321156591e+02 1.799994940996477339e+02
1.380000000000002203e+01 7.998797494321156591e+02 1.799994940996477339e+02
1.395000000000002238e+01 7.998797494321156591e+02 1.799994940996477339e+02
1.410000000000002274e+01 7.998797494321156591e+02 1.799994940996477339e+02
1.425000000000002309e+01 7.998797494321156591e+02 1.799994940996477339e+02
1.440000000000002345e+01 7.998797494321156591e+02 1.799994940996477339e+02
1.455000000000002380e+01 7.998797494321156591e+02 1.799994940996477339e+02
1.470000000000002416e+01 7.998797494321156591e+02 1.799994940996477339e+02
1.485000000000002451e+01 7.998797494321156591e+02 1.799994940996477339e+02
1.500000000000002487e+01 7.998797494321156591e+02 1.799994940996477339e+02
1.515000000000002522e+01 7.998797494321156591e+02 1.799994940996477339e+02
1.530000000000002558e+01 7.998797494321156591e+02 1.799994940996477339e+02
1.545000000000002593e+01 7.998797494321156591e+02 1.799994940996477339e+02
1.560000000000002629e+01 7.998797494321156591e+02 1.799994940996477339e+02
1.575000000000002665e+01 7.998797494321156591e+02 1.799994940996477339e+02
1.590000000000002700e+01 7.998797494321156591e+02 1.799994940996477339e+02
