1.499999999999999944e-01 7.997227816707822967e+02 7.790896032022764928e-05
2.999999999999999889e-01 7.997227816707822967e+02 7.790896032022764928e-05
4.499999999999999556e-01 7.997227816707822967e+02 7.790896032022764928e-05
5.999999999999999778e-01 7.997227816707822967e+02 7.790896032022764928e-05
7.500000000000000000e-01 7.997227816707822967e+02 7.790896032022764928e-05
9.000000000000000222e-01 7.997227816707822967e+02 7.790896032022764928e-05
1.050000000000000044e+00 7.997227816707822967e+02 7.790896032022764928e-05
1.199999999999999956e+00 7.997227816707822967e+02 7.790896032022764928e-05
1.349999999999999867e+00 7.997227816707822967e+02 7.790896032022764928e-05
1.499999999999999778e+00 7.997227816707822967e+02 7.790896032022764928e-05
1.649999999999999689e+00 7.997227816707822967e+02 7.790896032022764928e-05
1.799999999999999600e+00 7.997227816707822967e+02 7.790896032022764928e-05
1.949999999999999512e+00 7.997227816707822967e+02 7.790896032022764928e-05
2.099999999999999645e+00 7.998597356147784012e+02 7.784255436016351837e-05
2.249999999999999556e+00 7.998597356147784012e+02 7.784255436016351837e-05
2.399999999999999467e+00 7.998597356147784012e+02 7.784255436016351837e-05
2.549999999999999378e+00 7.998597356147784012e+02 7.784255436016351837e-05
2.699999999999999289e+00 7.998597356147784012e+02 7.784255436016351837e-05
2.849999999999999201e+00 7.998597356147784012e+02 7.784255436016351837e-05
2.999999999999999112e+00 7.998597356147784012e+02 7.784255436016351837e-05
3.149999999999999023e+00 7.998597356147784012e+02 7.784255436016351837e-05
3.299999999999998934e+00 7.998597356147784012e+02 7.784255436016351837e-05
3.449999999999998845e+00 7.998597356147784012e+02 7.784255436016351837e-05
3.599999999999998757e+00 7.998597356147784012e+02 7.784255436016351837e-05
3.749999999999998668e+00 7.998597356147784012e+02 7.784255436016351837e-05
3.899999999999998579e+00 7.998597356147784012e+02 7.784255436016351837e-05
4.049999999999998934e+00 4.419244386923855359e+02 7.789802603019868599e-05
4.199999999999999289e+00 2.152314472717204126e+02 7.815912374886657688e-05
4.349999999999999645e+00 7.222894725993425880e+01 7.848219797856881286e-05
4.500000000000000000e+00 2.750176144214732687e+01 7.925527476437821406e-05
4.650000000000000355e+00 9.816055458984813242e+00 8.166819759303223236e-05
4.800000000000000711e+00 3.387669829342129901e+00 8.823871733132371276e-05
4.950000000000001066e+00 9.829760138657661628e-01 1.127521049774093953e-04
5.100000000000001421e+00 9.259146503109150217e-02 4.457088749630910840e-04
5.250000000000001776e+00 2.382886161346959852e-01 1.799999357030875728e+02
5.400000000000002132e+00 3.610901249966218529e-01 1.799999842435192932e+02
5.550000000000002487e+00 4.066870410791807444e-01 1.799999947936954925e+02
5.700000000000002842e+00 4.236146889661540627e-01 1.799999981440125509e+02
5.850000000000003197e+00 4.298993644963502447e-01 1.799999993209050899e+02
6.000000000000003553e+00 4.322326104694411697e-01 1.799999997486345649e+02
6.150000000000003908e+00 4.330988609277710566e-01 1.799999999068487568e+02
6.300000000000004263e+00 4.334204796905396506e-01 1.799999999654364160e+02
6.450000000000004619e+00 4.335399215924553573e-01 1.799999999871405123e+02
6.600000000000004974e+00 4.335843654242808043e-01 1.799999999952254939e+02
6.750000000000005329e+00 4.336011347411385941e-01 1.799999999982271390e+02
6.900000000000005684e+00 4.336080851137467107e-01 1.799999999993402753e+02
7.050000000000006040e+00 4.336126171701835119e-01 1.799999999997549196e+02
7.200000000000006395e+00 4.336195564501394983e-01 1.799999999999089368e+02
7.350000000000006750e+00 4.336362919580096786e-01 1.799999999999660645e+02
7.500000000000007105e+00 4.336806433313995512e-01 1.799999999999870965e+02
7.650000000000007461e+00 4.337998348225937661e-01 1.799999999999944862e+02
7.800000000000007816e+00 4.341207796477419834e-01 1.799999999999959925e+02
7.950000000000008171e+00 4.349852149233583987e-01 1.799999999999931504e+02
8.100000000000008527e+00 4.373135709839743868e-01 1.799999999999831175e+02
8.250000000000008882e+00 4.435850757598700511e-01 1.799999999999558327e+02
8.400000000000009237e+00 4.604772487552963867e-01 1.799999999998860858e+02
8.550000000000009592e+00 5.059786153875620585e-01 1.799999999997213536e+02
8.700000000000009948e+00 6.285227979674345988e-01 1.799999999993955271e+02
8.850000000000010303e+00 9.587099098849876100e-01 1.799999999989359196e+02
9.000000000000010658e+00 1.847229988653367627e+00 1.799999999985178363e+02
9.150000000000011013e+00 4.246909088166674451e+00 1.799999999982595966e+02
9.300000000000011369e+00 1.066189770336808351e+01 1.799999999981460235e+02
9.450000000000011724e+00 2.831187915344701622e+01 1.799999999981033341e+02
9.600000000000012079e+00 7.294856122584504021e+01 1.799999999980830125e+02
9.750000000000012434e+00 2.157242696037317558e+02 1.799999999980824725e+02
9.900000000000012790e+00 4.420394586088664823e+02 1.799999999980844052e+02
1.005000000000001315e+01 7.998603423761734348e+02 1.799999999980833252e+02
1.020000000000001350e+01 7.998603423761734348e+02 1.799999999980833252e+02
1.035000000000001386e+01 7.998603423761734348e+02 1.799999999980833252e+02
1.050000000000001421e+01 7.998603423761734348e+02 1.799999999980833252e+02
1.065000000000001457e+01 7.998603423761734348e+02 1.799999999980833252e+02
1.080000000000001492e+01 7.998603423761734348e+02 1.799999999980833252e+02
1.095000000000001528e+01 7.998603423761734348e+02 1.799999999980833252e+02
1.110000000000001563e+01 7.998603423761734348e+02 1.799999999980833252e+02
1.125000000000001599e+01 7.998603423761734348e+02 1.799999999980833252e+02
1.140000000000001634e+01 7.998603423761734348e+02 1.799999999980833252e+02
1.155000000000001670e+01 7.998603423761734348e+02 1.799999999980833252e+02
1.170000000000001705e+01 7.998603423761734348e+02 1.799999999980833252e+02
1.185000000000001741e+01 7.998603423761734348e+02 1.799999999980833252e+02
1.200000000000001776e+01 7.998603423761734348e+02 1.799999999980833252e+02
1.215000000000001812e+01 7.998603423761734348e+02 1.799999999980833252e+02
1.230000000000001847e+01 7.998603423761734348e+02 1.799999999980833252e+02
1.245000000000001883e+01 7.998603423761734348e+02 1.799999999980833252e+02
1.260000000000001918e+01 7.998603423761734348e+02 1.799999999980833252e+02
1.275000000000001954e+01 7.998603423761734348e+02 1.799999999980833252e+02
1.290000000000001990e+01 7.998603423761734348e+02 1.799999999980833252e+02
1.305000000000002025e+01 7.997238870561984641e+02 1.799999999980874748e+02
1.320000000000002061e+01 7.997238870561984641e+02 1.799999999980874748e+02
1.335000000000002096e+01 7.997238870561984641e+02 1.799999999980874748e+02
1.350000000000002132e+01 7.997238870561984641e+02 1.799999999980874748e+02
1.365000000000002167e+01 7.997238870561984641e+02 1.799999999980874748e+02
1.380000000000002203e+01 7.997238870561984641e+02 1.799999999980874748e+02
1.395000000000002238e+01 7.997238870561984641e+02 1.799999999980874748e+02
1.410000000000002274e+01 7.997238870561984641e+02 1.799999999980874748e+02
1.425000000000002309e+01 7.997238870561984641e+02 1.799999999980874748e+02
1.440000000000002345e+01 7.997238870561984641e+02 1.799999999980874748e+02
1.455000000000002380e+01 7.997238870561984641e+02 1.799999999980874748e+02
1.470000000000002416e+01 7.997238870561984641e+02 1.799999999980874748e+02
1.485000000000002451e+01 7.997238870561984641e+02 1.799999999980874748e+02
1.500000000000002487e+01 7.997238870561984641e+02 1.799999999980874748e+02
1.515000000000002522e+01 7.997238870561984641e+02 1.799999999980874748e+02
1.530000000000002558e+01 7.997238870561984641e+02 1.799999999980874748e+02
1.545000000000002593e+01 7.997238870561984641e+02 1.799999999980874748e+02
1.560000000000002629e+01 7.997238870561984641e+02 1.799999999980874748e+02
1.575000000000002665e+01 7.997238870561984641e+02 1.799999999980874748e+02
1.590000000000002700e+01 7.997238870561984641e+02 1.799999999980874748e+02
