1.499999999999999944e-01 7.999946927498413061e+02 4.331336400653640339e-10
2.999999999999999889e-01 7.999946927498413061e+02 4.331336400653640339e-10
4.499999999999999556e-01 7.999946927498413061e+02 4.331336400653640339e-10
5.999999999999999778e-01 7.999946927498413061e+02 4.331336400653640339e-10
7.500000000000000000e-01 7.999946927498413061e+02 4.331336400653640339e-10
9.000000000000000222e-01 7.999946927498413061e+02 4.331336400653640339e-10
1.050000000000000044e+00 7.999946927498413061e+02 4.331336400653640339e-10
1.199999999999999956e+00 7.999946927498413061e+02 4.331336400653640339e-10
1.349999999999999867e+00 7.999946927498413061e+02 4.331336400653640339e-10
1.499999999999999778e+00 7.999946927498413061e+02 4.331336400653640339e-10
1.649999999999999689e+00 7.999946927498413061e+02 4.331336400653640339e-10
1.799999999999999600e+00 7.999946927498413061e+02 4.331336400653640339e-10
1.949999999999999512e+00 7.999946927498413061e+02 4.331336400653640339e-10
2.099999999999999645e+00 7.999983975980553623e+02 4.339542059028644871e-10
2.249999999999999556e+00 7.999983975980553623e+02 4.339542059028644871e-10
2.399999999999999467e+00 7.999983975980553623e+02 4.339542059028644871e-10
2.549999999999999378e+00 7.999983975980553623e+02 4.339542059028644871e-10
2.699999999999999289e+00 7.999983975980553623e+02 4.339542059028644871e-10
2.849999999999999201e+00 7.999983975980553623e+02 4.339542059028644871e-10
2.999999999999999112e+00 7.999983975980553623e+02 4.339542059028644871e-10
3.149999999999999023e+00 7.999983975980553623e+02 4.339542059028644871e-10
3.299999999999998934e+00 7.999983975980553623e+02 4.339542059028644871e-10
3.449999999999998845e+00 7.999983975980553623e+02 4.339542059028644871e-10
3.599999999999998757e+00 7.999983975980553623e+02 4.339542059028644871e-10
3.749999999999998668e+00 7.999983975980553623e+02 4.339542059028644871e-10
3.899999999999998579e+00 7.999983975980553623e+02 4.339542059028644871e-10
4.049999999999998934e+00 4.958221521306010118e+02 4.384839158433351258e-10
4.199999999999999289e+00 3.455794764169315272e+02 4.660442032289324743e-10
4.349999999999999645e+00 1.933757709260805200e+02 5.751050746738428643e-10
4.500000000000000000e+00 1.211699738556799133e+02 8.645154592201720334e-10
4.650000000000000355e+00 7.551679557172734292e+01 1.629592127905254983e-09
4.800000000000000711e+00 4.748930353145395600e+01 3.571324569406897353e-09
4.950000000000001066e+00 2.985423075629820744e+01 8.484946079079236370e-09
5.100000000000001421e+00 1.874414098502172976e+01 2.090670025989282976e-08
5.250000000000001776e+00 1.172705589687269523e+01 5.238357547732164221e-08
5.400000000000002132e+00 7.292726392791081480e+00 1.327397184391898577e-07
5.550000000000002487e+00 4.489536745611431456e+00 3.406287824025966415e-07
5.700000000000002842e+00 2.717146739098680541e+00 8.893099626705591731e-07
5.850000000000003197e+00 1.596197074049229059e+00 2.392666978656698973e-06
6.000000000000003553e+00 8.868269498191239109e-01 6.810892022479642094e-06
6.150000000000003908e+00 4.372589058632456727e-01 2.183570637359633082e-05
6.300000000000004263e+00 1.513062067065220617e-01 9.975124209460339841e-05
6.450000000000004619e+00 3.221118217152252328e-02 1.799992589161320211e+02
6.600000000000004974e+00 1.525570177009285544e-01 1.799997526486833976e+02
6.750000000000005329e+00 2.354794417510674975e-01 1.799997466819175997e+02
6.900000000000005684e+00 2.987198319685830938e-01 1.799996841684009325e+02
7.050000000000006040e+00 3.558085810689135542e-01 1.799995808434429989e+02
7.200000000000006395e+00 4.189599423684740032e-01 1.799994372787811869e+02
7.350000000000006750e+00 5.016852973110417224e-01 1.799992567497169489e+02
7.500000000000007105e+00 6.216839661657331817e-01 1.799990518653187337e+02
7.650000000000007461e+00 8.046300858192125816e-01 1.799988419780519280e+02
7.800000000000007816e+00 1.089665868268468785e+00 1.799986475513820210e+02
7.950000000000008171e+00 1.537776872409125417e+00 1.799984850622506656e+02
8.100000000000008527e+00 2.244842340147897630e+00 1.799983594965645466e+02
8.250000000000008882e+00 3.362157221118636130e+00 1.799982675953447142e+02
8.400000000000009237e+00 5.128830942679272198e+00 1.799982047276305082e+02
8.550000000000009592e+00 7.923064941144360773e+00 1.799981628355306782e+02
8.700000000000009948e+00 1.234344390150802440e+01 1.799981346957458754e+02
8.850000000000010303e+00 1.933899062762467125e+01 1.799981174816444423e+02
9.000000000000010658e+00 3.041629128194219334e+01 1.799981068438275429e+02
9.150000000000011013e+00 4.800252602352049536e+01 1.799980994833190096e+02
9.300000000000011369e+00 7.595979796117624971e+01 1.799980958759532257e+02
9.450000000000011724e+00 1.215170205188180006e+02 1.799980940353928247e+02
9.600000000000012079e+00 1.936041875526909166e+02 1.799980923311010201e+02
9.750000000000012434e+00 3.456714810574418948e+02 1.799980924145032191e+02
9.900000000000012790e+00 4.958299230497034387e+02 1.799980927170349503e+02
1.005000000000001315e+01 7.999983725976477444e+02 1.799980925739237989e+02
1.020000000000001350e+01 7.999983725976477444e+02 1.799980925739237989e+02
1.035000000000001386e+01 7.999983725976477444e+02 1.799980925739237989e+02
1.050000000000001421e+01 7.999983725976477444e+02 1.799980925739237989e+02
1.065000000000001457e+01 7.999983725976477444e+02 1.799980925739237989e+02
1.080000000000001492e+01 7.999983725976477444e+02 1.799980925739237989e+02
1.095000000000001528e+01 7.999983725976477444e+02 1.799980925739237989e+02
1.110000000000001563e+01 7.999983725976477444e+02 1.799980925739237989e+02
1.125000000000001599e+01 7.999983725976477444e+02 1.799980925739237989e+02
1.140000000000001634e+01 7.999983725976477444e+02 1.799980925739237989e+02
1.155000000000001670e+01 7.999983725976477444e+02 1.799980925739237989e+02
1.170000000000001705e+01 7.999983725976477444e+02 1.799980925739237989e+02
1.185000000000001741e+01 7.999983725976477444e+02 1.799980925739237989e+02
1.200000000000001776e+01 7.999983725976477444e+02 1.799980925739237989e+02
1.215000000000001812e+01 7.999983725976477444e+02 1.799980925739237989e+02
1.230000000000001847e+01 7.999983725976477444e+02 1.799980925739237989e+02
1.245000000000001883e+01 7.999983725976477444e+02 1.799980925739237989e+02
1.260000000000001918e+01 7.999983725976477444e+02 1.799980925739237989e+02
1.275000000000001954e+01 7.999983725976477444e+02 1.799980925739237989e+02
1.290000000000001990e+01 7.999983725976477444e+02 1.799980925739237989e+02
1.305000000000002025e+01 7.999946095863004984e+02 1.799980931474089800e+02
1.320000000000002061e+01 7.999946095863004984e+02 1.799980931474089800e+02
1.335000000000002096e+01 7.999946095863004984e+02 1.799980931474089800e+02
1.350000000000002132e+01 7.999946095863004984e+02 1.799980931474089800e+02
1.365000000000002167e+01 7.999946095863004984e+02 1.799980931474089800e+02
1.380000000000002203e+01 7.999946095863004984e+02 1.799980931474089800e+02
1.395000000000002238e+01 7.999946095863004984e+02 1.799980931474089800e+02
1.410000000000002274e+01 7.999946095863004984e+02 1.799980931474089800e+02
1.425000000000002309e+01 7.999946095863004984e+02 1.799980931474089800e+02
1.440000000000002345e+01 7.999946095863004984e+02 1.799980931474089800e+02
1.455000000000002380e+01 7.999946095863004984e+02 1.799980931474089800e+02
1.470000000000002416e+01 7.999946095863004984e+02 1.799980931474089800e+02
1.485000000000002451e+01 7.999946095863004984e+02 1.799980931474089800e+02
1.500000000000002487e+01 7.999946095863004984e+02 1.799980931474089800e+02
1.515000000000002522e+01 7.999946095863004984e+02 1.799980931474089800e+02
1.530000000000002558e+01 7.999946095863004984e+02 1.799980931474089800e+02
1.545000000000002593e+01 7.999946095863004984e+02 1.799980931474089800e+02
1.560000000000002629e+01 7.999946095863004984e+02 1.799980931474089800e+02
1.575000000000002665e+01 7.999946095863004984e+02 1.799980931474089800e+02
1.590000000000002700e+01 7.999946095863004984e+02 1.799980931474089800e+02
