1.499999999999999944e-01 7.999679792229599116e+02 1.799994757646312848e+02
2.999999999999999889e-01 7.999679792229599116e+02 1.799994757646312848e+02
4.499999999999999556e-01 7.999679792229599116e+02 1.799994757646312848e+02
5.999999999999999778e-01 7.999679792229599116e+02 1.799994757646312848e+02
7.500000000000000000e-01 7.999679792229599116e+02 1.799994757646312848e+02
9.000000000000000222e-01 7.999679792229599116e+02 1.799994757646312848e+02
1.050000000000000044e+00 7.999679792229599116e+02 1.799994757646312848e+02
1.199999999999999956e+00 7.999679792229599116e+02 1.799994757646312848e+02
1.349999999999999867e+00 7.999679792229599116e+02 1.799994757646312848e+02
1.499999999999999778e+00 7.999679792229599116e+02 1.799994757646312848e+02
1.649999999999999689e+00 7.999679792229599116e+02 1.799994757646312848e+02
1.799999999999999600e+00 7.999679792229599116e+02 1.799994757646312848e+02
1.949999999999999512e+00 7.999679792229599116e+02 1.799994757646312848e+02
2.099999999999999645e+00 7.999877805121444680e+02 1.799994762240015973e+02
2.249999999999999556e+00 7.999877805121444680e+02 1.799994762240015973e+02
2.399999999999999467e+00 7.999877805121444680e+02 1.799994762240015973e+02
2.549999999999999378e+00 7.999877805121444680e+02 1.799994762240015973e+02
2.699999999999999289e+00 7.999877805121444680e+02 1.799994762240015973e+02
2.849999999999999201e+00 7.999877805121444680e+02 1.799994762240015973e+02
2.999999999999999112e+00 7.999877805121444680e+02 1.799994762240015973e+02
3.149999999999999023e+00 7.999877805121444680e+02 1.799994762240015973e+02
3.299999999999998934e+00 7.999877805121444680e+02 1.799994762240015973e+02
3.449999999999998845e+00 7.999877805121444680e+02 1.799994762240015973e+02
3.599999999999998757e+00 7.999877805121444680e+02 1.799994762240015973e+02
3.749999999999998668e+00 7.999877805121444680e+02 1.799994762240015973e+02
3.899999999999998579e+00 7.999877805121444680e+02 1.799994762240015973e+02
4.049999999999998934e+00 4.789948942537641301e+02 1.799994766572750393e+02
4.199999999999999289e+00 2.896337338032416255e+02 1.799994773150652918e+02
4.349999999999999645e+00 1.303965751632088370e+02 1.799994820436175189e+02
4.500000000000000000e+00 6.612321050393653366e+01 1.799994911618227889e+02
4.650000000000000355e+00 3.329251296976721619e+01 1.799995086782207352e+02
4.800000000000000711e+00 1.750578553611325816e+01 1.799995425170572787e+02
4.950000000000001066e+00 9.763455891568703748e+00 1.799995992690956257e+02
5.100000000000001421e+00 5.985178997890677977e+00 1.799996797909009274e+02
5.250000000000001776e+00 4.138281170389547015e+00 1.799997736189694706e+02
5.400000000000002132e+00 3.235850165385897981e+00 1.799998584696362229e+02
5.550000000000002487e+00 2.794839410895036735e+00 1.799999197434928533e+02
5.700000000000002842e+00 2.579327997023256103e+00 1.799999574885993638e+02
5.850000000000003197e+00 2.474011854831246637e+00 1.799999783336992607e+02
6.000000000000003553e+00 2.422547357396950929e+00 1.799999891628234820e+02
6.150000000000003908e+00 2.397401029490850988e+00 1.799999946466870142e+02
6.300000000000004263e+00 2.385119686014746776e+00 1.799999973695619246e+02
6.450000000000004619e+00 2.379132857900316367e+00 1.799999987084193265e+02
6.600000000000004974e+00 2.376237619287024927e+00 1.799999993678425199e+02
6.750000000000005329e+00 2.374885030967192279e+00 1.799999996907941409e+02
6.900000000000005684e+00 2.374351464575653381e+00 1.799999998485228900e+02
7.050000000000006040e+00 2.374351464619905983e+00 1.799999999259505046e+02
7.200000000000006395e+00 2.374885031173704419e+00 1.799999999638091879e+02
7.350000000000006750e+00 2.376237619744301810e+00 1.799999999822846064e+02
7.500000000000007105e+00 2.379132858814870133e+00 1.799999999913504496e+02
7.650000000000007461e+00 2.385119687902857777e+00 1.799999999957822752e+02
7.800000000000007816e+00 2.397401033399830794e+00 1.799999999979448830e+02
7.950000000000008171e+00 2.422547365421422683e+00 1.799999999990056949e+02
8.100000000000008527e+00 2.474011871175207489e+00 1.799999999995238227e+02
8.250000000000008882e+00 2.579328030463472032e+00 1.799999999997758096e+02
8.400000000000009237e+00 2.794839479375937685e+00 1.799999999998982503e+02
8.550000000000009592e+00 3.235850305541262628e+00 1.799999999999557190e+02
8.700000000000009948e+00 4.138281457153780707e+00 1.799999999999810996e+02
8.850000000000010303e+00 5.985179584761304739e+00 1.799999999999906493e+02
9.000000000000010658e+00 9.763457091986900593e+00 1.799999999999934062e+02
9.150000000000011013e+00 1.750578799741161262e+01 1.799999999999938325e+02
9.300000000000011369e+00 3.329251798113924821e+01 1.799999999999937472e+02
9.450000000000011724e+00 6.612322100167189376e+01 1.799999999999935767e+02
9.600000000000012079e+00 1.303965953464744416e+02 1.799999999999934914e+02
9.750000000000012434e+00 2.896337881220840131e+02 1.799999999999933493e+02
9.900000000000012790e+00 4.789949455436434391e+02 1.799999999999933777e+02
1.005000000000001315e+01 7.999881160225946815e+02 1.799999999999933493e+02
1.020000000000001350e+01 7.999881160225946815e+02 1.799999999999933493e+02
1.035000000000001386e+01 7.999881160225946815e+02 1.799999999999933493e+02
1.050000000000001421e+01 7.999881160225946815e+02 1.799999999999933493e+02
1.065000000000001457e+01 7.999881160225946815e+02 1.799999999999933493e+02
1.080000000000001492e+01 7.999881160225946815e+02 1.799999999999933493e+02
1.095000000000001528e+01 7.999881160225946815e+02 1.799999999999933493e+02
1.110000000000001563e+01 7.999881160225946815e+02 1.799999999999933493e+02
1.125000000000001599e+01 7.999881160225946815e+02 1.799999999999933493e+02
1.140000000000001634e+01 7.999881160225946815e+02 1.799999999999933493e+02
1.155000000000001670e+01 7.999881160225946815e+02 1.799999999999933493e+02
1.170000000000001705e+01 7.999881160225946815e+02 1.799999999999933493e+02
1.185000000000001741e+01 7.999881160225946815e+02 1.799999999999933493e+02
1.200000000000001776e+01 7.999881160225946815e+02 1.799999999999933493e+02
1.215000000000001812e+01 7.999881160225946815e+02 1.799999999999933493e+02
1.230000000000001847e+01 7.999881160225946815e+02 1.799999999999933493e+02
1.245000000000001883e+01 7.999881160225946815e+02 1.799999999999933493e+02
1.260000000000001918e+01 7.999881160225946815e+02 1.799999999999933493e+02
1.275000000000001954e+01 7.999881160225946815e+02 1.799999999999933493e+02
1.290000000000001990e+01 7.999881160225946815e+02 1.799999999999933493e+02
1.305000000000002025e+01 7.999688584192003873e+02 1.799999999999933493e+02
1.320000000000002061e+01 7.999688584192003873e+02 1.799999999999933493e+02
1.335000000000002096e+01 7.999688584192003873e+02 1.799999999999933493e+02
1.350000000000002132e+01 7.999688584192003873e+02 1.799999999999933493e+02
1.365000000000002167e+01 7.999688584192003873e+02 1.799999999999933493e+02
1.380000000000002203e+01 7.999688584192003873e+02 1.799999999999933493e+02
1.395000000000002238e+01 7.999688584192003873e+02 1.799999999999933493e+02
1.410000000000002274e+01 7.999688584192003873e+02 1.799999999999933493e+02
1.425000000000002309e+01 7.999688584192003873e+02 1.799999999999933493e+02
1.440000000000002345e+01 7.999688584192003873e+02 1.799999999999933493e+02
1.455000000000002380e+01 7.999688584192003873e+02 1.799999999999933493e+02
1.470000000000002416e+01 7.999688584192003873e+02 1.799999999999933493e+02
1.485000000000002451e+01 7.999688584192003873e+02 1.799999999999933493e+02
1.500000000000002487e+01 7.999688584192003873e+02 1.799999999999933493e+02
1.515000000000002522e+01 7.999688584192003873e+02 1.799999999999933493e+02
1.530000000000002558e+01 7.999688584192003873e+02 1.799999999999933493e+02
1.545000000000002593e+01 7.999688584192003873e+02 1.799999999999933493e+02
1.560000000000002629e+01 7.999688584192003873e+02 1.799999999999933493e+02
1.575000000000002665e+01 7.999688584192003873e+02 1.799999999999933493e+02
1.590000000000002700e+01 7.999688584192003873e+02 1.799999999999933493e+02
