1.499999999999999944e-01 7.999053802004517593e+02 7.673989605194719843e-05
2.999999999999999889e-01 7.999053802004517593e+02 7.673989605194719843e-05
4.499999999999999556e-01 7.999053802004517593e+02 7.673989605194719843e-05
5.999999999999999778e-01 7.999053802004517593e+02 7.673989605194719843e-05
7.500000000000000000e-01 7.999053802004517593e+02 7.673989605194719843e-05
9.000000000000000222e-01 7.999053802004517593e+02 7.673989605194719843e-05
1.050000000000000044e+00 7.999053802004517593e+02 7.673989605194719843e-05
1.199999999999999956e+00 7.999053802004517593e+02 7.673989605194719843e-05
1.349999999999999867e+00 7.999053802004517593e+02 7.673989605194719843e-05
1.499999999999999778e+00 7.999053802004517593e+02 7.673989605194719843e-05
1.649999999999999689e+00 7.999053802004517593e+02 7.673989605194719843e-05
1.799999999999999600e+00 7.999053802004517593e+02 7.673989605194719843e-05
1.949999999999999512e+00 7.999053802004517593e+02 7.673989605194719843e-05
2.099999999999999645e+00 7.999583403893013838e+02 7.665800135414624350e-05
2.249999999999999556e+00 7.999583403893013838e+02 7.665800135414624350e-05
2.399999999999999467e+00 7.999583403893013838e+02 7.665800135414624350e-05
2.549999999999999378e+00 7.999583403893013838e+02 7.665800135414624350e-05
2.699999999999999289e+00 7.999583403893013838e+02 7.665800135414624350e-05
2.849999999999999201e+00 7.999583403893013838e+02 7.665800135414624350e-05
2.999999999999999112e+00 7.999583403893013838e+02 7.665800135414624350e-05
3.149999999999999023e+00 7.999583403893013838e+02 7.665800135414624350e-05
3.299999999999998934e+00 7.999583403893013838e+02 7.665800135414624350e-05
3.449999999999998845e+00 7.999583403893013838e+02 7.665800135414624350e-05
3.599999999999998757e+00 7.999583403893013838e+02 7.665800135414624350e-05
3.749999999999998668e+00 7.999583403893013838e+02 7.665800135414624350e-05
3.899999999999998579e+00 7.999583403893013838e+02 7.665800135414624350e-05
4.049999999999998934e+00 4.631546095738960958e+02 7.671620041949100965e-05
4.199999999999999289e+00 2.520717153942202060e+02 7.700711609126553725e-05
4.349999999999999645e+00 9.757880344955536600e+01 7.725218328180627481e-05
4.500000000000000000e+00 4.237974474408335368e+01 7.774661615633782219e-05
4.650000000000000355e+00 1.759132148962646269e+01 7.917402393819994444e-05
4.800000000000000711e+00 7.235261177774177099e+00 8.209576285678199525e-05
4.950000000000001066e+00 2.807875295184629749e+00 8.988486270622431107e-05
5.100000000000001421e+00 9.289258027432083509e-01 1.159097067657821611e-04
5.250000000000001776e+00 1.296119156245367776e-01 3.532646001626060794e-04
5.400000000000002132e+00 2.101592313895253028e-01 1.799999073394408242e+02
5.550000000000002487e+00 3.546243171957712548e-01 1.799999765803707703e+02
5.700000000000002842e+00 4.160435785662457420e-01 1.799999915102239072e+02
5.850000000000003197e+00 4.421566368288267768e-01 1.799999966026203424e+02
6.000000000000003553e+00 4.532588379623803121e-01 1.799999985865294150e+02
6.150000000000003908e+00 4.579791613102770498e-01 1.799999994050362488e+02
6.300000000000004263e+00 4.599863585991670334e-01 1.799999997480137779e+02
6.450000000000004619e+00 4.608404782393336063e-01 1.799999998925922853e+02
6.600000000000004974e+00 4.612053643637636924e-01 1.799999999540354452e+02
6.750000000000005329e+00 4.613646160240705285e-01 1.799999999797046826e+02
6.900000000000005684e+00 4.614420080418994985e-01 1.799999999895719327e+02
7.050000000000006040e+00 4.614976914444923750e-01 1.799999999914043940e+02
7.200000000000006395e+00 4.615749446271593115e-01 1.799999999865832478e+02
7.350000000000006750e+00 4.617338108178046241e-01 1.799999999713163277e+02
7.500000000000007105e+00 4.620977656314835258e-01 1.799999999339741237e+02
7.650000000000007461e+00 4.629496834982091968e-01 1.799999998458860375e+02
7.800000000000007816e+00 4.649516978633982944e-01 1.799999996391246100e+02
7.950000000000008171e+00 4.696598282624790954e-01 1.799999991618489616e+02
8.100000000000008527e+00 4.807333507010298490e-01 1.799999980787627862e+02
8.250000000000008882e+00 5.067789566111287058e-01 1.799999957113525113e+02
8.400000000000009237e+00 5.680395775382294232e-01 1.799999910226714519e+02
8.550000000000009592e+00 7.121315948550090980e-01 1.799999831981127727e+02
8.700000000000009948e+00 1.051025646160155702e+00 1.799999732115940390e+02
8.850000000000010303e+00 1.848278475706024437e+00 1.799999642544414655e+02
9.000000000000010658e+00 3.722392415081515082e+00 1.799999583676398913e+02
9.150000000000011013e+00 8.138460864392143890e+00 1.799999551501430801e+02
9.300000000000011369e+00 1.846828991791856467e+01 1.799999537543203587e+02
9.450000000000011724e+00 4.319654744382111033e+01 1.799999531940847248e+02
9.600000000000012079e+00 9.826615887692412343e+01 1.799999528811023879e+02
9.750000000000012434e+00 2.524889590156363965e+02 1.799999528805429350e+02
9.900000000000012790e+00 4.632276621742457223e+02 1.799999529190338023e+02
1.005000000000001315e+01 7.999583459979984355e+02 1.799999528979567458e+02
1.020000000000001350e+01 7.999583459979984355e+02 1.799999528979567458e+02
1.035000000000001386e+01 7.999583459979984355e+02 1.799999528979567458e+02
1.050000000000001421e+01 7.999583459979984355e+02 1.799999528979567458e+02
1.065000000000001457e+01 7.999583459979984355e+02 1.799999528979567458e+02
1.080000000000001492e+01 7.999583459979984355e+02 1.799999528979567458e+02
1.095000000000001528e+01 7.999583459979984355e+02 1.799999528979567458e+02
1.110000000000001563e+01 7.999583459979984355e+02 1.799999528979567458e+02
1.125000000000001599e+01 7.999583459979984355e+02 1.799999528979567458e+02
1.140000000000001634e+01 7.999583459979984355e+02 1.799999528979567458e+02
1.155000000000001670e+01 7.999583459979984355e+02 1.799999528979567458e+02
1.170000000000001705e+01 7.999583459979984355e+02 1.799999528979567458e+02
1.185000000000001741e+01 7.999583459979984355e+02 1.799999528979567458e+02
1.200000000000001776e+01 7.999583459979984355e+02 1.799999528979567458e+02
1.215000000000001812e+01 7.999583459979984355e+02 1.799999528979567458e+02
1.230000000000001847e+01 7.999583459979984355e+02 1.799999528979567458e+02
1.245000000000001883e+01 7.999583459979984355e+02 1.799999528979567458e+02
1.260000000000001918e+01 7.999583459979984355e+02 1.799999528979567458e+02
1.275000000000001954e+01 7.999583459979984355e+02 1.799999528979567458e+02
1.290000000000001990e+01 7.999583459979984355e+02 1.799999528979567458e+02
1.305000000000002025e+01 7.999053656083738133e+02 1.799999529754362868e+02
1.320000000000002061e+01 7.999053656083738133e+02 1.799999529754362868e+02
1.335000000000002096e+01 7.999053656083738133e+02 1.799999529754362868e+02
1.350000000000002132e+01 7.999053656083738133e+02 1.799999529754362868e+02
1.365000000000002167e+01 7.999053656083738133e+02 1.799999529754362868e+02
1.380000000000002203e+01 7.999053656083738133e+02 1.799999529754362868e+02
1.395000000000002238e+01 7.999053656083738133e+02 1.799999529754362868e+02
1.410000000000002274e+01 7.999053656083738133e+02 1.799999529754362868e+02
1.425000000000002309e+01 7.999053656083738133e+02 1.799999529754362868e+02
1.440000000000002345e+01 7.999053656083738133e+02 1.799999529754362868e+02
1.455000000000002380e+01 7.999053656083738133e+02 1.799999529754362868e+02
1.470000000000002416e+01 7.999053656083738133e+02 1.799999529754362868e+02
1.485000000000002451e+01 7.999053656083738133e+02 1.799999529754362868e+02
1.500000000000002487e+01 7.999053656083738133e+02 1.799999529754362868e+02
1.515000000000002522e+01 7.999053656083738133e+02 1.799999529754362868e+02
1.530000000000002558e+01 7.999053656083738133e+02 1.799999529754362868e+02
1.545000000000002593e+01 7.999053656083738133e+02 1.799999529754362868e+02
1.560000000000002629e+01 7.999053656083738133e+02 1.799999529754362868e+02
1.575000000000002665e+01 7.999053656083738133e+02 1.799999529754362868e+02
1.590000000000002700e+01 7.999053656083738133e+02 1.799999529754362868e+02
