1.499999999999999944e-01 7.996668941245771975e+02 1.036113006211980547e-04
2.999999999999999889e-01 7.996668941245771975e+02 1.036113006211980547e-04
4.499999999999999556e-01 7.996668941245771975e+02 1.036113006211980547e-04
5.999999999999999778e-01 7.996668941245771975e+02 1.036113006211980547e-04
7.500000000000000000e-01 7.996668941245771975e+02 1.036113006211980547e-04
9.000000000000000222e-01 7.996668941245771975e+02 1.036113006211980547e-04
1.050000000000000044e+00 7.996668941245771975e+02 1.036113006211980547e-04
1.199999999999999956e+00 7.996668941245771975e+02 1.036113006211980547e-04
1.349999999999999867e+00 7.996668941245771975e+02 1.036113006211980547e-04
1.499999999999999778e+00 7.996668941245771975e+02 1.036113006211980547e-04
1.649999999999999689e+00 7.996668941245771975e+02 1.036113006211980547e-04
1.799999999999999600e+00 7.996668941245771975e+02 1.036113006211980547e-04
1.949999999999999512e+00 7.996668941245771975e+02 1.036113006211980547e-04
2.099999999999999645e+00 7.998274127064688628e+02 1.034948125155921161e-04
2.249999999999999556e+00 7.998274127064688628e+02 1.034948125155921161e-04
2.399999999999999467e+00 7.998274127064688628e+02 1.034948125155921161e-04
2.549999999999999378e+00 7.998274127064688628e+02 1.034948125155921161e-04
2.699999999999999289e+00 7.998274127064688628e+02 1.034948125155921161e-04
2.849999999999999201e+00 7.998274127064688628e+02 1.034948125155921161e-04
2.999999999999999112e+00 7.998274127064688628e+02 1.034948125155921161e-04
3.149999999999999023e+00 7.998274127064688628e+02 1.034948125155921161e-04
3.299999999999998934e+00 7.998274127064688628e+02 1.034948125155921161e-04
3.449999999999998845e+00 7.998274127064688628e+02 1.034948125155921161e-04
3.599999999999998757e+00 7.998274127064688628e+02 1.034948125155921161e-04
3.749999999999998668e+00 7.998274127064688628e+02 1.034948125155921161e-04
3.899999999999998579e+00 7.998274127064688628e+02 1.034948125155921161e-04
4.049999999999998934e+00 4.375762264094011584e+02 1.035672241090912493e-04
4.199999999999999289e+00 2.089233017379009993e+02 1.039518373415759811e-04
4.349999999999999645e+00 6.843629296929626094e+01 1.042904693879798117e-04
4.500000000000000000e+00 2.553921538104108180e+01 1.050951310225256563e-04
4.650000000000000355e+00 8.947998006641988411e+00 1.077563863148833789e-04
4.800000000000000711e+00 3.062744455694797807e+00 1.146875726146801000e-04
4.950000000000001066e+00 9.117041313372737932e-01 1.395035741992289857e-04
5.100000000000001421e+00 1.339737952007453714e-01 3.454926055700413556e-04
5.250000000000001776e+00 1.483223491313765408e-01 1.799998868448912788e+02
5.400000000000002132e+00 2.506442178068937210e-01 1.799999757132431739e+02
5.550000000000002487e+00 2.877509656937036198e-01 1.799999923057796423e+02
5.700000000000002842e+00 3.012051555472226028e-01 1.799999973341434440e+02
5.850000000000003197e+00 3.060837086743504187e-01 1.799999990485830210e+02
6.000000000000003553e+00 3.078526537915422523e-01 1.799999996559391207e+02
6.150000000000003908e+00 3.084940744822688430e-01 1.799999998754773003e+02
6.300000000000004263e+00 3.087266603738498816e-01 1.799999999548699918e+02
6.450000000000004619e+00 3.088110172791402874e-01 1.799999999835815743e+02
6.600000000000004974e+00 3.088416656869412691e-01 1.799999999940231703e+02
6.750000000000005329e+00 3.088529446720258420e-01 1.799999999977699758e+02
6.900000000000005684e+00 3.088574930134200258e-01 1.799999999990159552e+02
7.050000000000006040e+00 3.088604064867013221e-01 1.799999999991673292e+02
7.200000000000006395e+00 3.088649496357902535e-01 1.799999999983884322e+02
7.350000000000006750e+00 3.088762128079451941e-01 1.799999999957998966e+02
7.500000000000007105e+00 3.089068163731099048e-01 1.799999999885346540e+02
7.650000000000007461e+00 3.089910506691921910e-01 1.799999999684942509e+02
7.800000000000007816e+00 3.092232976448485715e-01 1.799999999131329389e+02
7.950000000000008171e+00 3.098637838386366639e-01 1.799999997614849008e+02
8.100000000000008527e+00 3.116301513302914827e-01 1.799999993474519329e+02
8.250000000000008882e+00 3.165015956014940457e-01 1.799999982269142436e+02
8.400000000000009237e+00 3.299361813164978230e-01 1.799999953200778862e+02
8.550000000000009592e+00 3.669888644428738189e-01 1.799999884230388716e+02
8.700000000000009948e+00 4.691616476967510607e-01 1.799999750112425545e+02
8.850000000000010303e+00 7.510466921750662550e-01 1.799999570406364455e+02
9.000000000000010658e+00 1.527644380554932013e+00 1.799999419210321321e+02
9.150000000000011013e+00 3.675564381208801024e+00 1.799999332784918238e+02
9.300000000000011369e+00 9.552276731067237847e+00 1.799999296733809047e+02
9.450000000000011724e+00 2.612013128981611487e+01 1.799999283556567491e+02
9.600000000000012079e+00 6.895637543084696119e+01 1.799999277625299214e+02
9.750000000000012434e+00 2.092862619328193716e+02 1.799999277417991550e+02
9.900000000000012790e+00 4.376651705604421636e+02 1.799999277979954684e+02
1.005000000000001315e+01 7.998274339553065602e+02 1.799999277643687776e+02
1.020000000000001350e+01 7.998274339553065602e+02 1.799999277643687776e+02
1.035000000000001386e+01 7.998274339553065602e+02 1.799999277643687776e+02
1.050000000000001421e+01 7.998274339553065602e+02 1.799999277643687776e+02
1.065000000000001457e+01 7.998274339553065602e+02 1.799999277643687776e+02
1.080000000000001492e+01 7.998274339553065602e+02 1.799999277643687776e+02
1.095000000000001528e+01 7.998274339553065602e+02 1.799999277643687776e+02
1.110000000000001563e+01 7.998274339553065602e+02 1.799999277643687776e+02
1.125000000000001599e+01 7.998274339553065602e+02 1.799999277643687776e+02
1.140000000000001634e+01 7.998274339553065602e+02 1.799999277643687776e+02
1.155000000000001670e+01 7.998274339553065602e+02 1.799999277643687776e+02
1.170000000000001705e+01 7.998274339553065602e+02 1.799999277643687776e+02
1.185000000000001741e+01 7.998274339553065602e+02 1.799999277643687776e+02
1.200000000000001776e+01 7.998274339553065602e+02 1.799999277643687776e+02
1.215000000000001812e+01 7.998274339553065602e+02 1.799999277643687776e+02
1.230000000000001847e+01 7.998274339553065602e+02 1.799999277643687776e+02
1.245000000000001883e+01 7.998274339553065602e+02 1.799999277643687776e+02
1.260000000000001918e+01 7.998274339553065602e+02 1.799999277643687776e+02
1.275000000000001954e+01 7.998274339553065602e+02 1.799999277643687776e+02
1.290000000000001990e+01 7.998274339553065602e+02 1.799999277643687776e+02
1.305000000000002025e+01 7.996668517355190033e+02 1.799999278837915142e+02
1.320000000000002061e+01 7.996668517355190033e+02 1.799999278837915142e+02
1.335000000000002096e+01 7.996668517355190033e+02 1.799999278837915142e+02
1.350000000000002132e+01 7.996668517355190033e+02 1.799999278837915142e+02
1.365000000000002167e+01 7.996668517355190033e+02 1.799999278837915142e+02
1.380000000000002203e+01 7.996668517355190033e+02 1.799999278837915142e+02
1.395000000000002238e+01 7.996668517355190033e+02 1.799999278837915142e+02
1.410000000000002274e+01 7.996668517355190033e+02 1.799999278837915142e+02
1.425000000000002309e+01 7.996668517355190033e+02 1.799999278837915142e+02
1.440000000000002345e+01 7.996668517355190033e+02 1.799999278837915142e+02
1.455000000000002380e+01 7.996668517355190033e+02 1.799999278837915142e+02
1.470000000000002416e+01 7.996668517355190033e+02 1.799999278837915142e+02
1.485000000000002451e+01 7.996668517355190033e+02 1.799999278837915142e+02
1.500000000000002487e+01 7.996668517355190033e+02 1.799999278837915142e+02
1.515000000000002522e+01 7.996668517355190033e+02 1.799999278837915142e+02
1.530000000000002558e+01 7.996668517355190033e+02 1.799999278837915142e+02
1.545000000000002593e+01 7.996668517355190033e+02 1.799999278837915142e+02
1.560000000000002629e+01 7.996668517355190033e+02 1.799999278837915142e+02
1.575000000000002665e+01 7.996668517355190033e+02 1.799999278837915142e+02
1.590000000000002700e+01 7.996668517355190033e+02 1.799999278837915142e+02
