1.499999999999999944e-01 7.997712111926506395e+02 2.993125437167343250e-05
2.999999999999999889e-01 7.997712111926506395e+02 2.993125437167343250e-05
4.499999999999999556e-01 7.997712111926506395e+02 2.993125437167343250e-05
5.999999999999999778e-01 7.997712111926506395e+02 2.993125437167343250e-05
7.500000000000000000e-01 7.997712111926506395e+02 2.993125437167343250e-05
9.000000000000000222e-01 7.997712111926506395e+02 2.993125437167343250e-05
1.050000000000000044e+00 7.997712111926506395e+02 2.993125437167343250e-05
1.199999999999999956e+00 7.997712111926506395e+02 2.993125437167343250e-05
1.349999999999999867e+00 7.997712111926506395e+02 2.993125437167343250e-05
1.499999999999999778e+00 7.997712111926506395e+02 2.993125437167343250e-05
1.649999999999999689e+00 7.997712111926506395e+02 2.993125437167343250e-05
1.799999999999999600e+00 7.997712111926506395e+02 2.993125437167343250e-05
1.949999999999999512e+00 7.997712111926506395e+02 2.993125437167343250e-05
2.099999999999999645e+00 7.998870897961984383e+02 2.991578409528017346e-05
2.249999999999999556e+00 7.998870897961984383e+02 2.991578409528017346e-05
2.399999999999999467e+00 7.998870897961984383e+02 2.991578409528017346e-05
2.549999999999999378e+00 7.998870897961984383e+02 2.991578409528017346e-05
2.699999999999999289e+00 7.998870897961984383e+02 2.991578409528017346e-05
2.849999999999999201e+00 7.998870897961984383e+02 2.991578409528017346e-05
2.999999999999999112e+00 7.998870897961984383e+02 2.991578409528017346e-05
3.149999999999999023e+00 7.998870897961984383e+02 2.991578409528017346e-05
3.299999999999998934e+00 7.998870897961984383e+02 2.991578409528017346e-05
3.449999999999998845e+00 7.998870897961984383e+02 2.991578409528017346e-05
3.599999999999998757e+00 7.998870897961984383e+02 2.991578409528017346e-05
3.749999999999998668e+00 7.998870897961984383e+02 2.991578409528017346e-05
3.899999999999998579e+00 7.998870897961984383e+02 2.991578409528017346e-05
4.049999999999998934e+00 4.462412972725394411e+02 2.993751961333224187e-05
4.199999999999999289e+00 2.218255534673371585e+02 3.002439740862339335e-05
4.349999999999999645e+00 7.632232323560391762e+01 3.018076017591297955e-05
4.500000000000000000e+00 2.966677420021009226e+01 3.055547230623734123e-05
4.650000000000000355e+00 1.078755894110283009e+01 3.166826614020568087e-05
4.800000000000000711e+00 3.748782976098311792e+00 3.481581266651101458e-05
4.950000000000001066e+00 1.051206816606054417e+00 4.718605597020530951e-05
5.100000000000001421e+00 2.727977987342455890e-02 6.932962796508679304e-04
5.250000000000001776e+00 3.626826167002263901e-01 1.799999801579278369e+02
5.400000000000002132e+00 5.110254610995070834e-01 1.799999946405231981e+02
5.550000000000002487e+00 5.674786162786631394e-01 1.799999981606774497e+02
5.700000000000002842e+00 5.889592792245821329e-01 1.799999993255479467e+02
5.850000000000003197e+00 5.971331706546152418e-01 1.799999997468429171e+02
6.000000000000003553e+00 6.002434750234897365e-01 1.799999999040189493e+02
6.150000000000003908e+00 6.014270137440007602e-01 1.799999999635451218e+02
6.300000000000004263e+00 6.018773960126964084e-01 1.799999999861371123e+02
6.450000000000004619e+00 6.020488389697220555e-01 1.799999999947184222e+02
6.600000000000004974e+00 6.021142449639000915e-01 1.799999999979903009e+02
6.750000000000005329e+00 6.021395766871364685e-01 1.799999999992351718e+02
6.900000000000005684e+00 6.021503815203459453e-01 1.799999999997086491e+02
7.050000000000006040e+00 6.021575564011527604e-01 1.799999999998892122e+02
7.200000000000006395e+00 6.021683371609469759e-01 1.799999999999577085e+02
7.350000000000006750e+00 6.021935963099167566e-01 1.799999999999839133e+02
7.500000000000007105e+00 6.022588081236790458e-01 1.799999999999939178e+02
7.650000000000007461e+00 6.024297396976407981e-01 1.799999999999976694e+02
7.800000000000007816e+00 6.028787776313038194e-01 1.799999999999990052e+02
7.950000000000008171e+00 6.040587832241044453e-01 1.799999999999995453e+02
8.100000000000008527e+00 6.071598022170974218e-01 1.799999999999995168e+02
8.250000000000008882e+00 6.153092920545759625e-01 1.799999999999992042e+02
8.400000000000009237e+00 6.367258293815893921e-01 1.799999999999981526e+02
8.550000000000009592e+00 6.930104701818891044e-01 1.799999999999958789e+02
8.700000000000009948e+00 8.409105375645822278e-01 1.799999999999910472e+02
8.850000000000010303e+00 1.229709657031889947e+00 1.799999999999835438e+02
9.000000000000010658e+00 2.250583449939199454e+00 1.799999999999762679e+02
9.150000000000011013e+00 4.940150875643439576e+00 1.799999999999714930e+02
9.300000000000011369e+00 1.195806920899185144e+01 1.799999999999692193e+02
9.450000000000011724e+00 3.078313374050270568e+01 1.799999999999682245e+02
9.600000000000012079e+00 7.730540825186021436e+01 1.799999999999677414e+02
9.750000000000012434e+00 2.224851967867539031e+02 1.799999999999677982e+02
9.900000000000012790e+00 4.463875013757254351e+02 1.799999999999677698e+02
1.005000000000001315e+01 7.998881935489929447e+02 1.799999999999676845e+02
1.020000000000001350e+01 7.998881935489929447e+02 1.799999999999676845e+02
1.035000000000001386e+01 7.998881935489929447e+02 1.799999999999676845e+02
1.050000000000001421e+01 7.998881935489929447e+02 1.799999999999676845e+02
1.065000000000001457e+01 7.998881935489929447e+02 1.799999999999676845e+02
1.080000000000001492e+01 7.998881935489929447e+02 1.799999999999676845e+02
1.095000000000001528e+01 7.998881935489929447e+02 1.799999999999676845e+02
1.110000000000001563e+01 7.998881935489929447e+02 1.799999999999676845e+02
1.125000000000001599e+01 7.998881935489929447e+02 1.799999999999676845e+02
1.140000000000001634e+01 7.998881935489929447e+02 1.799999999999676845e+02
1.155000000000001670e+01 7.998881935489929447e+02 1.799999999999676845e+02
1.170000000000001705e+01 7.998881935489929447e+02 1.799999999999676845e+02
1.185000000000001741e+01 7.998881935489929447e+02 1.799999999999676845e+02
1.200000000000001776e+01 7.998881935489929447e+02 1.799999999999676845e+02
1.215000000000001812e+01 7.998881935489929447e+02 1.799999999999676845e+02
1.230000000000001847e+01 7.998881935489929447e+02 1.799999999999676845e+02
1.245000000000001883e+01 7.998881935489929447e+02 1.799999999999676845e+02
1.260000000000001918e+01 7.998881935489929447e+02 1.799999999999676845e+02
1.275000000000001954e+01 7.998881935489929447e+02 1.799999999999676845e+02
1.290000000000001990e+01 7.998881935489929447e+02 1.799999999999676845e+02
1.305000000000002025e+01 7.997733446385692559e+02 1.799999999999678266e+02
1.320000000000002061e+01 7.997733446385692559e+02 1.799999999999678266e+02
1.335000000000002096e+01 7.997733446385692559e+02 1.799999999999678266e+02
1.350000000000002132e+01 7.997733446385692559e+02 1.799999999999678266e+02
1.365000000000002167e+01 7.997733446385692559e+02 1.799999999999678266e+02
1.380000000000002203e+01 7.997733446385692559e+02 1.799999999999678266e+02
1.395000000000002238e+01 7.997733446385692559e+02 1.799999999999678266e+02
1.410000000000002274e+01 7.997733446385692559e+02 1.799999999999678266e+02
1.425000000000002309e+01 7.997733446385692559e+02 1.799999999999678266e+02
1.440000000000002345e+01 7.997733446385692559e+02 1.799999999999678266e+02
1.455000000000002380e+01 7.997733446385692559e+02 1.799999999999678266e+02
1.470000000000002416e+01 7.997733446385692559e+02 1.799999999999678266e+02
1.485000000000002451e+01 7.997733446385692559e+02 1.799999999999678266e+02
1.500000000000002487e+01 7.997733446385692559e+02 1.799999999999678266e+02
1.515000000000002522e+01 7.997733446385692559e+02 1.799999999999678266e+02
1.530000000000002558e+01 7.997733446385692559e+02 1.799999999999678266e+02
1.545000000000002593e+01 7.997733446385692559e+02 1.799999999999678266e+02
1.560000000000002629e+01 7.997733446385692559e+02 1.799999999999678266e+02
1.575000000000002665e+01 7.997733446385692559e+02 1.799999999999678266e+02
1.590000000000002700e+01 7.997733446385692559e+02 1.799999999999678266e+02
