1.499999999999999944e-01 7.999995743390110192e+02 1.799986957799048355e+02
2.999999999999999889e-01 7.999995743390110192e+02 1.799986957799048355e+02
4.499999999999999556e-01 7.999995743390110192e+02 1.799986957799048355e+02
5.999999999999999778e-01 7.999995743390110192e+02 1.799986957799048355e+02
7.500000000000000000e-01 7.999995743390110192e+02 1.799986957799048355e+02
9.000000000000000222e-01 7.999995743390110192e+02 1.799986957799048355e+02
1.050000000000000044e+00 7.999995743390110192e+02 1.799986957799048355e+02
1.199999999999999956e+00 7.999995743390110192e+02 1.799986957799048355e+02
1.349999999999999867e+00 7.999995743390110192e+02 1.799986957799048355e+02
1.499999999999999778e+00 7.999995743390110192e+02 1.799986957799048355e+02
1.649999999999999689e+00 7.999995743390110192e+02 1.799986957799048355e+02
1.799999999999999600e+00 7.999995743390110192e+02 1.799986957799048355e+02
1.949999999999999512e+00 7.999995743390110192e+02 1.799986957799048355e+02
2.099999999999999645e+00 7.999999077918522516e+02 1.799986967808605982e+02
2.249999999999999556e+00 7.999999077918522516e+02 1.799986967808605982e+02
2.399999999999999467e+00 7.999999077918522516e+02 1.799986967808605982e+02
2.549999999999999378e+00 7.999999077918522516e+02 1.799986967808605982e+02
2.699999999999999289e+00 7.999999077918522516e+02 1.799986967808605982e+02
2.849999999999999201e+00 7.999999077918522516e+02 1.799986967808605982e+02
2.999999999999999112e+00 7.999999077918522516e+02 1.799986967808605982e+02
3.149999999999999023e+00 7.999999077918522516e+02 1.799986967808605982e+02
3.299999999999998934e+00 7.999999077918522516e+02 1.799986967808605982e+02
3.449999999999998845e+00 7.999999077918522516e+02 1.799986967808605982e+02
3.599999999999998757e+00 7.999999077918522516e+02 1.799986967808605982e+02
3.749999999999998668e+00 7.999999077918522516e+02 1.799986967808605982e+02
3.899999999999998579e+00 7.999999077918522516e+02 1.799986967808605982e+02
4.049999999999998934e+00 5.084862931643270940e+02 1.799987002084098435e+02
4.199999999999999289e+00 4.139337934097889047e+02 1.799987143592859695e+02
4.349999999999999645e+00 3.123040742488960291e+02 1.799987507329200014e+02
4.500000000000000000e+00 2.744283626120626991e+02 1.799987983740361130e+02
4.650000000000000355e+00 2.531409016469459914e+02 1.799988542873163908e+02
4.800000000000000711e+00 2.417300100632951683e+02 1.799989148216698993e+02
4.950000000000001066e+00 2.352878116081277255e+02 1.799989762537468607e+02
5.100000000000001421e+00 2.316195092409910785e+02 1.799990359291948039e+02
5.250000000000001776e+00 2.295090079499993294e+02 1.799990943637982923e+02
5.400000000000002132e+00 2.282892533523154270e+02 1.799991502731785147e+02
5.550000000000002487e+00 2.275822027937999508e+02 1.799992028533785913e+02
5.700000000000002842e+00 2.271716889761463847e+02 1.799992533397839622e+02
5.850000000000003197e+00 2.269331304658604438e+02 1.799993011468478699e+02
6.000000000000003553e+00 2.267944523190325583e+02 1.799993458853857362e+02
6.150000000000003908e+00 2.267138632459842142e+02 1.799993887237216654e+02
6.300000000000004263e+00 2.266671137389645878e+02 1.799994292673355574e+02
6.450000000000004619e+00 2.266401489385223726e+02 1.799994672500907598e+02
6.600000000000004974e+00 2.266248661789162782e+02 1.799995036551571275e+02
6.750000000000005329e+00 2.266166744616087954e+02 1.799995381792415401e+02
6.900000000000005684e+00 2.266131133586046076e+02 1.799995706220449847e+02
7.050000000000006040e+00 2.266131133586432043e+02 1.799996017880887109e+02
7.200000000000006395e+00 2.266166744617252959e+02 1.799996314402610835e+02
7.350000000000006750e+00 2.266248661791155143e+02 1.799996594288436143e+02
7.500000000000007105e+00 2.266401489388125583e+02 1.799996864018691554e+02
7.650000000000007461e+00 2.266671137393605591e+02 1.799997121767827650e+02
7.800000000000007816e+00 2.267138632465095895e+02 1.799997366460772810e+02
7.950000000000008171e+00 2.267944523197251669e+02 1.799997603193882014e+02
8.100000000000008527e+00 2.269331304667836378e+02 1.799997830567816379e+02
8.250000000000008882e+00 2.271716889774057222e+02 1.799998047801109635e+02
8.400000000000009237e+00 2.275822027955721296e+02 1.799998258631539443e+02
8.550000000000009592e+00 2.282892533549047869e+02 1.799998461790725628e+02
8.700000000000009948e+00 2.295090079539299666e+02 1.799998656349817452e+02
8.850000000000010303e+00 2.316195092471832027e+02 1.799998844149945683e+02
9.000000000000010658e+00 2.352878116182197346e+02 1.799999022915308160e+02
9.150000000000011013e+00 2.417300100803411738e+02 1.799999189846878096e+02
9.300000000000011369e+00 2.531409016765315130e+02 1.799999342379867926e+02
9.450000000000011724e+00 2.744283626677035386e+02 1.799999474531745989e+02
9.600000000000012079e+00 3.123040743470535858e+02 1.799999576567373936e+02
9.750000000000012434e+00 4.139337937104295975e+02 1.799999647836946508e+02
9.900000000000012790e+00 5.084862933811519952e+02 1.799999674821706606e+02
1.005000000000001315e+01 7.999999109589323325e+02 1.799999679968281043e+02
1.020000000000001350e+01 7.999999109589323325e+02 1.799999679968281043e+02
1.035000000000001386e+01 7.999999109589323325e+02 1.799999679968281043e+02
1.050000000000001421e+01 7.999999109589323325e+02 1.799999679968281043e+02
1.065000000000001457e+01 7.999999109589323325e+02 1.799999679968281043e+02
1.080000000000001492e+01 7.999999109589323325e+02 1.799999679968281043e+02
1.095000000000001528e+01 7.999999109589323325e+02 1.799999679968281043e+02
1.110000000000001563e+01 7.999999109589323325e+02 1.799999679968281043e+02
1.125000000000001599e+01 7.999999109589323325e+02 1.799999679968281043e+02
1.140000000000001634e+01 7.999999109589323325e+02 1.799999679968281043e+02
1.155000000000001670e+01 7.999999109589323325e+02 1.799999679968281043e+02
1.170000000000001705e+01 7.999999109589323325e+02 1.799999679968281043e+02
1.185000000000001741e+01 7.999999109589323325e+02 1.799999679968281043e+02
1.200000000000001776e+01 7.999999109589323325e+02 1.799999679968281043e+02
1.215000000000001812e+01 7.999999109589323325e+02 1.799999679968281043e+02
1.230000000000001847e+01 7.999999109589323325e+02 1.799999679968281043e+02
1.245000000000001883e+01 7.999999109589323325e+02 1.799999679968281043e+02
1.260000000000001918e+01 7.999999109589323325e+02 1.799999679968281043e+02
1.275000000000001954e+01 7.999999109589323325e+02 1.799999679968281043e+02
1.290000000000001990e+01 7.999999109589323325e+02 1.799999679968281043e+02
1.305000000000002025e+01 7.999995889592203184e+02 1.799999681103571447e+02
1.320000000000002061e+01 7.999995889592203184e+02 1.799999681103571447e+02
1.335000000000002096e+01 7.999995889592203184e+02 1.799999681103571447e+02
1.350000000000002132e+01 7.999995889592203184e+02 1.799999681103571447e+02
1.365000000000002167e+01 7.999995889592203184e+02 1.799999681103571447e+02
1.380000000000002203e+01 7.999995889592203184e+02 1.799999681103571447e+02
1.395000000000002238e+01 7.999995889592203184e+02 1.799999681103571447e+02
1.410000000000002274e+01 7.999995889592203184e+02 1.799999681103571447e+02
1.425000000000002309e+01 7.999995889592203184e+02 1.799999681103571447e+02
1.440000000000002345e+01 7.999995889592203184e+02 1.799999681103571447e+02
1.455000000000002380e+01 7.999995889592203184e+02 1.799999681103571447e+02
1.470000000000002416e+01 7.999995889592203184e+02 1.799999681103571447e+02
1.485000000000002451e+01 7.999995889592203184e+02 1.799999681103571447e+02
1.500000000000002487e+01 7.999995889592203184e+02 1.799999681103571447e+02
1.515000000000002522e+01 7.999995889592203184e+02 1.799999681103571447e+02
1.530000000000002558e+01 7.999995889592203184e+02 1.799999681103571447e+02
1.545000000000002593e+01 7.999995889592203184e+02 1.799999681103571447e+02
1.560000000000002629e+01 7.999995889592203184e+02 1.799999681103571447e+02
1.575000000000002665e+01 7.999995889592203184e+02 1.799999681103571447e+02
1.590000000000002700e+01 7.999995889592203184e+02 1.799999681103571447e+02
