1.499999999999999944e-01 7.999999997609465936e+02 1.799997466343210704e+02
2.999999999999999889e-01 7.999999997609465936e+02 1.799997466343210704e+02
4.499999999999999556e-01 7.999999997609465936e+02 1.799997466343210704e+02
5.999999999999999778e-01 7.999999997609465936e+02 1.799997466343210704e+02
7.500000000000000000e-01 7.999999997609465936e+02 1.799997466343210704e+02
9.000000000000000222e-01 7.999999997609465936e+02 1.799997466343210704e+02
1.050000000000000044e+00 7.999999997609465936e+02 1.799997466343210704e+02
1.199999999999999956e+00 7.999999997609465936e+02 1.799997466343210704e+02
1.349999999999999867e+00 7.999999997609465936e+02 1.799997466343210704e+02
1.499999999999999778e+00 7.999999997609465936e+02 1.799997466343210704e+02
1.649999999999999689e+00 7.999999997609465936e+02 1.799997466343210704e+02
1.799999999999999600e+00 7.999999997609465936e+02 1.799997466343210704e+02
1.949999999999999512e+00 7.999999997609465936e+02 1.799997466343210704e+02
2.099999999999999645e+00 7.999999999790160246e+02 1.799997472162806673e+02
2.249999999999999556e+00 7.999999999790160246e+02 1.799997472162806673e+02
2.399999999999999467e+00 7.999999999790160246e+02 1.799997472162806673e+02
2.549999999999999378e+00 7.999999999790160246e+02 1.799997472162806673e+02
2.699999999999999289e+00 7.999999999790160246e+02 1.799997472162806673e+02
2.849999999999999201e+00 7.999999999790160246e+02 1.799997472162806673e+02
2.999999999999999112e+00 7.999999999790160246e+02 1.799997472162806673e+02
3.149999999999999023e+00 7.999999999790160246e+02 1.799997472162806673e+02
3.299999999999998934e+00 7.999999999790160246e+02 1.799997472162806673e+02
3.449999999999998845e+00 7.999999999790160246e+02 1.799997472162806673e+02
3.599999999999998757e+00 7.999999999790160246e+02 1.799997472162806673e+02
3.749999999999998668e+00 7.999999999790160246e+02 1.799997472162806673e+02
3.899999999999998579e+00 7.999999999790160246e+02 1.799997472162806673e+02
4.049999999999998934e+00 5.178445226471092155e+02 1.799997482176869994e+02
4.199999999999999289e+00 4.912020580147210467e+02 1.799997516940318008e+02
4.349999999999999645e+00 4.583733685440630552e+02 1.799997597405850343e+02
4.500000000000000000e+00 4.542078902628751962e+02 1.799997677075335787e+02
4.650000000000000355e+00 4.529485933859454576e+02 1.799997748449630137e+02
4.800000000000000711e+00 4.527003309042580099e+02 1.799997827116738733e+02
4.950000000000001066e+00 4.526412923311297618e+02 1.799997904001165523e+02
5.100000000000001421e+00 4.526284823563374289e+02 1.799997971124622325e+02
5.250000000000001776e+00 4.526255774322277716e+02 1.799998044728945104e+02
5.400000000000002132e+00 4.526249326479847923e+02 1.799998116628437117e+02
5.550000000000002487e+00 4.526247880392857610e+02 1.799998179751701173e+02
5.700000000000002842e+00 4.526247557696472086e+02 1.799998248688314675e+02
5.850000000000003197e+00 4.526247485511118498e+02 1.799998316088365868e+02
6.000000000000003553e+00 4.526247469382653321e+02 1.799998375644311750e+02
6.150000000000003908e+00 4.526247465776997956e+02 1.799998440390888561e+02
6.300000000000004263e+00 4.526247464971145291e+02 1.799998503758979780e+02
6.450000000000004619e+00 4.526247464791018160e+02 1.799998560160343573e+02
6.600000000000004974e+00 4.526247464750765062e+02 1.799998621165994166e+02
6.750000000000005329e+00 4.526247464741788917e+02 1.799998680941599787e+02
6.900000000000005684e+00 4.526247464739878410e+02 1.799998734579020265e+02
7.050000000000006040e+00 4.526247464739880115e+02 1.799998792266668772e+02
7.200000000000006395e+00 4.526247464741792896e+02 1.799998848864096601e+02
7.350000000000006750e+00 4.526247464750769609e+02 1.799998900108781186e+02
7.500000000000007105e+00 4.526247464791027824e+02 1.799998954878086579e+02
7.650000000000007461e+00 4.526247464971157228e+02 1.799999008689353275e+02
7.800000000000007816e+00 4.526247465777011598e+02 1.799999057895660712e+02
7.950000000000008171e+00 4.526247469382669806e+02 1.799999110125783091e+02
8.100000000000008527e+00 4.526247485511138393e+02 1.799999161523313091e+02
8.250000000000008882e+00 4.526247557696495960e+02 1.799999209031191185e+02
8.400000000000009237e+00 4.526247880392884895e+02 1.799999259083410550e+02
8.550000000000009592e+00 4.526249326479878619e+02 1.799999308422608522e+02
8.700000000000009948e+00 4.526255774322309549e+02 1.799999354559806477e+02
8.850000000000010303e+00 4.526284823563409532e+02 1.799999402779547211e+02
9.000000000000010658e+00 4.526412923311337977e+02 1.799999450398342731e+02
9.150000000000011013e+00 4.527003309042625574e+02 1.799999495474497735e+02
9.300000000000011369e+00 4.529485933859502893e+02 1.799999542128854273e+02
9.450000000000011724e+00 4.542078902628816195e+02 1.799999588230112124e+02
9.600000000000012079e+00 4.583733685440722638e+02 1.799999631072885222e+02
9.750000000000012434e+00 4.912020580147636224e+02 1.799999674474354947e+02
9.900000000000012790e+00 5.178445226471336582e+02 1.799999697763583981e+02
1.005000000000001315e+01 7.999999999802998900e+02 1.799999702803470427e+02
1.020000000000001350e+01 7.999999999802998900e+02 1.799999702803470427e+02
1.035000000000001386e+01 7.999999999802998900e+02 1.799999702803470427e+02
1.050000000000001421e+01 7.999999999802998900e+02 1.799999702803470427e+02
1.065000000000001457e+01 7.999999999802998900e+02 1.799999702803470427e+02
1.080000000000001492e+01 7.999999999802998900e+02 1.799999702803470427e+02
1.095000000000001528e+01 7.999999999802998900e+02 1.799999702803470427e+02
1.110000000000001563e+01 7.999999999802998900e+02 1.799999702803470427e+02
1.125000000000001599e+01 7.999999999802998900e+02 1.799999702803470427e+02
1.140000000000001634e+01 7.999999999802998900e+02 1.799999702803470427e+02
1.155000000000001670e+01 7.999999999802998900e+02 1.799999702803470427e+02
1.170000000000001705e+01 7.999999999802998900e+02 1.799999702803470427e+02
1.185000000000001741e+01 7.999999999802998900e+02 1.799999702803470427e+02
1.200000000000001776e+01 7.999999999802998900e+02 1.799999702803470427e+02
1.215000000000001812e+01 7.999999999802998900e+02 1.799999702803470427e+02
1.230000000000001847e+01 7.999999999802998900e+02 1.799999702803470427e+02
1.245000000000001883e+01 7.999999999802998900e+02 1.799999702803470427e+02
1.260000000000001918e+01 7.999999999802998900e+02 1.799999702803470427e+02
1.275000000000001954e+01 7.999999999802998900e+02 1.799999702803470427e+02
1.290000000000001990e+01 7.999999999802998900e+02 1.799999702803470427e+02
1.305000000000002025e+01 7.999999997755737695e+02 1.799999704508952618e+02
1.320000000000002061e+01 7.999999997755737695e+02 1.799999704508952618e+02
1.335000000000002096e+01 7.999999997755737695e+02 1.799999704508952618e+02
1.350000000000002132e+01 7.999999997755737695e+02 1.799999704508952618e+02
1.365000000000002167e+01 7.999999997755737695e+02 1.799999704508952618e+02
1.380000000000002203e+01 7.999999997755737695e+02 1.799999704508952618e+02
1.395000000000002238e+01 7.999999997755737695e+02 1.799999704508952618e+02
1.410000000000002274e+01 7.999999997755737695e+02 1.799999704508952618e+02
1.425000000000002309e+01 7.999999997755737695e+02 1.799999704508952618e+02
1.440000000000002345e+01 7.999999997755737695e+02 1.799999704508952618e+02
1.455000000000002380e+01 7.999999997755737695e+02 1.799999704508952618e+02
1.470000000000002416e+01 7.999999997755737695e+02 1.799999704508952618e+02
1.485000000000002451e+01 7.999999997755737695e+02 1.799999704508952618e+02
1.500000000000002487e+01 7.999999997755737695e+02 1.799999704508952618e+02
1.515000000000002522e+01 7.999999997755737695e+02 1.799999704508952618e+02
1.530000000000002558e+01 7.999999997755737695e+02 1.799999704508952618e+02
1.545000000000002593e+01 7.999999997755737695e+02 1.799999704508952618e+02
1.560000000000002629e+01 7.999999997755737695e+02 1.799999704508952618e+02
1.575000000000002665e+01 7.999999997755737695e+02 1.799999704508952618e+02
1.590000000000002700e+01 7.999999997755737695e+02 1.799999704508952618e+02
