1.499999999999999944e-01 7.999987006596704759e+02 1.101366723488261812e-06
2.999999999999999889e-01 7.999987006596704759e+02 1.101366723488261812e-06
4.499999999999999556e-01 7.999987006596704759e+02 1.101366723488261812e-06
5.999999999999999778e-01 7.999987006596704759e+02 1.101366723488261812e-06
7.500000000000000000e-01 7.999987006596704759e+02 1.101366723488261812e-06
9.000000000000000222e-01 7.999987006596704759e+02 1.101366723488261812e-06
1.050000000000000044e+00 7.999987006596704759e+02 1.101366723488261812e-06
1.199999999999999956e+00 7.999987006596704759e+02 1.101366723488261812e-06
1.349999999999999867e+00 7.999987006596704759e+02 1.101366723488261812e-06
1.499999999999999778e+00 7.999987006596704759e+02 1.101366723488261812e-06
1.649999999999999689e+00 7.999987006596704759e+02 1.101366723488261812e-06
1.799999999999999600e+00 7.999987006596704759e+02 1.101366723488261812e-06
1.949999999999999512e+00 7.999987006596704759e+02 1.101366723488261812e-06
2.099999999999999645e+00 7.999996738343186280e+02 1.102982028045040863e-06
2.249999999999999556e+00 7.999996738343186280e+02 1.102982028045040863e-06
2.399999999999999467e+00 7.999996738343186280e+02 1.102982028045040863e-06
2.549999999999999378e+00 7.999996738343186280e+02 1.102982028045040863e-06
2.699999999999999289e+00 7.999996738343186280e+02 1.102982028045040863e-06
2.849999999999999201e+00 7.999996738343186280e+02 1.102982028045040863e-06
2.999999999999999112e+00 7.999996738343186280e+02 1.102982028045040863e-06
3.149999999999999023e+00 7.999996738343186280e+02 1.102982028045040863e-06
3.299999999999998934e+00 7.999996738343186280e+02 1.102982028045040863e-06
3.449999999999998845e+00 7.999996738343186280e+02 1.102982028045040863e-06
3.599999999999998757e+00 7.999996738343186280e+02 1.102982028045040863e-06
3.749999999999998668e+00 7.999996738343186280e+02 1.102982028045040863e-06
3.899999999999998579e+00 7.999996738343186280e+02 1.102982028045040863e-06
4.049999999999998934e+00 5.040189057850089966e+02 1.113401516983358874e-06
4.199999999999999289e+00 3.860958854379619538e+02 1.169361415365166579e-06
4.349999999999999645e+00 2.585561680812595569e+02 1.339704819858233975e-06
4.500000000000000000e+00 1.994825979154788058e+02 1.647894564027474473e-06
4.650000000000000355e+00 1.592325303003155454e+02 2.165612874471811722e-06
4.800000000000000711e+00 1.311379322614563705e+02 2.949339597324573958e-06
4.950000000000001066e+00 1.099531386720196906e+02 4.084993441288986560e-06
5.100000000000001421e+00 9.324536497301322413e+01 5.682500312853555613e-06
5.250000000000001776e+00 7.955561539785196601e+01 7.878688717877224690e-06
5.400000000000002132e+00 6.799293784370061644e+01 1.087664883969718943e-05
5.550000000000002487e+00 5.797741615885216504e+01 1.497805603711821476e-05
5.700000000000002842e+00 4.911673056622486655e+01 2.060652334912038697e-05
5.850000000000003197e+00 4.113589192534898586e+01 2.847727468802130346e-05
6.000000000000003553e+00 3.383619196836164633e+01 3.982909539013146372e-05
6.150000000000003908e+00 2.706983906902554793e+01 5.687233221940424244e-05
6.300000000000004263e+00 2.072363191645908742e+01 8.437956800444457173e-05
6.450000000000004619e+00 1.470801680621242724e+01 1.344520994523978885e-04
6.600000000000004974e+00 8.949460951336291714e+00 2.485923017943036939e-04
6.750000000000005329e+00 3.384913726985573135e+00 7.366124571618337669e-04
6.900000000000005684e+00 2.042407220448382077e+00 1.799986351760509820e+02
7.050000000000006040e+00 7.386407196110823747e+00 1.799995794855300062e+02
7.200000000000006395e+00 1.270104103787681282e+01 1.799997280325534916e+02
7.350000000000006750e+00 1.804306128991568059e+01 1.799997872260383076e+02
7.500000000000007105e+00 2.347485389886927720e+01 1.799998185064018514e+02
7.650000000000007461e+00 2.906765207252240657e+01 1.799998373526143780e+02
7.800000000000007816e+00 3.490549480474552269e+01 1.799998495052963108e+02
7.950000000000008171e+00 4.109044430537285564e+01 1.799998578743534949e+02
8.100000000000008527e+00 4.774984018211423376e+01 1.799998637485617223e+02
8.250000000000008882e+00 5.504683500479688973e+01 1.799998678431716144e+02
8.400000000000009237e+00 6.319629609345342658e+01 1.799998708573897375e+02
8.550000000000009592e+00 7.248974458056397907e+01 1.799998730224993437e+02
8.700000000000009948e+00 8.333599526835597260e+01 1.799998744747865942e+02
8.850000000000010303e+00 9.633103876811675548e+01 1.799998755624617672e+02
9.000000000000010658e+00 1.123811483251000283e+02 1.799998763138862898e+02
9.150000000000011013e+00 1.329595428979095004e+02 1.799998767313245480e+02
9.300000000000011369e+00 1.605121747955753904e+02 1.799998770666881001e+02
9.450000000000011724e+00 2.002952938579661861e+02 1.799998772865822900e+02
9.600000000000012079e+00 2.589917307553597539e+02 1.799998773397861100e+02
9.750000000000012434e+00 3.862332516680851313e+02 1.799998774516306526e+02
9.900000000000012790e+00 5.040272679694981548e+02 1.799998775123847565e+02
1.005000000000001315e+01 7.999996687191239744e+02 1.799998775059672198e+02
1.020000000000001350e+01 7.999996687191239744e+02 1.799998775059672198e+02
1.035000000000001386e+01 7.999996687191239744e+02 1.799998775059672198e+02
1.050000000000001421e+01 7.999996687191239744e+02 1.799998775059672198e+02
1.065000000000001457e+01 7.999996687191239744e+02 1.799998775059672198e+02
1.080000000000001492e+01 7.999996687191239744e+02 1.799998775059672198e+02
1.095000000000001528e+01 7.999996687191239744e+02 1.799998775059672198e+02
1.110000000000001563e+01 7.999996687191239744e+02 1.799998775059672198e+02
1.125000000000001599e+01 7.999996687191239744e+02 1.799998775059672198e+02
1.140000000000001634e+01 7.999996687191239744e+02 1.799998775059672198e+02
1.155000000000001670e+01 7.999996687191239744e+02 1.799998775059672198e+02
1.170000000000001705e+01 7.999996687191239744e+02 1.799998775059672198e+02
1.185000000000001741e+01 7.999996687191239744e+02 1.799998775059672198e+02
1.200000000000001776e+01 7.999996687191239744e+02 1.799998775059672198e+02
1.215000000000001812e+01 7.999996687191239744e+02 1.799998775059672198e+02
1.230000000000001847e+01 7.999996687191239744e+02 1.799998775059672198e+02
1.245000000000001883e+01 7.999996687191239744e+02 1.799998775059672198e+02
1.260000000000001918e+01 7.999996687191239744e+02 1.799998775059672198e+02
1.275000000000001954e+01 7.999996687191239744e+02 1.799998775059672198e+02
1.290000000000001990e+01 7.999996687191239744e+02 1.799998775059672198e+02
1.305000000000002025e+01 7.999986801446580102e+02 1.799998775588974240e+02
1.320000000000002061e+01 7.999986801446580102e+02 1.799998775588974240e+02
1.335000000000002096e+01 7.999986801446580102e+02 1.799998775588974240e+02
1.350000000000002132e+01 7.999986801446580102e+02 1.799998775588974240e+02
1.365000000000002167e+01 7.999986801446580102e+02 1.799998775588974240e+02
1.380000000000002203e+01 7.999986801446580102e+02 1.799998775588974240e+02
1.395000000000002238e+01 7.999986801446580102e+02 1.799998775588974240e+02
1.410000000000002274e+01 7.999986801446580102e+02 1.799998775588974240e+02
1.425000000000002309e+01 7.999986801446580102e+02 1.799998775588974240e+02
1.440000000000002345e+01 7.999986801446580102e+02 1.799998775588974240e+02
1.455000000000002380e+01 7.999986801446580102e+02 1.799998775588974240e+02
1.470000000000002416e+01 7.999986801446580102e+02 1.799998775588974240e+02
1.485000000000002451e+01 7.999986801446580102e+02 1.799998775588974240e+02
1.500000000000002487e+01 7.999986801446580102e+02 1.799998775588974240e+02
1.515000000000002522e+01 7.999986801446580102e+02 1.799998775588974240e+02
1.530000000000002558e+01 7.999986801446580102e+02 1.799998775588974240e+02
1.545000000000002593e+01 7.999986801446580102e+02 1.799998775588974240e+02
1.560000000000002629e+01 7.999986801446580102e+02 1.799998775588974240e+02
1.575000000000002665e+01 7.999986801446580102e+02 1.799998775588974240e+02
1.590000000000002700e+01 7.999986801446580102e+02 1.799998775588974240e+02
