1.499999999999999944e-01 7.999992475164206098e+02 5.419190221275359320e+00
2.999999999999999889e-01 7.999992475164206098e+02 5.419190221275359320e+00
4.499999999999999556e-01 7.999992475164206098e+02 5.419190221275359320e+00
5.999999999999999778e-01 7.999992475164206098e+02 5.419190221275359320e+00
7.500000000000000000e-01 7.999992475164206098e+02 5.419190221275359320e+00
9.000000000000000222e-01 7.999992475164206098e+02 5.419190221275359320e+00
1.050000000000000044e+00 7.999992475164206098e+02 5.419190221275359320e+00
1.199999999999999956e+00 7.999992475164206098e+02 5.419190221275359320e+00
1.349999999999999867e+00 7.999992475164206098e+02 5.419190221275359320e+00
1.499999999999999778e+00 7.999992475164206098e+02 5.419190221275359320e+00
1.649999999999999689e+00 7.999992475164206098e+02 5.419190221275359320e+00
1.799999999999999600e+00 7.999992475164206098e+02 5.419190221275359320e+00
1.949999999999999512e+00 7.999992475164206098e+02 5.419190221275359320e+00
2.099999999999999645e+00 7.999998240554646145e+02 5.431067992935377120e+00
2.249999999999999556e+00 7.999998240554646145e+02 5.431067992935377120e+00
2.399999999999999467e+00 7.999998240554646145e+02 5.431067992935377120e+00
2.549999999999999378e+00 7.999998240554646145e+02 5.431067992935377120e+00
2.699999999999999289e+00 7.999998240554646145e+02 5.431067992935377120e+00
2.849999999999999201e+00 7.999998240554646145e+02 5.431067992935377120e+00
2.999999999999999112e+00 7.999998240554646145e+02 5.431067992935377120e+00
3.149999999999999023e+00 7.999998240554646145e+02 5.431067992935377120e+00
3.299999999999998934e+00 7.999998240554646145e+02 5.431067992935377120e+00
3.449999999999998845e+00 7.999998240554646145e+02 5.431067992935377120e+00
3.599999999999998757e+00 7.999998240554646145e+02 5.431067992935377120e+00
3.749999999999998668e+00 7.999998240554646145e+02 5.431067992935377120e+00
3.899999999999998579e+00 7.999998240554646145e+02 5.431067992935377120e+00
4.049999999999998934e+00 5.063536710923379474e+02 5.494230478903317838e+00
4.199999999999999289e+00 4.001484698472341961e+02 5.823141044869630356e+00
4.349999999999999645e+00 2.854357128091779146e+02 6.755144920765963512e+00
4.500000000000000000e+00 2.371746854414773793e+02 8.232195716278255304e+00
4.650000000000000355e+00 2.069301045583767120e+02 1.033757796381850369e+01
4.800000000000000711e+00 1.880600347077105141e+02 1.299371526742146088e+01
4.950000000000001066e+00 1.754802137685095715e+02 1.613537051693879576e+01
5.100000000000001421e+00 1.668491598730450960e+02 1.967741689345779221e+01
5.250000000000001776e+00 1.607867522827097275e+02 2.354087963667756966e+01
5.400000000000002132e+00 1.564655579328916133e+02 2.765477585490025092e+01
5.550000000000002487e+00 1.533585883319695427e+02 3.195885063068368126e+01
5.700000000000002842e+00 1.511179570016981870e+02 3.640328399473070675e+01
5.850000000000003197e+00 1.495066942063155011e+02 4.094767457939393296e+01
6.000000000000003553e+00 1.483594750341821964e+02 4.555965064175598656e+01
6.150000000000003908e+00 1.475588599529854434e+02 5.021347059310932792e+01
6.300000000000004263e+00 1.470204314715822989e+02 5.488874155615793171e+01
6.450000000000004619e+00 1.466832283317398264e+02 5.956931223499132244e+01
6.600000000000004974e+00 1.465034713486078317e+02 6.424233977400615458e+01
6.750000000000005329e+00 1.464504243746138457e+02 6.889750598738595500e+01
6.900000000000005684e+00 1.465037130270627870e+02 7.352636118050378400e+01
7.050000000000006040e+00 1.466517068588391624e+02 7.812176066922293671e+01
7.200000000000006395e+00 1.468907483418665549e+02 8.267735628115225666e+01
7.350000000000006750e+00 1.472251373715750447e+02 8.718712029682026809e+01
7.500000000000007105e+00 1.476678828703739725e+02 9.164486582841199436e+01
7.650000000000007461e+00 1.482423350199981371e+02 9.604372405467857732e+01
7.800000000000007816e+00 1.489849382531838557e+02 1.003755544515665292e+02
7.950000000000008171e+00 1.499495253339093210e+02 1.046302459455677223e+02
8.100000000000008527e+00 1.512138544936811115e+02 1.087948640512845628e+02
8.250000000000008882e+00 1.528895680532157257e+02 1.128526239873044119e+02
8.400000000000009237e+00 1.551375929595893126e+02 1.167816672704571346e+02
8.550000000000009592e+00 1.581925780976401370e+02 1.205536601504643528e+02
8.700000000000009948e+00 1.624029510400787899e+02 1.241323324401275272e+02
8.850000000000010303e+00 1.682999234740217673e+02 1.274722719853103570e+02
9.000000000000010658e+00 1.767195344168654572e+02 1.305183161311906019e+02
9.150000000000011013e+00 1.890553095027844108e+02 1.332076202917246803e+02
9.300000000000011369e+00 2.076666917805304422e+02 1.354712771891293812e+02
9.450000000000011724e+00 2.376589472699805583e+02 1.372566941786914470e+02
9.600000000000012079e+00 2.856988792391807692e+02 1.385018014016137897e+02
9.750000000000012434e+00 4.002293830985065028e+02 1.392802198853115954e+02
9.900000000000012790e+00 5.063581703881462772e+02 1.395517466369764179e+02
1.005000000000001315e+01 7.999998207684730005e+02 1.396023781583427308e+02
1.020000000000001350e+01 7.999998207684730005e+02 1.396023781583427308e+02
1.035000000000001386e+01 7.999998207684730005e+02 1.396023781583427308e+02
1.050000000000001421e+01 7.999998207684730005e+02 1.396023781583427308e+02
1.065000000000001457e+01 7.999998207684730005e+02 1.396023781583427308e+02
1.080000000000001492e+01 7.999998207684730005e+02 1.396023781583427308e+02
1.095000000000001528e+01 7.999998207684730005e+02 1.396023781583427308e+02
1.110000000000001563e+01 7.999998207684730005e+02 1.396023781583427308e+02
1.125000000000001599e+01 7.999998207684730005e+02 1.396023781583427308e+02
1.140000000000001634e+01 7.999998207684730005e+02 1.396023781583427308e+02
1.155000000000001670e+01 7.999998207684730005e+02 1.396023781583427308e+02
1.170000000000001705e+01 7.999998207684730005e+02 1.396023781583427308e+02
1.185000000000001741e+01 7.999998207684730005e+02 1.396023781583427308e+02
1.200000000000001776e+01 7.999998207684730005e+02 1.396023781583427308e+02
1.215000000000001812e+01 7.999998207684730005e+02 1.396023781583427308e+02
1.230000000000001847e+01 7.999998207684730005e+02 1.396023781583427308e+02
1.245000000000001883e+01 7.999998207684730005e+02 1.396023781583427308e+02
1.260000000000001918e+01 7.999998207684730005e+02 1.396023781583427308e+02
1.275000000000001954e+01 7.999998207684730005e+02 1.396023781583427308e+02
1.290000000000001990e+01 7.999998207684730005e+02 1.396023781583427308e+02
1.305000000000002025e+01 7.999992334084802224e+02 1.396120500990067512e+02
1.320000000000002061e+01 7.999992334084802224e+02 1.396120500990067512e+02
1.335000000000002096e+01 7.999992334084802224e+02 1.396120500990067512e+02
1.350000000000002132e+01 7.999992334084802224e+02 1.396120500990067512e+02
1.365000000000002167e+01 7.999992334084802224e+02 1.396120500990067512e+02
1.380000000000002203e+01 7.999992334084802224e+02 1.396120500990067512e+02
1.395000000000002238e+01 7.999992334084802224e+02 1.396120500990067512e+02
1.410000000000002274e+01 7.999992334084802224e+02 1.396120500990067512e+02
1.425000000000002309e+01 7.999992334084802224e+02 1.396120500990067512e+02
1.440000000000002345e+01 7.999992334084802224e+02 1.396120500990067512e+02
1.455000000000002380e+01 7.999992334084802224e+02 1.396120500990067512e+02
1.470000000000002416e+01 7.999992334084802224e+02 1.396120500990067512e+02
1.485000000000002451e+01 7.999992334084802224e+02 1.396120500990067512e+02
1.500000000000002487e+01 7.999992334084802224e+02 1.396120500990067512e+02
1.515000000000002522e+01 7.999992334084802224e+02 1.396120500990067512e+02
1.530000000000002558e+01 7.999992334084802224e+02 1.396120500990067512e+02
1.545000000000002593e+01 7.999992334084802224e+02 1.396120500990067512e+02
1.560000000000002629e+01 7.999992334084802224e+02 1.396120500990067512e+02
1.575000000000002665e+01 7.999992334084802224e+02 1.396120500990067512e+02
1.590000000000002700e+01 7.999992334084802224e+02 1.396120500990067512e+02
