1.499999999999999944e-01 7.999992464262508065e+02 6.797282548584959727e+00
2.999999999999999889e-01 7.999992464262508065e+02 6.797282548584959727e+00
4.499999999999999556e-01 7.999992464262508065e+02 6.797282548584959727e+00
5.999999999999999778e-01 7.999992464262508065e+02 6.797282548584959727e+00
7.500000000000000000e-01 7.999992464262508065e+02 6.797282548584959727e+00
9.000000000000000222e-01 7.999992464262508065e+02 6.797282548584959727e+00
1.050000000000000044e+00 7.999992464262508065e+02 6.797282548584959727e+00
1.199999999999999956e+00 7.999992464262508065e+02 6.797282548584959727e+00
1.349999999999999867e+00 7.999992464262508065e+02 6.797282548584959727e+00
1.499999999999999778e+00 7.999992464262508065e+02 6.797282548584959727e+00
1.649999999999999689e+00 7.999992464262508065e+02 6.797282548584959727e+00
1.799999999999999600e+00 7.999992464262508065e+02 6.797282548584959727e+00
1.949999999999999512e+00 7.999992464262508065e+02 6.797282548584959727e+00
2.099999999999999645e+00 7.999998237918723589e+02 6.811146522401465120e+00
2.249999999999999556e+00 7.999998237918723589e+02 6.811146522401465120e+00
2.399999999999999467e+00 7.999998237918723589e+02 6.811146522401465120e+00
2.549999999999999378e+00 7.999998237918723589e+02 6.811146522401465120e+00
2.699999999999999289e+00 7.999998237918723589e+02 6.811146522401465120e+00
2.849999999999999201e+00 7.999998237918723589e+02 6.811146522401465120e+00
2.999999999999999112e+00 7.999998237918723589e+02 6.811146522401465120e+00
3.149999999999999023e+00 7.999998237918723589e+02 6.811146522401465120e+00
3.299999999999998934e+00 7.999998237918723589e+02 6.811146522401465120e+00
3.449999999999998845e+00 7.999998237918723589e+02 6.811146522401465120e+00
3.599999999999998757e+00 7.999998237918723589e+02 6.811146522401465120e+00
3.749999999999998668e+00 7.999998237918723589e+02 6.811146522401465120e+00
3.899999999999998579e+00 7.999998237918723589e+02 6.811146522401465120e+00
4.049999999999998934e+00 5.063508550962033610e+02 6.884979341713423295e+00
4.199999999999999289e+00 4.000864878590102194e+02 7.268279406936024145e+00
4.349999999999999645e+00 2.852054641122124394e+02 8.353718953913027434e+00
4.500000000000000000e+00 2.367077849345115794e+02 1.007469563135917845e+01
4.650000000000000355e+00 2.061612055384846371e+02 1.253196514584498900e+01
4.800000000000000711e+00 1.869464154837407364e+02 1.564027879238811103e+01
4.950000000000001066e+00 1.740029193875680562e+02 1.932879489615852719e+01
5.100000000000001421e+00 1.650129371603097752e+02 2.350174696351238168e+01
5.250000000000001776e+00 1.586173724901207152e+02 2.806791482619986766e+01
5.400000000000002132e+00 1.540055883219875170e+02 3.294252580595372137e+01
5.550000000000002487e+00 1.506625470711255161e+02 3.805082066490234638e+01
5.700000000000002842e+00 1.482474081765514029e+02 4.332840252938129311e+01
5.850000000000003197e+00 1.465257454023853541e+02 4.872085241734108507e+01
6.000000000000003553e+00 1.453309593506604358e+02 5.418286127422235410e+01
6.150000000000003908e+00 1.445413538324924332e+02 5.967721421244326052e+01
6.300000000000004263e+00 1.440661442965868844e+02 6.517374245486246309e+01
6.450000000000004619e+00 1.438367136165361160e+02 7.064830997824481074e+01
6.600000000000004974e+00 1.438010515802654936e+02 7.608185784260392381e+01
6.750000000000005329e+00 1.439201904745262368e+02 8.145951078101454357e+01
6.900000000000005684e+00 1.441659505707331448e+02 8.676975439034860926e+01
7.050000000000006040e+00 1.445196087053516294e+02 9.200367374693520617e+01
7.200000000000006395e+00 1.449712908926310035e+02 9.715423588663728083e+01
7.350000000000006750e+00 1.455200202786357977e+02 1.022156087948431917e+02
7.500000000000007105e+00 1.461744555833518575e+02 1.071824898333215259e+02
7.650000000000007461e+00 1.469544551368795453e+02 1.120494085373204882e+02
7.800000000000007816e+00 1.478937249850180820e+02 1.168099818534934968e+02
7.950000000000008171e+00 1.490439859483663270e+02 1.214560783042702496e+02
8.100000000000008527e+00 1.504813723151690681e+02 1.259768430717319490e+02
8.250000000000008882e+00 1.523162484024375090e+02 1.303575603852259519e+02
8.400000000000009237e+00 1.547084694579505708e+02 1.345783255671179859e+02
8.550000000000009592e+00 1.578916873847611555e+02 1.386125400520397193e+02
8.700000000000009948e+00 1.622132925775870547e+02 1.424253437687335690e+02
8.850000000000010303e+00 1.682033338072310471e+02 1.459723021885774017e+02
9.000000000000010658e+00 1.766965411227669449e+02 1.491986870137508561e+02
9.150000000000011013e+00 1.890850456962385238e+02 1.520415208115281871e+02
9.300000000000011369e+00 2.077271689412253863e+02 1.544310764430256597e+02
9.450000000000011724e+00 2.377275837776604703e+02 1.563142125128984219e+02
9.600000000000012079e+00 2.857554004647795978e+02 1.576269882816651773e+02
9.750000000000012434e+00 4.002545712763452457e+02 1.584476646554557817e+02
9.900000000000012790e+00 5.063601737095830799e+02 1.587339569162739963e+02
1.005000000000001315e+01 7.999998212067846453e+02 1.587873443314763051e+02
1.020000000000001350e+01 7.999998212067846453e+02 1.587873443314763051e+02
1.035000000000001386e+01 7.999998212067846453e+02 1.587873443314763051e+02
1.050000000000001421e+01 7.999998212067846453e+02 1.587873443314763051e+02
1.065000000000001457e+01 7.999998212067846453e+02 1.587873443314763051e+02
1.080000000000001492e+01 7.999998212067846453e+02 1.587873443314763051e+02
1.095000000000001528e+01 7.999998212067846453e+02 1.587873443314763051e+02
1.110000000000001563e+01 7.999998212067846453e+02 1.587873443314763051e+02
1.125000000000001599e+01 7.999998212067846453e+02 1.587873443314763051e+02
1.140000000000001634e+01 7.999998212067846453e+02 1.587873443314763051e+02
1.155000000000001670e+01 7.999998212067846453e+02 1.587873443314763051e+02
1.170000000000001705e+01 7.999998212067846453e+02 1.587873443314763051e+02
1.185000000000001741e+01 7.999998212067846453e+02 1.587873443314763051e+02
1.200000000000001776e+01 7.999998212067846453e+02 1.587873443314763051e+02
1.215000000000001812e+01 7.999998212067846453e+02 1.587873443314763051e+02
1.230000000000001847e+01 7.999998212067846453e+02 1.587873443314763051e+02
1.245000000000001883e+01 7.999998212067846453e+02 1.587873443314763051e+02
1.260000000000001918e+01 7.999998212067846453e+02 1.587873443314763051e+02
1.275000000000001954e+01 7.999998212067846453e+02 1.587873443314763051e+02
1.290000000000001990e+01 7.999998212067846453e+02 1.587873443314763051e+02
1.305000000000002025e+01 7.999992352675237726e+02 1.587975411688002225e+02
1.320000000000002061e+01 7.999992352675237726e+02 1.587975411688002225e+02
1.335000000000002096e+01 7.999992352675237726e+02 1.587975411688002225e+02
1.350000000000002132e+01 7.999992352675237726e+02 1.587975411688002225e+02
1.365000000000002167e+01 7.999992352675237726e+02 1.587975411688002225e+02
1.380000000000002203e+01 7.999992352675237726e+02 1.587975411688002225e+02
1.395000000000002238e+01 7.999992352675237726e+02 1.587975411688002225e+02
1.410000000000002274e+01 7.999992352675237726e+02 1.587975411688002225e+02
1.425000000000002309e+01 7.999992352675237726e+02 1.587975411688002225e+02
1.440000000000002345e+01 7.999992352675237726e+02 1.587975411688002225e+02
1.455000000000002380e+01 7.999992352675237726e+02 1.587975411688002225e+02
1.470000000000002416e+01 7.999992352675237726e+02 1.587975411688002225e+02
1.485000000000002451e+01 7.999992352675237726e+02 1.587975411688002225e+02
1.500000000000002487e+01 7.999992352675237726e+02 1.587975411688002225e+02
1.515000000000002522e+01 7.999992352675237726e+02 1.587975411688002225e+02
1.530000000000002558e+01 7.999992352675237726e+02 1.587975411688002225e+02
1.545000000000002593e+01 7.999992352675237726e+02 1.587975411688002225e+02
1.560000000000002629e+01 7.999992352675237726e+02 1.587975411688002225e+02
1.575000000000002665e+01 7.999992352675237726e+02 1.587975411688002225e+02
1.590000000000002700e+01 7.999992352675237726e+02 1.587975411688002225e+02
