1.499999999999999944e-01 7.999999970627821995e+02 1.799997336068551022e+02
2.999999999999999889e-01 7.999999970627821995e+02 1.799997336068551022e+02
4.499999999999999556e-01 7.999999970627821995e+02 1.799997336068551022e+02
5.999999999999999778e-01 7.999999970627821995e+02 1.799997336068551022e+02
7.500000000000000000e-01 7.999999970627821995e+02 1.799997336068551022e+02
9.000000000000000222e-01 7.999999970627821995e+02 1.799997336068551022e+02
1.050000000000000044e+00 7.999999970627821995e+02 1.799997336068551022e+02
1.199999999999999956e+00 7.999999970627821995e+02 1.799997336068551022e+02
1.349999999999999867e+00 7.999999970627821995e+02 1.799997336068551022e+02
1.499999999999999778e+00 7.999999970627821995e+02 1.799997336068551022e+02
1.649999999999999689e+00 7.999999970627821995e+02 1.799997336068551022e+02
1.799999999999999600e+00 7.999999970627821995e+02 1.799997336068551022e+02
1.949999999999999512e+00 7.999999970627821995e+02 1.799997336068551022e+02
2.099999999999999645e+00 7.999999996536245135e+02 1.799997341936112889e+02
2.249999999999999556e+00 7.999999996536245135e+02 1.799997341936112889e+02
2.399999999999999467e+00 7.999999996536245135e+02 1.799997341936112889e+02
2.549999999999999378e+00 7.999999996536245135e+02 1.799997341936112889e+02
2.699999999999999289e+00 7.999999996536245135e+02 1.799997341936112889e+02
2.849999999999999201e+00 7.999999996536245135e+02 1.799997341936112889e+02
2.999999999999999112e+00 7.999999996536245135e+02 1.799997341936112889e+02
3.149999999999999023e+00 7.999999996536245135e+02 1.799997341936112889e+02
3.299999999999998934e+00 7.999999996536245135e+02 1.799997341936112889e+02
3.449999999999998845e+00 7.999999996536245135e+02 1.799997341936112889e+02
3.599999999999998757e+00 7.999999996536245135e+02 1.799997341936112889e+02
3.749999999999998668e+00 7.999999996536245135e+02 1.799997341936112889e+02
3.899999999999998579e+00 7.999999996536245135e+02 1.799997341936112889e+02
4.049999999999998934e+00 5.166071528504414800e+02 1.799997352243756836e+02
4.199999999999999289e+00 4.767331722645361651e+02 1.799997389130114698e+02
4.349999999999999645e+00 4.307669880754096425e+02 1.799997477603599805e+02
4.500000000000000000e+00 4.227020358088727221e+02 1.799997568441279725e+02
4.650000000000000355e+00 4.199000150318988744e+02 1.799997652134567545e+02
4.800000000000000711e+00 4.191704288378468277e+02 1.799997742759016148e+02
4.950000000000001066e+00 4.189568100535931308e+02 1.799997830988067733e+02
5.100000000000001421e+00 4.188972418062839438e+02 1.799997908896760350e+02
5.250000000000001776e+00 4.188802788264673040e+02 1.799997992446324133e+02
5.400000000000002132e+00 4.188754905643355642e+02 1.799998073603154580e+02
5.550000000000002487e+00 4.188741338735559907e+02 1.799998145545176840e+02
5.700000000000002842e+00 4.188737500786659211e+02 1.799998222474942793e+02
5.850000000000003197e+00 4.188736414339832663e+02 1.799998297273462526e+02
6.000000000000003553e+00 4.188736106875364271e+02 1.799998363928495166e+02
6.150000000000003908e+00 4.188736019852499339e+02 1.799998434986330835e+02
6.300000000000004263e+00 4.188735995223399868e+02 1.799998504158094477e+02
6.450000000000004619e+00 4.188735988252997231e+02 1.799998566178784642e+02
6.600000000000004974e+00 4.188735986281148485e+02 1.799998632061114279e+02
6.750000000000005329e+00 4.188735985726365811e+02 1.799998696284059463e+02
6.900000000000005684e+00 4.188735985580993884e+02 1.799998754277814328e+02
7.050000000000006040e+00 4.188735985580995589e+02 1.799998815630161459e+02
7.200000000000006395e+00 4.188735985726372633e+02 1.799998875533444505e+02
7.350000000000006750e+00 4.188735986281159853e+02 1.799998930067893923e+02
7.500000000000007105e+00 4.188735988253015421e+02 1.799998987491069045e+02
7.650000000000007461e+00 4.188735995223420900e+02 1.799999043661190683e+02
7.800000000000007816e+00 4.188736019852526056e+02 1.799999095269728855e+02
7.950000000000008171e+00 4.188736106875395535e+02 1.799999149325707037e+02
8.100000000000008527e+00 4.188736414339871317e+02 1.799999202312251043e+02
8.250000000000008882e+00 4.188737500786703549e+02 1.799999251499230013e+02
8.400000000000009237e+00 4.188741338735607087e+02 1.799999302716565523e+02
8.550000000000009592e+00 4.188754905643410780e+02 1.799999353037269714e+02
8.700000000000009948e+00 4.188802788264736705e+02 1.799999400281865860e+02
8.850000000000010303e+00 4.188972418062912197e+02 1.799999449157288609e+02
9.000000000000010658e+00 4.189568100536016004e+02 1.799999497289803116e+02
9.150000000000011013e+00 4.191704288378583669e+02 1.799999543009211038e+02
9.300000000000011369e+00 4.199000150319201339e+02 1.799999589837563576e+02
9.450000000000011724e+00 4.227020358089297929e+02 1.799999635783896395e+02
9.600000000000012079e+00 4.307669880755515237e+02 1.799999677935167313e+02
9.750000000000012434e+00 4.767331722653701149e+02 1.799999718601456493e+02
9.900000000000012790e+00 5.166071528509787640e+02 1.799999739257124247e+02
1.005000000000001315e+01 7.999999996722901869e+02 1.799999743611862471e+02
1.020000000000001350e+01 7.999999996722901869e+02 1.799999743611862471e+02
1.035000000000001386e+01 7.999999996722901869e+02 1.799999743611862471e+02
1.050000000000001421e+01 7.999999996722901869e+02 1.799999743611862471e+02
1.065000000000001457e+01 7.999999996722901869e+02 1.799999743611862471e+02
1.080000000000001492e+01 7.999999996722901869e+02 1.799999743611862471e+02
1.095000000000001528e+01 7.999999996722901869e+02 1.799999743611862471e+02
1.110000000000001563e+01 7.999999996722901869e+02 1.799999743611862471e+02
1.125000000000001599e+01 7.999999996722901869e+02 1.799999743611862471e+02
1.140000000000001634e+01 7.999999996722901869e+02 1.799999743611862471e+02
1.155000000000001670e+01 7.999999996722901869e+02 1.799999743611862471e+02
1.170000000000001705e+01 7.999999996722901869e+02 1.799999743611862471e+02
1.185000000000001741e+01 7.999999996722901869e+02 1.799999743611862471e+02
1.200000000000001776e+01 7.999999996722901869e+02 1.799999743611862471e+02
1.215000000000001812e+01 7.999999996722901869e+02 1.799999743611862471e+02
1.230000000000001847e+01 7.999999996722901869e+02 1.799999743611862471e+02
1.245000000000001883e+01 7.999999996722901869e+02 1.799999743611862471e+02
1.260000000000001918e+01 7.999999996722901869e+02 1.799999743611862471e+02
1.275000000000001954e+01 7.999999996722901869e+02 1.799999743611862471e+02
1.290000000000001990e+01 7.999999996722901869e+02 1.799999743611862471e+02
1.305000000000002025e+01 7.999999972210648593e+02 1.799999745049828448e+02
1.320000000000002061e+01 7.999999972210648593e+02 1.799999745049828448e+02
1.335000000000002096e+01 7.999999972210648593e+02 1.799999745049828448e+02
1.350000000000002132e+01 7.999999972210648593e+02 1.799999745049828448e+02
1.365000000000002167e+01 7.999999972210648593e+02 1.799999745049828448e+02
1.380000000000002203e+01 7.999999972210648593e+02 1.799999745049828448e+02
1.395000000000002238e+01 7.999999972210648593e+02 1.799999745049828448e+02
1.410000000000002274e+01 7.999999972210648593e+02 1.799999745049828448e+02
1.425000000000002309e+01 7.999999972210648593e+02 1.799999745049828448e+02
1.440000000000002345e+01 7.999999972210648593e+02 1.799999745049828448e+02
1.455000000000002380e+01 7.999999972210648593e+02 1.799999745049828448e+02
1.470000000000002416e+01 7.999999972210648593e+02 1.799999745049828448e+02
1.485000000000002451e+01 7.999999972210648593e+02 1.799999745049828448e+02
1.500000000000002487e+01 7.999999972210648593e+02 1.799999745049828448e+02
1.515000000000002522e+01 7.999999972210648593e+02 1.799999745049828448e+02
1.530000000000002558e+01 7.999999972210648593e+02 1.799999745049828448e+02
1.545000000000002593e+01 7.999999972210648593e+02 1.799999745049828448e+02
1.560000000000002629e+01 7.999999972210648593e+02 1.799999745049828448e+02
1.575000000000002665e+01 7.999999972210648593e+02 1.799999745049828448e+02
1.590000000000002700e+01 7.999999972210648593e+02 1.799999745049828448e+02
