1.499999999999999944e-01 7.999995840119349850e+02 3.163467436473033523e+00
2.999999999999999889e-01 7.999995840119349850e+02 3.163467436473033523e+00
4.499999999999999556e-01 7.999995840119349850e+02 3.163467436473033523e+00
5.999999999999999778e-01 7.999995840119349850e+02 3.163467436473033523e+00
7.500000000000000000e-01 7.999995840119349850e+02 3.163467436473033523e+00
9.000000000000000222e-01 7.999995840119349850e+02 3.163467436473033523e+00
1.050000000000000044e+00 7.999995840119349850e+02 3.163467436473033523e+00
1.199999999999999956e+00 7.999995840119349850e+02 3.163467436473033523e+00
1.349999999999999867e+00 7.999995840119349850e+02 3.163467436473033523e+00
1.499999999999999778e+00 7.999995840119349850e+02 3.163467436473033523e+00
1.649999999999999689e+00 7.999995840119349850e+02 3.163467436473033523e+00
1.799999999999999600e+00 7.999995840119349850e+02 3.163467436473033523e+00
1.949999999999999512e+00 7.999995840119349850e+02 3.163467436473033523e+00
2.099999999999999645e+00 7.999999098575653989e+02 3.170610577588684809e+00
2.249999999999999556e+00 7.999999098575653989e+02 3.170610577588684809e+00
2.399999999999999467e+00 7.999999098575653989e+02 3.170610577588684809e+00
2.549999999999999378e+00 7.999999098575653989e+02 3.170610577588684809e+00
2.699999999999999289e+00 7.999999098575653989e+02 3.170610577588684809e+00
2.849999999999999201e+00 7.999999098575653989e+02 3.170610577588684809e+00
2.999999999999999112e+00 7.999999098575653989e+02 3.170610577588684809e+00
3.149999999999999023e+00 7.999999098575653989e+02 3.170610577588684809e+00
3.299999999999998934e+00 7.999999098575653989e+02 3.170610577588684809e+00
3.449999999999998845e+00 7.999999098575653989e+02 3.170610577588684809e+00
3.599999999999998757e+00 7.999999098575653989e+02 3.170610577588684809e+00
3.749999999999998668e+00 7.999999098575653989e+02 3.170610577588684809e+00
3.899999999999998579e+00 7.999999098575653989e+02 3.170610577588684809e+00
4.049999999999998934e+00 5.084606998695555831e+02 3.208449950744999057e+00
4.199999999999999289e+00 4.135428566627317082e+02 3.399691983916799831e+00
4.349999999999999645e+00 3.112375279284279372e+02 3.900822118977385067e+00
4.500000000000000000e+00 2.727694524605971083e+02 4.615274319319545349e+00
4.650000000000000355e+00 2.509590145361827354e+02 5.529961252047495890e+00
4.800000000000000711e+00 2.391275312177715193e+02 6.573533787507011894e+00
4.950000000000001066e+00 2.323624729983977488e+02 7.703671914728895231e+00
5.100000000000001421e+00 2.284565874171227904e+02 8.887002037326221071e+00
5.250000000000001776e+00 2.261769518300064590e+02 1.010209299125770599e+01
5.400000000000002132e+00 2.248401220050282063e+02 1.133549417037026075e+01
5.550000000000002487e+00 2.240540121156195710e+02 1.257901517957537862e+01
5.700000000000002842e+00 2.235913552769662829e+02 1.382721729082828510e+01
5.850000000000003197e+00 2.233192623243129447e+02 1.507708471631628555e+01
6.000000000000003553e+00 2.231596967816268489e+02 1.632685333755643953e+01
6.150000000000003908e+00 2.230667038228670265e+02 1.757486024449409712e+01
6.300000000000004263e+00 2.230131931800308394e+02 1.882045923789659270e+01
6.450000000000004619e+00 2.229832306749866575e+02 2.006331897358068161e+01
6.600000000000004974e+00 2.229674844097442588e+02 2.130250457293338329e+01
6.750000000000005329e+00 2.229605827411845951e+02 2.253790544171817700e+01
6.900000000000005684e+00 2.229596244748077254e+02 2.376952449878957907e+01
7.050000000000006040e+00 2.229633277084541021e+02 2.499649765389076705e+01
7.200000000000006395e+00 2.229716704136043006e+02 2.621884974487879560e+01
7.350000000000006750e+00 2.229859197440831622e+02 2.743666412397279331e+01
7.500000000000007105e+00 2.230089550466559274e+02 2.864897045335388981e+01
7.650000000000007461e+00 2.230460860000804644e+02 2.985577506389489244e+01
7.800000000000007816e+00 2.231065976040858061e+02 3.105706920894671796e+01
7.950000000000008171e+00 2.232063459961910326e+02 3.225153932164479897e+01
8.100000000000008527e+00 2.233722757318370498e+02 3.343880211114041145e+01
8.250000000000008882e+00 2.236501721853894651e+02 3.461815218832547458e+01
8.400000000000009237e+00 2.241178167963292367e+02 3.578693516942645658e+01
8.550000000000009592e+00 2.249077172372600728e+02 3.694272094667300621e+01
8.700000000000009948e+00 2.262466758976098049e+02 3.808137310288203281e+01
8.850000000000010303e+00 2.285261920357274334e+02 3.919445472363869953e+01
9.000000000000010658e+00 2.324290395655877433e+02 4.027036557870521705e+01
9.150000000000011013e+00 2.391875875251744503e+02 4.129085127722330384e+01
9.300000000000011369e+00 2.510088526454126168e+02 4.222546906881952822e+01
9.450000000000011724e+00 2.728058463694773650e+02 4.303791820454526373e+01
9.600000000000012079e+00 3.112590100607273484e+02 4.366759278304073177e+01
9.750000000000012434e+00 4.135496762403586217e+02 4.410384108331686548e+01
9.900000000000012790e+00 5.084610529161325871e+02 4.426811641431285693e+01
1.005000000000001315e+01 7.999999077519526054e+02 4.429982306781964496e+01
1.020000000000001350e+01 7.999999077519526054e+02 4.429982306781964496e+01
1.035000000000001386e+01 7.999999077519526054e+02 4.429982306781964496e+01
1.050000000000001421e+01 7.999999077519526054e+02 4.429982306781964496e+01
1.065000000000001457e+01 7.999999077519526054e+02 4.429982306781964496e+01
1.080000000000001492e+01 7.999999077519526054e+02 4.429982306781964496e+01
1.095000000000001528e+01 7.999999077519526054e+02 4.429982306781964496e+01
1.110000000000001563e+01 7.999999077519526054e+02 4.429982306781964496e+01
1.125000000000001599e+01 7.999999077519526054e+02 4.429982306781964496e+01
1.140000000000001634e+01 7.999999077519526054e+02 4.429982306781964496e+01
1.155000000000001670e+01 7.999999077519526054e+02 4.429982306781964496e+01
1.170000000000001705e+01 7.999999077519526054e+02 4.429982306781964496e+01
1.185000000000001741e+01 7.999999077519526054e+02 4.429982306781964496e+01
1.200000000000001776e+01 7.999999077519526054e+02 4.429982306781964496e+01
1.215000000000001812e+01 7.999999077519526054e+02 4.429982306781964496e+01
1.230000000000001847e+01 7.999999077519526054e+02 4.429982306781964496e+01
1.245000000000001883e+01 7.999999077519526054e+02 4.429982306781964496e+01
1.260000000000001918e+01 7.999999077519526054e+02 4.429982306781964496e+01
1.275000000000001954e+01 7.999999077519526054e+02 4.429982306781964496e+01
1.290000000000001990e+01 7.999999077519526054e+02 4.429982306781964496e+01
1.305000000000002025e+01 7.999995742923465514e+02 4.430557323498339883e+01
1.320000000000002061e+01 7.999995742923465514e+02 4.430557323498339883e+01
1.335000000000002096e+01 7.999995742923465514e+02 4.430557323498339883e+01
1.350000000000002132e+01 7.999995742923465514e+02 4.430557323498339883e+01
1.365000000000002167e+01 7.999995742923465514e+02 4.430557323498339883e+01
1.380000000000002203e+01 7.999995742923465514e+02 4.430557323498339883e+01
1.395000000000002238e+01 7.999995742923465514e+02 4.430557323498339883e+01
1.410000000000002274e+01 7.999995742923465514e+02 4.430557323498339883e+01
1.425000000000002309e+01 7.999995742923465514e+02 4.430557323498339883e+01
1.440000000000002345e+01 7.999995742923465514e+02 4.430557323498339883e+01
1.455000000000002380e+01 7.999995742923465514e+02 4.430557323498339883e+01
1.470000000000002416e+01 7.999995742923465514e+02 4.430557323498339883e+01
1.485000000000002451e+01 7.999995742923465514e+02 4.430557323498339883e+01
1.500000000000002487e+01 7.999995742923465514e+02 4.430557323498339883e+01
1.515000000000002522e+01 7.999995742923465514e+02 4.430557323498339883e+01
1.530000000000002558e+01 7.999995742923465514e+02 4.430557323498339883e+01
1.545000000000002593e+01 7.999995742923465514e+02 4.430557323498339883e+01
1.560000000000002629e+01 7.999995742923465514e+02 4.430557323498339883e+01
1.575000000000002665e+01 7.999995742923465514e+02 4.430557323498339883e+01
1.590000000000002700e+01 7.999995742923465514e+02 4.430557323498339883e+01
