1.499999999999999944e-01 7.999987015362009970e+02 5.643797763577040882e-06
2.999999999999999889e-01 7.999987015362009970e+02 5.643797763577040882e-06
4.499999999999999556e-01 7.999987015362009970e+02 5.643797763577040882e-06
5.999999999999999778e-01 7.999987015362009970e+02 5.643797763577040882e-06
7.500000000000000000e-01 7.999987015362009970e+02 5.643797763577040882e-06
9.000000000000000222e-01 7.999987015362009970e+02 5.643797763577040882e-06
1.050000000000000044e+00 7.999987015362009970e+02 5.643797763577040882e-06
1.199999999999999956e+00 7.999987015362009970e+02 5.643797763577040882e-06
1.349999999999999867e+00 7.999987015362009970e+02 5.643797763577040882e-06
1.499999999999999778e+00 7.999987015362009970e+02 5.643797763577040882e-06
1.649999999999999689e+00 7.999987015362009970e+02 5.643797763577040882e-06
1.799999999999999600e+00 7.999987015362009970e+02 5.643797763577040882e-06
1.949999999999999512e+00 7.999987015362009970e+02 5.643797763577040882e-06
2.099999999999999645e+00 7.999996740596282052e+02 5.653675147376802101e-06
2.249999999999999556e+00 7.999996740596282052e+02 5.653675147376802101e-06
2.399999999999999467e+00 7.999996740596282052e+02 5.653675147376802101e-06
2.549999999999999378e+00 7.999996740596282052e+02 5.653675147376802101e-06
2.699999999999999289e+00 7.999996740596282052e+02 5.653675147376802101e-06
2.849999999999999201e+00 7.999996740596282052e+02 5.653675147376802101e-06
2.999999999999999112e+00 7.999996740596282052e+02 5.653675147376802101e-06
3.149999999999999023e+00 7.999996740596282052e+02 5.653675147376802101e-06
3.299999999999998934e+00 7.999996740596282052e+02 5.653675147376802101e-06
3.449999999999998845e+00 7.999996740596282052e+02 5.653675147376802101e-06
3.599999999999998757e+00 7.999996740596282052e+02 5.653675147376802101e-06
3.749999999999998668e+00 7.999996740596282052e+02 5.653675147376802101e-06
3.899999999999998579e+00 7.999996740596282052e+02 5.653675147376802101e-06
4.049999999999998934e+00 5.040201983719874761e+02 5.712688444958757827e-06
4.199999999999999289e+00 3.861172300382818321e+02 6.030353630448459512e-06
4.349999999999999645e+00 2.586241495221673290e+02 7.004480827244030650e-06
4.500000000000000000e+00 1.996099273352159571e+02 8.769129589580870743e-06
4.650000000000000355e+00 1.594336901856069630e+02 1.173149224176217587e-05
4.800000000000000711e+00 1.314251025441225806e+02 1.621903298454352438e-05
4.950000000000001066e+00 1.103367759488934752e+02 2.271635661477144907e-05
5.100000000000001421e+00 9.373372537335902166e+01 3.183418239771640401e-05
5.250000000000001776e+00 8.015452732879502662e+01 4.434734418135022338e-05
5.400000000000002132e+00 6.870558608990003790e+01 6.137152428487002709e-05
5.550000000000002487e+00 5.880420337329660896e+01 8.453535940677880944e-05
5.700000000000002842e+00 5.005521779743361321e+01 1.161479444600210797e-04
5.850000000000003197e+00 4.218082711621465819e+01 1.599891101924377779e-04
6.000000000000003553e+00 3.497962872524758637e+01 2.224566280384365768e-04
6.150000000000003908e+00 2.830134348857846760e+01 3.147976325972301481e-04
6.300000000000004263e+00 2.203057033103495854e+01 4.602673148069724718e-04
6.450000000000004619e+00 1.607591289441686300e+01 7.144688422838774144e-04
6.600000000000004974e+00 1.036240706246674392e+01 1.249113463045792294e-03
6.750000000000005329e+00 4.826018813617068304e+00 3.010620386253437530e-03
6.900000000000005684e+00 5.905518901741970694e-01 1.799724615537666921e+02
7.050000000000006040e+00 5.941262610714126424e+00 1.799969459476640736e+02
7.200000000000006395e+00 1.127967343618756502e+01 1.799982089692092870e+02
7.350000000000006750e+00 1.666172684663339254e+01 1.799986513745271282e+02
7.500000000000007105e+00 2.214862751032669408e+01 1.799988731183674133e+02
7.650000000000007461e+00 2.781010787827540298e+01 1.799990033770206708e+02
7.800000000000007816e+00 3.372844300356682368e+01 1.799990866277703958e+02
7.950000000000008171e+00 4.000372558869720763e+01 1.799991434819575602e+02
8.100000000000008527e+00 4.676117643043989602e+01 1.799991834361943859e+02
8.250000000000008882e+00 5.416173285699782269e+01 1.799992117231362272e+02
8.400000000000009237e+00 6.241799865222019150e+01 1.799992325593607347e+02
8.550000000000009592e+00 7.181922585013478511e+01 1.799992477474503971e+02
8.700000000000009948e+00 8.277199176121635560e+01 1.799992584171552892e+02
8.850000000000010303e+00 9.587011342532933611e+01 1.799992663726030742e+02
9.000000000000010658e+00 1.120177804678781115e+02 1.799992720157470103e+02
9.150000000000011013e+00 1.326862494195409283e+02 1.799992755729741702e+02
9.300000000000011369e+00 1.603196090104855216e+02 1.799992782187349860e+02
9.450000000000011724e+00 2.001725657890274590e+02 1.799992799557971068e+02
9.600000000000012079e+00 2.589256932339192758e+02 1.799992806781151273e+02
9.750000000000012434e+00 3.862123294726889071e+02 1.799992814035417155e+02
9.900000000000012790e+00 5.040259873928903289e+02 1.799992817350767780e+02
1.005000000000001315e+01 7.999996683698852848e+02 1.799992817254694444e+02
1.020000000000001350e+01 7.999996683698852848e+02 1.799992817254694444e+02
1.035000000000001386e+01 7.999996683698852848e+02 1.799992817254694444e+02
1.050000000000001421e+01 7.999996683698852848e+02 1.799992817254694444e+02
1.065000000000001457e+01 7.999996683698852848e+02 1.799992817254694444e+02
1.080000000000001492e+01 7.999996683698852848e+02 1.799992817254694444e+02
1.095000000000001528e+01 7.999996683698852848e+02 1.799992817254694444e+02
1.110000000000001563e+01 7.999996683698852848e+02 1.799992817254694444e+02
1.125000000000001599e+01 7.999996683698852848e+02 1.799992817254694444e+02
1.140000000000001634e+01 7.999996683698852848e+02 1.799992817254694444e+02
1.155000000000001670e+01 7.999996683698852848e+02 1.799992817254694444e+02
1.170000000000001705e+01 7.999996683698852848e+02 1.799992817254694444e+02
1.185000000000001741e+01 7.999996683698852848e+02 1.799992817254694444e+02
1.200000000000001776e+01 7.999996683698852848e+02 1.799992817254694444e+02
1.215000000000001812e+01 7.999996683698852848e+02 1.799992817254694444e+02
1.230000000000001847e+01 7.999996683698852848e+02 1.799992817254694444e+02
1.245000000000001883e+01 7.999996683698852848e+02 1.799992817254694444e+02
1.260000000000001918e+01 7.999996683698852848e+02 1.799992817254694444e+02
1.275000000000001954e+01 7.999996683698852848e+02 1.799992817254694444e+02
1.290000000000001990e+01 7.999996683698852848e+02 1.799992817254694444e+02
1.305000000000002025e+01 7.999986787742741399e+02 1.799992819399183190e+02
1.320000000000002061e+01 7.999986787742741399e+02 1.799992819399183190e+02
1.335000000000002096e+01 7.999986787742741399e+02 1.799992819399183190e+02
1.350000000000002132e+01 7.999986787742741399e+02 1.799992819399183190e+02
1.365000000000002167e+01 7.999986787742741399e+02 1.799992819399183190e+02
1.380000000000002203e+01 7.999986787742741399e+02 1.799992819399183190e+02
1.395000000000002238e+01 7.999986787742741399e+02 1.799992819399183190e+02
1.410000000000002274e+01 7.999986787742741399e+02 1.799992819399183190e+02
1.425000000000002309e+01 7.999986787742741399e+02 1.799992819399183190e+02
1.440000000000002345e+01 7.999986787742741399e+02 1.799992819399183190e+02
1.455000000000002380e+01 7.999986787742741399e+02 1.799992819399183190e+02
1.470000000000002416e+01 7.999986787742741399e+02 1.799992819399183190e+02
1.485000000000002451e+01 7.999986787742741399e+02 1.799992819399183190e+02
1.500000000000002487e+01 7.999986787742741399e+02 1.799992819399183190e+02
1.515000000000002522e+01 7.999986787742741399e+02 1.799992819399183190e+02
1.530000000000002558e+01 7.999986787742741399e+02 1.799992819399183190e+02
1.545000000000002593e+01 7.999986787742741399e+02 1.799992819399183190e+02
1.560000000000002629e+01 7.999986787742741399e+02 1.799992819399183190e+02
1.575000000000002665e+01 7.999986787742741399e+02 1.799992819399183190e+02
1.590000000000002700e+01 7.999986787742741399e+02 1.799992819399183190e+02
