1.499999999999999944e-01 7.999978155430486595e+02 3.741802680722328134e-03
2.999999999999999889e-01 7.999978155430486595e+02 3.741802680722328134e-03
4.499999999999999556e-01 7.999978155430486595e+02 3.741802680722328134e-03
5.999999999999999778e-01 7.999978155430486595e+02 3.741802680722328134e-03
7.500000000000000000e-01 7.999978155430486595e+02 3.741802680722328134e-03
9.000000000000000222e-01 7.999978155430486595e+02 3.741802680722328134e-03
1.050000000000000044e+00 7.999978155430486595e+02 3.741802680722328134e-03
1.199999999999999956e+00 7.999978155430486595e+02 3.741802680722328134e-03
1.349999999999999867e+00 7.999978155430486595e+02 3.741802680722328134e-03
1.499999999999999778e+00 7.999978155430486595e+02 3.741802680722328134e-03
1.649999999999999689e+00 7.999978155430486595e+02 3.741802680722328134e-03
1.799999999999999600e+00 7.999978155430486595e+02 3.741802680722328134e-03
1.949999999999999512e+00 7.999978155430486595e+02 3.741802680722328134e-03
2.099999999999999645e+00 7.999994139652429794e+02 3.741818035867039427e-03
2.249999999999999556e+00 7.999994139652429794e+02 3.741818035867039427e-03
2.399999999999999467e+00 7.999994139652429794e+02 3.741818035867039427e-03
2.549999999999999378e+00 7.999994139652429794e+02 3.741818035867039427e-03
2.699999999999999289e+00 7.999994139652429794e+02 3.741818035867039427e-03
2.849999999999999201e+00 7.999994139652429794e+02 3.741818035867039427e-03
2.999999999999999112e+00 7.999994139652429794e+02 3.741818035867039427e-03
3.149999999999999023e+00 7.999994139652429794e+02 3.741818035867039427e-03
3.299999999999998934e+00 7.999994139652429794e+02 3.741818035867039427e-03
3.449999999999998845e+00 7.999994139652429794e+02 3.741818035867039427e-03
3.599999999999998757e+00 7.999994139652429794e+02 3.741818035867039427e-03
3.749999999999998668e+00 7.999994139652429794e+02 3.741818035867039427e-03
3.899999999999998579e+00 7.999994139652429794e+02 3.741818035867039427e-03
4.049999999999998934e+00 5.014407844914853740e+02 3.746226167781530059e-03
4.199999999999999289e+00 3.715732222932049353e+02 3.761863149369770731e-03
4.349999999999999645e+00 2.321520268792771731e+02 3.796839451213673833e-03
4.500000000000000000e+00 1.641947490126061950e+02 3.849751165512671491e-03
4.650000000000000355e+00 1.172434032419659502e+02 3.932327593090700901e-03
4.800000000000000711e+00 8.460921732955273455e+01 4.049499016985924627e-03
4.950000000000001066e+00 6.082239357872432350e+01 4.219982858997606279e-03
5.100000000000001421e+00 4.319712248276162114e+01 4.473933380290451289e-03
5.250000000000001776e+00 2.999554685671907350e+01 4.860535973343460547e-03
5.400000000000002132e+00 2.005395163546243609e+01 5.490980296007030859e-03
5.550000000000002487e+00 1.254401635353680078e+01 6.636573942481294175e-03
5.700000000000002842e+00 6.859098958120348755e+00 9.173800990700309299e-03
5.850000000000003197e+00 2.546633534653238939e+00 1.867692034559398362e-02
6.000000000000003553e+00 7.346097591744182864e-01 1.799510398848223360e+02
6.150000000000003908e+00 3.243842751989632234e+00 1.799916198766563014e+02
6.300000000000004263e+00 5.179391114820091957e+00 1.799960334948152081e+02
6.450000000000004619e+00 6.694451654784863592e+00 1.799976799401569849e+02
6.600000000000004974e+00 7.909143989449013645e+00 1.799985161532699180e+02
6.750000000000005329e+00 8.919939092958955484e+00 1.799990059159335374e+02
6.900000000000005684e+00 9.807246557672065990e+00 1.799993166401168025e+02
7.050000000000006040e+00 1.064176369348350448e+01 1.799995242720223416e+02
7.200000000000006395e+00 1.149008582753755192e+01 1.799996672151647772e+02
7.350000000000006750e+00 1.242002204060094073e+01 1.799997674128810843e+02
7.500000000000007105e+00 1.350604509463617120e+01 1.799998385246468047e+02
7.650000000000007461e+00 1.483532787552412913e+01 1.799998890530614801e+02
7.800000000000007816e+00 1.651488793812248090e+01 1.799999247864147947e+02
7.950000000000008171e+00 1.868049317400844700e+01 1.799999498729147547e+02
8.100000000000008527e+00 2.150820922906098076e+01 1.799999672087620581e+02
8.250000000000008882e+00 2.522986325806757790e+01 1.799999789613042367e+02
8.400000000000009237e+00 3.015440362146344810e+01 1.799999867775789539e+02
8.550000000000009592e+00 3.669849070112718437e+01 1.799999918533487175e+02
8.700000000000009948e+00 4.543228803217419909e+01 1.799999950716084243e+02
8.850000000000010303e+00 5.715282102629193872e+01 1.799999970685441042e+02
9.000000000000010658e+00 7.300711666987940873e+01 1.799999982772542921e+02
9.150000000000011013e+00 9.474405879314016943e+01 1.799999989902146638e+02
9.300000000000011369e+00 1.251057392781761877e+02 1.799999993985769606e+02
9.450000000000011724e+00 1.696709065482437495e+02 1.799999996237420703e+02
9.600000000000012079e+00 2.353388797405286539e+02 1.799999997380638490e+02
9.750000000000012434e+00 3.726735561788240148e+02 1.799999997930954976e+02
9.900000000000012790e+00 5.015159560049918355e+02 1.799999998092223450e+02
1.005000000000001315e+01 7.999994276652730605e+02 1.799999998120186717e+02
1.020000000000001350e+01 7.999994276652730605e+02 1.799999998120186717e+02
1.035000000000001386e+01 7.999994276652730605e+02 1.799999998120186717e+02
1.050000000000001421e+01 7.999994276652730605e+02 1.799999998120186717e+02
1.065000000000001457e+01 7.999994276652730605e+02 1.799999998120186717e+02
1.080000000000001492e+01 7.999994276652730605e+02 1.799999998120186717e+02
1.095000000000001528e+01 7.999994276652730605e+02 1.799999998120186717e+02
1.110000000000001563e+01 7.999994276652730605e+02 1.799999998120186717e+02
1.125000000000001599e+01 7.999994276652730605e+02 1.799999998120186717e+02
1.140000000000001634e+01 7.999994276652730605e+02 1.799999998120186717e+02
1.155000000000001670e+01 7.999994276652730605e+02 1.799999998120186717e+02
1.170000000000001705e+01 7.999994276652730605e+02 1.799999998120186717e+02
1.185000000000001741e+01 7.999994276652730605e+02 1.799999998120186717e+02
1.200000000000001776e+01 7.999994276652730605e+02 1.799999998120186717e+02
1.215000000000001812e+01 7.999994276652730605e+02 1.799999998120186717e+02
1.230000000000001847e+01 7.999994276652730605e+02 1.799999998120186717e+02
1.245000000000001883e+01 7.999994276652730605e+02 1.799999998120186717e+02
1.260000000000001918e+01 7.999994276652730605e+02 1.799999998120186717e+02
1.275000000000001954e+01 7.999994276652730605e+02 1.799999998120186717e+02
1.290000000000001990e+01 7.999994276652730605e+02 1.799999998120186717e+02
1.305000000000002025e+01 7.999978648558601435e+02 1.799999998125942682e+02
1.320000000000002061e+01 7.999978648558601435e+02 1.799999998125942682e+02
1.335000000000002096e+01 7.999978648558601435e+02 1.799999998125942682e+02
1.350000000000002132e+01 7.999978648558601435e+02 1.799999998125942682e+02
1.365000000000002167e+01 7.999978648558601435e+02 1.799999998125942682e+02
1.380000000000002203e+01 7.999978648558601435e+02 1.799999998125942682e+02
1.395000000000002238e+01 7.999978648558601435e+02 1.799999998125942682e+02
1.410000000000002274e+01 7.999978648558601435e+02 1.799999998125942682e+02
1.425000000000002309e+01 7.999978648558601435e+02 1.799999998125942682e+02
1.440000000000002345e+01 7.999978648558601435e+02 1.799999998125942682e+02
1.455000000000002380e+01 7.999978648558601435e+02 1.799999998125942682e+02
1.470000000000002416e+01 7.999978648558601435e+02 1.799999998125942682e+02
1.485000000000002451e+01 7.999978648558601435e+02 1.799999998125942682e+02
1.500000000000002487e+01 7.999978648558601435e+02 1.799999998125942682e+02
1.515000000000002522e+01 7.999978648558601435e+02 1.799999998125942682e+02
1.530000000000002558e+01 7.999978648558601435e+02 1.799999998125942682e+02
1.545000000000002593e+01 7.999978648558601435e+02 1.799999998125942682e+02
1.560000000000002629e+01 7.999978648558601435e+02 1.799999998125942682e+02
1.575000000000002665e+01 7.999978648558601435e+02 1.799999998125942682e+02
1.590000000000002700e+01 7.999978648558601435e+02 1.799999998125942682e+02
