1.499999999999999944e-01 7.999999997618346015e+02 3.791728890773339344e+01
2.999999999999999889e-01 7.999999997618346015e+02 3.791728890773339344e+01
4.499999999999999556e-01 7.999999997618346015e+02 3.791728890773339344e+01
5.999999999999999778e-01 7.999999997618346015e+02 3.791728890773339344e+01
7.500000000000000000e-01 7.999999997618346015e+02 3.791728890773339344e+01
9.000000000000000222e-01 7.999999997618346015e+02 3.791728890773339344e+01
1.050000000000000044e+00 7.999999997618346015e+02 3.791728890773339344e+01
1.199999999999999956e+00 7.999999997618346015e+02 3.791728890773339344e+01
1.349999999999999867e+00 7.999999997618346015e+02 3.791728890773339344e+01
1.499999999999999778e+00 7.999999997618346015e+02 3.791728890773339344e+01
1.649999999999999689e+00 7.999999997618346015e+02 3.791728890773339344e+01
1.799999999999999600e+00 7.999999997618346015e+02 3.791728890773339344e+01
1.949999999999999512e+00 7.999999997618346015e+02 3.791728890773339344e+01
2.099999999999999645e+00 7.999999999790828724e+02 3.798141221095134767e+01
2.249999999999999556e+00 7.999999999790828724e+02 3.798141221095134767e+01
2.399999999999999467e+00 7.999999999790828724e+02 3.798141221095134767e+01
2.549999999999999378e+00 7.999999999790828724e+02 3.798141221095134767e+01
2.699999999999999289e+00 7.999999999790828724e+02 3.798141221095134767e+01
2.849999999999999201e+00 7.999999999790828724e+02 3.798141221095134767e+01
2.999999999999999112e+00 7.999999999790828724e+02 3.798141221095134767e+01
3.149999999999999023e+00 7.999999999790828724e+02 3.798141221095134767e+01
3.299999999999998934e+00 7.999999999790828724e+02 3.798141221095134767e+01
3.449999999999998845e+00 7.999999999790828724e+02 3.798141221095134767e+01
3.599999999999998757e+00 7.999999999790828724e+02 3.798141221095134767e+01
3.749999999999998668e+00 7.999999999790828724e+02 3.798141221095134767e+01
3.899999999999998579e+00 7.999999999790828724e+02 3.798141221095134767e+01
4.049999999999998934e+00 5.178379383389973327e+02 3.831213109722055776e+01
4.199999999999999289e+00 4.909779908224761016e+02 3.971740798420819374e+01
4.349999999999999645e+00 4.577794883923891689e+02 4.231862347104775068e+01
4.500000000000000000e+00 4.535019676936945530e+02 4.494492079322962752e+01
4.650000000000000355e+00 4.522082127519713026e+02 4.763447475039366452e+01
4.800000000000000711e+00 4.519546773250210094e+02 5.030644096314338043e+01
4.950000000000001066e+00 4.518995226147870312e+02 5.295925900591920055e+01
5.100000000000001421e+00 4.518932334143160006e+02 5.558886859493432553e+01
5.250000000000001776e+00 4.518976994410163570e+02 5.819427561619543354e+01
5.400000000000002132e+00 4.519047410568664418e+02 6.077462132751943358e+01
5.550000000000002487e+00 4.519124448856716754e+02 6.332921968082926867e+01
5.700000000000002842e+00 4.519203653557869984e+02 6.585745044390033343e+01
5.850000000000003197e+00 4.519283840101525698e+02 6.835875892162054868e+01
6.000000000000003553e+00 4.519364575393088899e+02 7.083264870206207320e+01
6.150000000000003908e+00 4.519445602058441978e+02 7.327867819293255991e+01
6.300000000000004263e+00 4.519526709611558317e+02 7.569646448613974599e+01
6.450000000000004619e+00 4.519607707079351826e+02 7.808567973536908369e+01
6.600000000000004974e+00 4.519688415546424949e+02 8.044604790235067071e+01
6.750000000000005329e+00 4.519768666949774456e+02 8.277734782917293899e+01
6.900000000000005684e+00 4.519848305107615261e+02 8.507940946856744802e+01
7.050000000000006040e+00 4.519927184665154414e+02 8.735211057268857360e+01
7.200000000000006395e+00 4.520005171056448035e+02 8.959537889537095623e+01
7.350000000000006750e+00 4.520082141394440782e+02 9.180918842914311995e+01
7.500000000000007105e+00 4.520157983446692356e+02 9.399355618949958568e+01
7.650000000000007461e+00 4.520232595453701947e+02 9.614854363986880514e+01
7.800000000000007816e+00 4.520305886945973270e+02 9.827425309202021708e+01
7.950000000000008171e+00 4.520377779151586424e+02 1.003708247188431386e+02
8.100000000000008527e+00 4.520448210952930594e+02 1.024384372859415464e+02
8.250000000000008882e+00 4.520517167335843283e+02 1.044773048211799846e+02
8.400000000000009237e+00 4.520584803653605945e+02 1.064876738348848164e+02
8.550000000000009592e+00 4.520652003773512320e+02 1.084698231002706308e+02
8.700000000000009948e+00 4.520722831554657546e+02 1.104240578923031393e+02
8.850000000000010303e+00 4.520815695122092848e+02 1.123507036259290004e+02
9.000000000000010658e+00 4.521010237880009868e+02 1.142500348664171668e+02
9.150000000000011013e+00 4.521681034457879491e+02 1.161222925929326237e+02
9.300000000000011369e+00 4.524297802383216549e+02 1.179657544850137185e+02
9.450000000000011724e+00 4.537210328856188539e+02 1.197802788934346552e+02
9.600000000000012079e+00 4.579651596380468845e+02 1.215148456130167602e+02
9.750000000000012434e+00 4.910456419784001696e+02 1.231939908915876742e+02
9.900000000000012790e+00 5.178395340255843848e+02 1.240834686717040825e+02
1.005000000000001315e+01 7.999999999787883098e+02 1.242846733978412175e+02
1.020000000000001350e+01 7.999999999787883098e+02 1.242846733978412175e+02
1.035000000000001386e+01 7.999999999787883098e+02 1.242846733978412175e+02
1.050000000000001421e+01 7.999999999787883098e+02 1.242846733978412175e+02
1.065000000000001457e+01 7.999999999787883098e+02 1.242846733978412175e+02
1.080000000000001492e+01 7.999999999787883098e+02 1.242846733978412175e+02
1.095000000000001528e+01 7.999999999787883098e+02 1.242846733978412175e+02
1.110000000000001563e+01 7.999999999787883098e+02 1.242846733978412175e+02
1.125000000000001599e+01 7.999999999787883098e+02 1.242846733978412175e+02
1.140000000000001634e+01 7.999999999787883098e+02 1.242846733978412175e+02
1.155000000000001670e+01 7.999999999787883098e+02 1.242846733978412175e+02
1.170000000000001705e+01 7.999999999787883098e+02 1.242846733978412175e+02
1.185000000000001741e+01 7.999999999787883098e+02 1.242846733978412175e+02
1.200000000000001776e+01 7.999999999787883098e+02 1.242846733978412175e+02
1.215000000000001812e+01 7.999999999787883098e+02 1.242846733978412175e+02
1.230000000000001847e+01 7.999999999787883098e+02 1.242846733978412175e+02
1.245000000000001883e+01 7.999999999787883098e+02 1.242846733978412175e+02
1.260000000000001918e+01 7.999999999787883098e+02 1.242846733978412175e+02
1.275000000000001954e+01 7.999999999787883098e+02 1.242846733978412175e+02
1.290000000000001990e+01 7.999999999787883098e+02 1.242846733978412175e+02
1.305000000000002025e+01 7.999999997584225184e+02 1.243244512029590396e+02
1.320000000000002061e+01 7.999999997584225184e+02 1.243244512029590396e+02
1.335000000000002096e+01 7.999999997584225184e+02 1.243244512029590396e+02
1.350000000000002132e+01 7.999999997584225184e+02 1.243244512029590396e+02
1.365000000000002167e+01 7.999999997584225184e+02 1.243244512029590396e+02
1.380000000000002203e+01 7.999999997584225184e+02 1.243244512029590396e+02
1.395000000000002238e+01 7.999999997584225184e+02 1.243244512029590396e+02
1.410000000000002274e+01 7.999999997584225184e+02 1.243244512029590396e+02
1.425000000000002309e+01 7.999999997584225184e+02 1.243244512029590396e+02
1.440000000000002345e+01 7.999999997584225184e+02 1.243244512029590396e+02
1.455000000000002380e+01 7.999999997584225184e+02 1.243244512029590396e+02
1.470000000000002416e+01 7.999999997584225184e+02 1.243244512029590396e+02
1.485000000000002451e+01 7.999999997584225184e+02 1.243244512029590396e+02
1.500000000000002487e+01 7.999999997584225184e+02 1.243244512029590396e+02
1.515000000000002522e+01 7.999999997584225184e+02 1.243244512029590396e+02
1.530000000000002558e+01 7.999999997584225184e+02 1.243244512029590396e+02
1.545000000000002593e+01 7.999999997584225184e+02 1.243244512029590396e+02
1.560000000000002629e+01 7.999999997584225184e+02 1.243244512029590396e+02
1.575000000000002665e+01 7.999999997584225184e+02 1.243244512029590396e+02
1.590000000000002700e+01 7.999999997584225184e+02 1.243244512029590396e+02
