1.499999999999999944e-01 7.999986835147794864e+02 1.799994650242722116e+02
2.999999999999999889e-01 7.999986835147794864e+02 1.799994650242722116e+02
4.499999999999999556e-01 7.999986835147794864e+02 1.799994650242722116e+02
5.999999999999999778e-01 7.999986835147794864e+02 1.799994650242722116e+02
7.500000000000000000e-01 7.999986835147794864e+02 1.799994650242722116e+02
9.000000000000000222e-01 7.999986835147794864e+02 1.799994650242722116e+02
1.050000000000000044e+00 7.999986835147794864e+02 1.799994650242722116e+02
1.199999999999999956e+00 7.999986835147794864e+02 1.799994650242722116e+02
1.349999999999999867e+00 7.999986835147794864e+02 1.799994650242722116e+02
1.499999999999999778e+00 7.999986835147794864e+02 1.799994650242722116e+02
1.649999999999999689e+00 7.999986835147794864e+02 1.799994650242722116e+02
1.799999999999999600e+00 7.999986835147794864e+02 1.799994650242722116e+02
1.949999999999999512e+00 7.999986835147794864e+02 1.799994650242722116e+02
2.099999999999999645e+00 7.999996697505609973e+02 1.799994655550040932e+02
2.249999999999999556e+00 7.999996697505609973e+02 1.799994655550040932e+02
2.399999999999999467e+00 7.999996697505609973e+02 1.799994655550040932e+02
2.549999999999999378e+00 7.999996697505609973e+02 1.799994655550040932e+02
2.699999999999999289e+00 7.999996697505609973e+02 1.799994655550040932e+02
2.849999999999999201e+00 7.999996697505609973e+02 1.799994655550040932e+02
2.999999999999999112e+00 7.999996697505609973e+02 1.799994655550040932e+02
3.149999999999999023e+00 7.999996697505609973e+02 1.799994655550040932e+02
3.299999999999998934e+00 7.999996697505609973e+02 1.799994655550040932e+02
3.449999999999998845e+00 7.999996697505609973e+02 1.799994655550040932e+02
3.599999999999998757e+00 7.999996697505609973e+02 1.799994655550040932e+02
3.749999999999998668e+00 7.999996697505609973e+02 1.799994655550040932e+02
3.899999999999998579e+00 7.999996697505609973e+02 1.799994655550040932e+02
4.049999999999998934e+00 5.040735216150075075e+02 1.799994663721133463e+02
4.199999999999999289e+00 3.869682416198992314e+02 1.799994689584653429e+02
4.349999999999999645e+00 2.612565598727077258e+02 1.799994779846953179e+02
4.500000000000000000e+00 2.044164322565129339e+02 1.799994912491933405e+02
4.650000000000000355e+00 1.668580091211688057e+02 1.799995085836372937e+02
4.800000000000000711e+00 1.418205771688031689e+02 1.799995310725618083e+02
4.950000000000001066e+00 1.240079194758745871e+02 1.799995571660154781e+02
5.100000000000001421e+00 1.109361387790053470e+02 1.799995851989806397e+02
5.250000000000001776e+00 1.011029185429993191e+02 1.799996158550938503e+02
5.400000000000002132e+00 9.357994183856500570e+01 1.799996473961207641e+02
5.550000000000002487e+00 8.775602961209716568e+01 1.799996783968663578e+02
5.700000000000002842e+00 8.321348863060428869e+01 1.799997094138190334e+02
5.850000000000003197e+00 7.965776330575231157e+01 1.799997392343763636e+02
6.000000000000003553e+00 7.687638812432756197e+01 1.799997670192888108e+02
6.150000000000003908e+00 7.471375323229325716e+01 1.799997934190472506e+02
6.300000000000004263e+00 7.305505628352554481e+01 1.799998177979115326e+02
6.450000000000004619e+00 7.181580980709439643e+01 1.799998398044564283e+02
6.600000000000004974e+00 7.093486449716732523e+01 1.799998600938305628e+02
6.750000000000005329e+00 7.036975930608602425e+01 1.799998783984124771e+02
6.900000000000005684e+00 7.009369207121996226e+01 1.799998946289771595e+02
7.050000000000006040e+00 7.009369207224145271e+01 1.799999093331017832e+02
7.200000000000006395e+00 7.036975930919662403e+01 1.799999224206167696e+02
7.350000000000006750e+00 7.093486450250851760e+01 1.799999339063180059e+02
7.500000000000007105e+00 7.181580981491235605e+01 1.799999441890710727e+02
7.650000000000007461e+00 7.305505629418904334e+01 1.799999532491826528e+02
7.800000000000007816e+00 7.471375324631810599e+01 1.799999611287056780e+02
7.950000000000008171e+00 7.687638814242134799e+01 1.799999680883202871e+02
8.100000000000008527e+00 7.965776332886922262e+01 1.799999741320103510e+02
8.250000000000008882e+00 8.321348866004424849e+01 1.799999793015238936e+02
8.400000000000009237e+00 8.775602964964527075e+01 1.799999837531367461e+02
8.550000000000009592e+00 9.357994188672083169e+01 1.799999875020046716e+02
8.700000000000009948e+00 1.011029186053581412e+02 1.799999905889335707e+02
8.850000000000010303e+00 1.109361388609277412e+02 1.799999931095249792e+02
9.000000000000010658e+00 1.240079195856814209e+02 1.799999950961725119e+02
9.150000000000011013e+00 1.418205773204139746e+02 1.799999966005220244e+02
9.300000000000011369e+00 1.668580093381086442e+02 1.799999976969997419e+02
9.450000000000011724e+00 2.044164325937225897e+02 1.799999984441504068e+02
9.600000000000012079e+00 2.612565603918859551e+02 1.799999988970789104e+02
9.750000000000012434e+00 3.869682429583797330e+02 1.799999991505902983e+02
9.900000000000012790e+00 5.040735225990670756e+02 1.799999992324575828e+02
1.005000000000001315e+01 7.999996813768359516e+02 1.799999992469716119e+02
1.020000000000001350e+01 7.999996813768359516e+02 1.799999992469716119e+02
1.035000000000001386e+01 7.999996813768359516e+02 1.799999992469716119e+02
1.050000000000001421e+01 7.999996813768359516e+02 1.799999992469716119e+02
1.065000000000001457e+01 7.999996813768359516e+02 1.799999992469716119e+02
1.080000000000001492e+01 7.999996813768359516e+02 1.799999992469716119e+02
1.095000000000001528e+01 7.999996813768359516e+02 1.799999992469716119e+02
1.110000000000001563e+01 7.999996813768359516e+02 1.799999992469716119e+02
1.125000000000001599e+01 7.999996813768359516e+02 1.799999992469716119e+02
1.140000000000001634e+01 7.999996813768359516e+02 1.799999992469716119e+02
1.155000000000001670e+01 7.999996813768359516e+02 1.799999992469716119e+02
1.170000000000001705e+01 7.999996813768359516e+02 1.799999992469716119e+02
1.185000000000001741e+01 7.999996813768359516e+02 1.799999992469716119e+02
1.200000000000001776e+01 7.999996813768359516e+02 1.799999992469716119e+02
1.215000000000001812e+01 7.999996813768359516e+02 1.799999992469716119e+02
1.230000000000001847e+01 7.999996813768359516e+02 1.799999992469716119e+02
1.245000000000001883e+01 7.999996813768359516e+02 1.799999992469716119e+02
1.260000000000001918e+01 7.999996813768359516e+02 1.799999992469716119e+02
1.275000000000001954e+01 7.999996813768359516e+02 1.799999992469716119e+02
1.290000000000001990e+01 7.999996813768359516e+02 1.799999992469716119e+02
1.305000000000002025e+01 7.999987298610153630e+02 1.799999992505691466e+02
1.320000000000002061e+01 7.999987298610153630e+02 1.799999992505691466e+02
1.335000000000002096e+01 7.999987298610153630e+02 1.799999992505691466e+02
1.350000000000002132e+01 7.999987298610153630e+02 1.799999992505691466e+02
1.365000000000002167e+01 7.999987298610153630e+02 1.799999992505691466e+02
1.380000000000002203e+01 7.999987298610153630e+02 1.799999992505691466e+02
1.395000000000002238e+01 7.999987298610153630e+02 1.799999992505691466e+02
1.410000000000002274e+01 7.999987298610153630e+02 1.799999992505691466e+02
1.425000000000002309e+01 7.999987298610153630e+02 1.799999992505691466e+02
1.440000000000002345e+01 7.999987298610153630e+02 1.799999992505691466e+02
1.455000000000002380e+01 7.999987298610153630e+02 1.799999992505691466e+02
1.470000000000002416e+01 7.999987298610153630e+02 1.799999992505691466e+02
1.485000000000002451e+01 7.999987298610153630e+02 1.799999992505691466e+02
1.500000000000002487e+01 7.999987298610153630e+02 1.799999992505691466e+02
1.515000000000002522e+01 7.999987298610153630e+02 1.799999992505691466e+02
1.530000000000002558e+01 7.999987298610153630e+02 1.799999992505691466e+02
1.545000000000002593e+01 7.999987298610153630e+02 1.799999992505691466e+02
1.560000000000002629e+01 7.999987298610153630e+02 1.799999992505691466e+02
1.575000000000002665e+01 7.999987298610153630e+02 1.799999992505691466e+02
1.590000000000002700e+01 7.999987298610153630e+02 1.799999992505691466e+02
