1.499999999999999944e-01 7.999946444432109729e+02 9.579168469564525168e-05
2.999999999999999889e-01 7.999946444432109729e+02 9.579168469564525168e-05
4.499999999999999556e-01 7.999946444432109729e+02 9.579168469564525168e-05
5.999999999999999778e-01 7.999946444432109729e+02 9.579168469564525168e-05
7.500000000000000000e-01 7.999946444432109729e+02 9.579168469564525168e-05
9.000000000000000222e-01 7.999946444432109729e+02 9.579168469564525168e-05
1.050000000000000044e+00 7.999946444432109729e+02 9.579168469564525168e-05
1.199999999999999956e+00 7.999946444432109729e+02 9.579168469564525168e-05
1.349999999999999867e+00 7.999946444432109729e+02 9.579168469564525168e-05
1.499999999999999778e+00 7.999946444432109729e+02 9.579168469564525168e-05
1.649999999999999689e+00 7.999946444432109729e+02 9.579168469564525168e-05
1.799999999999999600e+00 7.999946444432109729e+02 9.579168469564525168e-05
1.949999999999999512e+00 7.999946444432109729e+02 9.579168469564525168e-05
2.099999999999999645e+00 7.999983826512954010e+02 9.573146383390351843e-05
2.249999999999999556e+00 7.999983826512954010e+02 9.573146383390351843e-05
2.399999999999999467e+00 7.999983826512954010e+02 9.573146383390351843e-05
2.549999999999999378e+00 7.999983826512954010e+02 9.573146383390351843e-05
2.699999999999999289e+00 7.999983826512954010e+02 9.573146383390351843e-05
2.849999999999999201e+00 7.999983826512954010e+02 9.573146383390351843e-05
2.999999999999999112e+00 7.999983826512954010e+02 9.573146383390351843e-05
3.149999999999999023e+00 7.999983826512954010e+02 9.573146383390351843e-05
3.299999999999998934e+00 7.999983826512954010e+02 9.573146383390351843e-05
3.449999999999998845e+00 7.999983826512954010e+02 9.573146383390351843e-05
3.599999999999998757e+00 7.999983826512954010e+02 9.573146383390351843e-05
3.749999999999998668e+00 7.999983826512954010e+02 9.573146383390351843e-05
3.899999999999998579e+00 7.999983826512954010e+02 9.573146383390351843e-05
4.049999999999998934e+00 4.957961911074498857e+02 9.582542373409719261e-05
4.199999999999999289e+00 3.452718811638287093e+02 9.620986243707996266e-05
4.349999999999999645e+00 1.926118640782560760e+02 9.671322550020011732e-05
4.500000000000000000e+00 1.200092979606944397e+02 9.748259399910974565e-05
4.650000000000000355e+00 7.403561214241791788e+01 9.894610017990856932e-05
4.800000000000000711e+00 4.577407625489782106e+01 1.010023636989210161e-04
4.950000000000001066e+00 2.797668744044347733e+01 1.044073329498074187e-04
5.100000000000001421e+00 1.675798744572808019e+01 1.104476893947214933e-04
5.250000000000001776e+00 9.669827659233327211e+00 1.210836627391076448e-04
5.400000000000002132e+00 5.189650146383726792e+00 1.427382984151570611e-04
5.550000000000002487e+00 2.357154932718657392e+00 1.992058469304502921e-04
5.700000000000002842e+00 5.661436845108482885e-01 5.247483866648305906e-04
5.850000000000003197e+00 5.665913509088795763e-01 1.799996682627661926e+02
6.000000000000003553e+00 1.283397861340290547e+00 1.799999071645351592e+02
6.150000000000003908e+00 1.737643232491848266e+00 1.799999566191618499e+02
6.300000000000004263e+00 2.026522650279304116e+00 1.799999764663467374e+02
6.450000000000004619e+00 2.211850662953054325e+00 1.799999863323824343e+02
6.600000000000004974e+00 2.333285167369382407e+00 1.799999918028713068e+02
6.750000000000005329e+00 2.416812252683683937e+00 1.799999949931197420e+02
6.900000000000005684e+00 2.480306394635107381e+00 1.799999969074886792e+02
7.050000000000006040e+00 2.537355262302583014e+00 1.799999980874392804e+02
7.200000000000006395e+00 2.600167369366346293e+00 1.799999988192041371e+02
7.350000000000006750e+00 2.682184708925376526e+00 1.799999992744068038e+02
7.500000000000007105e+00 2.800959482280006796e+00 1.799999995604025287e+02
7.650000000000007461e+00 2.981910670403692620e+00 1.799999997387537860e+02
7.800000000000007816e+00 3.263764734852586002e+00 1.799999998486985646e+02
7.950000000000008171e+00 3.706845813278263790e+00 1.799999999157105890e+02
8.100000000000008527e+00 4.405992427685035295e+00 1.799999999551239682e+02
8.250000000000008882e+00 5.510873747086861840e+00 1.799999999772428225e+02
8.400000000000009237e+00 7.258078221786426809e+00 1.799999999890499112e+02
8.550000000000009592e+00 1.002193813887839013e+01 1.799999999949607172e+02
8.700000000000009948e+00 1.439519421548467193e+01 1.799999999977511322e+02
8.850000000000010303e+00 2.131826829259325606e+01 1.799999999990116351e+02
9.000000000000010658e+00 3.228563536615084217e+01 1.799999999995574171e+02
9.150000000000011013e+00 4.970865519814881850e+01 1.799999999997864677e+02
9.300000000000011369e+00 7.743189218317728262e+01 1.799999999998805436e+02
9.450000000000011724e+00 1.226699634912144461e+02 1.799999999999183160e+02
9.600000000000012079e+00 1.943630621007740160e+02 1.799999999999327258e+02
9.750000000000012434e+00 3.459772792579556722e+02 1.799999999999378986e+02
9.900000000000012790e+00 4.958557908602547286e+02 1.799999999999394049e+02
1.005000000000001315e+01 7.999983954701708626e+02 1.799999999999394618e+02
1.020000000000001350e+01 7.999983954701708626e+02 1.799999999999394618e+02
1.035000000000001386e+01 7.999983954701708626e+02 1.799999999999394618e+02
1.050000000000001421e+01 7.999983954701708626e+02 1.799999999999394618e+02
1.065000000000001457e+01 7.999983954701708626e+02 1.799999999999394618e+02
1.080000000000001492e+01 7.999983954701708626e+02 1.799999999999394618e+02
1.095000000000001528e+01 7.999983954701708626e+02 1.799999999999394618e+02
1.110000000000001563e+01 7.999983954701708626e+02 1.799999999999394618e+02
1.125000000000001599e+01 7.999983954701708626e+02 1.799999999999394618e+02
1.140000000000001634e+01 7.999983954701708626e+02 1.799999999999394618e+02
1.155000000000001670e+01 7.999983954701708626e+02 1.799999999999394618e+02
1.170000000000001705e+01 7.999983954701708626e+02 1.799999999999394618e+02
1.185000000000001741e+01 7.999983954701708626e+02 1.799999999999394618e+02
1.200000000000001776e+01 7.999983954701708626e+02 1.799999999999394618e+02
1.215000000000001812e+01 7.999983954701708626e+02 1.799999999999394618e+02
1.230000000000001847e+01 7.999983954701708626e+02 1.799999999999394618e+02
1.245000000000001883e+01 7.999983954701708626e+02 1.799999999999394618e+02
1.260000000000001918e+01 7.999983954701708626e+02 1.799999999999394618e+02
1.275000000000001954e+01 7.999983954701708626e+02 1.799999999999394618e+02
1.290000000000001990e+01 7.999983954701708626e+02 1.799999999999394618e+02
1.305000000000002025e+01 7.999946841640777393e+02 1.799999999999395470e+02
1.320000000000002061e+01 7.999946841640777393e+02 1.799999999999395470e+02
1.335000000000002096e+01 7.999946841640777393e+02 1.799999999999395470e+02
1.350000000000002132e+01 7.999946841640777393e+02 1.799999999999395470e+02
1.365000000000002167e+01 7.999946841640777393e+02 1.799999999999395470e+02
1.380000000000002203e+01 7.999946841640777393e+02 1.799999999999395470e+02
1.395000000000002238e+01 7.999946841640777393e+02 1.799999999999395470e+02
1.410000000000002274e+01 7.999946841640777393e+02 1.799999999999395470e+02
1.425000000000002309e+01 7.999946841640777393e+02 1.799999999999395470e+02
1.440000000000002345e+01 7.999946841640777393e+02 1.799999999999395470e+02
1.455000000000002380e+01 7.999946841640777393e+02 1.799999999999395470e+02
1.470000000000002416e+01 7.999946841640777393e+02 1.799999999999395470e+02
1.485000000000002451e+01 7.999946841640777393e+02 1.799999999999395470e+02
1.500000000000002487e+01 7.999946841640777393e+02 1.799999999999395470e+02
1.515000000000002522e+01 7.999946841640777393e+02 1.799999999999395470e+02
1.530000000000002558e+01 7.999946841640777393e+02 1.799999999999395470e+02
1.545000000000002593e+01 7.999946841640777393e+02 1.799999999999395470e+02
1.560000000000002629e+01 7.999946841640777393e+02 1.799999999999395470e+02
1.575000000000002665e+01 7.999946841640777393e+02 1.799999999999395470e+02
1.590000000000002700e+01 7.999946841640777393e+02 1.799999999999395470e+02
