1.499999999999999944e-01 7.999965044194059374e+02 6.534826953319014819e+01
2.999999999999999889e-01 7.999965044194059374e+02 6.534826953319014819e+01
4.499999999999999556e-01 7.999965044194059374e+02 6.534826953319014819e+01
5.999999999999999778e-01 7.999965044194059374e+02 6.534826953319014819e+01
7.500000000000000000e-01 7.999965044194059374e+02 6.534826953319014819e+01
9.000000000000000222e-01 7.999965044194059374e+02 6.534826953319014819e+01
1.050000000000000044e+00 7.999965044194059374e+02 6.534826953319014819e+01
1.199999999999999956e+00 7.999965044194059374e+02 6.534826953319014819e+01
1.349999999999999867e+00 7.999965044194059374e+02 6.534826953319014819e+01
1.499999999999999778e+00 7.999965044194059374e+02 6.534826953319014819e+01
1.649999999999999689e+00 7.999965044194059374e+02 6.534826953319014819e+01
1.799999999999999600e+00 7.999965044194059374e+02 6.534826953319014819e+01
1.949999999999999512e+00 7.999965044194059374e+02 6.534826953319014819e+01
2.099999999999999645e+00 7.999990030657675106e+02 6.535580711309626167e+01
2.249999999999999556e+00 7.999990030657675106e+02 6.535580711309626167e+01
2.399999999999999467e+00 7.999990030657675106e+02 6.535580711309626167e+01
2.549999999999999378e+00 7.999990030657675106e+02 6.535580711309626167e+01
2.699999999999999289e+00 7.999990030657675106e+02 6.535580711309626167e+01
2.849999999999999201e+00 7.999990030657675106e+02 6.535580711309626167e+01
2.999999999999999112e+00 7.999990030657675106e+02 6.535580711309626167e+01
3.149999999999999023e+00 7.999990030657675106e+02 6.535580711309626167e+01
3.299999999999998934e+00 7.999990030657675106e+02 6.535580711309626167e+01
3.449999999999998845e+00 7.999990030657675106e+02 6.535580711309626167e+01
3.599999999999998757e+00 7.999990030657675106e+02 6.535580711309626167e+01
3.749999999999998668e+00 7.999990030657675106e+02 6.535580711309626167e+01
3.899999999999998579e+00 7.999990030657675106e+02 6.535580711309626167e+01
4.049999999999998934e+00 4.987236345815054506e+02 6.541075285631518454e+01
4.199999999999999289e+00 3.583516730447610144e+02 6.558547304860455540e+01
4.349999999999999645e+00 2.115211428962679179e+02 6.602182005085479943e+01
4.500000000000000000e+00 1.404015019801135224e+02 6.670153394443823913e+01
4.650000000000000355e+00 9.329035623301423641e+01 6.779072962845339134e+01
4.800000000000000711e+00 6.258019510203674685e+01 6.944467237127543058e+01
4.950000000000001066e+00 4.194861647490172629e+01 7.196245930284581505e+01
5.100000000000001421e+00 2.806505979776721915e+01 7.579859398682056337e+01
5.250000000000001776e+00 1.877149825787898152e+01 8.166054157307236494e+01
5.400000000000002132e+00 1.268401584340857369e+01 9.054318365175454630e+01
5.550000000000002487e+00 8.905055645339004400e+00 1.033971487965491889e+02
5.700000000000002842e+00 6.820312526526407737e+00 1.198249883808017842e+02
5.850000000000003197e+00 5.902783530711445792e+00 1.367888949539384669e+02
6.000000000000003553e+00 5.647870934384712882e+00 1.507393235031535426e+02
6.150000000000003908e+00 5.681246020268353902e+00 1.606157352547292021e+02
6.300000000000004263e+00 5.806260304571857489e+00 1.671838716473617410e+02
6.450000000000004619e+00 5.944416516470674594e+00 1.714893298646274218e+02
6.600000000000004974e+00 6.073041990918255806e+00 1.743216159316235405e+02
6.750000000000005329e+00 6.192260419766306256e+00 1.761995788313761864e+02
6.900000000000005684e+00 6.311332891704140025e+00 1.774541852887045650e+02
7.050000000000006040e+00 6.444092686732751929e+00 1.782972803362116281e+02
7.200000000000006395e+00 6.608421914898919169e+00 1.788660278703509050e+02
7.350000000000006750e+00 6.827765886333018841e+00 1.792503962137186875e+02
7.500000000000007105e+00 7.134091441032410330e+00 1.795100223887461937e+02
7.650000000000007461e+00 7.572377734636084767e+00 1.796847366209142081e+02
7.800000000000007816e+00 8.207153835922987639e+00 1.798013529964776467e+02
7.950000000000008171e+00 9.131989511299757112e+00 1.798780914143183622e+02
8.100000000000008527e+00 1.048333191023485966e+01 1.799274956833786803e+02
8.250000000000008882e+00 1.246077431856030771e+01 1.799583613951702716e+02
8.400000000000009237e+00 1.535689218383505406e+01 1.799769432878692044e+02
8.550000000000009592e+00 1.960146783431346051e+01 1.799876758348924852e+02
8.700000000000009948e+00 2.582770129439639106e+01 1.799936186956975632e+02
8.850000000000010303e+00 3.497392545320995794e+01 1.799967814101508736e+02
9.000000000000010658e+00 4.844239249210811948e+01 1.799984058889187111e+02
9.150000000000011013e+00 6.838886302103591674e+01 1.799992147706169021e+02
9.300000000000011369e+00 9.814041614282480452e+01 1.799996054779419978e+02
9.450000000000011724e+00 1.440394209482737438e+02 1.799997887505199685e+02
9.600000000000012079e+00 2.137969480138643235e+02 1.799998691965718081e+02
9.750000000000012434e+00 3.592073115769960054e+02 1.799999033515204587e+02
9.900000000000012790e+00 4.987889907601641539e+02 1.799999125331731307e+02
1.005000000000001315e+01 7.999990307958607900e+02 1.799999140809094058e+02
1.020000000000001350e+01 7.999990307958607900e+02 1.799999140809094058e+02
1.035000000000001386e+01 7.999990307958607900e+02 1.799999140809094058e+02
1.050000000000001421e+01 7.999990307958607900e+02 1.799999140809094058e+02
1.065000000000001457e+01 7.999990307958607900e+02 1.799999140809094058e+02
1.080000000000001492e+01 7.999990307958607900e+02 1.799999140809094058e+02
1.095000000000001528e+01 7.999990307958607900e+02 1.799999140809094058e+02
1.110000000000001563e+01 7.999990307958607900e+02 1.799999140809094058e+02
1.125000000000001599e+01 7.999990307958607900e+02 1.799999140809094058e+02
1.140000000000001634e+01 7.999990307958607900e+02 1.799999140809094058e+02
1.155000000000001670e+01 7.999990307958607900e+02 1.799999140809094058e+02
1.170000000000001705e+01 7.999990307958607900e+02 1.799999140809094058e+02
1.185000000000001741e+01 7.999990307958607900e+02 1.799999140809094058e+02
1.200000000000001776e+01 7.999990307958607900e+02 1.799999140809094058e+02
1.215000000000001812e+01 7.999990307958607900e+02 1.799999140809094058e+02
1.230000000000001847e+01 7.999990307958607900e+02 1.799999140809094058e+02
1.245000000000001883e+01 7.999990307958607900e+02 1.799999140809094058e+02
1.260000000000001918e+01 7.999990307958607900e+02 1.799999140809094058e+02
1.275000000000001954e+01 7.999990307958607900e+02 1.799999140809094058e+02
1.290000000000001990e+01 7.999990307958607900e+02 1.799999140809094058e+02
1.305000000000002025e+01 7.999965994995812935e+02 1.799999143707897815e+02
1.320000000000002061e+01 7.999965994995812935e+02 1.799999143707897815e+02
1.335000000000002096e+01 7.999965994995812935e+02 1.799999143707897815e+02
1.350000000000002132e+01 7.999965994995812935e+02 1.799999143707897815e+02
1.365000000000002167e+01 7.999965994995812935e+02 1.799999143707897815e+02
1.380000000000002203e+01 7.999965994995812935e+02 1.799999143707897815e+02
1.395000000000002238e+01 7.999965994995812935e+02 1.799999143707897815e+02
1.410000000000002274e+01 7.999965994995812935e+02 1.799999143707897815e+02
1.425000000000002309e+01 7.999965994995812935e+02 1.799999143707897815e+02
1.440000000000002345e+01 7.999965994995812935e+02 1.799999143707897815e+02
1.455000000000002380e+01 7.999965994995812935e+02 1.799999143707897815e+02
1.470000000000002416e+01 7.999965994995812935e+02 1.799999143707897815e+02
1.485000000000002451e+01 7.999965994995812935e+02 1.799999143707897815e+02
1.500000000000002487e+01 7.999965994995812935e+02 1.799999143707897815e+02
1.515000000000002522e+01 7.999965994995812935e+02 1.799999143707897815e+02
1.530000000000002558e+01 7.999965994995812935e+02 1.799999143707897815e+02
1.545000000000002593e+01 7.999965994995812935e+02 1.799999143707897815e+02
1.560000000000002629e+01 7.999965994995812935e+02 1.799999143707897815e+02
1.575000000000002665e+01 7.999965994995812935e+02 1.799999143707897815e+02
1.590000000000002700e+01 7.999965994995812935e+02 1.799999143707897815e+02
