1.499999999999999944e-01 7.999986793494662152e+02 1.288183948552072167e+01
2.999999999999999889e-01 7.999986793494662152e+02 1.288183948552072167e+01
4.499999999999999556e-01 7.999986793494662152e+02 1.288183948552072167e+01
5.999999999999999778e-01 7.999986793494662152e+02 1.288183948552072167e+01
7.500000000000000000e-01 7.999986793494662152e+02 1.288183948552072167e+01
9.000000000000000222e-01 7.999986793494662152e+02 1.288183948552072167e+01
1.050000000000000044e+00 7.999986793494662152e+02 1.288183948552072167e+01
1.199999999999999956e+00 7.999986793494662152e+02 1.288183948552072167e+01
1.349999999999999867e+00 7.999986793494662152e+02 1.288183948552072167e+01
1.499999999999999778e+00 7.999986793494662152e+02 1.288183948552072167e+01
1.649999999999999689e+00 7.999986793494662152e+02 1.288183948552072167e+01
1.799999999999999600e+00 7.999986793494662152e+02 1.288183948552072167e+01
1.949999999999999512e+00 7.999986793494662152e+02 1.288183948552072167e+01
2.099999999999999645e+00 7.999996683548858982e+02 1.288499760374716807e+01
2.249999999999999556e+00 7.999996683548858982e+02 1.288499760374716807e+01
2.399999999999999467e+00 7.999996683548858982e+02 1.288499760374716807e+01
2.549999999999999378e+00 7.999996683548858982e+02 1.288499760374716807e+01
2.699999999999999289e+00 7.999996683548858982e+02 1.288499760374716807e+01
2.849999999999999201e+00 7.999996683548858982e+02 1.288499760374716807e+01
2.999999999999999112e+00 7.999996683548858982e+02 1.288499760374716807e+01
3.149999999999999023e+00 7.999996683548858982e+02 1.288499760374716807e+01
3.299999999999998934e+00 7.999996683548858982e+02 1.288499760374716807e+01
3.449999999999998845e+00 7.999996683548858982e+02 1.288499760374716807e+01
3.599999999999998757e+00 7.999996683548858982e+02 1.288499760374716807e+01
3.749999999999998668e+00 7.999996683548858982e+02 1.288499760374716807e+01
3.899999999999998579e+00 7.999996683548858982e+02 1.288499760374716807e+01
4.049999999999998934e+00 5.039881748999997058e+02 1.290660975551577039e+01
4.199999999999999289e+00 3.855777887669226516e+02 1.299290558277270335e+01
4.349999999999999645e+00 2.568801265184442286e+02 1.321933804187908734e+01
4.500000000000000000e+00 1.963062876889699453e+02 1.357591317068666115e+01
4.650000000000000355e+00 1.541731931682393508e+02 1.411789648772703742e+01
4.800000000000000711e+00 1.238830419628321096e+02 1.487768379270588959e+01
4.950000000000001066e+00 1.002585576532744369e+02 1.592415323965497720e+01
5.100000000000001421e+00 8.095924760608399140e+01 1.736114293266733100e+01
5.250000000000001776e+00 6.463674260524518900e+01 1.936190085711390196e+01
5.400000000000002132e+00 5.053212843778107555e+01 2.224422649893165982e+01
5.550000000000002487e+00 3.823073827434098604e+01 2.663136290182550781e+01
5.700000000000002842e+00 2.758270506932570498e+01 3.387128507064566207e+01
5.850000000000003197e+00 1.878881373527121212e+01 4.721049099349726674e+01
6.000000000000003553e+00 1.287429960252019256e+01 7.362591728872624230e+01
6.150000000000003908e+00 1.196239132257180415e+01 1.126063858330380469e+02
6.300000000000004263e+00 1.552749543298741841e+01 1.406377400790086654e+02
6.450000000000004619e+00 2.062069352059362970e+01 1.548723698865290999e+02
6.600000000000004974e+00 2.586160119966546489e+01 1.625378886456191481e+02
6.750000000000005329e+00 3.085836949704678034e+01 1.671660085763516008e+02
6.900000000000005684e+00 3.552244369688331460e+01 1.702213711031253069e+02
7.050000000000006040e+00 3.986681400875870906e+01 1.723743270171008817e+02
7.200000000000006395e+00 4.394594674848072202e+01 1.739641397453376044e+02
7.350000000000006750e+00 4.783526592290198209e+01 1.751793429478595385e+02
7.500000000000007105e+00 5.162389719234990793e+01 1.761331185109191892e+02
7.650000000000007461e+00 5.541296791825131862e+01 1.768958889764236631e+02
7.800000000000007816e+00 5.931705906986434229e+01 1.775141179371502176e+02
7.950000000000008171e+00 6.346821031674224400e+01 1.780200293824034361e+02
8.100000000000008527e+00 6.802270733513692846e+01 1.784358762427004592e+02
8.250000000000008882e+00 7.317161031980923269e+01 1.787778737976456114e+02
8.400000000000009237e+00 7.915694104416935772e+01 1.790583741385365215e+02
8.550000000000009592e+00 8.629707853181758992e+01 1.792866430871370937e+02
8.700000000000009948e+00 9.502794557609128390e+01 1.794701212953853542e+02
8.850000000000010303e+00 1.059734568301726938e+02 1.796150993062446446e+02
9.000000000000010658e+00 1.200691997001161866e+02 1.797268995646806786e+02
9.150000000000011013e+00 1.388193904783384767e+02 1.798103643888659917e+02
9.300000000000011369e+00 1.647039477857777001e+02 1.798699570456016659e+02
9.450000000000011724e+00 2.030116500244745907e+02 1.799100999089002642e+02
9.600000000000012079e+00 2.604800184094049769e+02 1.799343322602078672e+02
9.750000000000012434e+00 3.867143911619947971e+02 1.799477180258232352e+02
9.900000000000012790e+00 5.040574029568034575e+02 1.799520103550396755e+02
1.005000000000001315e+01 7.999996769866160093e+02 1.799527845468544740e+02
1.020000000000001350e+01 7.999996769866160093e+02 1.799527845468544740e+02
1.035000000000001386e+01 7.999996769866160093e+02 1.799527845468544740e+02
1.050000000000001421e+01 7.999996769866160093e+02 1.799527845468544740e+02
1.065000000000001457e+01 7.999996769866160093e+02 1.799527845468544740e+02
1.080000000000001492e+01 7.999996769866160093e+02 1.799527845468544740e+02
1.095000000000001528e+01 7.999996769866160093e+02 1.799527845468544740e+02
1.110000000000001563e+01 7.999996769866160093e+02 1.799527845468544740e+02
1.125000000000001599e+01 7.999996769866160093e+02 1.799527845468544740e+02
1.140000000000001634e+01 7.999996769866160093e+02 1.799527845468544740e+02
1.155000000000001670e+01 7.999996769866160093e+02 1.799527845468544740e+02
1.170000000000001705e+01 7.999996769866160093e+02 1.799527845468544740e+02
1.185000000000001741e+01 7.999996769866160093e+02 1.799527845468544740e+02
1.200000000000001776e+01 7.999996769866160093e+02 1.799527845468544740e+02
1.215000000000001812e+01 7.999996769866160093e+02 1.799527845468544740e+02
1.230000000000001847e+01 7.999996769866160093e+02 1.799527845468544740e+02
1.245000000000001883e+01 7.999996769866160093e+02 1.799527845468544740e+02
1.260000000000001918e+01 7.999996769866160093e+02 1.799527845468544740e+02
1.275000000000001954e+01 7.999996769866160093e+02 1.799527845468544740e+02
1.290000000000001990e+01 7.999996769866160093e+02 1.799527845468544740e+02
1.305000000000002025e+01 7.999987126103094397e+02 1.799529332319150683e+02
1.320000000000002061e+01 7.999987126103094397e+02 1.799529332319150683e+02
1.335000000000002096e+01 7.999987126103094397e+02 1.799529332319150683e+02
1.350000000000002132e+01 7.999987126103094397e+02 1.799529332319150683e+02
1.365000000000002167e+01 7.999987126103094397e+02 1.799529332319150683e+02
1.380000000000002203e+01 7.999987126103094397e+02 1.799529332319150683e+02
1.395000000000002238e+01 7.999987126103094397e+02 1.799529332319150683e+02
1.410000000000002274e+01 7.999987126103094397e+02 1.799529332319150683e+02
1.425000000000002309e+01 7.999987126103094397e+02 1.799529332319150683e+02
1.440000000000002345e+01 7.999987126103094397e+02 1.799529332319150683e+02
1.455000000000002380e+01 7.999987126103094397e+02 1.799529332319150683e+02
1.470000000000002416e+01 7.999987126103094397e+02 1.799529332319150683e+02
1.485000000000002451e+01 7.999987126103094397e+02 1.799529332319150683e+02
1.500000000000002487e+01 7.999987126103094397e+02 1.799529332319150683e+02
1.515000000000002522e+01 7.999987126103094397e+02 1.799529332319150683e+02
1.530000000000002558e+01 7.999987126103094397e+02 1.799529332319150683e+02
1.545000000000002593e+01 7.999987126103094397e+02 1.799529332319150683e+02
1.560000000000002629e+01 7.999987126103094397e+02 1.799529332319150683e+02
1.575000000000002665e+01 7.999987126103094397e+02 1.799529332319150683e+02
1.590000000000002700e+01 7.999987126103094397e+02 1.799529332319150683e+02
