1.499999999999999944e-01 7.995995423972749450e+02 1.798956533063044674e+02
2.999999999999999889e-01 7.995995423972749450e+02 1.798956533063044674e+02
4.499999999999999556e-01 7.995995423972749450e+02 1.798956533063044674e+02
5.999999999999999778e-01 7.995995423972749450e+02 1.798956533063044674e+02
7.500000000000000000e-01 7.995995423972749450e+02 1.798956533063044674e+02
9.000000000000000222e-01 7.995995423972749450e+02 1.798956533063044674e+02
1.050000000000000044e+00 7.995995423972749450e+02 1.798956533063044674e+02
1.199999999999999956e+00 7.995995423972749450e+02 1.798956533063044674e+02
1.349999999999999867e+00 7.995995423972749450e+02 1.798956533063044674e+02
1.499999999999999778e+00 7.995995423972749450e+02 1.798956533063044674e+02
1.649999999999999689e+00 7.995995423972749450e+02 1.798956533063044674e+02
1.799999999999999600e+00 7.995995423972749450e+02 1.798956533063044674e+02
1.949999999999999512e+00 7.995995423972749450e+02 1.798956533063044674e+02
2.099999999999999645e+00 7.997878651993821677e+02 1.798956736909787253e+02
2.249999999999999556e+00 7.997878651993821677e+02 1.798956736909787253e+02
2.399999999999999467e+00 7.997878651993821677e+02 1.798956736909787253e+02
2.549999999999999378e+00 7.997878651993821677e+02 1.798956736909787253e+02
2.699999999999999289e+00 7.997878651993821677e+02 1.798956736909787253e+02
2.849999999999999201e+00 7.997878651993821677e+02 1.798956736909787253e+02
2.999999999999999112e+00 7.997878651993821677e+02 1.798956736909787253e+02
3.149999999999999023e+00 7.997878651993821677e+02 1.798956736909787253e+02
3.299999999999998934e+00 7.997878651993821677e+02 1.798956736909787253e+02
3.449999999999998845e+00 7.997878651993821677e+02 1.798956736909787253e+02
3.599999999999998757e+00 7.997878651993821677e+02 1.798956736909787253e+02
3.749999999999998668e+00 7.997878651993821677e+02 1.798956736909787253e+02
3.899999999999998579e+00 7.997878651993821677e+02 1.798956736909787253e+02
4.049999999999998934e+00 4.333576302553711912e+02 1.798957487808066560e+02
4.199999999999999289e+00 2.034857112909270995e+02 1.798959407704184912e+02
4.349999999999999645e+00 6.575955899438287133e+01 1.798967533833612720e+02
4.500000000000000000e+00 2.469079792548189189e+01 1.798987898328661856e+02
4.650000000000000355e+00 9.139450628362475015e+00 1.799043064877396887e+02
4.800000000000000711e+00 3.751332629307725597e+00 1.799169617498564548e+02
4.950000000000001066e+00 1.825344050513820093e+00 1.799396131572904949e+02
5.100000000000001421e+00 1.144738973202322541e+00 1.799658357976028924e+02
5.250000000000001776e+00 9.032152643745234855e-01 1.799846549139379306e+02
5.400000000000002132e+00 8.176383835680098855e-01 1.799939907261568237e+02
5.550000000000002487e+00 7.872995969709677411e-01 1.799977872038957969e+02
5.700000000000002842e+00 7.765460859816926131e-01 1.799992047486066724e+02
5.850000000000003197e+00 7.727342406946604569e-01 1.799997167141486898e+02
6.000000000000003553e+00 7.713830767185640980e-01 1.799998993769398226e+02
6.150000000000003908e+00 7.709041336142945511e-01 1.799999643095340218e+02
6.300000000000004263e+00 7.707343688044261398e-01 1.799999873458442323e+02
6.450000000000004619e+00 7.706742057699784709e-01 1.799999955127636042e+02
6.600000000000004974e+00 7.706529169939244639e-01 1.799999984093444425e+02
6.750000000000005329e+00 7.706454751814248993e-01 1.799999994361474194e+02
6.900000000000005684e+00 7.706431316816519939e-01 1.799999998000696166e+02
7.050000000000006040e+00 7.706431316816519939e-01 1.799999999291296433e+02
7.200000000000006395e+00 7.706454751224214306e-01 1.799999999748783068e+02
7.350000000000006750e+00 7.706529169939244639e-01 1.799999999910925794e+02
7.500000000000007105e+00 7.706742058879854085e-01 1.799999999968426039e+02
7.650000000000007461e+00 7.707343691584469525e-01 1.799999999988808383e+02
7.800000000000007816e+00 7.709041347648621922e-01 1.799999999996032898e+02
7.950000000000008171e+00 7.713830801997687558e-01 1.799999999998594262e+02
8.100000000000008527e+00 7.727342502532223989e-01 1.799999999999502620e+02
8.250000000000008882e+00 7.765461129757795788e-01 1.799999999999822933e+02
8.400000000000009237e+00 7.872996727019199170e-01 1.799999999999936620e+02
8.550000000000009592e+00 8.176385943284003588e-01 1.799999999999976410e+02
8.700000000000009948e+00 9.032158391273128473e-01 1.799999999999983515e+02
8.850000000000010303e+00 1.144740483101088557e+00 1.799999999999975273e+02
9.000000000000010658e+00 1.825347864380034935e+00 1.799999999999961631e+02
9.150000000000011013e+00 3.751342352371338507e+00 1.799999999999945715e+02
9.300000000000011369e+00 9.139476093153284353e+00 1.799999999999937188e+02
9.450000000000011724e+00 2.469086975973159070e+01 1.799999999999936335e+02
9.600000000000012079e+00 6.575974297144446723e+01 1.799999999999933209e+02
9.750000000000012434e+00 2.034863571780475411e+02 1.799999999999932925e+02
9.900000000000012790e+00 4.333585413383253808e+02 1.799999999999932925e+02
1.005000000000001315e+01 7.997918440652798608e+02 1.799999999999932641e+02
1.020000000000001350e+01 7.997918440652798608e+02 1.799999999999932641e+02
1.035000000000001386e+01 7.997918440652798608e+02 1.799999999999932641e+02
1.050000000000001421e+01 7.997918440652798608e+02 1.799999999999932641e+02
1.065000000000001457e+01 7.997918440652798608e+02 1.799999999999932641e+02
1.080000000000001492e+01 7.997918440652798608e+02 1.799999999999932641e+02
1.095000000000001528e+01 7.997918440652798608e+02 1.799999999999932641e+02
1.110000000000001563e+01 7.997918440652798608e+02 1.799999999999932641e+02
1.125000000000001599e+01 7.997918440652798608e+02 1.799999999999932641e+02
1.140000000000001634e+01 7.997918440652798608e+02 1.799999999999932641e+02
1.155000000000001670e+01 7.997918440652798608e+02 1.799999999999932641e+02
1.170000000000001705e+01 7.997918440652798608e+02 1.799999999999932641e+02
1.185000000000001741e+01 7.997918440652798608e+02 1.799999999999932641e+02
1.200000000000001776e+01 7.997918440652798608e+02 1.799999999999932641e+02
1.215000000000001812e+01 7.997918440652798608e+02 1.799999999999932641e+02
1.230000000000001847e+01 7.997918440652798608e+02 1.799999999999932641e+02
1.245000000000001883e+01 7.997918440652798608e+02 1.799999999999932641e+02
1.260000000000001918e+01 7.997918440652798608e+02 1.799999999999932641e+02
1.275000000000001954e+01 7.997918440652798608e+02 1.799999999999932641e+02
1.290000000000001990e+01 7.997918440652798608e+02 1.799999999999932641e+02
1.305000000000002025e+01 7.996070537016893240e+02 1.799999999999932641e+02
1.320000000000002061e+01 7.996070537016893240e+02 1.799999999999932641e+02
1.335000000000002096e+01 7.996070537016893240e+02 1.799999999999932641e+02
1.350000000000002132e+01 7.996070537016893240e+02 1.799999999999932641e+02
1.365000000000002167e+01 7.996070537016893240e+02 1.799999999999932641e+02
1.380000000000002203e+01 7.996070537016893240e+02 1.799999999999932641e+02
1.395000000000002238e+01 7.996070537016893240e+02 1.799999999999932641e+02
1.410000000000002274e+01 7.996070537016893240e+02 1.799999999999932641e+02
1.425000000000002309e+01 7.996070537016893240e+02 1.799999999999932641e+02
1.440000000000002345e+01 7.996070537016893240e+02 1.799999999999932641e+02
1.455000000000002380e+01 7.996070537016893240e+02 1.799999999999932641e+02
1.470000000000002416e+01 7.996070537016893240e+02 1.799999999999932641e+02
1.485000000000002451e+01 7.996070537016893240e+02 1.799999999999932641e+02
1.500000000000002487e+01 7.996070537016893240e+02 1.799999999999932641e+02
1.515000000000002522e+01 7.996070537016893240e+02 1.799999999999932641e+02
1.530000000000002558e+01 7.996070537016893240e+02 1.799999999999932641e+02
1.545000000000002593e+01 7.996070537016893240e+02 1.799999999999932641e+02
1.560000000000002629e+01 7.996070537016893240e+02 1.799999999999932641e+02
1.575000000000002665e+01 7.996070537016893240e+02 1.799999999999932641e+02
1.590000000000002700e+01 7.996070537016893240e+02 1.799999999999932641e+02
