1.499999999999999944e-01 7.999883486790920415e+02 1.708300167990728369e-12
2.999999999999999889e-01 7.999883486790920415e+02 1.708300167990728369e-12
4.499999999999999556e-01 7.999883486790920415e+02 1.708300167990728369e-12
5.999999999999999778e-01 7.999883486790920415e+02 1.708300167990728369e-12
7.500000000000000000e-01 7.999883486790920415e+02 1.708300167990728369e-12
9.000000000000000222e-01 7.999883486790920415e+02 1.708300167990728369e-12
1.050000000000000044e+00 7.999883486790920415e+02 1.708300167990728369e-12
1.199999999999999956e+00 7.999883486790920415e+02 1.708300167990728369e-12
1.349999999999999867e+00 7.999883486790920415e+02 1.708300167990728369e-12
1.499999999999999778e+00 7.999883486790920415e+02 1.708300167990728369e-12
1.649999999999999689e+00 7.999883486790920415e+02 1.708300167990728369e-12
1.799999999999999600e+00 7.999883486790920415e+02 1.708300167990728369e-12
1.949999999999999512e+00 7.999883486790920415e+02 1.708300167990728369e-12
2.099999999999999645e+00 7.999960997612701021e+02 1.732947119137406844e-12
2.249999999999999556e+00 7.999960997612701021e+02 1.732947119137406844e-12
2.399999999999999467e+00 7.999960997612701021e+02 1.732947119137406844e-12
2.549999999999999378e+00 7.999960997612701021e+02 1.732947119137406844e-12
2.699999999999999289e+00 7.999960997612701021e+02 1.732947119137406844e-12
2.849999999999999201e+00 7.999960997612701021e+02 1.732947119137406844e-12
2.999999999999999112e+00 7.999960997612701021e+02 1.732947119137406844e-12
3.149999999999999023e+00 7.999960997612701021e+02 1.732947119137406844e-12
3.299999999999998934e+00 7.999960997612701021e+02 1.732947119137406844e-12
3.449999999999998845e+00 7.999960997612701021e+02 1.732947119137406844e-12
3.599999999999998757e+00 7.999960997612701021e+02 1.732947119137406844e-12
3.749999999999998668e+00 7.999960997612701021e+02 1.732947119137406844e-12
3.899999999999998579e+00 7.999960997612701021e+02 1.732947119137406844e-12
4.049999999999998934e+00 4.894806333367989168e+02 1.855515741056024126e-12
4.199999999999999289e+00 3.212321521554722494e+02 2.021494083237485029e-12
4.349999999999999645e+00 1.626525660209244393e+02 3.098410417123886873e-12
4.500000000000000000e+00 9.173434181455969849e+01 6.477374192570550804e-12
4.650000000000000355e+00 5.083550147782267459e+01 1.782662906180121354e-11
4.800000000000000711e+00 2.832522105991333916e+01 5.380951240141484959e-11
4.950000000000001066e+00 1.569547688937182883e+01 1.706264018963565832e-10
5.100000000000001421e+00 8.628384576151141516e+00 5.508959954880765508e-10
5.250000000000001776e+00 4.668292811858506752e+00 1.813192263000473758e-09
5.400000000000002132e+00 2.449562518985629822e+00 6.158060950056665206e-09
5.550000000000002487e+00 1.206334147868631135e+00 2.231439177879934732e-08
5.700000000000002842e+00 5.097086533681931542e-01 9.415367763221382802e-08
5.850000000000003197e+00 1.193444638233813748e-01 7.169287350450304075e-07
6.000000000000003553e+00 9.943237936022342183e-02 1.799999984643057758e+02
6.150000000000003908e+00 2.220993927062409057e-01 1.799999987742308178e+02
6.300000000000004263e+00 2.909763805198508635e-01 1.799999983318997465e+02
6.450000000000004619e+00 3.298257599828957609e-01 1.799999973736594256e+02
6.600000000000004974e+00 3.520504942553088767e-01 1.799999956131309489e+02
6.750000000000005329e+00 3.653180782633853596e-01 1.799999924627575467e+02
6.900000000000005684e+00 3.742058065804485523e-01 1.799999868680566237e+02
7.050000000000006040e+00 3.817799312905663101e-01 1.799999770517022455e+02
7.200000000000006395e+00 3.906535144110421243e-01 1.799999600151113270e+02
7.350000000000006750e+00 4.038879283800724806e-01 1.799999309787781954e+02
7.500000000000007105e+00 4.260490275294159801e-01 1.799998833437514918e+02
7.650000000000007461e+00 4.647823620972530989e-01 1.799998093477089185e+02
7.800000000000007816e+00 5.334508880005159881e-01 1.799997035488366350e+02
7.950000000000008171e+00 6.557451963184348642e-01 1.799995700314996441e+02
8.100000000000008527e+00 8.738568025036670406e-01 1.799994247511960737e+02
8.250000000000008882e+00 1.263034652433304927e+00 1.799992897077787575e+02
8.400000000000009237e+00 1.957546394720054650e+00 1.799991829191005763e+02
8.550000000000009592e+00 3.197013803924548370e+00 1.799991080110037842e+02
8.700000000000009948e+00 5.409068372340954056e+00 1.799990591057041911e+02
8.850000000000010303e+00 9.357360894514613392e+00 1.799990302504625959e+02
9.000000000000010658e+00 1.640375749034109631e+01 1.799990137056391291e+02
9.150000000000011013e+00 2.899767943953752081e+01 1.799990036185520239e+02
9.300000000000011369e+00 5.144749467046031555e+01 1.799989988887743948e+02
9.450000000000011724e+00 9.224813665783520378e+01 1.799989966625336990e+02
9.600000000000012079e+00 1.630210729443531648e+02 1.799989948684435319e+02
9.750000000000012434e+00 3.214002729615118596e+02 1.799989949494576535e+02
9.900000000000012790e+00 4.894978280191454019e+02 1.799989952496284218e+02
1.005000000000001315e+01 7.999960544777763971e+02 1.799989951039456457e+02
1.020000000000001350e+01 7.999960544777763971e+02 1.799989951039456457e+02
1.035000000000001386e+01 7.999960544777763971e+02 1.799989951039456457e+02
1.050000000000001421e+01 7.999960544777763971e+02 1.799989951039456457e+02
1.065000000000001457e+01 7.999960544777763971e+02 1.799989951039456457e+02
1.080000000000001492e+01 7.999960544777763971e+02 1.799989951039456457e+02
1.095000000000001528e+01 7.999960544777763971e+02 1.799989951039456457e+02
1.110000000000001563e+01 7.999960544777763971e+02 1.799989951039456457e+02
1.125000000000001599e+01 7.999960544777763971e+02 1.799989951039456457e+02
1.140000000000001634e+01 7.999960544777763971e+02 1.799989951039456457e+02
1.155000000000001670e+01 7.999960544777763971e+02 1.799989951039456457e+02
1.170000000000001705e+01 7.999960544777763971e+02 1.799989951039456457e+02
1.185000000000001741e+01 7.999960544777763971e+02 1.799989951039456457e+02
1.200000000000001776e+01 7.999960544777763971e+02 1.799989951039456457e+02
1.215000000000001812e+01 7.999960544777763971e+02 1.799989951039456457e+02
1.230000000000001847e+01 7.999960544777763971e+02 1.799989951039456457e+02
1.245000000000001883e+01 7.999960544777763971e+02 1.799989951039456457e+02
1.260000000000001918e+01 7.999960544777763971e+02 1.799989951039456457e+02
1.275000000000001954e+01 7.999960544777763971e+02 1.799989951039456457e+02
1.290000000000001990e+01 7.999960544777763971e+02 1.799989951039456457e+02
1.305000000000002025e+01 7.999882119884167651e+02 1.799989956751704199e+02
1.320000000000002061e+01 7.999882119884167651e+02 1.799989956751704199e+02
1.335000000000002096e+01 7.999882119884167651e+02 1.799989956751704199e+02
1.350000000000002132e+01 7.999882119884167651e+02 1.799989956751704199e+02
1.365000000000002167e+01 7.999882119884167651e+02 1.799989956751704199e+02
1.380000000000002203e+01 7.999882119884167651e+02 1.799989956751704199e+02
1.395000000000002238e+01 7.999882119884167651e+02 1.799989956751704199e+02
1.410000000000002274e+01 7.999882119884167651e+02 1.799989956751704199e+02
1.425000000000002309e+01 7.999882119884167651e+02 1.799989956751704199e+02
1.440000000000002345e+01 7.999882119884167651e+02 1.799989956751704199e+02
1.455000000000002380e+01 7.999882119884167651e+02 1.799989956751704199e+02
1.470000000000002416e+01 7.999882119884167651e+02 1.799989956751704199e+02
1.485000000000002451e+01 7.999882119884167651e+02 1.799989956751704199e+02
1.500000000000002487e+01 7.999882119884167651e+02 1.799989956751704199e+02
1.515000000000002522e+01 7.999882119884167651e+02 1.799989956751704199e+02
1.530000000000002558e+01 7.999882119884167651e+02 1.799989956751704199e+02
1.545000000000002593e+01 7.999882119884167651e+02 1.799989956751704199e+02
1.560000000000002629e+01 7.999882119884167651e+02 1.799989956751704199e+02
1.575000000000002665e+01 7.999882119884167651e+02 1.799989956751704199e+02
1.590000000000002700e+01 7.999882119884167651e+02 1.799989956751704199e+02
