1.499999999999999944e-01 7.999058577439249120e+02 1.104183411371195689e-11
2.999999999999999889e-01 7.999058577439249120e+02 1.104183411371195689e-11
4.499999999999999556e-01 7.999058577439249120e+02 1.104183411371195689e-11
5.999999999999999778e-01 7.999058577439249120e+02 1.104183411371195689e-11
7.500000000000000000e-01 7.999058577439249120e+02 1.104183411371195689e-11
9.000000000000000222e-01 7.999058577439249120e+02 1.104183411371195689e-11
1.050000000000000044e+00 7.999058577439249120e+02 1.104183411371195689e-11
1.199999999999999956e+00 7.999058577439249120e+02 1.104183411371195689e-11
1.349999999999999867e+00 7.999058577439249120e+02 1.104183411371195689e-11
1.499999999999999778e+00 7.999058577439249120e+02 1.104183411371195689e-11
1.649999999999999689e+00 7.999058577439249120e+02 1.104183411371195689e-11
1.799999999999999600e+00 7.999058577439249120e+02 1.104183411371195689e-11
1.949999999999999512e+00 7.999058577439249120e+02 1.104183411371195689e-11
2.099999999999999645e+00 7.999585560203845489e+02 1.100985969060275238e-11
2.249999999999999556e+00 7.999585560203845489e+02 1.100985969060275238e-11
2.399999999999999467e+00 7.999585560203845489e+02 1.100985969060275238e-11
2.549999999999999378e+00 7.999585560203845489e+02 1.100985969060275238e-11
2.699999999999999289e+00 7.999585560203845489e+02 1.100985969060275238e-11
2.849999999999999201e+00 7.999585560203845489e+02 1.100985969060275238e-11
2.999999999999999112e+00 7.999585560203845489e+02 1.100985969060275238e-11
3.149999999999999023e+00 7.999585560203845489e+02 1.100985969060275238e-11
3.299999999999998934e+00 7.999585560203845489e+02 1.100985969060275238e-11
3.449999999999998845e+00 7.999585560203845489e+02 1.100985969060275238e-11
3.599999999999998757e+00 7.999585560203845489e+02 1.100985969060275238e-11
3.749999999999998668e+00 7.999585560203845489e+02 1.100985969060275238e-11
3.899999999999998579e+00 7.999585560203845489e+02 1.100985969060275238e-11
4.049999999999998934e+00 4.631874646463704153e+02 1.101785329638005351e-11
4.199999999999999289e+00 2.522591773081300346e+02 1.116129411116162373e-11
4.349999999999999645e+00 9.788752829142778467e+01 1.117927972416055127e-11
4.500000000000000000e+00 4.274655894505016818e+01 1.116284842339609895e-11
4.650000000000000355e+00 1.798511603412531912e+01 1.140576522118408320e-11
4.800000000000000711e+00 7.640809752045534253e+00 1.270716865064969170e-11
4.950000000000001066e+00 3.218490958472585817e+00 1.985578368390861215e-11
5.100000000000001421e+00 1.341704627749606971e+00 5.959677196187840309e-11
5.250000000000001776e+00 5.433119501652754479e-01 2.937128318336590382e-10
5.400000000000002132e+00 2.039324884151483275e-01 1.778834191057399039e-09
5.550000000000002487e+00 5.963385758968797745e-02 1.421977813276242841e-08
5.700000000000002842e+00 1.714676676783710718e-03 1.799999988384104199e+02
5.850000000000003197e+00 2.779769910557661206e-02 1.799999998315463756e+02
6.000000000000003553e+00 3.888713578271563165e-02 1.799999997167715264e+02
6.150000000000003908e+00 4.360203783289762214e-02 1.799999994060165420e+02
6.300000000000004263e+00 4.560693321946018841e-02 1.799999986646626553e+02
6.450000000000004619e+00 4.646007570318033686e-02 1.799999969167240010e+02
6.600000000000004974e+00 4.682454909834632417e-02 1.799999928061743617e+02
6.750000000000005329e+00 4.698362953058676794e-02 1.799999831411414846e+02
6.900000000000005684e+00 4.706096136487758486e-02 1.799999604100909210e+02
7.050000000000006040e+00 4.711664459046005504e-02 1.799999070151548892e+02
7.200000000000006395e+00 4.719396226391836535e-02 1.799997817062331080e+02
7.350000000000006750e+00 4.735300304582779063e-02 1.799994882583008859e+02
7.500000000000007105e+00 4.771738014733273303e-02 1.799988058387660601e+02
7.650000000000007461e+00 4.857029700178827625e-02 1.799972412646833959e+02
7.800000000000007816e+00 5.057466041307634441e-02 1.799937681301489079e+02
7.950000000000008171e+00 5.528831206174800172e-02 1.799865952320587894e+02
8.100000000000008527e+00 6.637481319830840221e-02 1.799737438873025326e+02
8.250000000000008882e+00 9.245092514083808055e-02 1.799556602218868306e+02
8.400000000000009237e+00 1.537832466701729572e-01 1.799373190380818244e+02
8.550000000000009592e+00 2.980437528763104638e-01 1.799239480758347156e+02
8.700000000000009948e+00 6.373336005710825702e-01 1.799163471391786402e+02
8.850000000000010303e+00 1.435515706930061697e+00 1.799126582106522108e+02
9.000000000000010658e+00 3.311808010024336113e+00 1.799110021573485767e+02
9.150000000000011013e+00 7.732970539635864782e+00 1.799102640243177404e+02
9.300000000000011369e+00 1.807459686751004568e+01 1.799099717079085963e+02
9.450000000000011724e+00 4.282989229878165816e+01 1.799098590009625411e+02
9.600000000000012079e+00 9.795763635491367438e+01 1.799097973361801053e+02
9.750000000000012434e+00 2.523016627225634352e+02 1.799097971915971357e+02
9.900000000000012790e+00 4.631948191251165099e+02 1.799098047126625488e+02
1.005000000000001315e+01 7.999580153628672861e+02 1.799098005881191114e+02
1.020000000000001350e+01 7.999580153628672861e+02 1.799098005881191114e+02
1.035000000000001386e+01 7.999580153628672861e+02 1.799098005881191114e+02
1.050000000000001421e+01 7.999580153628672861e+02 1.799098005881191114e+02
1.065000000000001457e+01 7.999580153628672861e+02 1.799098005881191114e+02
1.080000000000001492e+01 7.999580153628672861e+02 1.799098005881191114e+02
1.095000000000001528e+01 7.999580153628672861e+02 1.799098005881191114e+02
1.110000000000001563e+01 7.999580153628672861e+02 1.799098005881191114e+02
1.125000000000001599e+01 7.999580153628672861e+02 1.799098005881191114e+02
1.140000000000001634e+01 7.999580153628672861e+02 1.799098005881191114e+02
1.155000000000001670e+01 7.999580153628672861e+02 1.799098005881191114e+02
1.170000000000001705e+01 7.999580153628672861e+02 1.799098005881191114e+02
1.185000000000001741e+01 7.999580153628672861e+02 1.799098005881191114e+02
1.200000000000001776e+01 7.999580153628672861e+02 1.799098005881191114e+02
1.215000000000001812e+01 7.999580153628672861e+02 1.799098005881191114e+02
1.230000000000001847e+01 7.999580153628672861e+02 1.799098005881191114e+02
1.245000000000001883e+01 7.999580153628672861e+02 1.799098005881191114e+02
1.260000000000001918e+01 7.999580153628672861e+02 1.799098005881191114e+02
1.275000000000001954e+01 7.999580153628672861e+02 1.799098005881191114e+02
1.290000000000001990e+01 7.999580153628672861e+02 1.799098005881191114e+02
1.305000000000002025e+01 7.999046267908947812e+02 1.799098157522541328e+02
1.320000000000002061e+01 7.999046267908947812e+02 1.799098157522541328e+02
1.335000000000002096e+01 7.999046267908947812e+02 1.799098157522541328e+02
1.350000000000002132e+01 7.999046267908947812e+02 1.799098157522541328e+02
1.365000000000002167e+01 7.999046267908947812e+02 1.799098157522541328e+02
1.380000000000002203e+01 7.999046267908947812e+02 1.799098157522541328e+02
1.395000000000002238e+01 7.999046267908947812e+02 1.799098157522541328e+02
1.410000000000002274e+01 7.999046267908947812e+02 1.799098157522541328e+02
1.425000000000002309e+01 7.999046267908947812e+02 1.799098157522541328e+02
1.440000000000002345e+01 7.999046267908947812e+02 1.799098157522541328e+02
1.455000000000002380e+01 7.999046267908947812e+02 1.799098157522541328e+02
1.470000000000002416e+01 7.999046267908947812e+02 1.799098157522541328e+02
1.485000000000002451e+01 7.999046267908947812e+02 1.799098157522541328e+02
1.500000000000002487e+01 7.999046267908947812e+02 1.799098157522541328e+02
1.515000000000002522e+01 7.999046267908947812e+02 1.799098157522541328e+02
1.530000000000002558e+01 7.999046267908947812e+02 1.799098157522541328e+02
1.545000000000002593e+01 7.999046267908947812e+02 1.799098157522541328e+02
1.560000000000002629e+01 7.999046267908947812e+02 1.799098157522541328e+02
1.575000000000002665e+01 7.999046267908947812e+02 1.799098157522541328e+02
1.590000000000002700e+01 7.999046267908947812e+02 1.799098157522541328e+02
