1.499999999999999944e-01 7.999259275411225190e+02 1.799993682056069702e+02
2.999999999999999889e-01 7.999259275411225190e+02 1.799993682056069702e+02
4.499999999999999556e-01 7.999259275411225190e+02 1.799993682056069702e+02
5.999999999999999778e-01 7.999259275411225190e+02 1.799993682056069702e+02
7.500000000000000000e-01 7.999259275411225190e+02 1.799993682056069702e+02
9.000000000000000222e-01 7.999259275411225190e+02 1.799993682056069702e+02
1.050000000000000044e+00 7.999259275411225190e+02 1.799993682056069702e+02
1.199999999999999956e+00 7.999259275411225190e+02 1.799993682056069702e+02
1.349999999999999867e+00 7.999259275411225190e+02 1.799993682056069702e+02
1.499999999999999778e+00 7.999259275411225190e+02 1.799993682056069702e+02
1.649999999999999689e+00 7.999259275411225190e+02 1.799993682056069702e+02
1.799999999999999600e+00 7.999259275411225190e+02 1.799993682056069702e+02
1.949999999999999512e+00 7.999259275411225190e+02 1.799993682056069702e+02
2.099999999999999645e+00 7.999684524788674480e+02 1.799993686719381003e+02
2.249999999999999556e+00 7.999684524788674480e+02 1.799993686719381003e+02
2.399999999999999467e+00 7.999684524788674480e+02 1.799993686719381003e+02
2.549999999999999378e+00 7.999684524788674480e+02 1.799993686719381003e+02
2.699999999999999289e+00 7.999684524788674480e+02 1.799993686719381003e+02
2.849999999999999201e+00 7.999684524788674480e+02 1.799993686719381003e+02
2.999999999999999112e+00 7.999684524788674480e+02 1.799993686719381003e+02
3.149999999999999023e+00 7.999684524788674480e+02 1.799993686719381003e+02
3.299999999999998934e+00 7.999684524788674480e+02 1.799993686719381003e+02
3.449999999999998845e+00 7.999684524788674480e+02 1.799993686719381003e+02
3.599999999999998757e+00 7.999684524788674480e+02 1.799993686719381003e+02
3.749999999999998668e+00 7.999684524788674480e+02 1.799993686719381003e+02
3.899999999999998579e+00 7.999684524788674480e+02 1.799993686719381003e+02
4.049999999999998934e+00 4.673663817349905116e+02 1.799993691686190118e+02
4.199999999999999289e+00 2.614653925907885537e+02 1.799993699748861502e+02
4.349999999999999645e+00 1.057277014043459644e+02 1.799993754903006788e+02
4.500000000000000000e+00 4.849802307996868933e+01 1.799993870659685911e+02
4.650000000000000355e+00 2.203261234879962771e+01 1.799994119511279962e+02
4.800000000000000711e+00 1.061712513894921273e+01 1.799994631001789571e+02
4.950000000000001066e+00 5.582690573269630363e+00 1.799995522444996539e+02
5.100000000000001421e+00 3.377355871862434356e+00 1.799996745779486957e+02
5.250000000000001776e+00 2.409185191551216576e+00 1.799997998001005044e+02
5.400000000000002132e+00 1.984430833666380067e+00 1.799998933268825567e+02
5.550000000000002487e+00 1.798042452986749140e+00 1.799999482488723856e+02
5.700000000000002842e+00 1.716257950806834742e+00 1.799999762050555319e+02
5.850000000000003197e+00 1.680371357600165538e+00 1.799999893338396646e+02
6.000000000000003553e+00 1.664624718261705993e+00 1.799999952670746666e+02
6.150000000000003908e+00 1.657715481411685232e+00 1.799999979141528854e+02
6.300000000000004263e+00 1.654684403714497876e+00 1.799999990828850400e+02
6.450000000000004619e+00 1.653355863689199623e+00 1.799999995965358437e+02
6.600000000000004974e+00 1.652776273824969167e+00 1.799999998228652487e+02
6.750000000000005329e+00 1.652529621211414224e+00 1.799999999222474116e+02
6.900000000000005684e+00 1.652438865719204841e+00 1.799999999658201375e+02
7.050000000000006040e+00 1.652438865748706576e+00 1.799999999849992207e+02
7.200000000000006395e+00 1.652529621299919427e+00 1.799999999934168784e+02
7.350000000000006750e+00 1.652776274031481307e+00 1.799999999971065279e+02
7.500000000000007105e+00 1.653355864146476506e+00 1.799999999987305159e+02
7.650000000000007461e+00 1.654684404791311181e+00 1.799999999994432187e+02
7.800000000000007816e+00 1.657715483845578319e+00 1.799999999997556301e+02
7.950000000000008171e+00 1.664624723734277723e+00 1.799999999998931060e+02
8.100000000000008527e+00 1.680371369990893982e+00 1.799999999999533884e+02
8.250000000000008882e+00 1.716257979113748888e+00 1.799999999999795932e+02
8.400000000000009237e+00 1.798042517418537045e+00 1.799999999999907345e+02
8.550000000000009592e+00 1.984430980570266456e+00 1.799999999999949409e+02
8.700000000000009948e+00 2.409185526322147552e+00 1.799999999999954525e+02
8.850000000000010303e+00 3.377356634976422356e+00 1.799999999999940883e+02
9.000000000000010658e+00 5.582692311131985718e+00 1.799999999999923830e+02
9.150000000000011013e+00 1.061712910879847271e+01 1.799999999999909335e+02
9.300000000000011369e+00 2.203262133296003356e+01 1.799999999999900240e+02
9.450000000000011724e+00 4.849804405123094853e+01 1.799999999999893987e+02
9.600000000000012079e+00 1.057277458447263143e+02 1.799999999999892850e+02
9.750000000000012434e+00 2.614655222871812725e+02 1.799999999999892566e+02
9.900000000000012790e+00 4.673665196118140557e+02 1.799999999999892566e+02
1.005000000000001315e+01 7.999692330680734358e+02 1.799999999999892566e+02
1.020000000000001350e+01 7.999692330680734358e+02 1.799999999999892566e+02
1.035000000000001386e+01 7.999692330680734358e+02 1.799999999999892566e+02
1.050000000000001421e+01 7.999692330680734358e+02 1.799999999999892566e+02
1.065000000000001457e+01 7.999692330680734358e+02 1.799999999999892566e+02
1.080000000000001492e+01 7.999692330680734358e+02 1.799999999999892566e+02
1.095000000000001528e+01 7.999692330680734358e+02 1.799999999999892566e+02
1.110000000000001563e+01 7.999692330680734358e+02 1.799999999999892566e+02
1.125000000000001599e+01 7.999692330680734358e+02 1.799999999999892566e+02
1.140000000000001634e+01 7.999692330680734358e+02 1.799999999999892566e+02
1.155000000000001670e+01 7.999692330680734358e+02 1.799999999999892566e+02
1.170000000000001705e+01 7.999692330680734358e+02 1.799999999999892566e+02
1.185000000000001741e+01 7.999692330680734358e+02 1.799999999999892566e+02
1.200000000000001776e+01 7.999692330680734358e+02 1.799999999999892566e+02
1.215000000000001812e+01 7.999692330680734358e+02 1.799999999999892566e+02
1.230000000000001847e+01 7.999692330680734358e+02 1.799999999999892566e+02
1.245000000000001883e+01 7.999692330680734358e+02 1.799999999999892566e+02
1.260000000000001918e+01 7.999692330680734358e+02 1.799999999999892566e+02
1.275000000000001954e+01 7.999692330680734358e+02 1.799999999999892566e+02
1.290000000000001990e+01 7.999692330680734358e+02 1.799999999999892566e+02
1.305000000000002025e+01 7.999277603469934093e+02 1.799999999999893987e+02
1.320000000000002061e+01 7.999277603469934093e+02 1.799999999999893987e+02
1.335000000000002096e+01 7.999277603469934093e+02 1.799999999999893987e+02
1.350000000000002132e+01 7.999277603469934093e+02 1.799999999999893987e+02
1.365000000000002167e+01 7.999277603469934093e+02 1.799999999999893987e+02
1.380000000000002203e+01 7.999277603469934093e+02 1.799999999999893987e+02
1.395000000000002238e+01 7.999277603469934093e+02 1.799999999999893987e+02
1.410000000000002274e+01 7.999277603469934093e+02 1.799999999999893987e+02
1.425000000000002309e+01 7.999277603469934093e+02 1.799999999999893987e+02
1.440000000000002345e+01 7.999277603469934093e+02 1.799999999999893987e+02
1.455000000000002380e+01 7.999277603469934093e+02 1.799999999999893987e+02
1.470000000000002416e+01 7.999277603469934093e+02 1.799999999999893987e+02
1.485000000000002451e+01 7.999277603469934093e+02 1.799999999999893987e+02
1.500000000000002487e+01 7.999277603469934093e+02 1.799999999999893987e+02
1.515000000000002522e+01 7.999277603469934093e+02 1.799999999999893987e+02
1.530000000000002558e+01 7.999277603469934093e+02 1.799999999999893987e+02
1.545000000000002593e+01 7.999277603469934093e+02 1.799999999999893987e+02
1.560000000000002629e+01 7.999277603469934093e+02 1.799999999999893987e+02
1.575000000000002665e+01 7.999277603469934093e+02 1.799999999999893987e+02
1.590000000000002700e+01 7.999277603469934093e+02 1.799999999999893987e+02
