1.499999999999999944e-01 7.998800981620489665e+02 2.851754389332494810e-05
2.999999999999999889e-01 7.998800981620489665e+02 2.851754389332494810e-05
4.499999999999999556e-01 7.998800981620489665e+02 2.851754389332494810e-05
5.999999999999999778e-01 7.998800981620489665e+02 2.851754389332494810e-05
7.500000000000000000e-01 7.998800981620489665e+02 2.851754389332494810e-05
9.000000000000000222e-01 7.998800981620489665e+02 2.851754389332494810e-05
1.050000000000000044e+00 7.998800981620489665e+02 2.851754389332494810e-05
1.199999999999999956e+00 7.998800981620489665e+02 2.851754389332494810e-05
1.349999999999999867e+00 7.998800981620489665e+02 2.851754389332494810e-05
1.499999999999999778e+00 7.998800981620489665e+02 2.851754389332494810e-05
1.649999999999999689e+00 7.998800981620489665e+02 2.851754389332494810e-05
1.799999999999999600e+00 7.998800981620489665e+02 2.851754389332494810e-05
1.949999999999999512e+00 7.998800981620489665e+02 2.851754389332494810e-05
2.099999999999999645e+00 7.999455561884456074e+02 2.848681939859876167e-05
2.249999999999999556e+00 7.999455561884456074e+02 2.848681939859876167e-05
2.399999999999999467e+00 7.999455561884456074e+02 2.848681939859876167e-05
2.549999999999999378e+00 7.999455561884456074e+02 2.848681939859876167e-05
2.699999999999999289e+00 7.999455561884456074e+02 2.848681939859876167e-05
2.849999999999999201e+00 7.999455561884456074e+02 2.848681939859876167e-05
2.999999999999999112e+00 7.999455561884456074e+02 2.848681939859876167e-05
3.149999999999999023e+00 7.999455561884456074e+02 2.848681939859876167e-05
3.299999999999998934e+00 7.999455561884456074e+02 2.848681939859876167e-05
3.449999999999998845e+00 7.999455561884456074e+02 2.848681939859876167e-05
3.599999999999998757e+00 7.999455561884456074e+02 2.848681939859876167e-05
3.749999999999998668e+00 7.999455561884456074e+02 2.848681939859876167e-05
3.899999999999998579e+00 7.999455561884456074e+02 2.848681939859876167e-05
4.049999999999998934e+00 4.590196331465974708e+02 2.850809878507387651e-05
4.199999999999999289e+00 2.439939317604212476e+02 2.861562859590716101e-05
4.349999999999999645e+00 9.158222410600041030e+01 2.870661881393399284e-05
4.500000000000000000e+00 3.865965673969209604e+01 2.889583771170656235e-05
4.650000000000000355e+00 1.555062599806184664e+01 2.945594578296351074e-05
4.800000000000000711e+00 6.186738533870979495e+00 3.065424500714453160e-05
4.950000000000001066e+00 2.299755220306735737e+00 3.400433893929744045e-05
5.100000000000001421e+00 6.989451747205066567e-01 4.632888426359116352e-05
5.250000000000001776e+00 3.794526765886985231e-02 3.522038954283379653e-04
5.400000000000002132e+00 2.347572763474090607e-01 1.799999765008022905e+02
5.550000000000002487e+00 3.472954901435514330e-01 1.799999934249103717e+02
5.700000000000002842e+00 3.937331359730933400e-01 1.799999976061047562e+02
5.850000000000003197e+00 4.128957134741995105e-01 1.799999990577392168e+02
6.000000000000003553e+00 4.208031274201857741e-01 1.799999996172909391e+02
6.150000000000003908e+00 4.240661774908858206e-01 1.799999998432412553e+02
6.300000000000004263e+00 4.254128289406935437e-01 1.799999999354885745e+02
6.450000000000004619e+00 4.259689091383052073e-01 1.799999999733034883e+02
6.600000000000004974e+00 4.261993119605449465e-01 1.799999999889193134e+02
6.750000000000005329e+00 4.262966581254659104e-01 1.799999999952651706e+02
6.900000000000005684e+00 4.263423308225355868e-01 1.799999999976472225e+02
7.050000000000006040e+00 4.263745134385317215e-01 1.799999999980787493e+02
7.200000000000006395e+00 4.264201114372099255e-01 1.799999999969099349e+02
7.350000000000006750e+00 4.265172454846606342e-01 1.799999999931530397e+02
7.500000000000007105e+00 4.267471213469207214e-01 1.799999999837214375e+02
7.650000000000007461e+00 4.273019200481940061e-01 1.799999999608066616e+02
7.800000000000007816e+00 4.286454634312804046e-01 1.799999999053150930e+02
7.950000000000008171e+00 4.319009808241389692e-01 1.799999997728409085e+02
8.100000000000008527e+00 4.397901397459236250e-01 1.799999994606965572e+02
8.250000000000008882e+00 4.589084797503346635e-01 1.799999987468811469e+02
8.400000000000009237e+00 5.052389270157391366e-01 1.799999972483690840e+02
8.550000000000009592e+00 6.175173917883967079e-01 1.799999945573121067e+02
8.700000000000009948e+00 8.895906811766849387e-01 1.799999908399685182e+02
8.850000000000010303e+00 1.549066741893085464e+00 1.799999872815232038e+02
9.000000000000010658e+00 3.146191560368961859e+00 1.799999848662109798e+02
9.150000000000011013e+00 7.024279098752572281e+00 1.799999835483026516e+02
9.300000000000011369e+00 1.636688308120061919e+01 1.799999829821782100e+02
9.450000000000011724e+00 3.942540945490132742e+01 1.799999827590420125e+02
9.600000000000012079e+00 9.223522594761192295e+01 1.799999826394174818e+02
9.750000000000012434e+00 2.444016135453809397e+02 1.799999826384530479e+02
9.900000000000012790e+00 4.590956433641211447e+02 1.799999826525219362e+02
1.005000000000001315e+01 7.999455634209200525e+02 1.799999826446965017e+02
1.020000000000001350e+01 7.999455634209200525e+02 1.799999826446965017e+02
1.035000000000001386e+01 7.999455634209200525e+02 1.799999826446965017e+02
1.050000000000001421e+01 7.999455634209200525e+02 1.799999826446965017e+02
1.065000000000001457e+01 7.999455634209200525e+02 1.799999826446965017e+02
1.080000000000001492e+01 7.999455634209200525e+02 1.799999826446965017e+02
1.095000000000001528e+01 7.999455634209200525e+02 1.799999826446965017e+02
1.110000000000001563e+01 7.999455634209200525e+02 1.799999826446965017e+02
1.125000000000001599e+01 7.999455634209200525e+02 1.799999826446965017e+02
1.140000000000001634e+01 7.999455634209200525e+02 1.799999826446965017e+02
1.155000000000001670e+01 7.999455634209200525e+02 1.799999826446965017e+02
1.170000000000001705e+01 7.999455634209200525e+02 1.799999826446965017e+02
1.185000000000001741e+01 7.999455634209200525e+02 1.799999826446965017e+02
1.200000000000001776e+01 7.999455634209200525e+02 1.799999826446965017e+02
1.215000000000001812e+01 7.999455634209200525e+02 1.799999826446965017e+02
1.230000000000001847e+01 7.999455634209200525e+02 1.799999826446965017e+02
1.245000000000001883e+01 7.999455634209200525e+02 1.799999826446965017e+02
1.260000000000001918e+01 7.999455634209200525e+02 1.799999826446965017e+02
1.275000000000001954e+01 7.999455634209200525e+02 1.799999826446965017e+02
1.290000000000001990e+01 7.999455634209200525e+02 1.799999826446965017e+02
1.305000000000002025e+01 7.998800802954449409e+02 1.799999826732677377e+02
1.320000000000002061e+01 7.998800802954449409e+02 1.799999826732677377e+02
1.335000000000002096e+01 7.998800802954449409e+02 1.799999826732677377e+02
1.350000000000002132e+01 7.998800802954449409e+02 1.799999826732677377e+02
1.365000000000002167e+01 7.998800802954449409e+02 1.799999826732677377e+02
1.380000000000002203e+01 7.998800802954449409e+02 1.799999826732677377e+02
1.395000000000002238e+01 7.998800802954449409e+02 1.799999826732677377e+02
1.410000000000002274e+01 7.998800802954449409e+02 1.799999826732677377e+02
1.425000000000002309e+01 7.998800802954449409e+02 1.799999826732677377e+02
1.440000000000002345e+01 7.998800802954449409e+02 1.799999826732677377e+02
1.455000000000002380e+01 7.998800802954449409e+02 1.799999826732677377e+02
1.470000000000002416e+01 7.998800802954449409e+02 1.799999826732677377e+02
1.485000000000002451e+01 7.998800802954449409e+02 1.799999826732677377e+02
1.500000000000002487e+01 7.998800802954449409e+02 1.799999826732677377e+02
1.515000000000002522e+01 7.998800802954449409e+02 1.799999826732677377e+02
1.530000000000002558e+01 7.998800802954449409e+02 1.799999826732677377e+02
1.545000000000002593e+01 7.998800802954449409e+02 1.799999826732677377e+02
1.560000000000002629e+01 7.998800802954449409e+02 1.799999826732677377e+02
1.575000000000002665e+01 7.998800802954449409e+02 1.799999826732677377e+02
1.590000000000002700e+01 7.998800802954449409e+02 1.799999826732677377e+02
