1.499999999999999944e-01 7.999681493581250606e+02 1.322868412567679286e-05
2.999999999999999889e-01 7.999681493581250606e+02 1.322868412567679286e-05
4.499999999999999556e-01 7.999681493581250606e+02 1.322868412567679286e-05
5.999999999999999778e-01 7.999681493581250606e+02 1.322868412567679286e-05
7.500000000000000000e-01 7.999681493581250606e+02 1.322868412567679286e-05
9.000000000000000222e-01 7.999681493581250606e+02 1.322868412567679286e-05
1.050000000000000044e+00 7.999681493581250606e+02 1.322868412567679286e-05
1.199999999999999956e+00 7.999681493581250606e+02 1.322868412567679286e-05
1.349999999999999867e+00 7.999681493581250606e+02 1.322868412567679286e-05
1.499999999999999778e+00 7.999681493581250606e+02 1.322868412567679286e-05
1.649999999999999689e+00 7.999681493581250606e+02 1.322868412567679286e-05
1.799999999999999600e+00 7.999681493581250606e+02 1.322868412567679286e-05
1.949999999999999512e+00 7.999681493581250606e+02 1.322868412567679286e-05
2.099999999999999645e+00 7.999878371254102376e+02 1.321349852223541177e-05
2.249999999999999556e+00 7.999878371254102376e+02 1.321349852223541177e-05
2.399999999999999467e+00 7.999878371254102376e+02 1.321349852223541177e-05
2.549999999999999378e+00 7.999878371254102376e+02 1.321349852223541177e-05
2.699999999999999289e+00 7.999878371254102376e+02 1.321349852223541177e-05
2.849999999999999201e+00 7.999878371254102376e+02 1.321349852223541177e-05
2.999999999999999112e+00 7.999878371254102376e+02 1.321349852223541177e-05
3.149999999999999023e+00 7.999878371254102376e+02 1.321349852223541177e-05
3.299999999999998934e+00 7.999878371254102376e+02 1.321349852223541177e-05
3.449999999999998845e+00 7.999878371254102376e+02 1.321349852223541177e-05
3.599999999999998757e+00 7.999878371254102376e+02 1.321349852223541177e-05
3.749999999999998668e+00 7.999878371254102376e+02 1.321349852223541177e-05
3.899999999999998579e+00 7.999878371254102376e+02 1.321349852223541177e-05
4.049999999999998934e+00 4.788662327791716393e+02 1.322436848061325776e-05
4.199999999999999289e+00 2.886575196414664219e+02 1.327863109934490637e-05
4.349999999999999645e+00 1.285458046090033122e+02 1.331732840326171896e-05
4.500000000000000000e+00 6.375763881333790550e+01 1.338353802493585931e-05
4.650000000000000355e+00 3.063956351042089921e+01 1.356142138198013214e-05
4.800000000000000711e+00 1.470454306794568566e+01 1.383940258758986630e-05
4.950000000000001066e+00 6.887431639759718394e+00 1.443865046935055574e-05
5.100000000000001421e+00 3.072024914927894201e+00 1.587907369593466456e-05
5.250000000000001776e+00 1.206808087596755286e+00 1.976319140983839873e-05
5.400000000000002132e+00 2.953698950418583991e-01 3.948229878569797791e-05
5.550000000000002487e+00 1.500628721596513060e-01 1.799999618839159723e+02
5.700000000000002842e+00 3.677441241841279407e-01 1.799999923940221720e+02
5.850000000000003197e+00 4.741258641839749544e-01 1.799999971139863248e+02
6.000000000000003553e+00 5.261162136455368454e-01 1.799999987216268096e+02
6.150000000000003908e+00 5.515274165014716345e-01 1.799999993983203126e+02
6.300000000000004263e+00 5.639531547709566439e-01 1.799999997014706992e+02
6.450000000000004619e+00 5.700405664821346363e-01 1.799999998332435212e+02
6.600000000000004974e+00 5.730461064749761135e-01 1.799999998743938647e+02
6.750000000000005329e+00 5.745775859957120701e-01 1.799999998481356727e+02
6.900000000000005684e+00 5.754542686213426350e-01 1.799999997404928820e+02
7.050000000000006040e+00 5.761451348089394742e-01 1.799999994956314140e+02
7.200000000000006395e+00 5.770197631698010809e-01 1.799999989838857175e+02
7.350000000000006750e+00 5.785460350443827338e-01 1.799999979317205714e+02
7.500000000000007105e+00 5.815404287509409187e-01 1.799999958016678647e+02
7.650000000000007461e+00 5.876047924091380992e-01 1.799999915178104288e+02
7.800000000000007816e+00 5.999832524971679959e-01 1.799999829982253061e+02
7.950000000000008171e+00 6.252976593365247027e-01 1.799999666918429568e+02
8.100000000000008527e+00 6.770899298166455083e-01 1.799999371944294921e+02
8.250000000000008882e+00 7.830664110700809033e-01 1.799998888516300042e+02
8.400000000000009237e+00 9.999187073422604044e-01 1.799998222765530045e+02
8.550000000000009592e+00 1.443656517165521791e+00 1.799997486634653683e+02
8.700000000000009948e+00 2.351631874420718304e+00 1.799996842069181753e+02
8.850000000000010303e+00 4.209785396644633693e+00 1.799996398014527017e+02
9.000000000000010658e+00 8.010835063434875281e+00 1.799996135680630971e+02
9.150000000000011013e+00 1.579895063866504046e+01 1.799995987291824804e+02
9.300000000000011369e+00 3.167632179021204664e+01 1.799995920133070229e+02
9.450000000000011724e+00 6.468241485309656014e+01 1.799995890886870598e+02
9.600000000000012079e+00 1.292695802445854270e+02 1.799995871119049013e+02
9.750000000000012434e+00 2.890394071023712286e+02 1.799995871628108830e+02
9.900000000000012790e+00 4.789165492712900800e+02 1.799995874540562113e+02
1.005000000000001315e+01 7.999878064192765805e+02 1.799995873049600164e+02
1.020000000000001350e+01 7.999878064192765805e+02 1.799995873049600164e+02
1.035000000000001386e+01 7.999878064192765805e+02 1.799995873049600164e+02
1.050000000000001421e+01 7.999878064192765805e+02 1.799995873049600164e+02
1.065000000000001457e+01 7.999878064192765805e+02 1.799995873049600164e+02
1.080000000000001492e+01 7.999878064192765805e+02 1.799995873049600164e+02
1.095000000000001528e+01 7.999878064192765805e+02 1.799995873049600164e+02
1.110000000000001563e+01 7.999878064192765805e+02 1.799995873049600164e+02
1.125000000000001599e+01 7.999878064192765805e+02 1.799995873049600164e+02
1.140000000000001634e+01 7.999878064192765805e+02 1.799995873049600164e+02
1.155000000000001670e+01 7.999878064192765805e+02 1.799995873049600164e+02
1.170000000000001705e+01 7.999878064192765805e+02 1.799995873049600164e+02
1.185000000000001741e+01 7.999878064192765805e+02 1.799995873049600164e+02
1.200000000000001776e+01 7.999878064192765805e+02 1.799995873049600164e+02
1.215000000000001812e+01 7.999878064192765805e+02 1.799995873049600164e+02
1.230000000000001847e+01 7.999878064192765805e+02 1.799995873049600164e+02
1.245000000000001883e+01 7.999878064192765805e+02 1.799995873049600164e+02
1.260000000000001918e+01 7.999878064192765805e+02 1.799995873049600164e+02
1.275000000000001954e+01 7.999878064192765805e+02 1.799995873049600164e+02
1.290000000000001990e+01 7.999878064192765805e+02 1.799995873049600164e+02
1.305000000000002025e+01 7.999680604087044458e+02 1.799995878714181856e+02
1.320000000000002061e+01 7.999680604087044458e+02 1.799995878714181856e+02
1.335000000000002096e+01 7.999680604087044458e+02 1.799995878714181856e+02
1.350000000000002132e+01 7.999680604087044458e+02 1.799995878714181856e+02
1.365000000000002167e+01 7.999680604087044458e+02 1.799995878714181856e+02
1.380000000000002203e+01 7.999680604087044458e+02 1.799995878714181856e+02
1.395000000000002238e+01 7.999680604087044458e+02 1.799995878714181856e+02
1.410000000000002274e+01 7.999680604087044458e+02 1.799995878714181856e+02
1.425000000000002309e+01 7.999680604087044458e+02 1.799995878714181856e+02
1.440000000000002345e+01 7.999680604087044458e+02 1.799995878714181856e+02
1.455000000000002380e+01 7.999680604087044458e+02 1.799995878714181856e+02
1.470000000000002416e+01 7.999680604087044458e+02 1.799995878714181856e+02
1.485000000000002451e+01 7.999680604087044458e+02 1.799995878714181856e+02
1.500000000000002487e+01 7.999680604087044458e+02 1.799995878714181856e+02
1.515000000000002522e+01 7.999680604087044458e+02 1.799995878714181856e+02
1.530000000000002558e+01 7.999680604087044458e+02 1.799995878714181856e+02
1.545000000000002593e+01 7.999680604087044458e+02 1.799995878714181856e+02
1.560000000000002629e+01 7.999680604087044458e+02 1.799995878714181856e+02
1.575000000000002665e+01 7.999680604087044458e+02 1.799995878714181856e+02
1.590000000000002700e+01 7.999680604087044458e+02 1.799995878714181856e+02
