1.499999999999999944e-01 7.999978310931984424e+02 5.894037670783891514e-05
2.999999999999999889e-01 7.999978310931984424e+02 5.894037670783891514e-05
4.499999999999999556e-01 7.999978310931984424e+02 5.894037670783891514e-05
5.999999999999999778e-01 7.999978310931984424e+02 5.894037670783891514e-05
7.500000000000000000e-01 7.999978310931984424e+02 5.894037670783891514e-05
9.000000000000000222e-01 7.999978310931984424e+02 5.894037670783891514e-05
1.050000000000000044e+00 7.999978310931984424e+02 5.894037670783891514e-05
1.199999999999999956e+00 7.999978310931984424e+02 5.894037670783891514e-05
1.349999999999999867e+00 7.999978310931984424e+02 5.894037670783891514e-05
1.499999999999999778e+00 7.999978310931984424e+02 5.894037670783891514e-05
1.649999999999999689e+00 7.999978310931984424e+02 5.894037670783891514e-05
1.799999999999999600e+00 7.999978310931984424e+02 5.894037670783891514e-05
1.949999999999999512e+00 7.999978310931984424e+02 5.894037670783891514e-05
2.099999999999999645e+00 7.999994182386705006e+02 5.890001456199112084e-05
2.249999999999999556e+00 7.999994182386705006e+02 5.890001456199112084e-05
2.399999999999999467e+00 7.999994182386705006e+02 5.890001456199112084e-05
2.549999999999999378e+00 7.999994182386705006e+02 5.890001456199112084e-05
2.699999999999999289e+00 7.999994182386705006e+02 5.890001456199112084e-05
2.849999999999999201e+00 7.999994182386705006e+02 5.890001456199112084e-05
2.999999999999999112e+00 7.999994182386705006e+02 5.890001456199112084e-05
3.149999999999999023e+00 7.999994182386705006e+02 5.890001456199112084e-05
3.299999999999998934e+00 7.999994182386705006e+02 5.890001456199112084e-05
3.449999999999998845e+00 7.999994182386705006e+02 5.890001456199112084e-05
3.599999999999998757e+00 7.999994182386705006e+02 5.890001456199112084e-05
3.749999999999998668e+00 7.999994182386705006e+02 5.890001456199112084e-05
3.899999999999998579e+00 7.999994182386705006e+02 5.890001456199112084e-05
4.049999999999998934e+00 5.014566706087695707e+02 5.896776133085257499e-05
4.199999999999999289e+00 3.718076141679571833e+02 5.925633220682513524e-05
4.349999999999999645e+00 2.328346052818136229e+02 5.964750105580396422e-05
4.500000000000000000e+00 1.653721185587641287e+02 6.020241188164909829e-05
4.650000000000000355e+00 1.189373848226742041e+02 6.114330942486034814e-05
4.800000000000000711e+00 8.679428272438730119e+01 6.226696082756166817e-05
4.950000000000001066e+00 6.344794549923464189e+01 6.382604757826371156e-05
5.100000000000001421e+00 4.619975487088609611e+01 6.614674044413959564e-05
5.250000000000001776e+00 3.330960729363523143e+01 6.926262848161446328e-05
5.400000000000002132e+00 2.361803808539416849e+01 7.384918590758182688e-05
5.550000000000002487e+00 1.630433662556127672e+01 8.110427091612137929e-05
5.700000000000002842e+00 1.077056991021831323e+01 9.291607656591871489e-05
5.850000000000003197e+00 6.572610869158388880e+00 1.152504552754951561e-04
6.000000000000003553e+00 3.376693459286357779e+00 1.701733430826690707e-04
6.150000000000003908e+00 9.298219728574963483e-01 4.678008510223818917e-04
6.300000000000004263e+00 9.613782581230339019e-01 1.799996575195457069e+02
6.450000000000004619e+00 2.446319757006904183e+00 1.799998979059713236e+02
6.600000000000004974e+00 3.642358289664045401e+00 1.799999480993687939e+02
6.750000000000005329e+00 4.644077055331123915e+00 1.799999691906099883e+02
6.900000000000005684e+00 5.530752330848159204e+00 1.799999803781691696e+02
7.050000000000006040e+00 6.372613557816997343e+00 1.799999871112661936e+02
7.200000000000006395e+00 7.236400174765044824e+00 1.799999914097352587e+02
7.350000000000006750e+00 8.190659002737298522e+00 1.799999942435996729e+02
7.500000000000007105e+00 9.311208748946455671e+00 1.799999961671701669e+02
7.650000000000007461e+00 1.068722024807648552e+01 1.799999974717573821e+02
7.800000000000007816e+00 1.242842785851638254e+01 1.799999983496699087e+02
7.950000000000008171e+00 1.467411414078321030e+01 1.799999989401423477e+02
8.100000000000008527e+00 1.760472893475257550e+01 1.799999993288372195e+02
8.250000000000008882e+00 2.145738335289230392e+01 1.799999995792094012e+02
8.400000000000009237e+00 2.654714148952638908e+01 1.799999997388853785e+02
8.550000000000009592e+00 3.329735603737940153e+01 1.799999998382022000e+02
8.700000000000009948e+00 4.228488807393778615e+01 1.799999998986086496e+02
8.850000000000010303e+00 5.431241547868311415e+01 1.799999999350305870e+02
9.000000000000010658e+00 7.052986245822688716e+01 1.799999999564664108e+02
9.150000000000011013e+00 9.268386309782455612e+01 1.799999999687601075e+02
9.300000000000011369e+00 1.235057862376274329e+02 1.799999999757260412e+02
9.450000000000011724e+00 1.685537477387537422e+02 1.799999999795201688e+02
9.600000000000012079e+00 2.346860581701357376e+02 1.799999999813926479e+02
9.750000000000012434e+00 3.724468537054150943e+02 1.799999999823282053e+02
9.900000000000012790e+00 5.015003410331517557e+02 1.799999999826133887e+02
1.005000000000001315e+01 7.999994212451059639e+02 1.799999999826548844e+02
1.020000000000001350e+01 7.999994212451059639e+02 1.799999999826548844e+02
1.035000000000001386e+01 7.999994212451059639e+02 1.799999999826548844e+02
1.050000000000001421e+01 7.999994212451059639e+02 1.799999999826548844e+02
1.065000000000001457e+01 7.999994212451059639e+02 1.799999999826548844e+02
1.080000000000001492e+01 7.999994212451059639e+02 1.799999999826548844e+02
1.095000000000001528e+01 7.999994212451059639e+02 1.799999999826548844e+02
1.110000000000001563e+01 7.999994212451059639e+02 1.799999999826548844e+02
1.125000000000001599e+01 7.999994212451059639e+02 1.799999999826548844e+02
1.140000000000001634e+01 7.999994212451059639e+02 1.799999999826548844e+02
1.155000000000001670e+01 7.999994212451059639e+02 1.799999999826548844e+02
1.170000000000001705e+01 7.999994212451059639e+02 1.799999999826548844e+02
1.185000000000001741e+01 7.999994212451059639e+02 1.799999999826548844e+02
1.200000000000001776e+01 7.999994212451059639e+02 1.799999999826548844e+02
1.215000000000001812e+01 7.999994212451059639e+02 1.799999999826548844e+02
1.230000000000001847e+01 7.999994212451059639e+02 1.799999999826548844e+02
1.245000000000001883e+01 7.999994212451059639e+02 1.799999999826548844e+02
1.260000000000001918e+01 7.999994212451059639e+02 1.799999999826548844e+02
1.275000000000001954e+01 7.999994212451059639e+02 1.799999999826548844e+02
1.290000000000001990e+01 7.999994212451059639e+02 1.799999999826548844e+02
1.305000000000002025e+01 7.999978412710896691e+02 1.799999999826889052e+02
1.320000000000002061e+01 7.999978412710896691e+02 1.799999999826889052e+02
1.335000000000002096e+01 7.999978412710896691e+02 1.799999999826889052e+02
1.350000000000002132e+01 7.999978412710896691e+02 1.799999999826889052e+02
1.365000000000002167e+01 7.999978412710896691e+02 1.799999999826889052e+02
1.380000000000002203e+01 7.999978412710896691e+02 1.799999999826889052e+02
1.395000000000002238e+01 7.999978412710896691e+02 1.799999999826889052e+02
1.410000000000002274e+01 7.999978412710896691e+02 1.799999999826889052e+02
1.425000000000002309e+01 7.999978412710896691e+02 1.799999999826889052e+02
1.440000000000002345e+01 7.999978412710896691e+02 1.799999999826889052e+02
1.455000000000002380e+01 7.999978412710896691e+02 1.799999999826889052e+02
1.470000000000002416e+01 7.999978412710896691e+02 1.799999999826889052e+02
1.485000000000002451e+01 7.999978412710896691e+02 1.799999999826889052e+02
1.500000000000002487e+01 7.999978412710896691e+02 1.799999999826889052e+02
1.515000000000002522e+01 7.999978412710896691e+02 1.799999999826889052e+02
1.530000000000002558e+01 7.999978412710896691e+02 1.799999999826889052e+02
1.545000000000002593e+01 7.999978412710896691e+02 1.799999999826889052e+02
1.560000000000002629e+01 7.999978412710896691e+02 1.799999999826889052e+02
1.575000000000002665e+01 7.999978412710896691e+02 1.799999999826889052e+02
1.590000000000002700e+01 7.999978412710896691e+02 1.799999999826889052e+02
