1.499999999999999944e-01 7.999999997650188561e+02 4.716287962643894716e-04
2.999999999999999889e-01 7.999999997650188561e+02 4.716287962643894716e-04
4.499999999999999556e-01 7.999999997650188561e+02 4.716287962643894716e-04
5.999999999999999778e-01 7.999999997650188561e+02 4.716287962643894716e-04
7.500000000000000000e-01 7.999999997650188561e+02 4.716287962643894716e-04
9.000000000000000222e-01 7.999999997650188561e+02 4.716287962643894716e-04
1.050000000000000044e+00 7.999999997650188561e+02 4.716287962643894716e-04
1.199999999999999956e+00 7.999999997650188561e+02 4.716287962643894716e-04
1.349999999999999867e+00 7.999999997650188561e+02 4.716287962643894716e-04
1.499999999999999778e+00 7.999999997650188561e+02 4.716287962643894716e-04
1.649999999999999689e+00 7.999999997650188561e+02 4.716287962643894716e-04
1.799999999999999600e+00 7.999999997650188561e+02 4.716287962643894716e-04
1.949999999999999512e+00 7.999999997650188561e+02 4.716287962643894716e-04
2.099999999999999645e+00 7.999999999793701591e+02 4.725032399508499736e-04
2.249999999999999556e+00 7.999999999793701591e+02 4.725032399508499736e-04
2.399999999999999467e+00 7.999999999793701591e+02 4.725032399508499736e-04
2.549999999999999378e+00 7.999999999793701591e+02 4.725032399508499736e-04
2.699999999999999289e+00 7.999999999793701591e+02 4.725032399508499736e-04
2.849999999999999201e+00 7.999999999793701591e+02 4.725032399508499736e-04
2.999999999999999112e+00 7.999999999793701591e+02 4.725032399508499736e-04
3.149999999999999023e+00 7.999999999793701591e+02 4.725032399508499736e-04
3.299999999999998934e+00 7.999999999793701591e+02 4.725032399508499736e-04
3.449999999999998845e+00 7.999999999793701591e+02 4.725032399508499736e-04
3.599999999999998757e+00 7.999999999793701591e+02 4.725032399508499736e-04
3.749999999999998668e+00 7.999999999793701591e+02 4.725032399508499736e-04
3.899999999999998579e+00 7.999999999793701591e+02 4.725032399508499736e-04
4.049999999999998934e+00 5.178394540103049621e+02 4.775344720042706825e-04
4.199999999999999289e+00 4.910613766555608208e+02 4.991726592946665875e-04
4.349999999999999645e+00 4.580256344991187802e+02 5.387846771529591905e-04
4.500000000000000000e+00 4.538055052300110788e+02 5.788341213389669448e-04
4.650000000000000355e+00 4.525258220527811091e+02 6.202614276034079666e-04
4.800000000000000711e+00 4.522720163676842162e+02 6.611757557410946617e-04
4.950000000000001066e+00 4.522113949533296591e+02 7.018750621249347788e-04
5.100000000000001421e+00 4.521981696645597140e+02 7.427073842581899399e-04
5.250000000000001776e+00 4.521951560630819245e+02 7.828530425664226300e-04
5.400000000000002132e+00 4.521944836787233726e+02 8.226844199346050601e-04
5.550000000000002487e+00 4.521943321267276588e+02 8.626646992188069518e-04
5.700000000000002842e+00 4.521942981349467914e+02 9.018438304531084526e-04
5.850000000000003197e+00 4.521942904928027360e+02 9.406635519396688849e-04
6.000000000000003553e+00 4.521942887766367107e+02 9.796525515052278976e-04
6.150000000000003908e+00 4.521942883910317619e+02 1.017730914573800050e-03
6.300000000000004263e+00 4.521942883044141013e+02 1.055406294178329318e-03
6.450000000000004619e+00 4.521942882849558032e+02 1.093270845562654969e-03
6.600000000000004974e+00 4.521942882805861359e+02 1.130118422704051717e-03
6.750000000000005329e+00 4.521942882796078607e+02 1.166520832921791317e-03
6.900000000000005684e+00 4.521942882793995295e+02 1.203131659177625323e-03
7.050000000000006040e+00 4.521942882794010643e+02 1.238622668137012717e-03
7.200000000000006395e+00 4.521942882796117260e+02 1.273627856271275505e-03
7.350000000000006750e+00 4.521942882805926160e+02 1.308859988836230670e-03
7.500000000000007105e+00 4.521942882849651824e+02 1.342873307981218289e-03
7.650000000000007461e+00 4.521942883044259816e+02 1.376361820345173292e-03
7.800000000000007816e+00 4.521942883910461433e+02 1.410095026382895966e-03
7.950000000000008171e+00 4.521942887766539911e+02 1.442514606785127995e-03
8.100000000000008527e+00 4.521942904928226312e+02 1.474372195325313051e-03
8.250000000000008882e+00 4.521942981349689603e+02 1.506491386401465071e-03
8.400000000000009237e+00 4.521943321267527836e+02 1.537206644112720788e-03
8.550000000000009592e+00 4.521944836787507143e+02 1.567324638638623036e-03
8.700000000000009948e+00 4.521951560631117673e+02 1.597720173225236628e-03
8.850000000000010303e+00 4.521981696645920579e+02 1.626626039188394657e-03
9.000000000000010658e+00 4.522113949533640493e+02 1.654899870151549379e-03
9.150000000000011013e+00 4.522720163677203118e+02 1.683462500252308480e-03
9.300000000000011369e+00 4.525258220528188531e+02 1.710420389533395813e-03
9.450000000000011724e+00 4.538055052300475154e+02 1.736670419385188957e-03
9.600000000000012079e+00 4.580256344991466904e+02 1.762446229739200732e-03
9.750000000000012434e+00 4.910613766555479742e+02 1.786073405804278202e-03
9.900000000000012790e+00 5.178394540102910923e+02 1.798326615833456543e-03
1.005000000000001315e+01 7.999999999786335820e+02 1.801294382464901922e-03
1.020000000000001350e+01 7.999999999786335820e+02 1.801294382464901922e-03
1.035000000000001386e+01 7.999999999786335820e+02 1.801294382464901922e-03
1.050000000000001421e+01 7.999999999786335820e+02 1.801294382464901922e-03
1.065000000000001457e+01 7.999999999786335820e+02 1.801294382464901922e-03
1.080000000000001492e+01 7.999999999786335820e+02 1.801294382464901922e-03
1.095000000000001528e+01 7.999999999786335820e+02 1.801294382464901922e-03
1.110000000000001563e+01 7.999999999786335820e+02 1.801294382464901922e-03
1.125000000000001599e+01 7.999999999786335820e+02 1.801294382464901922e-03
1.140000000000001634e+01 7.999999999786335820e+02 1.801294382464901922e-03
1.155000000000001670e+01 7.999999999786335820e+02 1.801294382464901922e-03
1.170000000000001705e+01 7.999999999786335820e+02 1.801294382464901922e-03
1.185000000000001741e+01 7.999999999786335820e+02 1.801294382464901922e-03
1.200000000000001776e+01 7.999999999786335820e+02 1.801294382464901922e-03
1.215000000000001812e+01 7.999999999786335820e+02 1.801294382464901922e-03
1.230000000000001847e+01 7.999999999786335820e+02 1.801294382464901922e-03
1.245000000000001883e+01 7.999999999786335820e+02 1.801294382464901922e-03
1.260000000000001918e+01 7.999999999786335820e+02 1.801294382464901922e-03
1.275000000000001954e+01 7.999999999786335820e+02 1.801294382464901922e-03
1.290000000000001990e+01 7.999999999786335820e+02 1.801294382464901922e-03
1.305000000000002025e+01 7.999999997566300181e+02 1.801271254259328991e-03
1.320000000000002061e+01 7.999999997566300181e+02 1.801271254259328991e-03
1.335000000000002096e+01 7.999999997566300181e+02 1.801271254259328991e-03
1.350000000000002132e+01 7.999999997566300181e+02 1.801271254259328991e-03
1.365000000000002167e+01 7.999999997566300181e+02 1.801271254259328991e-03
1.380000000000002203e+01 7.999999997566300181e+02 1.801271254259328991e-03
1.395000000000002238e+01 7.999999997566300181e+02 1.801271254259328991e-03
1.410000000000002274e+01 7.999999997566300181e+02 1.801271254259328991e-03
1.425000000000002309e+01 7.999999997566300181e+02 1.801271254259328991e-03
1.440000000000002345e+01 7.999999997566300181e+02 1.801271254259328991e-03
1.455000000000002380e+01 7.999999997566300181e+02 1.801271254259328991e-03
1.470000000000002416e+01 7.999999997566300181e+02 1.801271254259328991e-03
1.485000000000002451e+01 7.999999997566300181e+02 1.801271254259328991e-03
1.500000000000002487e+01 7.999999997566300181e+02 1.801271254259328991e-03
1.515000000000002522e+01 7.999999997566300181e+02 1.801271254259328991e-03
1.530000000000002558e+01 7.999999997566300181e+02 1.801271254259328991e-03
1.545000000000002593e+01 7.999999997566300181e+02 1.801271254259328991e-03
1.560000000000002629e+01 7.999999997566300181e+02 1.801271254259328991e-03
1.575000000000002665e+01 7.999999997566300181e+02 1.801271254259328991e-03
1.590000000000002700e+01 7.999999997566300181e+02 1.801271254259328991e-03
