1.499999999999999944e-01 7.997233447939008784e+02 8.206334697979933424e-05
2.999999999999999889e-01 7.997233447939008784e+02 8.206334697979933424e-05
4.499999999999999556e-01 7.997233447939008784e+02 8.206334697979933424e-05
5.999999999999999778e-01 7.997233447939008784e+02 8.206334697979933424e-05
7.500000000000000000e-01 7.997233447939008784e+02 8.206334697979933424e-05
9.000000000000000222e-01 7.997233447939008784e+02 8.206334697979933424e-05
1.050000000000000044e+00 7.997233447939008784e+02 8.206334697979933424e-05
1.199999999999999956e+00 7.997233447939008784e+02 8.206334697979933424e-05
1.349999999999999867e+00 7.997233447939008784e+02 8.206334697979933424e-05
1.499999999999999778e+00 7.997233447939008784e+02 8.206334697979933424e-05
1.649999999999999689e+00 7.997233447939008784e+02 8.206334697979933424e-05
1.799999999999999600e+00 7.997233447939008784e+02 8.206334697979933424e-05
1.949999999999999512e+00 7.997233447939008784e+02 8.206334697979933424e-05
2.099999999999999645e+00 7.998600278582796363e+02 8.196642330660086628e-05
2.249999999999999556e+00 7.998600278582796363e+02 8.196642330660086628e-05
2.399999999999999467e+00 7.998600278582796363e+02 8.196642330660086628e-05
2.549999999999999378e+00 7.998600278582796363e+02 8.196642330660086628e-05
2.699999999999999289e+00 7.998600278582796363e+02 8.196642330660086628e-05
2.849999999999999201e+00 7.998600278582796363e+02 8.196642330660086628e-05
2.999999999999999112e+00 7.998600278582796363e+02 8.196642330660086628e-05
3.149999999999999023e+00 7.998600278582796363e+02 8.196642330660086628e-05
3.299999999999998934e+00 7.998600278582796363e+02 8.196642330660086628e-05
3.449999999999998845e+00 7.998600278582796363e+02 8.196642330660086628e-05
3.599999999999998757e+00 7.998600278582796363e+02 8.196642330660086628e-05
3.749999999999998668e+00 7.998600278582796363e+02 8.196642330660086628e-05
3.899999999999998579e+00 7.998600278582796363e+02 8.196642330660086628e-05
4.049999999999998934e+00 4.419421917492379066e+02 8.202432591564168263e-05
4.199999999999999289e+00 2.153073485476452618e+02 8.233710953209349981e-05
4.349999999999999645e+00 7.233970854480268997e+01 8.258477594913493647e-05
4.500000000000000000e+00 2.762642512216949342e+01 8.315293765026599004e-05
4.650000000000000355e+00 9.946200259462884219e+00 8.501912023217705894e-05
4.800000000000000711e+00 3.519867665616970953e+00 8.958650167745219051e-05
4.950000000000001066e+00 1.115941354790606965e+00 1.047757475123312076e-04
5.100000000000001421e+00 2.258417979319347069e-01 1.929400216693633041e-04
5.250000000000001776e+00 1.049324981568133808e-01 1.799998458251111231e+02
5.400000000000002132e+00 2.276947759073664201e-01 1.799999736137421849e+02
5.550000000000002487e+00 2.732771440946635266e-01 1.799999918113439037e+02
5.700000000000002842e+00 2.901993977075107978e-01 1.799999971364719613e+02
5.850000000000003197e+00 2.964820732561292971e-01 1.799999989591765370e+02
6.000000000000003553e+00 2.988145777326280950e-01 1.799999996153428015e+02
6.150000000000003908e+00 2.996805531167865411e-01 1.799999998575614200e+02
6.300000000000004263e+00 3.000020700985714939e-01 1.799999999471350520e+02
6.450000000000004619e+00 3.001214741202602454e-01 1.799999999802426203e+02
6.600000000000004974e+00 3.001659040862705297e-01 1.799999999924641827e+02
6.750000000000005329e+00 3.001826682698265358e-01 1.799999999966644566e+02
6.900000000000005684e+00 3.001896171083444642e-01 1.799999999973086915e+02
7.050000000000006040e+00 3.001941490467743279e-01 1.799999999951064638e+02
7.200000000000006395e+00 3.002010899788274401e-01 1.799999999877167625e+02
7.350000000000006750e+00 3.002178307970098103e-01 1.799999999672215552e+02
7.500000000000007105e+00 3.002621969212668773e-01 1.799999999120327061e+02
7.650000000000007461e+00 3.003814273547504854e-01 1.799999997637038689e+02
7.800000000000007816e+00 3.007024775010904705e-01 1.799999993638673175e+02
7.950000000000008171e+00 3.015671959933570179e-01 1.799999982951410118e+02
8.100000000000008527e+00 3.038963141427757364e-01 1.799999954528869353e+02
8.250000000000008882e+00 3.101698689351906069e-01 1.799999879931367843e+02
8.400000000000009237e+00 3.270675565718192956e-01 1.799999693960575655e+02
8.550000000000009592e+00 3.725837574431807298e-01 1.799999277911660442e+02
8.700000000000009948e+00 4.951678387586753161e-01 1.799998535801375681e+02
8.850000000000010303e+00 8.254622583672812652e-01 1.799997638841654464e+02
9.000000000000010658e+00 1.714270684447171789e+00 1.799996945746225663e+02
9.150000000000011013e+00 4.114724337688514311e+00 1.799996565592792024e+02
9.300000000000011369e+00 1.053177961589551614e+01 1.799996408501498308e+02
9.450000000000011724e+00 2.818726515752160822e+01 1.799996350624490731e+02
9.600000000000012079e+00 7.283787608608058406e+01 1.799996323805697500e+02
9.750000000000012434e+00 2.156484426644469465e+02 1.799996322996645688e+02
9.900000000000012790e+00 4.420217011012189801e+02 1.799996325645099944e+02
1.005000000000001315e+01 7.998598979931424537e+02 1.799996324082290187e+02
1.020000000000001350e+01 7.998598979931424537e+02 1.799996324082290187e+02
1.035000000000001386e+01 7.998598979931424537e+02 1.799996324082290187e+02
1.050000000000001421e+01 7.998598979931424537e+02 1.799996324082290187e+02
1.065000000000001457e+01 7.998598979931424537e+02 1.799996324082290187e+02
1.080000000000001492e+01 7.998598979931424537e+02 1.799996324082290187e+02
1.095000000000001528e+01 7.998598979931424537e+02 1.799996324082290187e+02
1.110000000000001563e+01 7.998598979931424537e+02 1.799996324082290187e+02
1.125000000000001599e+01 7.998598979931424537e+02 1.799996324082290187e+02
1.140000000000001634e+01 7.998598979931424537e+02 1.799996324082290187e+02
1.155000000000001670e+01 7.998598979931424537e+02 1.799996324082290187e+02
1.170000000000001705e+01 7.998598979931424537e+02 1.799996324082290187e+02
1.185000000000001741e+01 7.998598979931424537e+02 1.799996324082290187e+02
1.200000000000001776e+01 7.998598979931424537e+02 1.799996324082290187e+02
1.215000000000001812e+01 7.998598979931424537e+02 1.799996324082290187e+02
1.230000000000001847e+01 7.998598979931424537e+02 1.799996324082290187e+02
1.245000000000001883e+01 7.998598979931424537e+02 1.799996324082290187e+02
1.260000000000001918e+01 7.998598979931424537e+02 1.799996324082290187e+02
1.275000000000001954e+01 7.998598979931424537e+02 1.799996324082290187e+02
1.290000000000001990e+01 7.998598979931424537e+02 1.799996324082290187e+02
1.305000000000002025e+01 7.997230229367056609e+02 1.799996329659314824e+02
1.320000000000002061e+01 7.997230229367056609e+02 1.799996329659314824e+02
1.335000000000002096e+01 7.997230229367056609e+02 1.799996329659314824e+02
1.350000000000002132e+01 7.997230229367056609e+02 1.799996329659314824e+02
1.365000000000002167e+01 7.997230229367056609e+02 1.799996329659314824e+02
1.380000000000002203e+01 7.997230229367056609e+02 1.799996329659314824e+02
1.395000000000002238e+01 7.997230229367056609e+02 1.799996329659314824e+02
1.410000000000002274e+01 7.997230229367056609e+02 1.799996329659314824e+02
1.425000000000002309e+01 7.997230229367056609e+02 1.799996329659314824e+02
1.440000000000002345e+01 7.997230229367056609e+02 1.799996329659314824e+02
1.455000000000002380e+01 7.997230229367056609e+02 1.799996329659314824e+02
1.470000000000002416e+01 7.997230229367056609e+02 1.799996329659314824e+02
1.485000000000002451e+01 7.997230229367056609e+02 1.799996329659314824e+02
1.500000000000002487e+01 7.997230229367056609e+02 1.799996329659314824e+02
1.515000000000002522e+01 7.997230229367056609e+02 1.799996329659314824e+02
1.530000000000002558e+01 7.997230229367056609e+02 1.799996329659314824e+02
1.545000000000002593e+01 7.997230229367056609e+02 1.799996329659314824e+02
1.560000000000002629e+01 7.997230229367056609e+02 1.799996329659314824e+02
1.575000000000002665e+01 7.997230229367056609e+02 1.799996329659314824e+02
1.590000000000002700e+01 7.997230229367056609e+02 1.799996329659314824e+02
