1.499999999999999944e-01 7.999995757527713067e+02 6.883471356440135480e+01
2.999999999999999889e-01 7.999995757527713067e+02 6.883471356440135480e+01
4.499999999999999556e-01 7.999995757527713067e+02 6.883471356440135480e+01
5.999999999999999778e-01 7.999995757527713067e+02 6.883471356440135480e+01
7.500000000000000000e-01 7.999995757527713067e+02 6.883471356440135480e+01
9.000000000000000222e-01 7.999995757527713067e+02 6.883471356440135480e+01
1.050000000000000044e+00 7.999995757527713067e+02 6.883471356440135480e+01
1.199999999999999956e+00 7.999995757527713067e+02 6.883471356440135480e+01
1.349999999999999867e+00 7.999995757527713067e+02 6.883471356440135480e+01
1.499999999999999778e+00 7.999995757527713067e+02 6.883471356440135480e+01
1.649999999999999689e+00 7.999995757527713067e+02 6.883471356440135480e+01
1.799999999999999600e+00 7.999995757527713067e+02 6.883471356440135480e+01
1.949999999999999512e+00 7.999995757527713067e+02 6.883471356440135480e+01
2.099999999999999645e+00 7.999999080410375427e+02 6.887150142315925905e+01
2.249999999999999556e+00 7.999999080410375427e+02 6.887150142315925905e+01
2.399999999999999467e+00 7.999999080410375427e+02 6.887150142315925905e+01
2.549999999999999378e+00 7.999999080410375427e+02 6.887150142315925905e+01
2.699999999999999289e+00 7.999999080410375427e+02 6.887150142315925905e+01
2.849999999999999201e+00 7.999999080410375427e+02 6.887150142315925905e+01
2.999999999999999112e+00 7.999999080410375427e+02 6.887150142315925905e+01
3.149999999999999023e+00 7.999999080410375427e+02 6.887150142315925905e+01
3.299999999999998934e+00 7.999999080410375427e+02 6.887150142315925905e+01
3.449999999999998845e+00 7.999999080410375427e+02 6.887150142315925905e+01
3.599999999999998757e+00 7.999999080410375427e+02 6.887150142315925905e+01
3.749999999999998668e+00 7.999999080410375427e+02 6.887150142315925905e+01
3.899999999999998579e+00 7.999999080410375427e+02 6.887150142315925905e+01
4.049999999999998934e+00 5.084494072523681893e+02 6.907479242429049293e+01
4.199999999999999289e+00 4.132456517505077045e+02 7.000718876693186132e+01
4.349999999999999645e+00 3.101769334213730076e+02 7.234859450239882506e+01
4.500000000000000000e+00 2.708623338925893904e+02 7.556187162602473961e+01
4.650000000000000355e+00 2.482842283203696638e+02 7.955581989748104377e+01
4.800000000000000711e+00 2.358915006573295443e+02 8.397823949862463166e+01
4.950000000000001066e+00 2.288172284837892221e+02 8.861908871782539165e+01
5.100000000000001421e+00 2.248375551003494479e+02 9.331418279978542785e+01
5.250000000000001776e+00 2.226745921690241232e+02 9.796044458937744537e+01
5.400000000000002132e+00 2.215914225025162239e+02 1.024945694059835120e+02
5.550000000000002487e+00 2.211468648570941582e+02 1.068808244304316588e+02
5.700000000000002842e+00 2.210739962623622432e+02 1.111009989703665894e+02
5.850000000000003197e+00 2.212106006582029352e+02 1.151478078944647763e+02
6.000000000000003553e+00 2.214584004175381722e+02 1.190206012159618325e+02
6.150000000000003908e+00 2.217583851754920090e+02 1.227226824111918688e+02
6.300000000000004263e+00 2.220756863950992397e+02 1.262596624653935606e+02
6.450000000000004619e+00 2.223902475977617144e+02 1.296384534165191553e+02
6.600000000000004974e+00 2.226910695298463168e+02 1.328666585055926248e+02
6.750000000000005329e+00 2.229726802778588990e+02 1.359522072814667695e+02
6.900000000000005684e+00 2.232330020741326848e+02 1.389031304308003030e+02
7.050000000000006040e+00 2.234721107735590806e+02 1.417274216439562906e+02
7.200000000000006395e+00 2.236915943415027641e+02 1.444329541792246516e+02
7.350000000000006750e+00 2.238943606679330856e+02 1.470274216935114282e+02
7.500000000000007105e+00 2.240848580163768986e+02 1.495182925974204409e+02
7.650000000000007461e+00 2.242697821734573154e+02 1.519127681786602864e+02
7.800000000000007816e+00 2.244594805722569504e+02 1.542177253355458788e+02
7.950000000000008171e+00 2.246704652719564592e+02 1.564396313860713406e+02
8.100000000000008527e+00 2.249297751128861478e+02 1.585844087326994725e+02
8.250000000000008882e+00 2.252824859795951511e+02 1.606572059826617362e+02
8.400000000000009237e+00 2.258046457424921982e+02 1.626620168316992761e+02
8.550000000000009592e+00 2.266256835450380720e+02 1.646010500776313847e+02
8.700000000000009948e+00 2.279675892463041578e+02 1.664736903906742498e+02
8.850000000000010303e+00 2.302150609670189567e+02 1.682748484814711674e+02
9.000000000000010658e+00 2.340420243702850769e+02 1.699923256422199813e+02
9.150000000000011013e+00 2.406702034627327293e+02 1.716035123057984890e+02
9.300000000000011369e+00 2.522962382034011455e+02 1.730691532708173668e+02
9.450000000000011724e+00 2.738231335791335255e+02 1.743378619640115232e+02
9.600000000000012079e+00 3.119426540011934890e+02 1.753189742932518698e+02
9.750000000000012434e+00 4.138130093456946383e+02 1.759998454071226490e+02
9.900000000000012790e+00 5.084792236210751639e+02 1.762567724728954772e+02
1.005000000000001315e+01 7.999999101394066656e+02 1.763062157157214074e+02
1.020000000000001350e+01 7.999999101394066656e+02 1.763062157157214074e+02
1.035000000000001386e+01 7.999999101394066656e+02 1.763062157157214074e+02
1.050000000000001421e+01 7.999999101394066656e+02 1.763062157157214074e+02
1.065000000000001457e+01 7.999999101394066656e+02 1.763062157157214074e+02
1.080000000000001492e+01 7.999999101394066656e+02 1.763062157157214074e+02
1.095000000000001528e+01 7.999999101394066656e+02 1.763062157157214074e+02
1.110000000000001563e+01 7.999999101394066656e+02 1.763062157157214074e+02
1.125000000000001599e+01 7.999999101394066656e+02 1.763062157157214074e+02
1.140000000000001634e+01 7.999999101394066656e+02 1.763062157157214074e+02
1.155000000000001670e+01 7.999999101394066656e+02 1.763062157157214074e+02
1.170000000000001705e+01 7.999999101394066656e+02 1.763062157157214074e+02
1.185000000000001741e+01 7.999999101394066656e+02 1.763062157157214074e+02
1.200000000000001776e+01 7.999999101394066656e+02 1.763062157157214074e+02
1.215000000000001812e+01 7.999999101394066656e+02 1.763062157157214074e+02
1.230000000000001847e+01 7.999999101394066656e+02 1.763062157157214074e+02
1.245000000000001883e+01 7.999999101394066656e+02 1.763062157157214074e+02
1.260000000000001918e+01 7.999999101394066656e+02 1.763062157157214074e+02
1.275000000000001954e+01 7.999999101394066656e+02 1.763062157157214074e+02
1.290000000000001990e+01 7.999999101394066656e+02 1.763062157157214074e+02
1.305000000000002025e+01 7.999995852189822472e+02 1.763156994357638609e+02
1.320000000000002061e+01 7.999995852189822472e+02 1.763156994357638609e+02
1.335000000000002096e+01 7.999995852189822472e+02 1.763156994357638609e+02
1.350000000000002132e+01 7.999995852189822472e+02 1.763156994357638609e+02
1.365000000000002167e+01 7.999995852189822472e+02 1.763156994357638609e+02
1.380000000000002203e+01 7.999995852189822472e+02 1.763156994357638609e+02
1.395000000000002238e+01 7.999995852189822472e+02 1.763156994357638609e+02
1.410000000000002274e+01 7.999995852189822472e+02 1.763156994357638609e+02
1.425000000000002309e+01 7.999995852189822472e+02 1.763156994357638609e+02
1.440000000000002345e+01 7.999995852189822472e+02 1.763156994357638609e+02
1.455000000000002380e+01 7.999995852189822472e+02 1.763156994357638609e+02
1.470000000000002416e+01 7.999995852189822472e+02 1.763156994357638609e+02
1.485000000000002451e+01 7.999995852189822472e+02 1.763156994357638609e+02
1.500000000000002487e+01 7.999995852189822472e+02 1.763156994357638609e+02
1.515000000000002522e+01 7.999995852189822472e+02 1.763156994357638609e+02
1.530000000000002558e+01 7.999995852189822472e+02 1.763156994357638609e+02
1.545000000000002593e+01 7.999995852189822472e+02 1.763156994357638609e+02
1.560000000000002629e+01 7.999995852189822472e+02 1.763156994357638609e+02
1.575000000000002665e+01 7.999995852189822472e+02 1.763156994357638609e+02
1.590000000000002700e+01 7.999995852189822472e+02 1.763156994357638609e+02
