1.499999999999999944e-01 7.996034599769020588e+02 8.009259921948341798e-12
2.999999999999999889e-01 7.996034599769020588e+02 8.009259921948341798e-12
4.499999999999999556e-01 7.996034599769020588e+02 8.009259921948341798e-12
5.999999999999999778e-01 7.996034599769020588e+02 8.009259921948341798e-12
7.500000000000000000e-01 7.996034599769020588e+02 8.009259921948341798e-12
9.000000000000000222e-01 7.996034599769020588e+02 8.009259921948341798e-12
1.050000000000000044e+00 7.996034599769020588e+02 8.009259921948341798e-12
1.199999999999999956e+00 7.996034599769020588e+02 8.009259921948341798e-12
1.349999999999999867e+00 7.996034599769020588e+02 8.009259921948341798e-12
1.499999999999999778e+00 7.996034599769020588e+02 8.009259921948341798e-12
1.649999999999999689e+00 7.996034599769020588e+02 8.009259921948341798e-12
1.799999999999999600e+00 7.996034599769020588e+02 8.009259921948341798e-12
1.949999999999999512e+00 7.996034599769020588e+02 8.009259921948341798e-12
2.099999999999999645e+00 7.997898617728142199e+02 7.993494754998664575e-12
2.249999999999999556e+00 7.997898617728142199e+02 7.993494754998664575e-12
2.399999999999999467e+00 7.997898617728142199e+02 7.993494754998664575e-12
2.549999999999999378e+00 7.997898617728142199e+02 7.993494754998664575e-12
2.699999999999999289e+00 7.997898617728142199e+02 7.993494754998664575e-12
2.849999999999999201e+00 7.997898617728142199e+02 7.993494754998664575e-12
2.999999999999999112e+00 7.997898617728142199e+02 7.993494754998664575e-12
3.149999999999999023e+00 7.997898617728142199e+02 7.993494754998664575e-12
3.299999999999998934e+00 7.997898617728142199e+02 7.993494754998664575e-12
3.449999999999998845e+00 7.997898617728142199e+02 7.993494754998664575e-12
3.599999999999998757e+00 7.997898617728142199e+02 7.993494754998664575e-12
3.749999999999998668e+00 7.997898617728142199e+02 7.993494754998664575e-12
3.899999999999998579e+00 7.997898617728142199e+02 7.993494754998664575e-12
4.049999999999998934e+00 4.332186849877450072e+02 7.981726390937637916e-12
4.199999999999999289e+00 2.029433940501479867e+02 7.988054662178001308e-12
4.349999999999999645e+00 6.499554520028816285e+01 8.106071369695655449e-12
4.500000000000000000e+00 2.384332062132771668e+01 8.010259122670504439e-12
4.650000000000000355e+00 8.260711674250252656e+00 8.140155216551647754e-12
4.800000000000000711e+00 2.861426681976737996e+00 8.194223077850892878e-12
4.950000000000001066e+00 9.314475801694470647e-01 9.047096405367938132e-12
5.100000000000001421e+00 2.494250694899164955e-01 1.212441258502394703e-11
5.250000000000001776e+00 7.397792607662267983e-03 1.431689211628395242e-10
5.400000000000002132e+00 7.835784608141693752e-02 1.799999999999950262e+02
5.550000000000002487e+00 1.087600810260482831e-01 1.799999999999983231e+02
5.700000000000002842e+00 1.195361089780817565e-01 1.799999999999986926e+02
5.850000000000003197e+00 1.233559453999077959e-01 1.799999999999974989e+02
6.000000000000003553e+00 1.247099468528176658e-01 1.799999999999934630e+02
6.150000000000003908e+00 1.251899001849778870e-01 1.799999999999814975e+02
6.300000000000004263e+00 1.253600331469897355e-01 1.799999999999477041e+02
6.450000000000004619e+00 1.254203526291348680e-01 1.799999999998520934e+02
6.600000000000004974e+00 1.254417711243149824e-01 1.799999999995837641e+02
6.750000000000005329e+00 1.254494682448239473e-01 1.799999999988269224e+02
6.900000000000005684e+00 1.254524911105363572e-01 1.799999999966894677e+02
7.050000000000006040e+00 1.254543943264252448e-01 1.799999999906695223e+02
7.200000000000006395e+00 1.254574162480821542e-01 1.799999999737045471e+02
7.350000000000006750e+00 1.254651088843274920e-01 1.799999999258009211e+02
7.500000000000007105e+00 1.254865148707722255e-01 1.799999997909175988e+02
7.650000000000007461e+00 1.255467996588777169e-01 1.799999994110174555e+02
7.800000000000007816e+00 1.257168337310758943e-01 1.799999983401815769e+02
7.950000000000008171e+00 1.261965092749051109e-01 1.799999953398438493e+02
8.100000000000008527e+00 1.275497255096524896e-01 1.799999870054521125e+02
8.250000000000008882e+00 1.313673490653854969e-01 1.799999643958147999e+02
8.400000000000009237e+00 1.421371330343390582e-01 1.799999072594842175e+02
8.550000000000009592e+00 1.725217537914431887e-01 1.799997846522123552e+02
8.700000000000009948e+00 2.582277015292220312e-01 1.799995940335477371e+02
8.850000000000010303e+00 5.001148241678947670e-01 1.799994090938094189e+02
9.000000000000010658e+00 1.181742279600371148e+00 1.799992956615182322e+02
9.150000000000011013e+00 3.110607728069794575e+00 1.799992435801074748e+02
9.300000000000011369e+00 8.506772648241508250e+00 1.799992241688815966e+02
9.450000000000011724e+00 2.408063691927184635e+01 1.799992174633750039e+02
9.600000000000012079e+00 6.520949260216352172e+01 1.799992145871245270e+02
9.750000000000012434e+00 2.030951812458381482e+02 1.799992144733104169e+02
9.900000000000012790e+00 4.332574116010402463e+02 1.799992147329827503e+02
1.005000000000001315e+01 7.997884019682877579e+02 1.799992145753078034e+02
1.020000000000001350e+01 7.997884019682877579e+02 1.799992145753078034e+02
1.035000000000001386e+01 7.997884019682877579e+02 1.799992145753078034e+02
1.050000000000001421e+01 7.997884019682877579e+02 1.799992145753078034e+02
1.065000000000001457e+01 7.997884019682877579e+02 1.799992145753078034e+02
1.080000000000001492e+01 7.997884019682877579e+02 1.799992145753078034e+02
1.095000000000001528e+01 7.997884019682877579e+02 1.799992145753078034e+02
1.110000000000001563e+01 7.997884019682877579e+02 1.799992145753078034e+02
1.125000000000001599e+01 7.997884019682877579e+02 1.799992145753078034e+02
1.140000000000001634e+01 7.997884019682877579e+02 1.799992145753078034e+02
1.155000000000001670e+01 7.997884019682877579e+02 1.799992145753078034e+02
1.170000000000001705e+01 7.997884019682877579e+02 1.799992145753078034e+02
1.185000000000001741e+01 7.997884019682877579e+02 1.799992145753078034e+02
1.200000000000001776e+01 7.997884019682877579e+02 1.799992145753078034e+02
1.215000000000001812e+01 7.997884019682877579e+02 1.799992145753078034e+02
1.230000000000001847e+01 7.997884019682877579e+02 1.799992145753078034e+02
1.245000000000001883e+01 7.997884019682877579e+02 1.799992145753078034e+02
1.260000000000001918e+01 7.997884019682877579e+02 1.799992145753078034e+02
1.275000000000001954e+01 7.997884019682877579e+02 1.799992145753078034e+02
1.290000000000001990e+01 7.997884019682877579e+02 1.799992145753078034e+02
1.305000000000002025e+01 7.996006633135107222e+02 1.799992151328646912e+02
1.320000000000002061e+01 7.996006633135107222e+02 1.799992151328646912e+02
1.335000000000002096e+01 7.996006633135107222e+02 1.799992151328646912e+02
1.350000000000002132e+01 7.996006633135107222e+02 1.799992151328646912e+02
1.365000000000002167e+01 7.996006633135107222e+02 1.799992151328646912e+02
1.380000000000002203e+01 7.996006633135107222e+02 1.799992151328646912e+02
1.395000000000002238e+01 7.996006633135107222e+02 1.799992151328646912e+02
1.410000000000002274e+01 7.996006633135107222e+02 1.799992151328646912e+02
1.425000000000002309e+01 7.996006633135107222e+02 1.799992151328646912e+02
1.440000000000002345e+01 7.996006633135107222e+02 1.799992151328646912e+02
1.455000000000002380e+01 7.996006633135107222e+02 1.799992151328646912e+02
1.470000000000002416e+01 7.996006633135107222e+02 1.799992151328646912e+02
1.485000000000002451e+01 7.996006633135107222e+02 1.799992151328646912e+02
1.500000000000002487e+01 7.996006633135107222e+02 1.799992151328646912e+02
1.515000000000002522e+01 7.996006633135107222e+02 1.799992151328646912e+02
1.530000000000002558e+01 7.996006633135107222e+02 1.799992151328646912e+02
1.545000000000002593e+01 7.996006633135107222e+02 1.799992151328646912e+02
1.560000000000002629e+01 7.996006633135107222e+02 1.799992151328646912e+02
1.575000000000002665e+01 7.996006633135107222e+02 1.799992151328646912e+02
1.590000000000002700e+01 7.996006633135107222e+02 1.799992151328646912e+02
