1.499999999999999944e-01 7.999568479396149314e+02 1.799989629919969332e+02
2.999999999999999889e-01 7.999568479396149314e+02 1.799989629919969332e+02
4.499999999999999556e-01 7.999568479396149314e+02 1.799989629919969332e+02
5.999999999999999778e-01 7.999568479396149314e+02 1.799989629919969332e+02
7.500000000000000000e-01 7.999568479396149314e+02 1.799989629919969332e+02
9.000000000000000222e-01 7.999568479396149314e+02 1.799989629919969332e+02
1.050000000000000044e+00 7.999568479396149314e+02 1.799989629919969332e+02
1.199999999999999956e+00 7.999568479396149314e+02 1.799989629919969332e+02
1.349999999999999867e+00 7.999568479396149314e+02 1.799989629919969332e+02
1.499999999999999778e+00 7.999568479396149314e+02 1.799989629919969332e+02
1.649999999999999689e+00 7.999568479396149314e+02 1.799989629919969332e+02
1.799999999999999600e+00 7.999568479396149314e+02 1.799989629919969332e+02
1.949999999999999512e+00 7.999568479396149314e+02 1.799989629919969332e+02
2.099999999999999645e+00 7.999828806283852600e+02 1.799989635010880704e+02
2.249999999999999556e+00 7.999828806283852600e+02 1.799989635010880704e+02
2.399999999999999467e+00 7.999828806283852600e+02 1.799989635010880704e+02
2.549999999999999378e+00 7.999828806283852600e+02 1.799989635010880704e+02
2.699999999999999289e+00 7.999828806283852600e+02 1.799989635010880704e+02
2.849999999999999201e+00 7.999828806283852600e+02 1.799989635010880704e+02
2.999999999999999112e+00 7.999828806283852600e+02 1.799989635010880704e+02
3.149999999999999023e+00 7.999828806283852600e+02 1.799989635010880704e+02
3.299999999999998934e+00 7.999828806283852600e+02 1.799989635010880704e+02
3.449999999999998845e+00 7.999828806283852600e+02 1.799989635010880704e+02
3.599999999999998757e+00 7.999828806283852600e+02 1.799989635010880704e+02
3.749999999999998668e+00 7.999828806283852600e+02 1.799989635010880704e+02
3.899999999999998579e+00 7.999828806283852600e+02 1.799989635010880704e+02
4.049999999999998934e+00 4.752062436202166964e+02 1.799989643408866016e+02
4.199999999999999289e+00 2.796870566424327080e+02 1.799989661318214473e+02
4.349999999999999645e+00 1.211237530346097628e+02 1.799989742976132732e+02
4.500000000000000000e+00 5.913469290183365956e+01 1.799989904358712920e+02
4.650000000000000355e+00 2.856269020312027607e+01 1.799990234513746827e+02
4.800000000000000711e+00 1.441674330271218096e+01 1.799990882587620433e+02
4.950000000000001066e+00 7.736535448882492005e+00 1.799992014105345675e+02
5.100000000000001421e+00 4.599512654748139084e+00 1.799993674788585167e+02
5.250000000000001776e+00 3.123689499312803264e+00 1.799995619560926912e+02
5.400000000000002132e+00 2.429729748489791064e+00 1.799997351137340047e+02
5.550000000000002487e+00 2.103362967856156729e+00 1.799998559395345978e+02
5.700000000000002842e+00 1.949880565255170950e+00 1.799999269067208729e+02
5.850000000000003197e+00 1.877700625227788578e+00 1.799999642986340405e+02
6.000000000000003553e+00 1.843756381709908965e+00 1.799999828820384664e+02
6.150000000000003908e+00 1.827794443861932905e+00 1.799999918781635699e+02
6.300000000000004263e+00 1.820290915209113791e+00 1.799999961641039192e+02
6.450000000000004619e+00 1.816768714188839340e+00 1.799999981905257016e+02
6.600000000000004974e+00 1.815126273629772413e+00 1.799999991481342079e+02
6.750000000000005329e+00 1.814383609890029447e+00 1.799999995991563253e+02
6.900000000000005684e+00 1.814097602906855400e+00 1.799999998112497224e+02
7.050000000000006040e+00 1.814097602906855400e+00 1.799999999112202431e+02
7.200000000000006395e+00 1.814383610022787252e+00 1.799999999582485373e+02
7.350000000000006750e+00 1.815126273983793226e+00 1.799999999803511628e+02
7.500000000000007105e+00 1.816768714852628364e+00 1.799999999907664971e+02
7.650000000000007461e+00 1.820290916698951378e+00 1.799999999956652914e+02
7.800000000000007816e+00 1.827794446989116750e+00 1.799999999979675067e+02
7.950000000000008171e+00 1.843756388377300937e+00 1.799999999990522497e+02
8.100000000000008527e+00 1.877700639432873686e+00 1.799999999995620215e+02
8.250000000000008882e+00 1.949880595361690894e+00 1.799999999998013607e+02
8.400000000000009237e+00 2.103363031874920352e+00 1.799999999999130011e+02
8.550000000000009592e+00 2.429729884522288330e+00 1.799999999999640465e+02
8.700000000000009948e+00 3.123689788518305477e+00 1.799999999999859881e+02
8.850000000000010303e+00 4.599513269697041551e+00 1.799999999999944862e+02
9.000000000000010658e+00 7.736536755695006207e+00 1.799999999999971294e+02
9.150000000000011013e+00 1.441674608700289895e+01 1.799999999999978400e+02
9.300000000000011369e+00 2.856269608920306524e+01 1.799999999999981242e+02
9.450000000000011724e+00 5.913470571189284186e+01 1.799999999999982094e+02
9.600000000000012079e+00 1.211237785174558610e+02 1.799999999999980673e+02
9.750000000000012434e+00 2.796871270987971911e+02 1.799999999999979821e+02
9.900000000000012790e+00 4.752063128366627325e+02 1.799999999999979821e+02
1.005000000000001315e+01 7.999833104273739082e+02 1.799999999999979821e+02
1.020000000000001350e+01 7.999833104273739082e+02 1.799999999999979821e+02
1.035000000000001386e+01 7.999833104273739082e+02 1.799999999999979821e+02
1.050000000000001421e+01 7.999833104273739082e+02 1.799999999999979821e+02
1.065000000000001457e+01 7.999833104273739082e+02 1.799999999999979821e+02
1.080000000000001492e+01 7.999833104273739082e+02 1.799999999999979821e+02
1.095000000000001528e+01 7.999833104273739082e+02 1.799999999999979821e+02
1.110000000000001563e+01 7.999833104273739082e+02 1.799999999999979821e+02
1.125000000000001599e+01 7.999833104273739082e+02 1.799999999999979821e+02
1.140000000000001634e+01 7.999833104273739082e+02 1.799999999999979821e+02
1.155000000000001670e+01 7.999833104273739082e+02 1.799999999999979821e+02
1.170000000000001705e+01 7.999833104273739082e+02 1.799999999999979821e+02
1.185000000000001741e+01 7.999833104273739082e+02 1.799999999999979821e+02
1.200000000000001776e+01 7.999833104273739082e+02 1.799999999999979821e+02
1.215000000000001812e+01 7.999833104273739082e+02 1.799999999999979821e+02
1.230000000000001847e+01 7.999833104273739082e+02 1.799999999999979821e+02
1.245000000000001883e+01 7.999833104273739082e+02 1.799999999999979821e+02
1.260000000000001918e+01 7.999833104273739082e+02 1.799999999999979821e+02
1.275000000000001954e+01 7.999833104273739082e+02 1.799999999999979821e+02
1.290000000000001990e+01 7.999833104273739082e+02 1.799999999999979821e+02
1.305000000000002025e+01 7.999579313186154650e+02 1.799999999999979821e+02
1.320000000000002061e+01 7.999579313186154650e+02 1.799999999999979821e+02
1.335000000000002096e+01 7.999579313186154650e+02 1.799999999999979821e+02
1.350000000000002132e+01 7.999579313186154650e+02 1.799999999999979821e+02
1.365000000000002167e+01 7.999579313186154650e+02 1.799999999999979821e+02
1.380000000000002203e+01 7.999579313186154650e+02 1.799999999999979821e+02
1.395000000000002238e+01 7.999579313186154650e+02 1.799999999999979821e+02
1.410000000000002274e+01 7.999579313186154650e+02 1.799999999999979821e+02
1.425000000000002309e+01 7.999579313186154650e+02 1.799999999999979821e+02
1.440000000000002345e+01 7.999579313186154650e+02 1.799999999999979821e+02
1.455000000000002380e+01 7.999579313186154650e+02 1.799999999999979821e+02
1.470000000000002416e+01 7.999579313186154650e+02 1.799999999999979821e+02
1.485000000000002451e+01 7.999579313186154650e+02 1.799999999999979821e+02
1.500000000000002487e+01 7.999579313186154650e+02 1.799999999999979821e+02
1.515000000000002522e+01 7.999579313186154650e+02 1.799999999999979821e+02
1.530000000000002558e+01 7.999579313186154650e+02 1.799999999999979821e+02
1.545000000000002593e+01 7.999579313186154650e+02 1.799999999999979821e+02
1.560000000000002629e+01 7.999579313186154650e+02 1.799999999999979821e+02
1.575000000000002665e+01 7.999579313186154650e+02 1.799999999999979821e+02
1.590000000000002700e+01 7.999579313186154650e+02 1.799999999999979821e+02
