1.499999999999999944e-01 7.996002087213548748e+02 6.118650196351715920e-04
2.999999999999999889e-01 7.996002087213548748e+02 6.118650196351715920e-04
4.499999999999999556e-01 7.996002087213548748e+02 6.118650196351715920e-04
5.999999999999999778e-01 7.996002087213548748e+02 6.118650196351715920e-04
7.500000000000000000e-01 7.996002087213548748e+02 6.118650196351715920e-04
9.000000000000000222e-01 7.996002087213548748e+02 6.118650196351715920e-04
1.050000000000000044e+00 7.996002087213548748e+02 6.118650196351715920e-04
1.199999999999999956e+00 7.996002087213548748e+02 6.118650196351715920e-04
1.349999999999999867e+00 7.996002087213548748e+02 6.118650196351715920e-04
1.499999999999999778e+00 7.996002087213548748e+02 6.118650196351715920e-04
1.649999999999999689e+00 7.996002087213548748e+02 6.118650196351715920e-04
1.799999999999999600e+00 7.996002087213548748e+02 6.118650196351715920e-04
1.949999999999999512e+00 7.996002087213548748e+02 6.118650196351715920e-04
2.099999999999999645e+00 7.997880944113953774e+02 6.117405076776494255e-04
2.249999999999999556e+00 7.997880944113953774e+02 6.117405076776494255e-04
2.399999999999999467e+00 7.997880944113953774e+02 6.117405076776494255e-04
2.549999999999999378e+00 7.997880944113953774e+02 6.117405076776494255e-04
2.699999999999999289e+00 7.997880944113953774e+02 6.117405076776494255e-04
2.849999999999999201e+00 7.997880944113953774e+02 6.117405076776494255e-04
2.999999999999999112e+00 7.997880944113953774e+02 6.117405076776494255e-04
3.149999999999999023e+00 7.997880944113953774e+02 6.117405076776494255e-04
3.299999999999998934e+00 7.997880944113953774e+02 6.117405076776494255e-04
3.449999999999998845e+00 7.997880944113953774e+02 6.117405076776494255e-04
3.599999999999998757e+00 7.997880944113953774e+02 6.117405076776494255e-04
3.749999999999998668e+00 7.997880944113953774e+02 6.117405076776494255e-04
3.899999999999998579e+00 7.997880944113953774e+02 6.117405076776494255e-04
4.049999999999998934e+00 4.331400903792435884e+02 6.121762632527172343e-04
4.199999999999999289e+00 2.026388613834252794e+02 6.136507683554004444e-04
4.349999999999999645e+00 6.456728416185184471e+01 6.176756561265817069e-04
4.500000000000000000e+00 2.336851633557872532e+01 6.281838936880168589e-04
4.650000000000000355e+00 7.768517565766657640e+00 6.616215072750009085e-04
4.800000000000000711e+00 2.363034743542357319e+00 7.747308145115150424e-04
4.950000000000001066e+00 4.308464688240292162e-01 1.503606996091755299e-03
5.100000000000001421e+00 2.519586841035561520e-01 1.799990873776999365e+02
5.250000000000001776e+00 4.942632562248263639e-01 1.799998351245796187e+02
5.400000000000002132e+00 5.801170562117476948e-01 1.799999501996929894e+02
5.550000000000002487e+00 6.105540441404855301e-01 1.799999832160414428e+02
5.700000000000002842e+00 6.213423744927695225e-01 1.799999941536001131e+02
5.850000000000003197e+00 6.251665660786329681e-01 1.799999979402341523e+02
6.000000000000003553e+00 6.265221087021473068e-01 1.799999992709414016e+02
6.150000000000003908e+00 6.270026075213763761e-01 1.799999997417590407e+02
6.300000000000004263e+00 6.271729334247311272e-01 1.799999999084827209e+02
6.450000000000004619e+00 6.272333215279104479e-01 1.799999999675401341e+02
6.600000000000004974e+00 6.272547640965058235e-01 1.799999999884938404e+02
6.750000000000005329e+00 6.272624692414865422e-01 1.799999999959213142e+02
6.900000000000005684e+00 6.272654949983689221e-01 1.799999999985531645e+02
7.050000000000006040e+00 6.272673985092751536e-01 1.799999999994870734e+02
7.200000000000006395e+00 6.272704174807586242e-01 1.799999999998184137e+02
7.350000000000006750e+00 6.272781009714663014e-01 1.799999999999356248e+02
7.500000000000007105e+00 6.272994820584472109e-01 1.799999999999772911e+02
7.650000000000007461e+00 6.273596959833867004e-01 1.799999999999918714e+02
7.800000000000007816e+00 6.275295302108361284e-01 1.799999999999971863e+02
7.950000000000008171e+00 6.280086423305419885e-01 1.799999999999990337e+02
8.100000000000008527e+00 6.293602725520486274e-01 1.799999999999997442e+02
8.250000000000008882e+00 6.331734269490425504e-01 1.799999999999996305e+02
8.400000000000009237e+00 6.439306204038075521e-01 1.799999999999997726e+02
8.550000000000009592e+00 6.742797676264444817e-01 1.799999999999993747e+02
8.700000000000009948e+00 7.598857861159444838e-01 1.799999999999983800e+02
8.850000000000010303e+00 1.001491397540746675e+00 1.799999999999966178e+02
9.000000000000010658e+00 1.682326434750194721e+00 1.799999999999943441e+02
9.150000000000011013e+00 3.608961093406861664e+00 1.799999999999925819e+02
9.300000000000011369e+00 8.998884080393487750e+00 1.799999999999916440e+02
9.450000000000011724e+00 2.455527974581212902e+01 1.799999999999913598e+02
9.600000000000012079e+00 6.563749424351821915e+01 1.799999999999910472e+02
9.750000000000012434e+00 2.033994676787822584e+02 1.799999999999911324e+02
9.900000000000012790e+00 4.333360820044687216e+02 1.799999999999910756e+02
1.005000000000001315e+01 7.997910840488018493e+02 1.799999999999910187e+02
1.020000000000001350e+01 7.997910840488018493e+02 1.799999999999910187e+02
1.035000000000001386e+01 7.997910840488018493e+02 1.799999999999910187e+02
1.050000000000001421e+01 7.997910840488018493e+02 1.799999999999910187e+02
1.065000000000001457e+01 7.997910840488018493e+02 1.799999999999910187e+02
1.080000000000001492e+01 7.997910840488018493e+02 1.799999999999910187e+02
1.095000000000001528e+01 7.997910840488018493e+02 1.799999999999910187e+02
1.110000000000001563e+01 7.997910840488018493e+02 1.799999999999910187e+02
1.125000000000001599e+01 7.997910840488018493e+02 1.799999999999910187e+02
1.140000000000001634e+01 7.997910840488018493e+02 1.799999999999910187e+02
1.155000000000001670e+01 7.997910840488018493e+02 1.799999999999910187e+02
1.170000000000001705e+01 7.997910840488018493e+02 1.799999999999910187e+02
1.185000000000001741e+01 7.997910840488018493e+02 1.799999999999910187e+02
1.200000000000001776e+01 7.997910840488018493e+02 1.799999999999910187e+02
1.215000000000001812e+01 7.997910840488018493e+02 1.799999999999910187e+02
1.230000000000001847e+01 7.997910840488018493e+02 1.799999999999910187e+02
1.245000000000001883e+01 7.997910840488018493e+02 1.799999999999910187e+02
1.260000000000001918e+01 7.997910840488018493e+02 1.799999999999910187e+02
1.275000000000001954e+01 7.997910840488018493e+02 1.799999999999910187e+02
1.290000000000001990e+01 7.997910840488018493e+02 1.799999999999910187e+02
1.305000000000002025e+01 7.996056425421822951e+02 1.799999999999909903e+02
1.320000000000002061e+01 7.996056425421822951e+02 1.799999999999909903e+02
1.335000000000002096e+01 7.996056425421822951e+02 1.799999999999909903e+02
1.350000000000002132e+01 7.996056425421822951e+02 1.799999999999909903e+02
1.365000000000002167e+01 7.996056425421822951e+02 1.799999999999909903e+02
1.380000000000002203e+01 7.996056425421822951e+02 1.799999999999909903e+02
1.395000000000002238e+01 7.996056425421822951e+02 1.799999999999909903e+02
1.410000000000002274e+01 7.996056425421822951e+02 1.799999999999909903e+02
1.425000000000002309e+01 7.996056425421822951e+02 1.799999999999909903e+02
1.440000000000002345e+01 7.996056425421822951e+02 1.799999999999909903e+02
1.455000000000002380e+01 7.996056425421822951e+02 1.799999999999909903e+02
1.470000000000002416e+01 7.996056425421822951e+02 1.799999999999909903e+02
1.485000000000002451e+01 7.996056425421822951e+02 1.799999999999909903e+02
1.500000000000002487e+01 7.996056425421822951e+02 1.799999999999909903e+02
1.515000000000002522e+01 7.996056425421822951e+02 1.799999999999909903e+02
1.530000000000002558e+01 7.996056425421822951e+02 1.799999999999909903e+02
1.545000000000002593e+01 7.996056425421822951e+02 1.799999999999909903e+02
1.560000000000002629e+01 7.996056425421822951e+02 1.799999999999909903e+02
1.575000000000002665e+01 7.996056425421822951e+02 1.799999999999909903e+02
1.590000000000002700e+01 7.996056425421822951e+02 1.799999999999909903e+02
