1.499999999999999944e-01 7.997219581348440443e+02 1.799992916908159089e+02
2.999999999999999889e-01 7.997219581348440443e+02 1.799992916908159089e+02
4.499999999999999556e-01 7.997219581348440443e+02 1.799992916908159089e+02
5.999999999999999778e-01 7.997219581348440443e+02 1.799992916908159089e+02
7.500000000000000000e-01 7.997219581348440443e+02 1.799992916908159089e+02
9.000000000000000222e-01 7.997219581348440443e+02 1.799992916908159089e+02
1.050000000000000044e+00 7.997219581348440443e+02 1.799992916908159089e+02
1.199999999999999956e+00 7.997219581348440443e+02 1.799992916908159089e+02
1.349999999999999867e+00 7.997219581348440443e+02 1.799992916908159089e+02
1.499999999999999778e+00 7.997219581348440443e+02 1.799992916908159089e+02
1.649999999999999689e+00 7.997219581348440443e+02 1.799992916908159089e+02
1.799999999999999600e+00 7.997219581348440443e+02 1.799992916908159089e+02
1.949999999999999512e+00 7.997219581348440443e+02 1.799992916908159089e+02
2.099999999999999645e+00 7.998594005259037658e+02 1.799992921599577755e+02
2.249999999999999556e+00 7.998594005259037658e+02 1.799992921599577755e+02
2.399999999999999467e+00 7.998594005259037658e+02 1.799992921599577755e+02
2.549999999999999378e+00 7.998594005259037658e+02 1.799992921599577755e+02
2.699999999999999289e+00 7.998594005259037658e+02 1.799992921599577755e+02
2.849999999999999201e+00 7.998594005259037658e+02 1.799992921599577755e+02
2.999999999999999112e+00 7.998594005259037658e+02 1.799992921599577755e+02
3.149999999999999023e+00 7.998594005259037658e+02 1.799992921599577755e+02
3.299999999999998934e+00 7.998594005259037658e+02 1.799992921599577755e+02
3.449999999999998845e+00 7.998594005259037658e+02 1.799992921599577755e+02
3.599999999999998757e+00 7.998594005259037658e+02 1.799992921599577755e+02
3.749999999999998668e+00 7.998594005259037658e+02 1.799992921599577755e+02
3.899999999999998579e+00 7.998594005259037658e+02 1.799992921599577755e+02
4.049999999999998934e+00 4.421204262254415198e+02 1.799992926835954279e+02
4.199999999999999289e+00 2.160723493003207807e+02 1.799992935451805920e+02
4.349999999999999645e+00 7.345737055246360114e+01 1.799992999962542228e+02
4.500000000000000000e+00 2.888491951428958515e+01 1.799993155706703476e+02
4.650000000000000355e+00 1.126035222100149724e+01 1.799993548761276543e+02
4.800000000000000711e+00 4.854916768504253355e+00 1.799994421033434264e+02
4.950000000000001066e+00 2.458822622575155492e+00 1.799995916000922875e+02
5.100000000000001421e+00 1.571638820588162844e+00 1.799997623016174657e+02
5.250000000000001776e+00 1.241949638810865508e+00 1.799998883346850960e+02
5.400000000000002132e+00 1.119590831647599316e+00 1.799999540043453692e+02
5.550000000000002487e+00 1.074158474587363798e+00 1.799999821747932174e+02
5.700000000000002842e+00 1.057291989047087100e+00 1.799999932758619821e+02
5.850000000000003197e+00 1.051030046874871005e+00 1.799999974884600817e+02
6.000000000000003553e+00 1.048705253886225819e+00 1.799999990640786791e+02
6.150000000000003908e+00 1.047842155127682418e+00 1.799999996522064691e+02
6.300000000000004263e+00 1.047521735315399383e+00 1.799999998708248370e+02
6.450000000000004619e+00 1.047402813175040137e+00 1.799999999519641278e+02
6.600000000000004974e+00 1.047358761981797670e+00 1.799999999821635299e+02
6.750000000000005329e+00 1.047342676102118730e+00 1.799999999933772301e+02
6.900000000000005684e+00 1.047337427507557095e+00 1.799999999975374010e+02
7.050000000000006040e+00 1.047337427537058829e+00 1.799999999990854462e+02
7.200000000000006395e+00 1.047342676161122199e+00 1.799999999996603037e+02
7.350000000000006750e+00 1.047358762011299405e+00 1.799999999998737223e+02
7.500000000000007105e+00 1.047402813381552278e+00 1.799999999999532463e+02
7.650000000000007461e+00 1.047521735698921930e+00 1.799999999999825775e+02
7.800000000000007816e+00 1.047842156248748324e+00 1.799999999999935483e+02
7.950000000000008171e+00 1.048705256747894055e+00 1.799999999999975557e+02
8.100000000000008527e+00 1.051030054515820211e+00 1.799999999999990621e+02
8.250000000000008882e+00 1.057292009668799437e+00 1.799999999999996305e+02
8.400000000000009237e+00 1.074158530109627918e+00 1.799999999999997442e+02
8.550000000000009592e+00 1.119590981162389198e+00 1.799999999999998295e+02
8.700000000000009948e+00 1.241950041539041649e+00 1.799999999999993463e+02
8.850000000000010303e+00 1.571639905691455397e+00 1.799999999999985221e+02
9.000000000000010658e+00 2.458825541594762853e+00 1.799999999999975557e+02
9.150000000000011013e+00 4.854924658912750601e+00 1.799999999999963620e+02
9.300000000000011369e+00 1.126037326333296917e+01 1.799999999999959641e+02
9.450000000000011724e+00 2.888497780940696913e+01 1.799999999999955662e+02
9.600000000000012079e+00 7.345751498386448475e+01 1.799999999999957367e+02
9.750000000000012434e+00 2.160728372799613908e+02 1.799999999999954809e+02
9.900000000000012790e+00 4.421210717456198154e+02 1.799999999999955946e+02
1.005000000000001315e+01 7.998623683839438172e+02 1.799999999999955094e+02
1.020000000000001350e+01 7.998623683839438172e+02 1.799999999999955094e+02
1.035000000000001386e+01 7.998623683839438172e+02 1.799999999999955094e+02
1.050000000000001421e+01 7.998623683839438172e+02 1.799999999999955094e+02
1.065000000000001457e+01 7.998623683839438172e+02 1.799999999999955094e+02
1.080000000000001492e+01 7.998623683839438172e+02 1.799999999999955094e+02
1.095000000000001528e+01 7.998623683839438172e+02 1.799999999999955094e+02
1.110000000000001563e+01 7.998623683839438172e+02 1.799999999999955094e+02
1.125000000000001599e+01 7.998623683839438172e+02 1.799999999999955094e+02
1.140000000000001634e+01 7.998623683839438172e+02 1.799999999999955094e+02
1.155000000000001670e+01 7.998623683839438172e+02 1.799999999999955094e+02
1.170000000000001705e+01 7.998623683839438172e+02 1.799999999999955094e+02
1.185000000000001741e+01 7.998623683839438172e+02 1.799999999999955094e+02
1.200000000000001776e+01 7.998623683839438172e+02 1.799999999999955094e+02
1.215000000000001812e+01 7.998623683839438172e+02 1.799999999999955094e+02
1.230000000000001847e+01 7.998623683839438172e+02 1.799999999999955094e+02
1.245000000000001883e+01 7.998623683839438172e+02 1.799999999999955094e+02
1.260000000000001918e+01 7.998623683839438172e+02 1.799999999999955094e+02
1.275000000000001954e+01 7.998623683839438172e+02 1.799999999999955094e+02
1.290000000000001990e+01 7.998623683839438172e+02 1.799999999999955094e+02
1.305000000000002025e+01 7.997278273249673930e+02 1.799999999999956231e+02
1.320000000000002061e+01 7.997278273249673930e+02 1.799999999999956231e+02
1.335000000000002096e+01 7.997278273249673930e+02 1.799999999999956231e+02
1.350000000000002132e+01 7.997278273249673930e+02 1.799999999999956231e+02
1.365000000000002167e+01 7.997278273249673930e+02 1.799999999999956231e+02
1.380000000000002203e+01 7.997278273249673930e+02 1.799999999999956231e+02
1.395000000000002238e+01 7.997278273249673930e+02 1.799999999999956231e+02
1.410000000000002274e+01 7.997278273249673930e+02 1.799999999999956231e+02
1.425000000000002309e+01 7.997278273249673930e+02 1.799999999999956231e+02
1.440000000000002345e+01 7.997278273249673930e+02 1.799999999999956231e+02
1.455000000000002380e+01 7.997278273249673930e+02 1.799999999999956231e+02
1.470000000000002416e+01 7.997278273249673930e+02 1.799999999999956231e+02
1.485000000000002451e+01 7.997278273249673930e+02 1.799999999999956231e+02
1.500000000000002487e+01 7.997278273249673930e+02 1.799999999999956231e+02
1.515000000000002522e+01 7.997278273249673930e+02 1.799999999999956231e+02
1.530000000000002558e+01 7.997278273249673930e+02 1.799999999999956231e+02
1.545000000000002593e+01 7.997278273249673930e+02 1.799999999999956231e+02
1.560000000000002629e+01 7.997278273249673930e+02 1.799999999999956231e+02
1.575000000000002665e+01 7.997278273249673930e+02 1.799999999999956231e+02
1.590000000000002700e+01 7.997278273249673930e+02 1.799999999999956231e+02
