1.499999999999999944e-01 7.999267050039031801e+02 2.901567874857846618e-12
2.999999999999999889e-01 7.999267050039031801e+02 2.901567874857846618e-12
4.499999999999999556e-01 7.999267050039031801e+02 2.901567874857846618e-12
5.999999999999999778e-01 7.999267050039031801e+02 2.901567874857846618e-12
7.500000000000000000e-01 7.999267050039031801e+02 2.901567874857846618e-12
9.000000000000000222e-01 7.999267050039031801e+02 2.901567874857846618e-12
1.050000000000000044e+00 7.999267050039031801e+02 2.901567874857846618e-12
1.199999999999999956e+00 7.999267050039031801e+02 2.901567874857846618e-12
1.349999999999999867e+00 7.999267050039031801e+02 2.901567874857846618e-12
1.499999999999999778e+00 7.999267050039031801e+02 2.901567874857846618e-12
1.649999999999999689e+00 7.999267050039031801e+02 2.901567874857846618e-12
1.799999999999999600e+00 7.999267050039031801e+02 2.901567874857846618e-12
1.949999999999999512e+00 7.999267050039031801e+02 2.901567874857846618e-12
2.099999999999999645e+00 7.999687683400015885e+02 2.862377002088578593e-12
2.249999999999999556e+00 7.999687683400015885e+02 2.862377002088578593e-12
2.399999999999999467e+00 7.999687683400015885e+02 2.862377002088578593e-12
2.549999999999999378e+00 7.999687683400015885e+02 2.862377002088578593e-12
2.699999999999999289e+00 7.999687683400015885e+02 2.862377002088578593e-12
2.849999999999999201e+00 7.999687683400015885e+02 2.862377002088578593e-12
2.999999999999999112e+00 7.999687683400015885e+02 2.862377002088578593e-12
3.149999999999999023e+00 7.999687683400015885e+02 2.862377002088578593e-12
3.299999999999998934e+00 7.999687683400015885e+02 2.862377002088578593e-12
3.449999999999998845e+00 7.999687683400015885e+02 2.862377002088578593e-12
3.599999999999998757e+00 7.999687683400015885e+02 2.862377002088578593e-12
3.749999999999998668e+00 7.999687683400015885e+02 2.862377002088578593e-12
3.899999999999998579e+00 7.999687683400015885e+02 2.862377002088578593e-12
4.049999999999998934e+00 4.672509415643320949e+02 3.148481475534481433e-12
4.199999999999999289e+00 2.607608140128403420e+02 3.850808560912355460e-12
4.349999999999999645e+00 1.045303654290130453e+02 1.033906293912423280e-11
4.500000000000000000e+00 4.705328971569867491e+01 4.261657693405140890e-11
4.650000000000000355e+00 2.046797072329512091e+01 2.145145172605111838e-10
4.800000000000000711e+00 8.998132056107444043e+00 1.102895330618025582e-09
4.950000000000001066e+00 3.939375669375635880e+00 5.733092778292814273e-09
5.100000000000001421e+00 1.723273031707861946e+00 2.986003910798729066e-08
5.250000000000001776e+00 7.503497707269843886e-01 1.562696866352908387e-07
5.400000000000002132e+00 3.235016788680695754e-01 8.259867633197970349e-07
5.550000000000002487e+00 1.361915014663281909e-01 4.471327126887025827e-06
5.700000000000002842e+00 5.400126798122073524e-02 2.569791527495812744e-05
5.850000000000003197e+00 1.793603115220321342e-02 1.763143690599600077e-04
6.000000000000003553e+00 2.110545581672340631e-03 3.414743069266257258e-03
6.150000000000003908e+00 4.833911574678495526e-03 1.799966024200367087e+02
6.300000000000004263e+00 7.881723009631969035e-03 1.799952514315144754e+02
6.450000000000004619e+00 9.220420142810326070e-03 1.799907493754643610e+02
6.600000000000004974e+00 9.810847557673696429e-03 1.799801879397743676e+02
6.750000000000005329e+00 1.007679176836973056e-02 1.799560429611860286e+02
6.900000000000005684e+00 1.020914079708745703e-02 1.799011220995652707e+02
7.050000000000006040e+00 1.030293082294519991e-02 1.797767232713690362e+02
7.200000000000006395e+00 1.042562405200442299e-02 1.794971699390080460e+02
7.350000000000006750e+00 1.066610708585358225e-02 1.788798474693091975e+02
7.500000000000007105e+00 1.120092207929701544e-02 1.775686534256446976e+02
7.650000000000007461e+00 1.243084324960364029e-02 1.750027103985023302e+02
7.800000000000007816e+00 1.529877623761422001e-02 1.707174492738456308e+02
7.950000000000008171e+00 2.201437640360381920e-02 1.651997014146706420e+02
8.100000000000008527e+00 3.762942822686454747e-02 1.600887274346383720e+02
8.250000000000008882e+00 7.355055875996185932e-02 1.566041755193349445e+02
8.400000000000009237e+00 1.556580719779958599e-01 1.546866078102845279e+02
8.550000000000009592e+00 3.429195276784184898e-01 1.537501423938751373e+02
8.700000000000009948e+00 7.697259561849705278e-01 1.533178002525049237e+02
8.850000000000010303e+00 1.742586418446450125e+00 1.531252891249168329e+02
9.000000000000010658e+00 3.958560705396564572e+00 1.530407607892178419e+02
9.150000000000011013e+00 9.017032730154532771e+00 1.530026700616503774e+02
9.300000000000011369e+00 2.048623697470626936e+01 1.529873849478109946e+02
9.450000000000011724e+00 4.707015354379785066e+01 1.529813763948588416e+02
9.600000000000012079e+00 1.045443307557647614e+02 1.529779450408817638e+02
9.750000000000012434e+00 2.607689753319024248e+02 1.529779590870736286e+02
9.900000000000012790e+00 4.672522106812954803e+02 1.529783966566254776e+02
1.005000000000001315e+01 7.999683103759099367e+02 1.529781604785701461e+02
1.020000000000001350e+01 7.999683103759099367e+02 1.529781604785701461e+02
1.035000000000001386e+01 7.999683103759099367e+02 1.529781604785701461e+02
1.050000000000001421e+01 7.999683103759099367e+02 1.529781604785701461e+02
1.065000000000001457e+01 7.999683103759099367e+02 1.529781604785701461e+02
1.080000000000001492e+01 7.999683103759099367e+02 1.529781604785701461e+02
1.095000000000001528e+01 7.999683103759099367e+02 1.529781604785701461e+02
1.110000000000001563e+01 7.999683103759099367e+02 1.529781604785701461e+02
1.125000000000001599e+01 7.999683103759099367e+02 1.529781604785701461e+02
1.140000000000001634e+01 7.999683103759099367e+02 1.529781604785701461e+02
1.155000000000001670e+01 7.999683103759099367e+02 1.529781604785701461e+02
1.170000000000001705e+01 7.999683103759099367e+02 1.529781604785701461e+02
1.185000000000001741e+01 7.999683103759099367e+02 1.529781604785701461e+02
1.200000000000001776e+01 7.999683103759099367e+02 1.529781604785701461e+02
1.215000000000001812e+01 7.999683103759099367e+02 1.529781604785701461e+02
1.230000000000001847e+01 7.999683103759099367e+02 1.529781604785701461e+02
1.245000000000001883e+01 7.999683103759099367e+02 1.529781604785701461e+02
1.260000000000001918e+01 7.999683103759099367e+02 1.529781604785701461e+02
1.275000000000001954e+01 7.999683103759099367e+02 1.529781604785701461e+02
1.290000000000001990e+01 7.999683103759099367e+02 1.529781604785701461e+02
1.305000000000002025e+01 7.999256298150285147e+02 1.529790351805127671e+02
1.320000000000002061e+01 7.999256298150285147e+02 1.529790351805127671e+02
1.335000000000002096e+01 7.999256298150285147e+02 1.529790351805127671e+02
1.350000000000002132e+01 7.999256298150285147e+02 1.529790351805127671e+02
1.365000000000002167e+01 7.999256298150285147e+02 1.529790351805127671e+02
1.380000000000002203e+01 7.999256298150285147e+02 1.529790351805127671e+02
1.395000000000002238e+01 7.999256298150285147e+02 1.529790351805127671e+02
1.410000000000002274e+01 7.999256298150285147e+02 1.529790351805127671e+02
1.425000000000002309e+01 7.999256298150285147e+02 1.529790351805127671e+02
1.440000000000002345e+01 7.999256298150285147e+02 1.529790351805127671e+02
1.455000000000002380e+01 7.999256298150285147e+02 1.529790351805127671e+02
1.470000000000002416e+01 7.999256298150285147e+02 1.529790351805127671e+02
1.485000000000002451e+01 7.999256298150285147e+02 1.529790351805127671e+02
1.500000000000002487e+01 7.999256298150285147e+02 1.529790351805127671e+02
1.515000000000002522e+01 7.999256298150285147e+02 1.529790351805127671e+02
1.530000000000002558e+01 7.999256298150285147e+02 1.529790351805127671e+02
1.545000000000002593e+01 7.999256298150285147e+02 1.529790351805127671e+02
1.560000000000002629e+01 7.999256298150285147e+02 1.529790351805127671e+02
1.575000000000002665e+01 7.999256298150285147e+02 1.529790351805127671e+02
1.590000000000002700e+01 7.999256298150285147e+02 1.529790351805127671e+02
