1.499999999999999944e-01 7.999831766985463446e+02 1.479073329434532624e-04
2.999999999999999889e-01 7.999831766985463446e+02 1.479073329434532624e-04
4.499999999999999556e-01 7.999831766985463446e+02 1.479073329434532624e-04
5.999999999999999778e-01 7.999831766985463446e+02 1.479073329434532624e-04
7.500000000000000000e-01 7.999831766985463446e+02 1.479073329434532624e-04
9.000000000000000222e-01 7.999831766985463446e+02 1.479073329434532624e-04
1.050000000000000044e+00 7.999831766985463446e+02 1.479073329434532624e-04
1.199999999999999956e+00 7.999831766985463446e+02 1.479073329434532624e-04
1.349999999999999867e+00 7.999831766985463446e+02 1.479073329434532624e-04
1.499999999999999778e+00 7.999831766985463446e+02 1.479073329434532624e-04
1.649999999999999689e+00 7.999831766985463446e+02 1.479073329434532624e-04
1.799999999999999600e+00 7.999831766985463446e+02 1.479073329434532624e-04
1.949999999999999512e+00 7.999831766985463446e+02 1.479073329434532624e-04
2.099999999999999645e+00 7.999940975642931562e+02 1.478901991575076735e-04
2.249999999999999556e+00 7.999940975642931562e+02 1.478901991575076735e-04
2.399999999999999467e+00 7.999940975642931562e+02 1.478901991575076735e-04
2.549999999999999378e+00 7.999940975642931562e+02 1.478901991575076735e-04
2.699999999999999289e+00 7.999940975642931562e+02 1.478901991575076735e-04
2.849999999999999201e+00 7.999940975642931562e+02 1.478901991575076735e-04
2.999999999999999112e+00 7.999940975642931562e+02 1.478901991575076735e-04
3.149999999999999023e+00 7.999940975642931562e+02 1.478901991575076735e-04
3.299999999999998934e+00 7.999940975642931562e+02 1.478901991575076735e-04
3.449999999999998845e+00 7.999940975642931562e+02 1.478901991575076735e-04
3.599999999999998757e+00 7.999940975642931562e+02 1.478901991575076735e-04
3.749999999999998668e+00 7.999940975642931562e+02 1.478901991575076735e-04
3.899999999999998579e+00 7.999940975642931562e+02 1.478901991575076735e-04
4.049999999999998934e+00 4.860340335460603001e+02 1.480188752049915735e-04
4.199999999999999289e+00 3.094639712164113803e+02 1.484387873718073791e-04
4.349999999999999645e+00 1.491161281444626923e+02 1.493647000984088535e-04
4.500000000000000000e+00 7.964822840831959638e+01 1.510433499335439578e-04
4.650000000000000355e+00 4.124210982473707077e+01 1.544988867623331430e-04
4.800000000000000711e+00 2.109240517781252322e+01 1.611894346654763055e-04
4.950000000000001066e+00 1.032386213618968895e+01 1.754667581275182187e-04
5.100000000000001421e+00 4.590443069642077489e+00 2.104990833253772564e-04
5.250000000000001776e+00 1.533790239022408741e+00 3.358233563995893789e-04
5.400000000000002132e+00 9.530900903382644174e-02 1.799971190849578306e+02
5.550000000000002487e+00 9.636405173768594068e-01 1.799998480233078908e+02
5.700000000000002842e+00 1.426461363128026960e+00 1.799999452713702510e+02
5.850000000000003197e+00 1.673150605475854036e+00 1.799999751273965956e+02
6.000000000000003553e+00 1.804648319888087826e+00 1.799999877004131861e+02
6.150000000000003908e+00 1.874761701685287107e+00 1.799999936887076899e+02
6.300000000000004263e+00 1.912180377546150112e+00 1.799999967014983326e+02
6.450000000000004619e+00 1.932215724253069311e+00 1.799999982589291676e+02
6.600000000000004974e+00 1.943066035507172273e+00 1.799999990770768079e+02
6.750000000000005329e+00 1.949171171447346751e+00 1.799999995095619454e+02
6.900000000000005684e+00 1.953029306002946441e+00 1.799999997389331554e+02
7.050000000000006040e+00 1.956219158273142966e+00 1.799999998610609566e+02
7.200000000000006395e+00 1.960045991709819191e+00 1.799999999260809886e+02
7.350000000000006750e+00 1.966075718015957818e+00 1.799999999606947654e+02
7.500000000000007105e+00 1.976775657086022875e+00 1.799999999791610321e+02
7.650000000000007461e+00 1.996524148251381803e+00 1.799999999890011395e+02
7.800000000000007816e+00 2.033402142639914700e+00 1.799999999942395164e+02
7.950000000000008171e+00 2.102499903201618281e+00 1.799999999970291071e+02
8.100000000000008527e+00 2.232091925865660187e+00 1.799999999985068939e+02
8.250000000000008882e+00 2.475207207005013288e+00 1.799999999992791118e+02
8.400000000000009237e+00 2.931329001226700370e+00 1.799999999996710471e+02
8.550000000000009592e+00 3.787114878191431444e+00 1.799999999998577778e+02
8.700000000000009948e+00 5.392757716897335740e+00 1.799999999999383533e+02
8.850000000000010303e+00 8.405686657449926713e+00 1.799999999999688214e+02
9.000000000000010658e+00 1.405807341062193316e+01 1.799999999999784848e+02
9.150000000000011013e+00 2.467798941611693664e+01 1.799999999999810711e+02
9.300000000000011369e+00 4.456082866880812787e+01 1.799999999999817248e+02
9.450000000000011724e+00 8.250326657915678652e+01 1.799999999999816396e+02
9.600000000000012079e+00 1.512336824323637643e+02 1.799999999999815543e+02
9.750000000000012434e+00 3.104829953683430972e+02 1.799999999999815827e+02
9.900000000000012790e+00 4.861479591635007864e+02 1.799999999999813554e+02
1.005000000000001315e+01 7.999942141646699838e+02 1.799999999999813838e+02
1.020000000000001350e+01 7.999942141646699838e+02 1.799999999999813838e+02
1.035000000000001386e+01 7.999942141646699838e+02 1.799999999999813838e+02
1.050000000000001421e+01 7.999942141646699838e+02 1.799999999999813838e+02
1.065000000000001457e+01 7.999942141646699838e+02 1.799999999999813838e+02
1.080000000000001492e+01 7.999942141646699838e+02 1.799999999999813838e+02
1.095000000000001528e+01 7.999942141646699838e+02 1.799999999999813838e+02
1.110000000000001563e+01 7.999942141646699838e+02 1.799999999999813838e+02
1.125000000000001599e+01 7.999942141646699838e+02 1.799999999999813838e+02
1.140000000000001634e+01 7.999942141646699838e+02 1.799999999999813838e+02
1.155000000000001670e+01 7.999942141646699838e+02 1.799999999999813838e+02
1.170000000000001705e+01 7.999942141646699838e+02 1.799999999999813838e+02
1.185000000000001741e+01 7.999942141646699838e+02 1.799999999999813838e+02
1.200000000000001776e+01 7.999942141646699838e+02 1.799999999999813838e+02
1.215000000000001812e+01 7.999942141646699838e+02 1.799999999999813838e+02
1.230000000000001847e+01 7.999942141646699838e+02 1.799999999999813838e+02
1.245000000000001883e+01 7.999942141646699838e+02 1.799999999999813838e+02
1.260000000000001918e+01 7.999942141646699838e+02 1.799999999999813838e+02
1.275000000000001954e+01 7.999942141646699838e+02 1.799999999999813838e+02
1.290000000000001990e+01 7.999942141646699838e+02 1.799999999999813838e+02
1.305000000000002025e+01 7.999834971342712606e+02 1.799999999999813838e+02
1.320000000000002061e+01 7.999834971342712606e+02 1.799999999999813838e+02
1.335000000000002096e+01 7.999834971342712606e+02 1.799999999999813838e+02
1.350000000000002132e+01 7.999834971342712606e+02 1.799999999999813838e+02
1.365000000000002167e+01 7.999834971342712606e+02 1.799999999999813838e+02
1.380000000000002203e+01 7.999834971342712606e+02 1.799999999999813838e+02
1.395000000000002238e+01 7.999834971342712606e+02 1.799999999999813838e+02
1.410000000000002274e+01 7.999834971342712606e+02 1.799999999999813838e+02
1.425000000000002309e+01 7.999834971342712606e+02 1.799999999999813838e+02
1.440000000000002345e+01 7.999834971342712606e+02 1.799999999999813838e+02
1.455000000000002380e+01 7.999834971342712606e+02 1.799999999999813838e+02
1.470000000000002416e+01 7.999834971342712606e+02 1.799999999999813838e+02
1.485000000000002451e+01 7.999834971342712606e+02 1.799999999999813838e+02
1.500000000000002487e+01 7.999834971342712606e+02 1.799999999999813838e+02
1.515000000000002522e+01 7.999834971342712606e+02 1.799999999999813838e+02
1.530000000000002558e+01 7.999834971342712606e+02 1.799999999999813838e+02
1.545000000000002593e+01 7.999834971342712606e+02 1.799999999999813838e+02
1.560000000000002629e+01 7.999834971342712606e+02 1.799999999999813838e+02
1.575000000000002665e+01 7.999834971342712606e+02 1.799999999999813838e+02
1.590000000000002700e+01 7.999834971342712606e+02 1.799999999999813838e+02
