1.499999999999999944e-01 7.997706104029250582e+02 1.799987144075779497e+02
2.999999999999999889e-01 7.997706104029250582e+02 1.799987144075779497e+02
4.499999999999999556e-01 7.997706104029250582e+02 1.799987144075779497e+02
5.999999999999999778e-01 7.997706104029250582e+02 1.799987144075779497e+02
7.500000000000000000e-01 7.997706104029250582e+02 1.799987144075779497e+02
9.000000000000000222e-01 7.997706104029250582e+02 1.799987144075779497e+02
1.050000000000000044e+00 7.997706104029250582e+02 1.799987144075779497e+02
1.199999999999999956e+00 7.997706104029250582e+02 1.799987144075779497e+02
1.349999999999999867e+00 7.997706104029250582e+02 1.799987144075779497e+02
1.499999999999999778e+00 7.997706104029250582e+02 1.799987144075779497e+02
1.649999999999999689e+00 7.997706104029250582e+02 1.799987144075779497e+02
1.799999999999999600e+00 7.997706104029250582e+02 1.799987144075779497e+02
1.949999999999999512e+00 7.997706104029250582e+02 1.799987144075779497e+02
2.099999999999999645e+00 7.998868617386333426e+02 1.799987149234722210e+02
2.249999999999999556e+00 7.998868617386333426e+02 1.799987149234722210e+02
2.399999999999999467e+00 7.998868617386333426e+02 1.799987149234722210e+02
2.549999999999999378e+00 7.998868617386333426e+02 1.799987149234722210e+02
2.699999999999999289e+00 7.998868617386333426e+02 1.799987149234722210e+02
2.849999999999999201e+00 7.998868617386333426e+02 1.799987149234722210e+02
2.999999999999999112e+00 7.998868617386333426e+02 1.799987149234722210e+02
3.149999999999999023e+00 7.998868617386333426e+02 1.799987149234722210e+02
3.299999999999998934e+00 7.998868617386333426e+02 1.799987149234722210e+02
3.449999999999998845e+00 7.998868617386333426e+02 1.799987149234722210e+02
3.599999999999998757e+00 7.998868617386333426e+02 1.799987149234722210e+02
3.749999999999998668e+00 7.998868617386333426e+02 1.799987149234722210e+02
3.899999999999998579e+00 7.998868617386333426e+02 1.799987149234722210e+02
4.049999999999998934e+00 4.464352206011690782e+02 1.799987158759539909e+02
4.199999999999999289e+00 2.227018943621934000e+02 1.799987179343286812e+02
4.349999999999999645e+00 7.762888219427765080e+01 1.799987283911196414e+02
4.500000000000000000e+00 3.115065601818071173e+01 1.799987530701417029e+02
4.650000000000000355e+00 1.234353436928825687e+01 1.799988149777704507e+02
4.800000000000000711e+00 5.332544503893700494e+00 1.799989520904490234e+02
4.950000000000001066e+00 2.645644612489405745e+00 1.799991973329490236e+02
5.100000000000001421e+00 1.625790555970269224e+00 1.799995023217312564e+02
5.250000000000001776e+00 1.237381022320221291e+00 1.799997512059477742e+02
5.400000000000002132e+00 1.089629650582253362e+00 1.799998924792701018e+02
5.550000000000002487e+00 1.033401757194098991e+00 1.799999568249060928e+02
5.700000000000002842e+00 1.012006874553151192e+00 1.799999832226010028e+02
5.850000000000003197e+00 1.003865650187094616e+00 1.799999935637340513e+02
6.000000000000003553e+00 1.000767791921418848e+00 1.799999975412361550e+02
6.150000000000003908e+00 9.995890110341179025e-01 1.799999990632340143e+02
6.300000000000004263e+00 9.991404892923014813e-01 1.799999996433611500e+02
6.450000000000004619e+00 9.989698832109752402e-01 1.799999998641553418e+02
6.600000000000004974e+00 9.989051332763665414e-01 1.799999999483019906e+02
6.750000000000005329e+00 9.988809379009353506e-01 1.799999999803262654e+02
6.900000000000005684e+00 9.988728956101340373e-01 1.799999999925074974e+02
7.050000000000006040e+00 9.988728956396357717e-01 1.799999999971488762e+02
7.200000000000006395e+00 9.988809378714336162e-01 1.799999999989150865e+02
7.350000000000006750e+00 9.989051333058682758e-01 1.799999999995867199e+02
7.500000000000007105e+00 9.989698833584839122e-01 1.799999999998425722e+02
7.650000000000007461e+00 9.991404897643292315e-01 1.799999999999401155e+02
7.800000000000007816e+00 9.995890121846855436e-01 1.799999999999771774e+02
7.950000000000008171e+00 1.000767794901094021e+00 1.799999999999913314e+02
8.100000000000008527e+00 1.003865658093559432e+00 1.799999999999965610e+02
8.250000000000008882e+00 1.012006895440379139e+00 1.799999999999985505e+02
8.400000000000009237e+00 1.033401812067324954e+00 1.799999999999989484e+02
8.550000000000009592e+00 1.089629794904737992e+00 1.799999999999983800e+02
8.700000000000009948e+00 1.237381401535515124e+00 1.799999999999970157e+02
8.850000000000010303e+00 1.625791552878126822e+00 1.799999999999942304e+02
9.000000000000010658e+00 2.645647229248993426e+00 1.799999999999909051e+02
9.150000000000011013e+00 5.332551403560202630e+00 1.799999999999877787e+02
9.300000000000011369e+00 1.234355233002712637e+01 1.799999999999862155e+02
9.450000000000011724e+00 3.115070452817389679e+01 1.799999999999855333e+02
9.600000000000012079e+00 7.762899962239485774e+01 1.799999999999851639e+02
9.750000000000012434e+00 2.227022822114764438e+02 1.799999999999850218e+02
9.900000000000012790e+00 4.464357164469989243e+02 1.799999999999850786e+02
1.005000000000001315e+01 7.998892069560580467e+02 1.799999999999849649e+02
1.020000000000001350e+01 7.998892069560580467e+02 1.799999999999849649e+02
1.035000000000001386e+01 7.998892069560580467e+02 1.799999999999849649e+02
1.050000000000001421e+01 7.998892069560580467e+02 1.799999999999849649e+02
1.065000000000001457e+01 7.998892069560580467e+02 1.799999999999849649e+02
1.080000000000001492e+01 7.998892069560580467e+02 1.799999999999849649e+02
1.095000000000001528e+01 7.998892069560580467e+02 1.799999999999849649e+02
1.110000000000001563e+01 7.998892069560580467e+02 1.799999999999849649e+02
1.125000000000001599e+01 7.998892069560580467e+02 1.799999999999849649e+02
1.140000000000001634e+01 7.998892069560580467e+02 1.799999999999849649e+02
1.155000000000001670e+01 7.998892069560580467e+02 1.799999999999849649e+02
1.170000000000001705e+01 7.998892069560580467e+02 1.799999999999849649e+02
1.185000000000001741e+01 7.998892069560580467e+02 1.799999999999849649e+02
1.200000000000001776e+01 7.998892069560580467e+02 1.799999999999849649e+02
1.215000000000001812e+01 7.998892069560580467e+02 1.799999999999849649e+02
1.230000000000001847e+01 7.998892069560580467e+02 1.799999999999849649e+02
1.245000000000001883e+01 7.998892069560580467e+02 1.799999999999849649e+02
1.260000000000001918e+01 7.998892069560580467e+02 1.799999999999849649e+02
1.275000000000001954e+01 7.998892069560580467e+02 1.799999999999849649e+02
1.290000000000001990e+01 7.998892069560580467e+02 1.799999999999849649e+02
1.305000000000002025e+01 7.997753654474851146e+02 1.799999999999850786e+02
1.320000000000002061e+01 7.997753654474851146e+02 1.799999999999850786e+02
1.335000000000002096e+01 7.997753654474851146e+02 1.799999999999850786e+02
1.350000000000002132e+01 7.997753654474851146e+02 1.799999999999850786e+02
1.365000000000002167e+01 7.997753654474851146e+02 1.799999999999850786e+02
1.380000000000002203e+01 7.997753654474851146e+02 1.799999999999850786e+02
1.395000000000002238e+01 7.997753654474851146e+02 1.799999999999850786e+02
1.410000000000002274e+01 7.997753654474851146e+02 1.799999999999850786e+02
1.425000000000002309e+01 7.997753654474851146e+02 1.799999999999850786e+02
1.440000000000002345e+01 7.997753654474851146e+02 1.799999999999850786e+02
1.455000000000002380e+01 7.997753654474851146e+02 1.799999999999850786e+02
1.470000000000002416e+01 7.997753654474851146e+02 1.799999999999850786e+02
1.485000000000002451e+01 7.997753654474851146e+02 1.799999999999850786e+02
1.500000000000002487e+01 7.997753654474851146e+02 1.799999999999850786e+02
1.515000000000002522e+01 7.997753654474851146e+02 1.799999999999850786e+02
1.530000000000002558e+01 7.997753654474851146e+02 1.799999999999850786e+02
1.545000000000002593e+01 7.997753654474851146e+02 1.799999999999850786e+02
1.560000000000002629e+01 7.997753654474851146e+02 1.799999999999850786e+02
1.575000000000002665e+01 7.997753654474851146e+02 1.799999999999850786e+02
1.590000000000002700e+01 7.997753654474851146e+02 1.799999999999850786e+02
