1.499999999999999944e-01 7.999946799108637379e+02 2.857156733426791106e-10
2.999999999999999889e-01 7.999946799108637379e+02 2.857156733426791106e-10
4.499999999999999556e-01 7.999946799108637379e+02 2.857156733426791106e-10
5.999999999999999778e-01 7.999946799108637379e+02 2.857156733426791106e-10
7.500000000000000000e-01 7.999946799108637379e+02 2.857156733426791106e-10
9.000000000000000222e-01 7.999946799108637379e+02 2.857156733426791106e-10
1.050000000000000044e+00 7.999946799108637379e+02 2.857156733426791106e-10
1.199999999999999956e+00 7.999946799108637379e+02 2.857156733426791106e-10
1.349999999999999867e+00 7.999946799108637379e+02 2.857156733426791106e-10
1.499999999999999778e+00 7.999946799108637379e+02 2.857156733426791106e-10
1.649999999999999689e+00 7.999946799108637379e+02 2.857156733426791106e-10
1.799999999999999600e+00 7.999946799108637379e+02 2.857156733426791106e-10
1.949999999999999512e+00 7.999946799108637379e+02 2.857156733426791106e-10
2.099999999999999645e+00 7.999983936259627626e+02 2.857895031738166836e-10
2.249999999999999556e+00 7.999983936259627626e+02 2.857895031738166836e-10
2.399999999999999467e+00 7.999983936259627626e+02 2.857895031738166836e-10
2.549999999999999378e+00 7.999983936259627626e+02 2.857895031738166836e-10
2.699999999999999289e+00 7.999983936259627626e+02 2.857895031738166836e-10
2.849999999999999201e+00 7.999983936259627626e+02 2.857895031738166836e-10
2.999999999999999112e+00 7.999983936259627626e+02 2.857895031738166836e-10
3.149999999999999023e+00 7.999983936259627626e+02 2.857895031738166836e-10
3.299999999999998934e+00 7.999983936259627626e+02 2.857895031738166836e-10
3.449999999999998845e+00 7.999983936259627626e+02 2.857895031738166836e-10
3.599999999999998757e+00 7.999983936259627626e+02 2.857895031738166836e-10
3.749999999999998668e+00 7.999983936259627626e+02 2.857895031738166836e-10
3.899999999999998579e+00 7.999983936259627626e+02 2.857895031738166836e-10
4.049999999999998934e+00 4.958152362765929979e+02 2.876774374271917623e-10
4.199999999999999289e+00 3.454975862872320818e+02 2.986214608924342429e-10
4.349999999999999645e+00 1.931724400287554886e+02 3.395064229749777951e-10
4.500000000000000000e+00 1.208610381651593570e+02 4.471261139116222694e-10
4.650000000000000355e+00 7.512248835788989254e+01 7.333427198830122506e-10
4.800000000000000711e+00 4.703257926870065120e+01 1.459100618106390357e-09
4.950000000000001066e+00 2.935414843914738015e+01 3.308661011836022681e-09
5.100000000000001421e+00 1.821499083266718344e+01 8.053190669876642005e-09
5.250000000000001776e+00 1.117884271336231095e+01 2.034151647123394469e-08
5.400000000000002132e+00 6.732187548859727144e+00 5.294957949875112035e-08
5.550000000000002487e+00 3.921099975056719700e+00 1.433541177986441539e-07
5.700000000000002842e+00 2.143678514351506692e+00 4.135992496268059426e-07
5.850000000000003197e+00 1.019535892055444037e+00 1.372632900342729556e-06
6.000000000000003553e+00 3.081454294756440504e-01 7.180696713904310968e-06
6.150000000000003908e+00 1.426971250439237338e-01 1.799999755157616903e+02
6.300000000000004263e+00 4.294499430401401696e-01 1.799999871534310500e+02
6.450000000000004619e+00 6.134643492305258405e-01 1.799999857784324888e+02
6.600000000000004974e+00 7.341108741072730481e-01 1.799999812334838509e+02
6.750000000000005329e+00 8.172024374715078920e-01 1.799999733789273932e+02
6.900000000000005684e+00 8.805169816554894169e-01 1.799999609285312090e+02
7.050000000000006040e+00 9.376010929061635579e-01 1.799999420584314009e+02
7.200000000000006395e+00 1.000668357004201425e+00 1.799999142707010265e+02
7.350000000000006750e+00 1.083212554186616217e+00 1.799998747583622105e+02
7.500000000000007105e+00 1.202894808620499134e+00 1.799998219072629979e+02
7.650000000000007461e+00 1.385322479913469351e+00 1.799997558061805591e+02
7.800000000000007816e+00 1.669528493542628667e+00 1.799996795682490358e+02
7.950000000000008171e+00 2.116323989001841710e+00 1.799996008280224657e+02
8.100000000000008527e+00 2.821313022465574250e+00 1.799995271699133923e+02
8.250000000000008882e+00 3.935359583861696819e+00 1.799994639311227331e+02
8.400000000000009237e+00 5.696903261013687825e+00 1.799994152250979482e+02
8.550000000000009592e+00 8.483115110676848758e+00 1.799993798343417097e+02
8.700000000000009948e+00 1.289102020420023464e+01 1.799993545381342130e+02
8.850000000000010303e+00 1.986734139385955089e+01 1.799993384613788123e+02
9.000000000000010658e+00 3.091542039102613160e+01 1.799993282676133788e+02
9.150000000000011013e+00 4.845819261574609982e+01 1.799993210814344593e+02
9.300000000000011369e+00 7.635304857869532213e+01 1.799993175297526307e+02
9.450000000000011724e+00 1.218250573230509843e+02 1.799993157072950964e+02
9.600000000000012079e+00 1.938069335437409677e+02 1.799993140100830260e+02
9.750000000000012434e+00 3.457531624686988039e+02 1.799993140942451362e+02
9.900000000000012790e+00 4.958368282061461514e+02 1.799993143965288311e+02
1.005000000000001315e+01 7.999983787288304029e+02 1.799993142537236679e+02
1.020000000000001350e+01 7.999983787288304029e+02 1.799993142537236679e+02
1.035000000000001386e+01 7.999983787288304029e+02 1.799993142537236679e+02
1.050000000000001421e+01 7.999983787288304029e+02 1.799993142537236679e+02
1.065000000000001457e+01 7.999983787288304029e+02 1.799993142537236679e+02
1.080000000000001492e+01 7.999983787288304029e+02 1.799993142537236679e+02
1.095000000000001528e+01 7.999983787288304029e+02 1.799993142537236679e+02
1.110000000000001563e+01 7.999983787288304029e+02 1.799993142537236679e+02
1.125000000000001599e+01 7.999983787288304029e+02 1.799993142537236679e+02
1.140000000000001634e+01 7.999983787288304029e+02 1.799993142537236679e+02
1.155000000000001670e+01 7.999983787288304029e+02 1.799993142537236679e+02
1.170000000000001705e+01 7.999983787288304029e+02 1.799993142537236679e+02
1.185000000000001741e+01 7.999983787288304029e+02 1.799993142537236679e+02
1.200000000000001776e+01 7.999983787288304029e+02 1.799993142537236679e+02
1.215000000000001812e+01 7.999983787288304029e+02 1.799993142537236679e+02
1.230000000000001847e+01 7.999983787288304029e+02 1.799993142537236679e+02
1.245000000000001883e+01 7.999983787288304029e+02 1.799993142537236679e+02
1.260000000000001918e+01 7.999983787288304029e+02 1.799993142537236679e+02
1.275000000000001954e+01 7.999983787288304029e+02 1.799993142537236679e+02
1.290000000000001990e+01 7.999983787288304029e+02 1.799993142537236679e+02
1.305000000000002025e+01 7.999946295754364201e+02 1.799993148261030171e+02
1.320000000000002061e+01 7.999946295754364201e+02 1.799993148261030171e+02
1.335000000000002096e+01 7.999946295754364201e+02 1.799993148261030171e+02
1.350000000000002132e+01 7.999946295754364201e+02 1.799993148261030171e+02
1.365000000000002167e+01 7.999946295754364201e+02 1.799993148261030171e+02
1.380000000000002203e+01 7.999946295754364201e+02 1.799993148261030171e+02
1.395000000000002238e+01 7.999946295754364201e+02 1.799993148261030171e+02
1.410000000000002274e+01 7.999946295754364201e+02 1.799993148261030171e+02
1.425000000000002309e+01 7.999946295754364201e+02 1.799993148261030171e+02
1.440000000000002345e+01 7.999946295754364201e+02 1.799993148261030171e+02
1.455000000000002380e+01 7.999946295754364201e+02 1.799993148261030171e+02
1.470000000000002416e+01 7.999946295754364201e+02 1.799993148261030171e+02
1.485000000000002451e+01 7.999946295754364201e+02 1.799993148261030171e+02
1.500000000000002487e+01 7.999946295754364201e+02 1.799993148261030171e+02
1.515000000000002522e+01 7.999946295754364201e+02 1.799993148261030171e+02
1.530000000000002558e+01 7.999946295754364201e+02 1.799993148261030171e+02
1.545000000000002593e+01 7.999946295754364201e+02 1.799993148261030171e+02
1.560000000000002629e+01 7.999946295754364201e+02 1.799993148261030171e+02
1.575000000000002665e+01 7.999946295754364201e+02 1.799993148261030171e+02
1.590000000000002700e+01 7.999946295754364201e+02 1.799993148261030171e+02
