1.499999999999999944e-01 7.994422917968053071e+02 4.725508786452279963e+01
2.999999999999999889e-01 7.994422917968053071e+02 4.725508786452279963e+01
4.499999999999999556e-01 7.994422917968053071e+02 4.725508786452279963e+01
5.999999999999999778e-01 7.994422917968053071e+02 4.725508786452279963e+01
7.500000000000000000e-01 7.994422917968053071e+02 4.725508786452279963e+01
9.000000000000000222e-01 7.994422917968053071e+02 4.725508786452279963e+01
1.050000000000000044e+00 7.994422917968053071e+02 4.725508786452279963e+01
1.199999999999999956e+00 7.994422917968053071e+02 4.725508786452279963e+01
1.349999999999999867e+00 7.994422917968053071e+02 4.725508786452279963e+01
1.499999999999999778e+00 7.994422917968053071e+02 4.725508786452279963e+01
1.649999999999999689e+00 7.994422917968053071e+02 4.725508786452279963e+01
1.799999999999999600e+00 7.994422917968053071e+02 4.725508786452279963e+01
1.949999999999999512e+00 7.994422917968053071e+02 4.725508786452279963e+01
2.099999999999999645e+00 7.996917068661574604e+02 4.725744628142506087e+01
2.249999999999999556e+00 7.996917068661574604e+02 4.725744628142506087e+01
2.399999999999999467e+00 7.996917068661574604e+02 4.725744628142506087e+01
2.549999999999999378e+00 7.996917068661574604e+02 4.725744628142506087e+01
2.699999999999999289e+00 7.996917068661574604e+02 4.725744628142506087e+01
2.849999999999999201e+00 7.996917068661574604e+02 4.725744628142506087e+01
2.999999999999999112e+00 7.996917068661574604e+02 4.725744628142506087e+01
3.149999999999999023e+00 7.996917068661574604e+02 4.725744628142506087e+01
3.299999999999998934e+00 7.996917068661574604e+02 4.725744628142506087e+01
3.449999999999998845e+00 7.996917068661574604e+02 4.725744628142506087e+01
3.599999999999998757e+00 7.996917068661574604e+02 4.725744628142506087e+01
3.749999999999998668e+00 7.996917068661574604e+02 4.725744628142506087e+01
3.899999999999998579e+00 7.996917068661574604e+02 4.725744628142506087e+01
4.049999999999998934e+00 4.243556217439755756e+02 4.728722500776535753e+01
4.199999999999999289e+00 1.913639957276745349e+02 4.737227151638386857e+01
4.349999999999999645e+00 5.830919021601588526e+01 4.769639232228001191e+01
4.500000000000000000e+00 2.033371551750354556e+01 4.857895711576335884e+01
4.650000000000000355e+00 6.527763720361186017e+00 5.144663441247223545e+01
4.800000000000000711e+00 1.988978889144505047e+00 6.120351740619344838e+01
4.950000000000001066e+00 6.005134088127306313e-01 1.003561930124847237e+02
5.100000000000001421e+00 5.099180440521422497e-01 1.568132570123608502e+02
5.250000000000001776e+00 5.953273812933730369e-01 1.734254560961104517e+02
5.400000000000002132e+00 6.334780166026803272e-01 1.779056373696812727e+02
5.550000000000002487e+00 6.472471067299920833e-01 1.793040302197769336e+02
5.700000000000002842e+00 6.520079883542848620e-01 1.797653740510169200e+02
5.850000000000003197e+00 6.536343570174949491e-01 1.799205193286023530e+02
6.000000000000003553e+00 6.541877560384818935e-01 1.799730303054304841e+02
6.150000000000003908e+00 6.543758173814921975e-01 1.799908436603962798e+02
6.300000000000004263e+00 6.544396993750751790e-01 1.799968907853819360e+02
6.450000000000004619e+00 6.544614004378672689e-01 1.799989441129750674e+02
6.600000000000004974e+00 6.544687850170021193e-01 1.799996414219997121e+02
6.750000000000005329e+00 6.544713362089851216e-01 1.799998782264382555e+02
6.900000000000005684e+00 6.544723298864028038e-01 1.799999586444732529e+02
7.050000000000006040e+00 6.544730423532882924e-01 1.799999859555688602e+02
7.200000000000006395e+00 6.544743886354353890e-01 1.799999952304838473e+02
7.350000000000006750e+00 6.544780975934827438e-01 1.799999983802311760e+02
7.500000000000007105e+00 6.544889322824474220e-01 1.799999994499313516e+02
7.650000000000007461e+00 6.545208071953538820e-01 1.799999998132041981e+02
7.800000000000007816e+00 6.546146564606942775e-01 1.799999999365712426e+02
7.950000000000008171e+00 6.548910045760294452e-01 1.799999999784685656e+02
8.100000000000008527e+00 6.557047420651542780e-01 1.799999999926969281e+02
8.250000000000008882e+00 6.581009175388317090e-01 1.799999999975287892e+02
8.400000000000009237e+00 6.651565684431943737e-01 1.799999999991695745e+02
8.550000000000009592e+00 6.859342787539617348e-01 1.799999999997259010e+02
8.700000000000009948e+00 7.471054333113897883e-01 1.799999999999128306e+02
8.850000000000010303e+00 9.273207340962130729e-01 1.799999999999720899e+02
9.000000000000010658e+00 1.457291611108530560e+00 1.799999999999864428e+02
9.150000000000011013e+00 3.023294138514245333e+00 1.799999999999870397e+02
9.300000000000011369e+00 7.592201063927880966e+00 1.799999999999859028e+02
9.450000000000011724e+00 2.137771423451396657e+01 1.799999999999851923e+02
9.600000000000012079e+00 5.926578700353952911e+01 1.799999999999848797e+02
9.750000000000012434e+00 1.920670473836721612e+02 1.799999999999846239e+02
9.900000000000012790e+00 4.245540923974144789e+02 1.799999999999846239e+02
1.005000000000001315e+01 7.996970597813451604e+02 1.799999999999845954e+02
1.020000000000001350e+01 7.996970597813451604e+02 1.799999999999845954e+02
1.035000000000001386e+01 7.996970597813451604e+02 1.799999999999845954e+02
1.050000000000001421e+01 7.996970597813451604e+02 1.799999999999845954e+02
1.065000000000001457e+01 7.996970597813451604e+02 1.799999999999845954e+02
1.080000000000001492e+01 7.996970597813451604e+02 1.799999999999845954e+02
1.095000000000001528e+01 7.996970597813451604e+02 1.799999999999845954e+02
1.110000000000001563e+01 7.996970597813451604e+02 1.799999999999845954e+02
1.125000000000001599e+01 7.996970597813451604e+02 1.799999999999845954e+02
1.140000000000001634e+01 7.996970597813451604e+02 1.799999999999845954e+02
1.155000000000001670e+01 7.996970597813451604e+02 1.799999999999845954e+02
1.170000000000001705e+01 7.996970597813451604e+02 1.799999999999845954e+02
1.185000000000001741e+01 7.996970597813451604e+02 1.799999999999845954e+02
1.200000000000001776e+01 7.996970597813451604e+02 1.799999999999845954e+02
1.215000000000001812e+01 7.996970597813451604e+02 1.799999999999845954e+02
1.230000000000001847e+01 7.996970597813451604e+02 1.799999999999845954e+02
1.245000000000001883e+01 7.996970597813451604e+02 1.799999999999845954e+02
1.260000000000001918e+01 7.996970597813451604e+02 1.799999999999845954e+02
1.275000000000001954e+01 7.996970597813451604e+02 1.799999999999845954e+02
1.290000000000001990e+01 7.996970597813451604e+02 1.799999999999845954e+02
1.305000000000002025e+01 7.994517099807164868e+02 1.799999999999846239e+02
1.320000000000002061e+01 7.994517099807164868e+02 1.799999999999846239e+02
1.335000000000002096e+01 7.994517099807164868e+02 1.799999999999846239e+02
1.350000000000002132e+01 7.994517099807164868e+02 1.799999999999846239e+02
1.365000000000002167e+01 7.994517099807164868e+02 1.799999999999846239e+02
1.380000000000002203e+01 7.994517099807164868e+02 1.799999999999846239e+02
1.395000000000002238e+01 7.994517099807164868e+02 1.799999999999846239e+02
1.410000000000002274e+01 7.994517099807164868e+02 1.799999999999846239e+02
1.425000000000002309e+01 7.994517099807164868e+02 1.799999999999846239e+02
1.440000000000002345e+01 7.994517099807164868e+02 1.799999999999846239e+02
1.455000000000002380e+01 7.994517099807164868e+02 1.799999999999846239e+02
1.470000000000002416e+01 7.994517099807164868e+02 1.799999999999846239e+02
1.485000000000002451e+01 7.994517099807164868e+02 1.799999999999846239e+02
1.500000000000002487e+01 7.994517099807164868e+02 1.799999999999846239e+02
1.515000000000002522e+01 7.994517099807164868e+02 1.799999999999846239e+02
1.530000000000002558e+01 7.994517099807164868e+02 1.799999999999846239e+02
1.545000000000002593e+01 7.994517099807164868e+02 1.799999999999846239e+02
1.560000000000002629e+01 7.994517099807164868e+02 1.799999999999846239e+02
1.575000000000002665e+01 7.994517099807164868e+02 1.799999999999846239e+02
1.590000000000002700e+01 7.994517099807164868e+02 1.799999999999846239e+02
