1.499999999999999944e-01 7.999999970882952312e+02 2.569425614581036044e+01
2.999999999999999889e-01 7.999999970882952312e+02 2.569425614581036044e+01
4.499999999999999556e-01 7.999999970882952312e+02 2.569425614581036044e+01
5.999999999999999778e-01 7.999999970882952312e+02 2.569425614581036044e+01
7.500000000000000000e-01 7.999999970882952312e+02 2.569425614581036044e+01
9.000000000000000222e-01 7.999999970882952312e+02 2.569425614581036044e+01
1.050000000000000044e+00 7.999999970882952312e+02 2.569425614581036044e+01
1.199999999999999956e+00 7.999999970882952312e+02 2.569425614581036044e+01
1.349999999999999867e+00 7.999999970882952312e+02 2.569425614581036044e+01
1.499999999999999778e+00 7.999999970882952312e+02 2.569425614581036044e+01
1.649999999999999689e+00 7.999999970882952312e+02 2.569425614581036044e+01
1.799999999999999600e+00 7.999999970882952312e+02 2.569425614581036044e+01
1.949999999999999512e+00 7.999999970882952312e+02 2.569425614581036044e+01
2.099999999999999645e+00 7.999999996564797584e+02 2.574322630726364736e+01
2.249999999999999556e+00 7.999999996564797584e+02 2.574322630726364736e+01
2.399999999999999467e+00 7.999999996564797584e+02 2.574322630726364736e+01
2.549999999999999378e+00 7.999999996564797584e+02 2.574322630726364736e+01
2.699999999999999289e+00 7.999999996564797584e+02 2.574322630726364736e+01
2.849999999999999201e+00 7.999999996564797584e+02 2.574322630726364736e+01
2.999999999999999112e+00 7.999999996564797584e+02 2.574322630726364736e+01
3.149999999999999023e+00 7.999999996564797584e+02 2.574322630726364736e+01
3.299999999999998934e+00 7.999999996564797584e+02 2.574322630726364736e+01
3.449999999999998845e+00 7.999999996564797584e+02 2.574322630726364736e+01
3.599999999999998757e+00 7.999999996564797584e+02 2.574322630726364736e+01
3.749999999999998668e+00 7.999999996564797584e+02 2.574322630726364736e+01
3.899999999999998579e+00 7.999999996564797584e+02 2.574322630726364736e+01
4.049999999999998934e+00 5.165956123328950298e+02 2.599658548024857652e+01
4.199999999999999289e+00 4.764441782842554858e+02 2.710896066308577801e+01
4.349999999999999645e+00 4.300096694345147625e+02 2.928882563980043585e+01
4.500000000000000000e+00 4.217504110858215540e+02 3.159382753832333890e+01
4.650000000000000355e+00 4.188651502498712489e+02 3.400149798264263978e+01
4.800000000000000711e+00 4.181076839397778144e+02 3.641353545475497100e+01
4.950000000000001066e+00 4.178880832320690502e+02 3.881981814596578317e+01
5.100000000000001421e+00 4.178306669197754104e+02 4.121333429346971400e+01
5.250000000000001776e+00 4.178188727352333558e+02 4.359219122119853296e+01
5.400000000000002132e+00 4.178204179020874562e+02 4.595524737744878507e+01
5.550000000000002487e+00 4.178259222794645780e+02 4.830172173485606635e+01
5.700000000000002842e+00 4.178327019900760320e+02 5.063093770374322844e+01
5.850000000000003197e+00 4.178399732655881280e+02 5.294227800211648116e+01
6.000000000000003553e+00 4.178474981792752487e+02 5.523516584593435397e+01
6.150000000000003908e+00 4.178551948760170376e+02 5.750905892872830094e+01
6.300000000000004263e+00 4.178630263559585387e+02 5.976345202009789404e+01
6.450000000000004619e+00 4.178709688002501821e+02 6.199787495729908215e+01
6.600000000000004974e+00 4.178790023987116342e+02 6.421189043024754994e+01
6.750000000000005329e+00 4.178871088107611058e+02 6.640509791729709832e+01
6.900000000000005684e+00 4.178952706092379117e+02 6.857713152682465818e+01
7.050000000000006040e+00 4.179034709866350568e+02 7.072765741676036555e+01
7.200000000000006395e+00 4.179116937477789975e+02 7.285637779854457108e+01
7.350000000000006750e+00 4.179199234844356852e+02 7.496302834233470946e+01
7.500000000000007105e+00 4.179281455217125085e+02 7.704737519802723966e+01
7.650000000000007461e+00 4.179363461521191994e+02 7.910921907223603000e+01
7.800000000000007816e+00 4.179445135195111902e+02 8.114839225515427756e+01
7.950000000000008171e+00 4.179526400230282093e+02 8.316475529033297676e+01
8.100000000000008527e+00 4.179607312001979835e+02 8.515820107719518717e+01
8.250000000000008882e+00 4.179688369520044944e+02 8.712865130666770597e+01
8.400000000000009237e+00 4.179771601231109912e+02 8.907605182337722738e+01
8.550000000000009592e+00 4.179864381939091800e+02 9.100037347589403680e+01
8.700000000000009948e+00 4.179992725270280403e+02 9.290159502148661375e+01
8.850000000000010303e+00 4.180248512560933136e+02 9.477966194377152931e+01
9.000000000000010658e+00 4.180949285666841888e+02 9.663430195427329750e+01
9.150000000000011013e+00 4.183246670232528572e+02 9.846473001343481712e+01
9.300000000000011369e+00 4.190858082220738083e+02 1.002664990733573944e+02
9.450000000000011724e+00 4.219597195365270181e+02 1.020329011265800574e+02
9.600000000000012079e+00 4.301755094526629364e+02 1.036951066337872476e+02
9.750000000000012434e+00 4.765038760216625064e+02 1.052376699696889233e+02
9.900000000000012790e+00 5.165974709811616776e+02 1.060115813366210205e+02
1.005000000000001315e+01 7.999999996492346099e+02 1.061817291503618179e+02
1.020000000000001350e+01 7.999999996492346099e+02 1.061817291503618179e+02
1.035000000000001386e+01 7.999999996492346099e+02 1.061817291503618179e+02
1.050000000000001421e+01 7.999999996492346099e+02 1.061817291503618179e+02
1.065000000000001457e+01 7.999999996492346099e+02 1.061817291503618179e+02
1.080000000000001492e+01 7.999999996492346099e+02 1.061817291503618179e+02
1.095000000000001528e+01 7.999999996492346099e+02 1.061817291503618179e+02
1.110000000000001563e+01 7.999999996492346099e+02 1.061817291503618179e+02
1.125000000000001599e+01 7.999999996492346099e+02 1.061817291503618179e+02
1.140000000000001634e+01 7.999999996492346099e+02 1.061817291503618179e+02
1.155000000000001670e+01 7.999999996492346099e+02 1.061817291503618179e+02
1.170000000000001705e+01 7.999999996492346099e+02 1.061817291503618179e+02
1.185000000000001741e+01 7.999999996492346099e+02 1.061817291503618179e+02
1.200000000000001776e+01 7.999999996492346099e+02 1.061817291503618179e+02
1.215000000000001812e+01 7.999999996492346099e+02 1.061817291503618179e+02
1.230000000000001847e+01 7.999999996492346099e+02 1.061817291503618179e+02
1.245000000000001883e+01 7.999999996492346099e+02 1.061817291503618179e+02
1.260000000000001918e+01 7.999999996492346099e+02 1.061817291503618179e+02
1.275000000000001954e+01 7.999999996492346099e+02 1.061817291503618179e+02
1.290000000000001990e+01 7.999999996492346099e+02 1.061817291503618179e+02
1.305000000000002025e+01 7.999999970264766489e+02 1.062152087771519433e+02
1.320000000000002061e+01 7.999999970264766489e+02 1.062152087771519433e+02
1.335000000000002096e+01 7.999999970264766489e+02 1.062152087771519433e+02
1.350000000000002132e+01 7.999999970264766489e+02 1.062152087771519433e+02
1.365000000000002167e+01 7.999999970264766489e+02 1.062152087771519433e+02
1.380000000000002203e+01 7.999999970264766489e+02 1.062152087771519433e+02
1.395000000000002238e+01 7.999999970264766489e+02 1.062152087771519433e+02
1.410000000000002274e+01 7.999999970264766489e+02 1.062152087771519433e+02
1.425000000000002309e+01 7.999999970264766489e+02 1.062152087771519433e+02
1.440000000000002345e+01 7.999999970264766489e+02 1.062152087771519433e+02
1.455000000000002380e+01 7.999999970264766489e+02 1.062152087771519433e+02
1.470000000000002416e+01 7.999999970264766489e+02 1.062152087771519433e+02
1.485000000000002451e+01 7.999999970264766489e+02 1.062152087771519433e+02
1.500000000000002487e+01 7.999999970264766489e+02 1.062152087771519433e+02
1.515000000000002522e+01 7.999999970264766489e+02 1.062152087771519433e+02
1.530000000000002558e+01 7.999999970264766489e+02 1.062152087771519433e+02
1.545000000000002593e+01 7.999999970264766489e+02 1.062152087771519433e+02
1.560000000000002629e+01 7.999999970264766489e+02 1.062152087771519433e+02
1.575000000000002665e+01 7.999999970264766489e+02 1.062152087771519433e+02
1.590000000000002700e+01 7.999999970264766489e+02 1.062152087771519433e+02
