1.499999999999999944e-01 7.997244676010319608e+02 1.112521186286130614e-11
2.999999999999999889e-01 7.997244676010319608e+02 1.112521186286130614e-11
4.499999999999999556e-01 7.997244676010319608e+02 1.112521186286130614e-11
5.999999999999999778e-01 7.997244676010319608e+02 1.112521186286130614e-11
7.500000000000000000e-01 7.997244676010319608e+02 1.112521186286130614e-11
9.000000000000000222e-01 7.997244676010319608e+02 1.112521186286130614e-11
1.050000000000000044e+00 7.997244676010319608e+02 1.112521186286130614e-11
1.199999999999999956e+00 7.997244676010319608e+02 1.112521186286130614e-11
1.349999999999999867e+00 7.997244676010319608e+02 1.112521186286130614e-11
1.499999999999999778e+00 7.997244676010319608e+02 1.112521186286130614e-11
1.649999999999999689e+00 7.997244676010319608e+02 1.112521186286130614e-11
1.799999999999999600e+00 7.997244676010319608e+02 1.112521186286130614e-11
1.949999999999999512e+00 7.997244676010319608e+02 1.112521186286130614e-11
2.099999999999999645e+00 7.998606105091627114e+02 1.113975578448389570e-11
2.249999999999999556e+00 7.998606105091627114e+02 1.113975578448389570e-11
2.399999999999999467e+00 7.998606105091627114e+02 1.113975578448389570e-11
2.549999999999999378e+00 7.998606105091627114e+02 1.113975578448389570e-11
2.699999999999999289e+00 7.998606105091627114e+02 1.113975578448389570e-11
2.849999999999999201e+00 7.998606105091627114e+02 1.113975578448389570e-11
2.999999999999999112e+00 7.998606105091627114e+02 1.113975578448389570e-11
3.149999999999999023e+00 7.998606105091627114e+02 1.113975578448389570e-11
3.299999999999998934e+00 7.998606105091627114e+02 1.113975578448389570e-11
3.449999999999998845e+00 7.998606105091627114e+02 1.113975578448389570e-11
3.599999999999998757e+00 7.998606105091627114e+02 1.113975578448389570e-11
3.749999999999998668e+00 7.998606105091627114e+02 1.113975578448389570e-11
3.899999999999998579e+00 7.998606105091627114e+02 1.113975578448389570e-11
4.049999999999998934e+00 4.419776817730765401e+02 1.113975578448389570e-11
4.199999999999999289e+00 2.154590965768068145e+02 1.110123104552940276e-11
4.349999999999999645e+00 7.256118555334012399e+01 1.111055691893625408e-11
4.500000000000000000e+00 2.787572390436035263e+01 1.110145309013432779e-11
4.650000000000000355e+00 1.020647492698403624e+01 1.138666938516053051e-11
4.800000000000000711e+00 3.784256238057992050e+00 1.129163429425261711e-11
4.950000000000001066e+00 1.381868934842685803e+00 1.174371710987998085e-11
5.100000000000001421e+00 4.923412489112024559e-01 1.357691736814103933e-11
5.250000000000001776e+00 1.617793755176535342e-01 2.598454784674686380e-11
5.400000000000002132e+00 3.909593348180351313e-02 1.620434897375844230e-10
5.550000000000002487e+00 6.457181021687574685e-03 1.799999999976512015e+02
5.700000000000002842e+00 2.336857776026590727e-02 1.799999999982819077e+02
5.850000000000003197e+00 2.964722561409871560e-02 1.799999999963621065e+02
6.000000000000003553e+00 3.197823647678887937e-02 1.799999999909176722e+02
6.150000000000003908e+00 3.284365781837550458e-02 1.799999999761880360e+02
6.300000000000004263e+00 3.316496994011686184e-02 1.799999999364993641e+02
6.450000000000004619e+00 3.328429855537251569e-02 1.799999998295620571e+02
6.600000000000004974e+00 3.332869842961372342e-02 1.799999995416434899e+02
6.750000000000005329e+00 3.334545258258003742e-02 1.799999987663228183e+02
6.900000000000005684e+00 3.335239799889677670e-02 1.799999966775494045e+02
7.050000000000006040e+00 3.335693040935439058e-02 1.799999910542641430e+02
7.200000000000006395e+00 3.336387393756012898e-02 1.799999759152449599e+02
7.350000000000006750e+00 3.338062714647094253e-02 1.799999351557130183e+02
7.500000000000007105e+00 3.342502135637914762e-02 1.799998256142183664e+02
7.650000000000007461e+00 3.354432731430279091e-02 1.799995320707308792e+02
7.800000000000007816e+00 3.386558656893612351e-02 1.799987515011988819e+02
7.950000000000008171e+00 3.473086630219768267e-02 1.799967217064906038e+02
8.100000000000008527e+00 3.706149576646566857e-02 1.799917271221823114e+02
8.250000000000008882e+00 4.333911790399724850e-02 1.799809432751772533e+02
8.400000000000009237e+00 6.024776177673629718e-02 1.799630852140703325e+02
8.550000000000009592e+00 1.057934635564379278e-01 1.799433878958886339e+02
8.700000000000009948e+00 2.284569651340007113e-01 1.799293873782122830e+02
8.850000000000010303e+00 5.589651488521667488e-01 1.799222679659052062e+02
9.000000000000010658e+00 1.448348388273728915e+00 1.799192580929286578e+02
9.150000000000011013e+00 3.850347166812284172e+00 1.799180657083671804e+02
9.300000000000011369e+00 1.027152797086777980e+01 1.799176374455914811e+02
9.450000000000011724e+00 2.793800810810806823e+01 1.799174881718062409e+02
9.600000000000012079e+00 7.261645984267526899e+01 1.799174206412325816e+02
9.750000000000012434e+00 2.154967337614859844e+02 1.799174185897215921e+02
9.900000000000012790e+00 4.419861694315665659e+02 1.799174252010990642e+02
1.005000000000001315e+01 7.998590049640221196e+02 1.799174212953973040e+02
1.020000000000001350e+01 7.998590049640221196e+02 1.799174212953973040e+02
1.035000000000001386e+01 7.998590049640221196e+02 1.799174212953973040e+02
1.050000000000001421e+01 7.998590049640221196e+02 1.799174212953973040e+02
1.065000000000001457e+01 7.998590049640221196e+02 1.799174212953973040e+02
1.080000000000001492e+01 7.998590049640221196e+02 1.799174212953973040e+02
1.095000000000001528e+01 7.998590049640221196e+02 1.799174212953973040e+02
1.110000000000001563e+01 7.998590049640221196e+02 1.799174212953973040e+02
1.125000000000001599e+01 7.998590049640221196e+02 1.799174212953973040e+02
1.140000000000001634e+01 7.998590049640221196e+02 1.799174212953973040e+02
1.155000000000001670e+01 7.998590049640221196e+02 1.799174212953973040e+02
1.170000000000001705e+01 7.998590049640221196e+02 1.799174212953973040e+02
1.185000000000001741e+01 7.998590049640221196e+02 1.799174212953973040e+02
1.200000000000001776e+01 7.998590049640221196e+02 1.799174212953973040e+02
1.215000000000001812e+01 7.998590049640221196e+02 1.799174212953973040e+02
1.230000000000001847e+01 7.998590049640221196e+02 1.799174212953973040e+02
1.245000000000001883e+01 7.998590049640221196e+02 1.799174212953973040e+02
1.260000000000001918e+01 7.998590049640221196e+02 1.799174212953973040e+02
1.275000000000001954e+01 7.998590049640221196e+02 1.799174212953973040e+02
1.290000000000001990e+01 7.998590049640221196e+02 1.799174212953973040e+02
1.305000000000002025e+01 7.997212865550079641e+02 1.799174352363741889e+02
1.320000000000002061e+01 7.997212865550079641e+02 1.799174352363741889e+02
1.335000000000002096e+01 7.997212865550079641e+02 1.799174352363741889e+02
1.350000000000002132e+01 7.997212865550079641e+02 1.799174352363741889e+02
1.365000000000002167e+01 7.997212865550079641e+02 1.799174352363741889e+02
1.380000000000002203e+01 7.997212865550079641e+02 1.799174352363741889e+02
1.395000000000002238e+01 7.997212865550079641e+02 1.799174352363741889e+02
1.410000000000002274e+01 7.997212865550079641e+02 1.799174352363741889e+02
1.425000000000002309e+01 7.997212865550079641e+02 1.799174352363741889e+02
1.440000000000002345e+01 7.997212865550079641e+02 1.799174352363741889e+02
1.455000000000002380e+01 7.997212865550079641e+02 1.799174352363741889e+02
1.470000000000002416e+01 7.997212865550079641e+02 1.799174352363741889e+02
1.485000000000002451e+01 7.997212865550079641e+02 1.799174352363741889e+02
1.500000000000002487e+01 7.997212865550079641e+02 1.799174352363741889e+02
1.515000000000002522e+01 7.997212865550079641e+02 1.799174352363741889e+02
1.530000000000002558e+01 7.997212865550079641e+02 1.799174352363741889e+02
1.545000000000002593e+01 7.997212865550079641e+02 1.799174352363741889e+02
1.560000000000002629e+01 7.997212865550079641e+02 1.799174352363741889e+02
1.575000000000002665e+01 7.997212865550079641e+02 1.799174352363741889e+02
1.590000000000002700e+01 7.997212865550079641e+02 1.799174352363741889e+02
