1.499999999999999944e-01 7.999995819239649109e+02 1.548169107979095749e+01
2.999999999999999889e-01 7.999995819239649109e+02 1.548169107979095749e+01
4.499999999999999556e-01 7.999995819239649109e+02 1.548169107979095749e+01
5.999999999999999778e-01 7.999995819239649109e+02 1.548169107979095749e+01
7.500000000000000000e-01 7.999995819239649109e+02 1.548169107979095749e+01
9.000000000000000222e-01 7.999995819239649109e+02 1.548169107979095749e+01
1.050000000000000044e+00 7.999995819239649109e+02 1.548169107979095749e+01
1.199999999999999956e+00 7.999995819239649109e+02 1.548169107979095749e+01
1.349999999999999867e+00 7.999995819239649109e+02 1.548169107979095749e+01
1.499999999999999778e+00 7.999995819239649109e+02 1.548169107979095749e+01
1.649999999999999689e+00 7.999995819239649109e+02 1.548169107979095749e+01
1.799999999999999600e+00 7.999995819239649109e+02 1.548169107979095749e+01
1.949999999999999512e+00 7.999995819239649109e+02 1.548169107979095749e+01
2.099999999999999645e+00 7.999999093848557550e+02 1.550950592984390042e+01
2.249999999999999556e+00 7.999999093848557550e+02 1.550950592984390042e+01
2.399999999999999467e+00 7.999999093848557550e+02 1.550950592984390042e+01
2.549999999999999378e+00 7.999999093848557550e+02 1.550950592984390042e+01
2.699999999999999289e+00 7.999999093848557550e+02 1.550950592984390042e+01
2.849999999999999201e+00 7.999999093848557550e+02 1.550950592984390042e+01
2.999999999999999112e+00 7.999999093848557550e+02 1.550950592984390042e+01
3.149999999999999023e+00 7.999999093848557550e+02 1.550950592984390042e+01
3.299999999999998934e+00 7.999999093848557550e+02 1.550950592984390042e+01
3.449999999999998845e+00 7.999999093848557550e+02 1.550950592984390042e+01
3.599999999999998757e+00 7.999999093848557550e+02 1.550950592984390042e+01
3.749999999999998668e+00 7.999999093848557550e+02 1.550950592984390042e+01
3.899999999999998579e+00 7.999999093848557550e+02 1.550950592984390042e+01
4.049999999999998934e+00 5.084515646059851406e+02 1.565721017782914437e+01
4.199999999999999289e+00 4.132993754642761246e+02 1.639638465358780195e+01
4.349999999999999645e+00 3.103271400297784339e+02 1.833053946071604656e+01
4.500000000000000000e+00 2.710415093718082744e+02 2.109152947568305336e+01
4.650000000000000355e+00 2.483746097595432900e+02 2.463811321914401375e+01
4.800000000000000711e+00 2.357672543182572440e+02 2.869829177936021836e+01
4.950000000000001066e+00 2.283720907490969694e+02 3.310418695034923786e+01
5.100000000000001421e+00 2.240010930985990285e+02 3.771686628959477616e+01
5.250000000000001776e+00 2.214130464459733503e+02 4.244300204731028003e+01
5.400000000000002132e+00 2.199018931363371223e+02 4.721937343356868411e+01
5.550000000000002487e+00 2.190488278971239424e+02 5.200442254763182603e+01
5.700000000000002842e+00 2.186011711814262242e+02 5.677089019626493638e+01
5.850000000000003197e+00 2.184043676403862264e+02 6.150089269849224394e+01
6.000000000000003553e+00 2.183630313263457481e+02 6.618264034594115230e+01
6.150000000000003908e+00 2.184178753014414269e+02 7.080833055831803335e+01
6.300000000000004263e+00 2.185318208511572493e+02 7.537280500830915742e+01
6.450000000000004619e+00 2.186815431374128025e+02 7.987270567049168335e+01
6.600000000000004974e+00 2.188523027830131582e+02 8.430594216650142414e+01
6.750000000000005329e+00 2.190347921879282183e+02 8.867134618499019894e+01
6.900000000000005684e+00 2.192232380862612047e+02 9.296844910188454492e+01
7.050000000000006040e+00 2.194143114624625355e+02 9.719733013067515515e+01
7.200000000000006395e+00 2.196065899511402506e+02 1.013584973508268661e+02
7.350000000000006750e+00 2.198004526510789560e+02 1.054527927717725220e+02
7.500000000000007105e+00 2.199983949076364240e+02 1.094812986952755409e+02
7.650000000000007461e+00 2.202058559745240984e+02 1.134452211889451547e+02
7.800000000000007816e+00 2.204327879978510225e+02 1.173457432976353374e+02
7.950000000000008171e+00 2.206963950332037427e+02 1.211838111779579208e+02
8.100000000000008527e+00 2.210257909680174464e+02 1.249597981242248466e+02
8.250000000000008882e+00 2.214698687203847953e+02 1.286729860600112829e+02
8.400000000000009237e+00 2.221106167552883619e+02 1.323207378919654502e+02
8.550000000000009592e+00 2.230858227083258782e+02 1.358971670762178974e+02
8.700000000000009948e+00 2.246282403940968493e+02 1.393910338939148232e+02
8.850000000000010303e+00 2.271350204986095207e+02 1.427825094213054342e+02
9.000000000000010658e+00 2.312922687812709910e+02 1.460381655282239137e+02
9.150000000000011013e+00 2.383295938037091162e+02 1.491049906661083355e+02
9.300000000000011369e+00 2.504410246519756527e+02 1.518992824127542463e+02
9.450000000000011724e+00 2.725094046606266716e+02 1.543167548854415259e+02
9.600000000000012079e+00 3.111731895333186344e+02 1.561823109103712284e+02
9.750000000000012434e+00 4.135630569728782007e+02 1.574737182759414225e+02
9.900000000000012790e+00 5.084651672428092297e+02 1.579601116993035248e+02
1.005000000000001315e+01 7.999999085400461354e+02 1.580536598493193594e+02
1.020000000000001350e+01 7.999999085400461354e+02 1.580536598493193594e+02
1.035000000000001386e+01 7.999999085400461354e+02 1.580536598493193594e+02
1.050000000000001421e+01 7.999999085400461354e+02 1.580536598493193594e+02
1.065000000000001457e+01 7.999999085400461354e+02 1.580536598493193594e+02
1.080000000000001492e+01 7.999999085400461354e+02 1.580536598493193594e+02
1.095000000000001528e+01 7.999999085400461354e+02 1.580536598493193594e+02
1.110000000000001563e+01 7.999999085400461354e+02 1.580536598493193594e+02
1.125000000000001599e+01 7.999999085400461354e+02 1.580536598493193594e+02
1.140000000000001634e+01 7.999999085400461354e+02 1.580536598493193594e+02
1.155000000000001670e+01 7.999999085400461354e+02 1.580536598493193594e+02
1.170000000000001705e+01 7.999999085400461354e+02 1.580536598493193594e+02
1.185000000000001741e+01 7.999999085400461354e+02 1.580536598493193594e+02
1.200000000000001776e+01 7.999999085400461354e+02 1.580536598493193594e+02
1.215000000000001812e+01 7.999999085400461354e+02 1.580536598493193594e+02
1.230000000000001847e+01 7.999999085400461354e+02 1.580536598493193594e+02
1.245000000000001883e+01 7.999999085400461354e+02 1.580536598493193594e+02
1.260000000000001918e+01 7.999999085400461354e+02 1.580536598493193594e+02
1.275000000000001954e+01 7.999999085400461354e+02 1.580536598493193594e+02
1.290000000000001990e+01 7.999999085400461354e+02 1.580536598493193594e+02
1.305000000000002025e+01 7.999995779274614733e+02 1.580716225034938418e+02
1.320000000000002061e+01 7.999995779274614733e+02 1.580716225034938418e+02
1.335000000000002096e+01 7.999995779274614733e+02 1.580716225034938418e+02
1.350000000000002132e+01 7.999995779274614733e+02 1.580716225034938418e+02
1.365000000000002167e+01 7.999995779274614733e+02 1.580716225034938418e+02
1.380000000000002203e+01 7.999995779274614733e+02 1.580716225034938418e+02
1.395000000000002238e+01 7.999995779274614733e+02 1.580716225034938418e+02
1.410000000000002274e+01 7.999995779274614733e+02 1.580716225034938418e+02
1.425000000000002309e+01 7.999995779274614733e+02 1.580716225034938418e+02
1.440000000000002345e+01 7.999995779274614733e+02 1.580716225034938418e+02
1.455000000000002380e+01 7.999995779274614733e+02 1.580716225034938418e+02
1.470000000000002416e+01 7.999995779274614733e+02 1.580716225034938418e+02
1.485000000000002451e+01 7.999995779274614733e+02 1.580716225034938418e+02
1.500000000000002487e+01 7.999995779274614733e+02 1.580716225034938418e+02
1.515000000000002522e+01 7.999995779274614733e+02 1.580716225034938418e+02
1.530000000000002558e+01 7.999995779274614733e+02 1.580716225034938418e+02
1.545000000000002593e+01 7.999995779274614733e+02 1.580716225034938418e+02
1.560000000000002629e+01 7.999995779274614733e+02 1.580716225034938418e+02
1.575000000000002665e+01 7.999995779274614733e+02 1.580716225034938418e+02
1.590000000000002700e+01 7.999995779274614733e+02 1.580716225034938418e+02
