1.499999999999999944e-01 7.999999991056920408e+02 1.956745124480326226e+01
2.999999999999999889e-01 7.999999991056920408e+02 1.956745124480326226e+01
4.499999999999999556e-01 7.999999991056920408e+02 1.956745124480326226e+01
5.999999999999999778e-01 7.999999991056920408e+02 1.956745124480326226e+01
7.500000000000000000e-01 7.999999991056920408e+02 1.956745124480326226e+01
9.000000000000000222e-01 7.999999991056920408e+02 1.956745124480326226e+01
1.050000000000000044e+00 7.999999991056920408e+02 1.956745124480326226e+01
1.199999999999999956e+00 7.999999991056920408e+02 1.956745124480326226e+01
1.349999999999999867e+00 7.999999991056920408e+02 1.956745124480326226e+01
1.499999999999999778e+00 7.999999991056920408e+02 1.956745124480326226e+01
1.649999999999999689e+00 7.999999991056920408e+02 1.956745124480326226e+01
1.799999999999999600e+00 7.999999991056920408e+02 1.956745124480326226e+01
1.949999999999999512e+00 7.999999991056920408e+02 1.956745124480326226e+01
2.099999999999999645e+00 7.999999999082224349e+02 1.960673287324496172e+01
2.249999999999999556e+00 7.999999999082224349e+02 1.960673287324496172e+01
2.399999999999999467e+00 7.999999999082224349e+02 1.960673287324496172e+01
2.549999999999999378e+00 7.999999999082224349e+02 1.960673287324496172e+01
2.699999999999999289e+00 7.999999999082224349e+02 1.960673287324496172e+01
2.849999999999999201e+00 7.999999999082224349e+02 1.960673287324496172e+01
2.999999999999999112e+00 7.999999999082224349e+02 1.960673287324496172e+01
3.149999999999999023e+00 7.999999999082224349e+02 1.960673287324496172e+01
3.299999999999998934e+00 7.999999999082224349e+02 1.960673287324496172e+01
3.449999999999998845e+00 7.999999999082224349e+02 1.960673287324496172e+01
3.599999999999998757e+00 7.999999999082224349e+02 1.960673287324496172e+01
3.749999999999998668e+00 7.999999999082224349e+02 1.960673287324496172e+01
3.899999999999998579e+00 7.999999999082224349e+02 1.960673287324496172e+01
4.049999999999998934e+00 5.172937603808749145e+02 1.980927834349720484e+01
4.199999999999999289e+00 4.841535456210992265e+02 2.068663129662017042e+01
4.349999999999999645e+00 4.447174016622295198e+02 2.235719870162538214e+01
4.500000000000000000e+00 4.387304199739627393e+02 2.408359062160117148e+01
4.650000000000000355e+00 4.367856654224992212e+02 2.587075610001608084e+01
4.800000000000000711e+00 4.363400139679719700e+02 2.765679500442358218e+01
4.950000000000001066e+00 4.362232363341825021e+02 2.943820362918649280e+01
5.100000000000001421e+00 4.361959105424722907e+02 3.121141363077495612e+01
5.250000000000001776e+00 4.361907333666013642e+02 3.297556607218227498e+01
5.400000000000002132e+00 4.361913350505284939e+02 3.473003287887526369e+01
5.550000000000002487e+00 4.361934690280942846e+02 3.647433017774628183e+01
5.700000000000002842e+00 4.361960615365114222e+02 3.820800553743882233e+01
5.850000000000003197e+00 4.361988347632951672e+02 3.993062800048686256e+01
6.000000000000003553e+00 4.362017143147342608e+02 4.164178105507602368e+01
6.150000000000003908e+00 4.362046772902214116e+02 4.334105980674810610e+01
6.300000000000004263e+00 4.362077138485032037e+02 4.502807469342160118e+01
6.450000000000004619e+00 4.362108175253650870e+02 4.670244981661046779e+01
6.600000000000004974e+00 4.362139826755475269e+02 4.836382087544447472e+01
6.750000000000005329e+00 4.362172038601846680e+02 5.001183952125824561e+01
6.900000000000005684e+00 4.362204757951319607e+02 5.164617144578716079e+01
7.050000000000006040e+00 4.362237932286797104e+02 5.326649403790644044e+01
7.200000000000006395e+00 4.362271509483954333e+02 5.487250104286771091e+01
7.350000000000006750e+00 4.362305438932243646e+02 5.646390035046854905e+01
7.500000000000007105e+00 4.362339670730571584e+02 5.804041137231728698e+01
7.650000000000007461e+00 4.362374156223749537e+02 5.960176999130747078e+01
7.800000000000007816e+00 4.362408850725562957e+02 6.114772606648843123e+01
7.950000000000008171e+00 4.362443718771363592e+02 6.267804054673187153e+01
8.100000000000008527e+00 4.362478758745358505e+02 6.419249068581203232e+01
8.250000000000008882e+00 4.362514100685580161e+02 6.569086722371849874e+01
8.400000000000009237e+00 4.362550385336455179e+02 6.717297099267577210e+01
8.550000000000009592e+00 4.362590267264881163e+02 6.863861752396520899e+01
8.700000000000009948e+00 4.362644285451002588e+02 7.008762947333141824e+01
8.850000000000010303e+00 4.362754449277330764e+02 7.151982222422279278e+01
9.000000000000010658e+00 4.363083069997825874e+02 7.293492422760321858e+01
9.150000000000011013e+00 4.364299135168272414e+02 7.433250272036600848e+01
9.300000000000011369e+00 4.368783431091966349e+02 7.571011072130120567e+01
9.450000000000011724e+00 4.388205305045088380e+02 7.706528228181572615e+01
9.600000000000012079e+00 4.447915391568201926e+02 7.835290831633973596e+01
9.750000000000012434e+00 4.841805447167525926e+02 7.957622055793618188e+01
9.900000000000012790e+00 5.172945015576677861e+02 8.020818725248382464e+01
1.005000000000001315e+01 7.999999999056349225e+02 8.034925362017176553e+01
1.020000000000001350e+01 7.999999999056349225e+02 8.034925362017176553e+01
1.035000000000001386e+01 7.999999999056349225e+02 8.034925362017176553e+01
1.050000000000001421e+01 7.999999999056349225e+02 8.034925362017176553e+01
1.065000000000001457e+01 7.999999999056349225e+02 8.034925362017176553e+01
1.080000000000001492e+01 7.999999999056349225e+02 8.034925362017176553e+01
1.095000000000001528e+01 7.999999999056349225e+02 8.034925362017176553e+01
1.110000000000001563e+01 7.999999999056349225e+02 8.034925362017176553e+01
1.125000000000001599e+01 7.999999999056349225e+02 8.034925362017176553e+01
1.140000000000001634e+01 7.999999999056349225e+02 8.034925362017176553e+01
1.155000000000001670e+01 7.999999999056349225e+02 8.034925362017176553e+01
1.170000000000001705e+01 7.999999999056349225e+02 8.034925362017176553e+01
1.185000000000001741e+01 7.999999999056349225e+02 8.034925362017176553e+01
1.200000000000001776e+01 7.999999999056349225e+02 8.034925362017176553e+01
1.215000000000001812e+01 7.999999999056349225e+02 8.034925362017176553e+01
1.230000000000001847e+01 7.999999999056349225e+02 8.034925362017176553e+01
1.245000000000001883e+01 7.999999999056349225e+02 8.034925362017176553e+01
1.260000000000001918e+01 7.999999999056349225e+02 8.034925362017176553e+01
1.275000000000001954e+01 7.999999999056349225e+02 8.034925362017176553e+01
1.290000000000001990e+01 7.999999999056349225e+02 8.034925362017176553e+01
1.305000000000002025e+01 7.999999990804085428e+02 8.037708772649176581e+01
1.320000000000002061e+01 7.999999990804085428e+02 8.037708772649176581e+01
1.335000000000002096e+01 7.999999990804085428e+02 8.037708772649176581e+01
1.350000000000002132e+01 7.999999990804085428e+02 8.037708772649176581e+01
1.365000000000002167e+01 7.999999990804085428e+02 8.037708772649176581e+01
1.380000000000002203e+01 7.999999990804085428e+02 8.037708772649176581e+01
1.395000000000002238e+01 7.999999990804085428e+02 8.037708772649176581e+01
1.410000000000002274e+01 7.999999990804085428e+02 8.037708772649176581e+01
1.425000000000002309e+01 7.999999990804085428e+02 8.037708772649176581e+01
1.440000000000002345e+01 7.999999990804085428e+02 8.037708772649176581e+01
1.455000000000002380e+01 7.999999990804085428e+02 8.037708772649176581e+01
1.470000000000002416e+01 7.999999990804085428e+02 8.037708772649176581e+01
1.485000000000002451e+01 7.999999990804085428e+02 8.037708772649176581e+01
1.500000000000002487e+01 7.999999990804085428e+02 8.037708772649176581e+01
1.515000000000002522e+01 7.999999990804085428e+02 8.037708772649176581e+01
1.530000000000002558e+01 7.999999990804085428e+02 8.037708772649176581e+01
1.545000000000002593e+01 7.999999990804085428e+02 8.037708772649176581e+01
1.560000000000002629e+01 7.999999990804085428e+02 8.037708772649176581e+01
1.575000000000002665e+01 7.999999990804085428e+02 8.037708772649176581e+01
1.590000000000002700e+01 7.999999990804085428e+02 8.037708772649176581e+01
