1.499999999999999944e-01 7.999992361729351842e+02 1.799994867449131277e+02
2.999999999999999889e-01 7.999992361729351842e+02 1.799994867449131277e+02
4.499999999999999556e-01 7.999992361729351842e+02 1.799994867449131277e+02
5.999999999999999778e-01 7.999992361729351842e+02 1.799994867449131277e+02
7.500000000000000000e-01 7.999992361729351842e+02 1.799994867449131277e+02
9.000000000000000222e-01 7.999992361729351842e+02 1.799994867449131277e+02
1.050000000000000044e+00 7.999992361729351842e+02 1.799994867449131277e+02
1.199999999999999956e+00 7.999992361729351842e+02 1.799994867449131277e+02
1.349999999999999867e+00 7.999992361729351842e+02 1.799994867449131277e+02
1.499999999999999778e+00 7.999992361729351842e+02 1.799994867449131277e+02
1.649999999999999689e+00 7.999992361729351842e+02 1.799994867449131277e+02
1.799999999999999600e+00 7.999992361729351842e+02 1.799994867449131277e+02
1.949999999999999512e+00 7.999992361729351842e+02 1.799994867449131277e+02
2.099999999999999645e+00 7.999998215028609820e+02 1.799994873289188888e+02
2.249999999999999556e+00 7.999998215028609820e+02 1.799994873289188888e+02
2.399999999999999467e+00 7.999998215028609820e+02 1.799994873289188888e+02
2.549999999999999378e+00 7.999998215028609820e+02 1.799994873289188888e+02
2.699999999999999289e+00 7.999998215028609820e+02 1.799994873289188888e+02
2.849999999999999201e+00 7.999998215028609820e+02 1.799994873289188888e+02
2.999999999999999112e+00 7.999998215028609820e+02 1.799994873289188888e+02
3.149999999999999023e+00 7.999998215028609820e+02 1.799994873289188888e+02
3.299999999999998934e+00 7.999998215028609820e+02 1.799994873289188888e+02
3.449999999999998845e+00 7.999998215028609820e+02 1.799994873289188888e+02
3.599999999999998757e+00 7.999998215028609820e+02 1.799994873289188888e+02
3.749999999999998668e+00 7.999998215028609820e+02 1.799994873289188888e+02
3.899999999999998579e+00 7.999998215028609820e+02 1.799994873289188888e+02
4.049999999999998934e+00 5.063966777228044407e+02 1.799994884152949624e+02
4.199999999999999289e+00 4.008439221494818980e+02 1.799994924317749394e+02
4.349999999999999645e+00 2.875329335625664271e+02 1.799995049425880325e+02
4.500000000000000000e+00 2.408344435067253073e+02 1.799995224584489222e+02
4.650000000000000355e+00 2.123047740582213123e+02 1.799995439103520880e+02
4.800000000000000711e+00 1.951743477910644913e+02 1.799995691690241983e+02
4.950000000000001066e+00 1.842768619915546253e+02 1.799995959802989489e+02
5.100000000000001421e+00 1.772060500067913154e+02 1.799996224497920423e+02
5.250000000000001776e+00 1.725401155642195477e+02 1.799996492995162498e+02
5.400000000000002132e+00 1.694298074621947876e+02 1.799996752211452815e+02
5.550000000000002487e+00 1.673421835426595692e+02 1.799996993254347615e+02
5.700000000000002842e+00 1.659348515592011211e+02 1.799997226718289198e+02
5.850000000000003197e+00 1.649837215644927539e+02 1.799997445739665238e+02
6.000000000000003553e+00 1.643404000458483836e+02 1.799997645839576705e+02
6.150000000000003908e+00 1.639059022684881199e+02 1.799997837016714755e+02
6.300000000000004263e+00 1.636140040654508141e+02 1.799998014997437394e+02
6.450000000000004619e+00 1.634204998939882216e+02 1.799998177050035508e+02
6.600000000000004974e+00 1.632962108293238828e+02 1.799998331412486721e+02
6.750000000000005329e+00 1.632224478168686232e+02 1.799998475079676439e+02
6.900000000000005684e+00 1.631881387863450072e+02 1.799998606180976424e+02
7.050000000000006040e+00 1.631881387864233659e+02 1.799998731176845013e+02
7.200000000000006395e+00 1.632224478171133910e+02 1.799998847857504529e+02
7.350000000000006750e+00 1.632962108297673467e+02 1.799998954902288517e+02
7.500000000000007105e+00 1.634204998946877367e+02 1.799999057229000528e+02
7.650000000000007461e+00 1.636140040664999731e+02 1.799999153199042041e+02
7.800000000000007816e+00 1.639059022700286619e+02 1.799999241885017227e+02
7.950000000000008171e+00 1.643404000480939828e+02 1.799999326879029127e+02
8.100000000000008527e+00 1.649837215677623874e+02 1.799999406940890765e+02
8.250000000000008882e+00 1.659348515639695734e+02 1.799999481383921136e+02
8.400000000000009237e+00 1.673421835496408789e+02 1.799999552575634141e+02
8.550000000000009592e+00 1.694298074724715377e+02 1.799999619441609013e+02
8.700000000000009948e+00 1.725401155794577903e+02 1.799999681273590397e+02
8.850000000000010303e+00 1.772060500296125269e+02 1.799999739124974667e+02
9.000000000000010658e+00 1.842768620262009449e+02 1.799999791708792714e+02
9.150000000000011013e+00 1.951743478448284179e+02 1.799999837914890577e+02
9.300000000000011369e+00 2.123047741436727449e+02 1.799999877400434514e+02
9.450000000000011724e+00 2.408344436532499344e+02 1.799999908829805122e+02
9.600000000000012079e+00 2.875329338042832319e+02 1.799999930838391435e+02
9.750000000000012434e+00 4.008439228274849597e+02 1.799999944853826435e+02
9.900000000000012790e+00 5.063966782169170529e+02 1.799999949793143514e+02
1.005000000000001315e+01 7.999998279734953712e+02 1.799999950696814892e+02
1.020000000000001350e+01 7.999998279734953712e+02 1.799999950696814892e+02
1.035000000000001386e+01 7.999998279734953712e+02 1.799999950696814892e+02
1.050000000000001421e+01 7.999998279734953712e+02 1.799999950696814892e+02
1.065000000000001457e+01 7.999998279734953712e+02 1.799999950696814892e+02
1.080000000000001492e+01 7.999998279734953712e+02 1.799999950696814892e+02
1.095000000000001528e+01 7.999998279734953712e+02 1.799999950696814892e+02
1.110000000000001563e+01 7.999998279734953712e+02 1.799999950696814892e+02
1.125000000000001599e+01 7.999998279734953712e+02 1.799999950696814892e+02
1.140000000000001634e+01 7.999998279734953712e+02 1.799999950696814892e+02
1.155000000000001670e+01 7.999998279734953712e+02 1.799999950696814892e+02
1.170000000000001705e+01 7.999998279734953712e+02 1.799999950696814892e+02
1.185000000000001741e+01 7.999998279734953712e+02 1.799999950696814892e+02
1.200000000000001776e+01 7.999998279734953712e+02 1.799999950696814892e+02
1.215000000000001812e+01 7.999998279734953712e+02 1.799999950696814892e+02
1.230000000000001847e+01 7.999998279734953712e+02 1.799999950696814892e+02
1.245000000000001883e+01 7.999998279734953712e+02 1.799999950696814892e+02
1.260000000000001918e+01 7.999998279734953712e+02 1.799999950696814892e+02
1.275000000000001954e+01 7.999998279734953712e+02 1.799999950696814892e+02
1.290000000000001990e+01 7.999998279734953712e+02 1.799999950696814892e+02
1.305000000000002025e+01 7.999992638621488368e+02 1.799999950927013117e+02
1.320000000000002061e+01 7.999992638621488368e+02 1.799999950927013117e+02
1.335000000000002096e+01 7.999992638621488368e+02 1.799999950927013117e+02
1.350000000000002132e+01 7.999992638621488368e+02 1.799999950927013117e+02
1.365000000000002167e+01 7.999992638621488368e+02 1.799999950927013117e+02
1.380000000000002203e+01 7.999992638621488368e+02 1.799999950927013117e+02
1.395000000000002238e+01 7.999992638621488368e+02 1.799999950927013117e+02
1.410000000000002274e+01 7.999992638621488368e+02 1.799999950927013117e+02
1.425000000000002309e+01 7.999992638621488368e+02 1.799999950927013117e+02
1.440000000000002345e+01 7.999992638621488368e+02 1.799999950927013117e+02
1.455000000000002380e+01 7.999992638621488368e+02 1.799999950927013117e+02
1.470000000000002416e+01 7.999992638621488368e+02 1.799999950927013117e+02
1.485000000000002451e+01 7.999992638621488368e+02 1.799999950927013117e+02
1.500000000000002487e+01 7.999992638621488368e+02 1.799999950927013117e+02
1.515000000000002522e+01 7.999992638621488368e+02 1.799999950927013117e+02
1.530000000000002558e+01 7.999992638621488368e+02 1.799999950927013117e+02
1.545000000000002593e+01 7.999992638621488368e+02 1.799999950927013117e+02
1.560000000000002629e+01 7.999992638621488368e+02 1.799999950927013117e+02
1.575000000000002665e+01 7.999992638621488368e+02 1.799999950927013117e+02
1.590000000000002700e+01 7.999992638621488368e+02 1.799999950927013117e+02
