1.499999999999999944e-01 7.996659275844435797e+02 1.799995119070834733e+02
2.999999999999999889e-01 7.996659275844435797e+02 1.799995119070834733e+02
4.499999999999999556e-01 7.996659275844435797e+02 1.799995119070834733e+02
5.999999999999999778e-01 7.996659275844435797e+02 1.799995119070834733e+02
7.500000000000000000e-01 7.996659275844435797e+02 1.799995119070834733e+02
9.000000000000000222e-01 7.996659275844435797e+02 1.799995119070834733e+02
1.050000000000000044e+00 7.996659275844435797e+02 1.799995119070834733e+02
1.199999999999999956e+00 7.996659275844435797e+02 1.799995119070834733e+02
1.349999999999999867e+00 7.996659275844435797e+02 1.799995119070834733e+02
1.499999999999999778e+00 7.996659275844435797e+02 1.799995119070834733e+02
1.649999999999999689e+00 7.996659275844435797e+02 1.799995119070834733e+02
1.799999999999999600e+00 7.996659275844435797e+02 1.799995119070834733e+02
1.949999999999999512e+00 7.996659275844435797e+02 1.799995119070834733e+02
2.099999999999999645e+00 7.998270100044423998e+02 1.799995123589467596e+02
2.249999999999999556e+00 7.998270100044423998e+02 1.799995123589467596e+02
2.399999999999999467e+00 7.998270100044423998e+02 1.799995123589467596e+02
2.549999999999999378e+00 7.998270100044423998e+02 1.799995123589467596e+02
2.699999999999999289e+00 7.998270100044423998e+02 1.799995123589467596e+02
2.849999999999999201e+00 7.998270100044423998e+02 1.799995123589467596e+02
2.999999999999999112e+00 7.998270100044423998e+02 1.799995123589467596e+02
3.149999999999999023e+00 7.998270100044423998e+02 1.799995123589467596e+02
3.299999999999998934e+00 7.998270100044423998e+02 1.799995123589467596e+02
3.449999999999998845e+00 7.998270100044423998e+02 1.799995123589467596e+02
3.599999999999998757e+00 7.998270100044423998e+02 1.799995123589467596e+02
3.749999999999998668e+00 7.998270100044423998e+02 1.799995123589467596e+02
3.899999999999998579e+00 7.998270100044423998e+02 1.799995123589467596e+02
4.049999999999998934e+00 4.377774356217713603e+02 1.799995127196347084e+02
4.199999999999999289e+00 2.097448802446029106e+02 1.799995131257435901e+02
4.349999999999999645e+00 6.961396459671800585e+01 1.799995180628036451e+02
4.500000000000000000e+00 2.685488160116364753e+01 1.799995302287665311e+02
4.650000000000000355e+00 1.031672725607648999e+01 1.799995611262075670e+02
4.800000000000000711e+00 4.450897962332206248e+00 1.799996294348410686e+02
4.950000000000001066e+00 2.306963429237640639e+00 1.799997411457735268e+02
5.100000000000001421e+00 1.531815942097210836e+00 1.799998582518048238e+02
5.250000000000001776e+00 1.250458542024034614e+00 1.799999370420656533e+02
5.400000000000002132e+00 1.148477576687014334e+00 1.799999751390636504e+02
5.550000000000002487e+00 1.111494625453133267e+00 1.799999906653997357e+02
5.700000000000002842e+00 1.098085386743264280e+00 1.799999965734383238e+02
5.850000000000003197e+00 1.093223156335739077e+00 1.799999987518363582e+02
6.000000000000003553e+00 1.091460140123103884e+00 1.799999995456943509e+02
6.150000000000003908e+00 1.090820877779265174e+00 1.799999998351496799e+02
6.300000000000004263e+00 1.090589091473191274e+00 1.799999999402042477e+02
6.450000000000004619e+00 1.090505068291520274e+00 1.799999999782691305e+02
6.600000000000004974e+00 1.090474661945449952e+00 1.799999999921191716e+02
6.750000000000005329e+00 1.090463802563533591e+00 1.799999999971420550e+02
6.900000000000005684e+00 1.090460322568446827e+00 1.799999999989613286e+02
7.050000000000006040e+00 1.090460322597948561e+00 1.799999999996230997e+02
7.200000000000006395e+00 1.090463802622537060e+00 1.799999999998633484e+02
7.350000000000006750e+00 1.090474662004453421e+00 1.799999999999500915e+02
7.500000000000007105e+00 1.090505068439028946e+00 1.799999999999820659e+02
7.650000000000007461e+00 1.090589091797710353e+00 1.799999999999934914e+02
7.800000000000007816e+00 1.090820878693818941e+00 1.799999999999976694e+02
7.950000000000008171e+00 1.091460142748758244e+00 1.799999999999991758e+02
8.100000000000008527e+00 1.093223163711172674e+00 1.799999999999997442e+02
8.250000000000008882e+00 1.098085407040457540e+00 1.799999999999998579e+02
8.400000000000009237e+00 1.111494681417923402e+00 1.799999999999998010e+02
8.550000000000009592e+00 1.148477730981085188e+00 1.799999999999994031e+02
8.700000000000009948e+00 1.250458967321037562e+00 1.799999999999983515e+02
8.850000000000010303e+00 1.531817115690955688e+00 1.799999999999964473e+02
9.000000000000010658e+00 2.306966661462411139e+00 1.799999999999935483e+02
9.150000000000011013e+00 4.450906910104990288e+00 1.799999999999909903e+02
9.300000000000011369e+00 1.031675167697424200e+01 1.799999999999890576e+02
9.450000000000011724e+00 2.685495092556528007e+01 1.799999999999884608e+02
9.600000000000012079e+00 6.961414022680088465e+01 1.799999999999881197e+02
9.750000000000012434e+00 2.097454868083277972e+02 1.799999999999879492e+02
9.900000000000012790e+00 4.377782650319810500e+02 1.799999999999879776e+02
1.005000000000001315e+01 7.998307245428812848e+02 1.799999999999878355e+02
1.020000000000001350e+01 7.998307245428812848e+02 1.799999999999878355e+02
1.035000000000001386e+01 7.998307245428812848e+02 1.799999999999878355e+02
1.050000000000001421e+01 7.998307245428812848e+02 1.799999999999878355e+02
1.065000000000001457e+01 7.998307245428812848e+02 1.799999999999878355e+02
1.080000000000001492e+01 7.998307245428812848e+02 1.799999999999878355e+02
1.095000000000001528e+01 7.998307245428812848e+02 1.799999999999878355e+02
1.110000000000001563e+01 7.998307245428812848e+02 1.799999999999878355e+02
1.125000000000001599e+01 7.998307245428812848e+02 1.799999999999878355e+02
1.140000000000001634e+01 7.998307245428812848e+02 1.799999999999878355e+02
1.155000000000001670e+01 7.998307245428812848e+02 1.799999999999878355e+02
1.170000000000001705e+01 7.998307245428812848e+02 1.799999999999878355e+02
1.185000000000001741e+01 7.998307245428812848e+02 1.799999999999878355e+02
1.200000000000001776e+01 7.998307245428812848e+02 1.799999999999878355e+02
1.215000000000001812e+01 7.998307245428812848e+02 1.799999999999878355e+02
1.230000000000001847e+01 7.998307245428812848e+02 1.799999999999878355e+02
1.245000000000001883e+01 7.998307245428812848e+02 1.799999999999878355e+02
1.260000000000001918e+01 7.998307245428812848e+02 1.799999999999878355e+02
1.275000000000001954e+01 7.998307245428812848e+02 1.799999999999878355e+02
1.290000000000001990e+01 7.998307245428812848e+02 1.799999999999878355e+02
1.305000000000002025e+01 7.996731011393274002e+02 1.799999999999879776e+02
1.320000000000002061e+01 7.996731011393274002e+02 1.799999999999879776e+02
1.335000000000002096e+01 7.996731011393274002e+02 1.799999999999879776e+02
1.350000000000002132e+01 7.996731011393274002e+02 1.799999999999879776e+02
1.365000000000002167e+01 7.996731011393274002e+02 1.799999999999879776e+02
1.380000000000002203e+01 7.996731011393274002e+02 1.799999999999879776e+02
1.395000000000002238e+01 7.996731011393274002e+02 1.799999999999879776e+02
1.410000000000002274e+01 7.996731011393274002e+02 1.799999999999879776e+02
1.425000000000002309e+01 7.996731011393274002e+02 1.799999999999879776e+02
1.440000000000002345e+01 7.996731011393274002e+02 1.799999999999879776e+02
1.455000000000002380e+01 7.996731011393274002e+02 1.799999999999879776e+02
1.470000000000002416e+01 7.996731011393274002e+02 1.799999999999879776e+02
1.485000000000002451e+01 7.996731011393274002e+02 1.799999999999879776e+02
1.500000000000002487e+01 7.996731011393274002e+02 1.799999999999879776e+02
1.515000000000002522e+01 7.996731011393274002e+02 1.799999999999879776e+02
1.530000000000002558e+01 7.996731011393274002e+02 1.799999999999879776e+02
1.545000000000002593e+01 7.996731011393274002e+02 1.799999999999879776e+02
1.560000000000002629e+01 7.996731011393274002e+02 1.799999999999879776e+02
1.575000000000002665e+01 7.996731011393274002e+02 1.799999999999879776e+02
1.590000000000002700e+01 7.996731011393274002e+02 1.799999999999879776e+02
