1.499999999999999944e-01 7.998135838820719528e+02 1.419634134114389212e-04
2.999999999999999889e-01 7.998135838820719528e+02 1.419634134114389212e-04
4.499999999999999556e-01 7.998135838820719528e+02 1.419634134114389212e-04
5.999999999999999778e-01 7.998135838820719528e+02 1.419634134114389212e-04
7.500000000000000000e-01 7.998135838820719528e+02 1.419634134114389212e-04
9.000000000000000222e-01 7.998135838820719528e+02 1.419634134114389212e-04
1.050000000000000044e+00 7.998135838820719528e+02 1.419634134114389212e-04
1.199999999999999956e+00 7.998135838820719528e+02 1.419634134114389212e-04
1.349999999999999867e+00 7.998135838820719528e+02 1.419634134114389212e-04
1.499999999999999778e+00 7.998135838820719528e+02 1.419634134114389212e-04
1.649999999999999689e+00 7.998135838820719528e+02 1.419634134114389212e-04
1.799999999999999600e+00 7.998135838820719528e+02 1.419634134114389212e-04
1.949999999999999512e+00 7.998135838820719528e+02 1.419634134114389212e-04
2.099999999999999645e+00 7.999103915548256509e+02 1.418632130063546271e-04
2.249999999999999556e+00 7.999103915548256509e+02 1.418632130063546271e-04
2.399999999999999467e+00 7.999103915548256509e+02 1.418632130063546271e-04
2.549999999999999378e+00 7.999103915548256509e+02 1.418632130063546271e-04
2.699999999999999289e+00 7.999103915548256509e+02 1.418632130063546271e-04
2.849999999999999201e+00 7.999103915548256509e+02 1.418632130063546271e-04
2.999999999999999112e+00 7.999103915548256509e+02 1.418632130063546271e-04
3.149999999999999023e+00 7.999103915548256509e+02 1.418632130063546271e-04
3.299999999999998934e+00 7.999103915548256509e+02 1.418632130063546271e-04
3.449999999999998845e+00 7.999103915548256509e+02 1.418632130063546271e-04
3.599999999999998757e+00 7.999103915548256509e+02 1.418632130063546271e-04
3.749999999999998668e+00 7.999103915548256509e+02 1.418632130063546271e-04
3.899999999999998579e+00 7.999103915548256509e+02 1.418632130063546271e-04
4.049999999999998934e+00 4.505493568662853363e+02 1.419670367914793729e-04
4.199999999999999289e+00 2.288653802736066893e+02 1.424200683876053475e-04
4.349999999999999645e+00 8.096923277535489660e+01 1.430613844171091387e-04
4.500000000000000000e+00 3.231537376041511322e+01 1.445387185542434949e-04
4.650000000000000355e+00 1.214593493565217841e+01 1.488719647435576832e-04
4.800000000000000711e+00 4.424205889688352045e+00 1.601792536282120594e-04
4.950000000000001066e+00 1.388942418571929238e+00 1.989971738388662814e-04
5.100000000000001421e+00 2.065786463631411607e-01 5.237048736981275709e-04
5.250000000000001776e+00 2.554322465141467546e-01 1.799998346282409614e+02
5.400000000000002132e+00 4.357718567215442818e-01 1.799999621445939795e+02
5.550000000000002487e+00 5.061905984479153631e-01 1.799999872496679814e+02
5.700000000000002842e+00 5.336841619315464413e-01 1.799999952773902976e+02
5.850000000000003197e+00 5.444189258076903570e-01 1.799999981921578467e+02
6.000000000000003553e+00 5.486102199832885162e-01 1.799999992980825141e+02
6.150000000000003908e+00 5.502466970027626303e-01 1.799999997267119625e+02
6.300000000000004263e+00 5.508856905858010578e-01 1.799999998934030430e+02
6.450000000000004619e+00 5.511352944348573146e-01 1.799999999583126851e+02
6.600000000000004974e+00 5.512330419413729032e-01 1.799999999837237397e+02
6.750000000000005329e+00 5.512719536079657701e-01 1.799999999936445079e+02
6.900000000000005684e+00 5.512890595986164044e-01 1.799999999975134131e+02
7.050000000000006040e+00 5.513006383803258359e-01 1.799999999990290860e+02
7.200000000000006395e+00 5.513177090278986725e-01 1.799999999996208828e+02
7.350000000000006750e+00 5.513565161993483343e-01 1.799999999998517524e+02
7.500000000000007105e+00 5.514539909918312333e-01 1.799999999999421050e+02
7.650000000000007461e+00 5.517028942336992259e-01 1.799999999999775468e+02
7.800000000000007816e+00 5.523400928132105037e-01 1.799999999999912177e+02
7.950000000000008171e+00 5.539719718693731920e-01 1.799999999999964757e+02
8.100000000000008527e+00 5.581514897786519214e-01 1.799999999999985221e+02
8.250000000000008882e+00 5.688560925566434889e-01 1.799999999999990905e+02
8.400000000000009237e+00 5.962724097610134777e-01 1.799999999999989200e+02
8.550000000000009592e+00 6.664933211170591676e-01 1.799999999999978684e+02
8.700000000000009948e+00 8.463263566892464951e-01 1.799999999999959073e+02
8.850000000000010303e+00 1.307040322552495581e+00 1.799999999999932356e+02
9.000000000000010658e+00 2.486087250888829203e+00 1.799999999999909051e+02
9.150000000000011013e+00 5.512876254049885461e+00 1.799999999999893703e+02
9.300000000000011369e+00 1.321311752385298632e+01 1.799999999999888018e+02
9.450000000000011724e+00 3.332832231606217732e+01 1.799999999999884039e+02
9.600000000000012079e+00 8.185272032889983507e+01 1.799999999999883187e+02
9.750000000000012434e+00 2.294451855948511820e+02 1.799999999999883471e+02
9.900000000000012790e+00 4.506709883364477491e+02 1.799999999999883187e+02
1.005000000000001315e+01 7.999109943942570453e+02 1.799999999999882903e+02
1.020000000000001350e+01 7.999109943942570453e+02 1.799999999999882903e+02
1.035000000000001386e+01 7.999109943942570453e+02 1.799999999999882903e+02
1.050000000000001421e+01 7.999109943942570453e+02 1.799999999999882903e+02
1.065000000000001457e+01 7.999109943942570453e+02 1.799999999999882903e+02
1.080000000000001492e+01 7.999109943942570453e+02 1.799999999999882903e+02
1.095000000000001528e+01 7.999109943942570453e+02 1.799999999999882903e+02
1.110000000000001563e+01 7.999109943942570453e+02 1.799999999999882903e+02
1.125000000000001599e+01 7.999109943942570453e+02 1.799999999999882903e+02
1.140000000000001634e+01 7.999109943942570453e+02 1.799999999999882903e+02
1.155000000000001670e+01 7.999109943942570453e+02 1.799999999999882903e+02
1.170000000000001705e+01 7.999109943942570453e+02 1.799999999999882903e+02
1.185000000000001741e+01 7.999109943942570453e+02 1.799999999999882903e+02
1.200000000000001776e+01 7.999109943942570453e+02 1.799999999999882903e+02
1.215000000000001812e+01 7.999109943942570453e+02 1.799999999999882903e+02
1.230000000000001847e+01 7.999109943942570453e+02 1.799999999999882903e+02
1.245000000000001883e+01 7.999109943942570453e+02 1.799999999999882903e+02
1.260000000000001918e+01 7.999109943942570453e+02 1.799999999999882903e+02
1.275000000000001954e+01 7.999109943942570453e+02 1.799999999999882903e+02
1.290000000000001990e+01 7.999109943942570453e+02 1.799999999999882903e+02
1.305000000000002025e+01 7.998147639016181074e+02 1.799999999999882903e+02
1.320000000000002061e+01 7.998147639016181074e+02 1.799999999999882903e+02
1.335000000000002096e+01 7.998147639016181074e+02 1.799999999999882903e+02
1.350000000000002132e+01 7.998147639016181074e+02 1.799999999999882903e+02
1.365000000000002167e+01 7.998147639016181074e+02 1.799999999999882903e+02
1.380000000000002203e+01 7.998147639016181074e+02 1.799999999999882903e+02
1.395000000000002238e+01 7.998147639016181074e+02 1.799999999999882903e+02
1.410000000000002274e+01 7.998147639016181074e+02 1.799999999999882903e+02
1.425000000000002309e+01 7.998147639016181074e+02 1.799999999999882903e+02
1.440000000000002345e+01 7.998147639016181074e+02 1.799999999999882903e+02
1.455000000000002380e+01 7.998147639016181074e+02 1.799999999999882903e+02
1.470000000000002416e+01 7.998147639016181074e+02 1.799999999999882903e+02
1.485000000000002451e+01 7.998147639016181074e+02 1.799999999999882903e+02
1.500000000000002487e+01 7.998147639016181074e+02 1.799999999999882903e+02
1.515000000000002522e+01 7.998147639016181074e+02 1.799999999999882903e+02
1.530000000000002558e+01 7.998147639016181074e+02 1.799999999999882903e+02
1.545000000000002593e+01 7.998147639016181074e+02 1.799999999999882903e+02
1.560000000000002629e+01 7.998147639016181074e+02 1.799999999999882903e+02
1.575000000000002665e+01 7.998147639016181074e+02 1.799999999999882903e+02
1.590000000000002700e+01 7.998147639016181074e+02 1.799999999999882903e+02
