1.499999999999999944e-01 7.999978141238557328e+02 1.542538014200853791e-01
2.999999999999999889e-01 7.999978141238557328e+02 1.542538014200853791e-01
4.499999999999999556e-01 7.999978141238557328e+02 1.542538014200853791e-01
5.999999999999999778e-01 7.999978141238557328e+02 1.542538014200853791e-01
7.500000000000000000e-01 7.999978141238557328e+02 1.542538014200853791e-01
9.000000000000000222e-01 7.999978141238557328e+02 1.542538014200853791e-01
1.050000000000000044e+00 7.999978141238557328e+02 1.542538014200853791e-01
1.199999999999999956e+00 7.999978141238557328e+02 1.542538014200853791e-01
1.349999999999999867e+00 7.999978141238557328e+02 1.542538014200853791e-01
1.499999999999999778e+00 7.999978141238557328e+02 1.542538014200853791e-01
1.649999999999999689e+00 7.999978141238557328e+02 1.542538014200853791e-01
1.799999999999999600e+00 7.999978141238557328e+02 1.542538014200853791e-01
1.949999999999999512e+00 7.999978141238557328e+02 1.542538014200853791e-01
2.099999999999999645e+00 7.999994135751504700e+02 1.542641078233208951e-01
2.249999999999999556e+00 7.999994135751504700e+02 1.542641078233208951e-01
2.399999999999999467e+00 7.999994135751504700e+02 1.542641078233208951e-01
2.549999999999999378e+00 7.999994135751504700e+02 1.542641078233208951e-01
2.699999999999999289e+00 7.999994135751504700e+02 1.542641078233208951e-01
2.849999999999999201e+00 7.999994135751504700e+02 1.542641078233208951e-01
2.999999999999999112e+00 7.999994135751504700e+02 1.542641078233208951e-01
3.149999999999999023e+00 7.999994135751504700e+02 1.542641078233208951e-01
3.299999999999998934e+00 7.999994135751504700e+02 1.542641078233208951e-01
3.449999999999998845e+00 7.999994135751504700e+02 1.542641078233208951e-01
3.599999999999998757e+00 7.999994135751504700e+02 1.542641078233208951e-01
3.749999999999998668e+00 7.999994135751504700e+02 1.542641078233208951e-01
3.899999999999998579e+00 7.999994135751504700e+02 1.542641078233208951e-01
4.049999999999998934e+00 5.014393368805655200e+02 1.544462434295938991e-01
4.199999999999999289e+00 3.715518154512579940e+02 1.550808640579012243e-01
4.349999999999999645e+00 2.320895945126569018e+02 1.565610925927412023e-01
4.500000000000000000e+00 1.640869553604577220e+02 1.588097164902266822e-01
4.650000000000000355e+00 1.170882413704977694e+02 1.623023399136168665e-01
4.800000000000000711e+00 8.440907512158655379e+01 1.673126435409388879e-01
4.950000000000001066e+00 6.058199821801187568e+01 1.746296550927676217e-01
5.100000000000001421e+00 4.292238906000662269e+01 1.855489625279406196e-01
5.250000000000001776e+00 2.969258683937781385e+01 2.023296462887032021e-01
5.400000000000002132e+00 1.972846369491258045e+01 2.299765409941539884e-01
5.550000000000002487e+00 1.220097568106472963e+01 2.810601776037259247e-01
5.700000000000002842e+00 6.502666285318092321e+00 3.985543283479017207e-01
5.850000000000003197e+00 2.180253671695936646e+00 8.984308778580364363e-01
6.000000000000003553e+00 1.108969283892861313e+00 1.786646565579148955e+02
6.150000000000003908e+00 3.623295794584223017e+00 1.796911701713448792e+02
6.300000000000004263e+00 5.562540335948675363e+00 1.798479945925541870e+02
6.450000000000004619e+00 7.080053186553463718e+00 1.799097415620989011e+02
6.600000000000004974e+00 8.296188634067952705e+00 1.799418056675247328e+02
6.750000000000005329e+00 9.307582801666065109e+00 1.799608151560187821e+02
6.900000000000005684e+00 1.019474328937273810e+01 1.799729697060779472e+02
7.050000000000006040e+00 1.102840527571959228e+01 1.799811280700384373e+02
7.200000000000006395e+00 1.187514671513507736e+01 1.799867648496651213e+02
7.350000000000006750e+00 1.280270602211449926e+01 1.799907286752650180e+02
7.500000000000007105e+00 1.388543103933793077e+01 1.799935474859034059e+02
7.650000000000007461e+00 1.521031193487623412e+01 1.799955553100887471e+02
7.800000000000007816e+00 1.688412018708523377e+01 1.799969793622607881e+02
7.950000000000008171e+00 1.904230766414470466e+01 1.799979814505296360e+02
8.100000000000008527e+00 2.186054815246284733e+01 1.799986760483110686e+02
8.250000000000008882e+00 2.557019889659157741e+01 1.799991485819185471e+02
8.400000000000009237e+00 3.047966668156540848e+01 1.799994637374238664e+02
8.550000000000009592e+00 3.700502133080874501e+01 1.799996690386801106e+02
8.700000000000009948e+00 4.571583698420023723e+01 1.799997996178281312e+02
8.850000000000010303e+00 5.740864261307580563e+01 1.799998808184710981e+02
9.000000000000010658e+00 7.323021122035841302e+01 1.799999300742882724e+02
9.150000000000011013e+00 9.492962475949812529e+01 1.799999591852973424e+02
9.300000000000011369e+00 1.252499202498570412e+02 1.799999758753486674e+02
9.450000000000011724e+00 1.697716667927348055e+02 1.799999850869033935e+02
9.600000000000012079e+00 2.353978360305473814e+02 1.799999897685090957e+02
9.750000000000012434e+00 3.726940650707655323e+02 1.799999920212838163e+02
9.900000000000012790e+00 5.015173720088675395e+02 1.799999926812145077e+02
1.005000000000001315e+01 7.999994282453410506e+02 1.799999927959117372e+02
1.020000000000001350e+01 7.999994282453410506e+02 1.799999927959117372e+02
1.035000000000001386e+01 7.999994282453410506e+02 1.799999927959117372e+02
1.050000000000001421e+01 7.999994282453410506e+02 1.799999927959117372e+02
1.065000000000001457e+01 7.999994282453410506e+02 1.799999927959117372e+02
1.080000000000001492e+01 7.999994282453410506e+02 1.799999927959117372e+02
1.095000000000001528e+01 7.999994282453410506e+02 1.799999927959117372e+02
1.110000000000001563e+01 7.999994282453410506e+02 1.799999927959117372e+02
1.125000000000001599e+01 7.999994282453410506e+02 1.799999927959117372e+02
1.140000000000001634e+01 7.999994282453410506e+02 1.799999927959117372e+02
1.155000000000001670e+01 7.999994282453410506e+02 1.799999927959117372e+02
1.170000000000001705e+01 7.999994282453410506e+02 1.799999927959117372e+02
1.185000000000001741e+01 7.999994282453410506e+02 1.799999927959117372e+02
1.200000000000001776e+01 7.999994282453410506e+02 1.799999927959117372e+02
1.215000000000001812e+01 7.999994282453410506e+02 1.799999927959117372e+02
1.230000000000001847e+01 7.999994282453410506e+02 1.799999927959117372e+02
1.245000000000001883e+01 7.999994282453410506e+02 1.799999927959117372e+02
1.260000000000001918e+01 7.999994282453410506e+02 1.799999927959117372e+02
1.275000000000001954e+01 7.999994282453410506e+02 1.799999927959117372e+02
1.290000000000001990e+01 7.999994282453410506e+02 1.799999927959117372e+02
1.305000000000002025e+01 7.999978669871056809e+02 1.799999928187098419e+02
1.320000000000002061e+01 7.999978669871056809e+02 1.799999928187098419e+02
1.335000000000002096e+01 7.999978669871056809e+02 1.799999928187098419e+02
1.350000000000002132e+01 7.999978669871056809e+02 1.799999928187098419e+02
1.365000000000002167e+01 7.999978669871056809e+02 1.799999928187098419e+02
1.380000000000002203e+01 7.999978669871056809e+02 1.799999928187098419e+02
1.395000000000002238e+01 7.999978669871056809e+02 1.799999928187098419e+02
1.410000000000002274e+01 7.999978669871056809e+02 1.799999928187098419e+02
1.425000000000002309e+01 7.999978669871056809e+02 1.799999928187098419e+02
1.440000000000002345e+01 7.999978669871056809e+02 1.799999928187098419e+02
1.455000000000002380e+01 7.999978669871056809e+02 1.799999928187098419e+02
1.470000000000002416e+01 7.999978669871056809e+02 1.799999928187098419e+02
1.485000000000002451e+01 7.999978669871056809e+02 1.799999928187098419e+02
1.500000000000002487e+01 7.999978669871056809e+02 1.799999928187098419e+02
1.515000000000002522e+01 7.999978669871056809e+02 1.799999928187098419e+02
1.530000000000002558e+01 7.999978669871056809e+02 1.799999928187098419e+02
1.545000000000002593e+01 7.999978669871056809e+02 1.799999928187098419e+02
1.560000000000002629e+01 7.999978669871056809e+02 1.799999928187098419e+02
1.575000000000002665e+01 7.999978669871056809e+02 1.799999928187098419e+02
1.590000000000002700e+01 7.999978669871056809e+02 1.799999928187098419e+02
