1.499999999999999944e-01 7.999997790900840755e+02 3.389126823183561044e+01
2.999999999999999889e-01 7.999997790900840755e+02 3.389126823183561044e+01
4.499999999999999556e-01 7.999997790900840755e+02 3.389126823183561044e+01
5.999999999999999778e-01 7.999997790900840755e+02 3.389126823183561044e+01
7.500000000000000000e-01 7.999997790900840755e+02 3.389126823183561044e+01
9.000000000000000222e-01 7.999997790900840755e+02 3.389126823183561044e+01
1.050000000000000044e+00 7.999997790900840755e+02 3.389126823183561044e+01
1.199999999999999956e+00 7.999997790900840755e+02 3.389126823183561044e+01
1.349999999999999867e+00 7.999997790900840755e+02 3.389126823183561044e+01
1.499999999999999778e+00 7.999997790900840755e+02 3.389126823183561044e+01
1.649999999999999689e+00 7.999997790900840755e+02 3.389126823183561044e+01
1.799999999999999600e+00 7.999997790900840755e+02 3.389126823183561044e+01
1.949999999999999512e+00 7.999997790900840755e+02 3.389126823183561044e+01
2.099999999999999645e+00 7.999999558647751883e+02 3.393493681551780128e+01
2.249999999999999556e+00 7.999999558647751883e+02 3.393493681551780128e+01
2.399999999999999467e+00 7.999999558647751883e+02 3.393493681551780128e+01
2.549999999999999378e+00 7.999999558647751883e+02 3.393493681551780128e+01
2.699999999999999289e+00 7.999999558647751883e+02 3.393493681551780128e+01
2.849999999999999201e+00 7.999999558647751883e+02 3.393493681551780128e+01
2.999999999999999112e+00 7.999999558647751883e+02 3.393493681551780128e+01
3.149999999999999023e+00 7.999999558647751883e+02 3.393493681551780128e+01
3.299999999999998934e+00 7.999999558647751883e+02 3.393493681551780128e+01
3.449999999999998845e+00 7.999999558647751883e+02 3.393493681551780128e+01
3.599999999999998757e+00 7.999999558647751883e+02 3.393493681551780128e+01
3.749999999999998668e+00 7.999999558647751883e+02 3.393493681551780128e+01
3.899999999999998579e+00 7.999999558647751883e+02 3.393493681551780128e+01
4.049999999999998934e+00 5.103263204987026711e+02 3.416750942232734189e+01
4.199999999999999289e+00 4.257109593948336510e+02 3.527942138759848234e+01
4.349999999999999645e+00 3.338205180785907942e+02 3.798167348150013822e+01
4.500000000000000000e+00 3.023058024418372725e+02 4.151481504102534359e+01
4.650000000000000355e+00 2.856572476528176026e+02 4.572029615485628540e+01
4.800000000000000711e+00 2.774874267029086923e+02 5.024350398036690279e+01
4.950000000000001066e+00 2.733150207336093445e+02 5.491801661654844935e+01
5.100000000000001421e+00 2.712287717510336620e+02 5.963214603144280090e+01
5.250000000000001776e+00 2.702287973190421440e+02 6.432540876841856914e+01
5.400000000000002132e+00 2.698018483366510054e+02 6.896348769810474266e+01
5.550000000000002487e+00 2.696772943820503201e+02 7.352734026736362694e+01
5.700000000000002842e+00 2.697116832325077667e+02 7.800629897235845078e+01
5.850000000000003197e+00 2.698284491295784164e+02 8.239444098739670608e+01
6.000000000000003553e+00 2.699864914471357906e+02 8.668860163513396344e+01
6.150000000000003908e+00 2.701635801824409668e+02 9.088730738718550128e+01
6.300000000000004263e+00 2.703475684376240906e+02 9.499020145496788814e+01
6.450000000000004619e+00 2.705317296111352334e+02 9.899771708439854478e+01
6.600000000000004974e+00 2.707122808059077670e+02 1.029108856380945696e+02
6.750000000000005329e+00 2.708870680229150025e+02 1.067312232616460363e+02
6.900000000000005684e+00 2.710548709591298575e+02 1.104606473010401260e+02
7.050000000000006040e+00 2.712150423225747886e+02 1.141014135169693731e+02
7.200000000000006395e+00 2.713673385845585244e+02 1.176560717937862677e+02
7.350000000000006750e+00 2.715118787160663487e+02 1.211274206691320643e+02
7.500000000000007105e+00 2.716492212765986665e+02 1.245184649360499662e+02
7.650000000000007461e+00 2.717806037740478473e+02 1.278323789512599831e+02
7.800000000000007816e+00 2.719084597321840420e+02 1.310724572394002791e+02
7.950000000000008171e+00 2.720374535531527727e+02 1.342420507749566525e+02
8.100000000000008527e+00 2.721765102538800534e+02 1.373444781380613051e+02
8.250000000000008882e+00 2.723427715651419589e+02 1.403828687077360371e+02
8.400000000000009237e+00 2.725692958712534733e+02 1.433598859331336826e+02
8.550000000000009592e+00 2.729200718464500710e+02 1.462772255531495489e+02
8.700000000000009948e+00 2.735193491443870926e+02 1.491346654055400052e+02
8.850000000000010303e+00 2.746096753190317372e+02 1.519283115431906879e+02
9.000000000000010658e+00 2.766658978125332737e+02 1.546472187339596474e+02
9.150000000000011013e+00 2.806417067761317412e+02 1.572679997222718384e+02
9.300000000000011369e+00 2.884036422961353878e+02 1.597420140118602205e+02
9.450000000000011724e+00 3.044167998200784382e+02 1.619934461721115895e+02
9.600000000000012079e+00 3.351264703509871197e+02 1.638506043482981909e+02
9.750000000000012434e+00 4.261312006389570683e+02 1.652418430710470716e+02
9.900000000000012790e+00 5.103466115671822649e+02 1.658016784630346763e+02
1.005000000000001315e+01 7.999999560398243830e+02 1.659124372806703605e+02
1.020000000000001350e+01 7.999999560398243830e+02 1.659124372806703605e+02
1.035000000000001386e+01 7.999999560398243830e+02 1.659124372806703605e+02
1.050000000000001421e+01 7.999999560398243830e+02 1.659124372806703605e+02
1.065000000000001457e+01 7.999999560398243830e+02 1.659124372806703605e+02
1.080000000000001492e+01 7.999999560398243830e+02 1.659124372806703605e+02
1.095000000000001528e+01 7.999999560398243830e+02 1.659124372806703605e+02
1.110000000000001563e+01 7.999999560398243830e+02 1.659124372806703605e+02
1.125000000000001599e+01 7.999999560398243830e+02 1.659124372806703605e+02
1.140000000000001634e+01 7.999999560398243830e+02 1.659124372806703605e+02
1.155000000000001670e+01 7.999999560398243830e+02 1.659124372806703605e+02
1.170000000000001705e+01 7.999999560398243830e+02 1.659124372806703605e+02
1.185000000000001741e+01 7.999999560398243830e+02 1.659124372806703605e+02
1.200000000000001776e+01 7.999999560398243830e+02 1.659124372806703605e+02
1.215000000000001812e+01 7.999999560398243830e+02 1.659124372806703605e+02
1.230000000000001847e+01 7.999999560398243830e+02 1.659124372806703605e+02
1.245000000000001883e+01 7.999999560398243830e+02 1.659124372806703605e+02
1.260000000000001918e+01 7.999999560398243830e+02 1.659124372806703605e+02
1.275000000000001954e+01 7.999999560398243830e+02 1.659124372806703605e+02
1.290000000000001990e+01 7.999999560398243830e+02 1.659124372806703605e+02
1.305000000000002025e+01 7.999997798733354557e+02 1.659338032352267192e+02
1.320000000000002061e+01 7.999997798733354557e+02 1.659338032352267192e+02
1.335000000000002096e+01 7.999997798733354557e+02 1.659338032352267192e+02
1.350000000000002132e+01 7.999997798733354557e+02 1.659338032352267192e+02
1.365000000000002167e+01 7.999997798733354557e+02 1.659338032352267192e+02
1.380000000000002203e+01 7.999997798733354557e+02 1.659338032352267192e+02
1.395000000000002238e+01 7.999997798733354557e+02 1.659338032352267192e+02
1.410000000000002274e+01 7.999997798733354557e+02 1.659338032352267192e+02
1.425000000000002309e+01 7.999997798733354557e+02 1.659338032352267192e+02
1.440000000000002345e+01 7.999997798733354557e+02 1.659338032352267192e+02
1.455000000000002380e+01 7.999997798733354557e+02 1.659338032352267192e+02
1.470000000000002416e+01 7.999997798733354557e+02 1.659338032352267192e+02
1.485000000000002451e+01 7.999997798733354557e+02 1.659338032352267192e+02
1.500000000000002487e+01 7.999997798733354557e+02 1.659338032352267192e+02
1.515000000000002522e+01 7.999997798733354557e+02 1.659338032352267192e+02
1.530000000000002558e+01 7.999997798733354557e+02 1.659338032352267192e+02
1.545000000000002593e+01 7.999997798733354557e+02 1.659338032352267192e+02
1.560000000000002629e+01 7.999997798733354557e+02 1.659338032352267192e+02
1.575000000000002665e+01 7.999997798733354557e+02 1.659338032352267192e+02
1.590000000000002700e+01 7.999997798733354557e+02 1.659338032352267192e+02
