1.499999999999999944e-01 7.999999997596173671e+02 1.799996911037371490e+02
2.999999999999999889e-01 7.999999997596173671e+02 1.799996911037371490e+02
4.499999999999999556e-01 7.999999997596173671e+02 1.799996911037371490e+02
5.999999999999999778e-01 7.999999997596173671e+02 1.799996911037371490e+02
7.500000000000000000e-01 7.999999997596173671e+02 1.799996911037371490e+02
9.000000000000000222e-01 7.999999997596173671e+02 1.799996911037371490e+02
1.050000000000000044e+00 7.999999997596173671e+02 1.799996911037371490e+02
1.199999999999999956e+00 7.999999997596173671e+02 1.799996911037371490e+02
1.349999999999999867e+00 7.999999997596173671e+02 1.799996911037371490e+02
1.499999999999999778e+00 7.999999997596173671e+02 1.799996911037371490e+02
1.649999999999999689e+00 7.999999997596173671e+02 1.799996911037371490e+02
1.799999999999999600e+00 7.999999997596173671e+02 1.799996911037371490e+02
1.949999999999999512e+00 7.999999997596173671e+02 1.799996911037371490e+02
2.099999999999999645e+00 7.999999999788989271e+02 1.799996917390284352e+02
2.249999999999999556e+00 7.999999999788989271e+02 1.799996917390284352e+02
2.399999999999999467e+00 7.999999999788989271e+02 1.799996917390284352e+02
2.549999999999999378e+00 7.999999999788989271e+02 1.799996917390284352e+02
2.699999999999999289e+00 7.999999999788989271e+02 1.799996917390284352e+02
2.849999999999999201e+00 7.999999999788989271e+02 1.799996917390284352e+02
2.999999999999999112e+00 7.999999999788989271e+02 1.799996917390284352e+02
3.149999999999999023e+00 7.999999999788989271e+02 1.799996917390284352e+02
3.299999999999998934e+00 7.999999999788989271e+02 1.799996917390284352e+02
3.449999999999998845e+00 7.999999999788989271e+02 1.799996917390284352e+02
3.599999999999998757e+00 7.999999999788989271e+02 1.799996917390284352e+02
3.749999999999998668e+00 7.999999999788989271e+02 1.799996917390284352e+02
3.899999999999998579e+00 7.999999999788989271e+02 1.799996917390284352e+02
4.049999999999998934e+00 5.178439902719001111e+02 1.799996930135665707e+02
4.199999999999999289e+00 4.911872922174117093e+02 1.799996975899951792e+02
4.349999999999999645e+00 4.583368941022928311e+02 1.799997076223292254e+02
4.500000000000000000e+00 4.541657042196902125e+02 1.799997175337267947e+02
4.650000000000000355e+00 4.529042806052829633e+02 1.799997266106945801e+02
4.800000000000000711e+00 4.526554414192035551e+02 1.799997363549802571e+02
4.950000000000001066e+00 4.525962385233548275e+02 1.799997458607866463e+02
5.100000000000001421e+00 4.525833855381421813e+02 1.799997543325711149e+02
5.250000000000001776e+00 4.525804693846284863e+02 1.799997633927814888e+02
5.400000000000002132e+00 4.525798217552081724e+02 1.799997722267472398e+02
5.550000000000002487e+00 4.525796764323903290e+02 1.799997801332160350e+02
5.700000000000002842e+00 4.525796439860383771e+02 1.799997885660943098e+02
5.850000000000003197e+00 4.525796367241352982e+02 1.799997967959024834e+02
6.000000000000003553e+00 4.525796351007355725e+02 1.799998041985010673e+02
6.150000000000003908e+00 4.525796347376181075e+02 1.799998120701580149e+02
6.300000000000004263e+00 4.525796346564197279e+02 1.799998197603849235e+02
6.450000000000004619e+00 4.525796346382605293e+02 1.799998267171786495e+02
6.600000000000004974e+00 4.525796346341999765e+02 1.799998340893886848e+02
6.750000000000005329e+00 4.525796346332944040e+02 1.799998413003770565e+02
6.900000000000005684e+00 4.525796346331014774e+02 1.799998478659115904e+02
7.050000000000006040e+00 4.525796346331016480e+02 1.799998547965042803e+02
7.200000000000006395e+00 4.525796346332946882e+02 1.799998615848097643e+02
7.350000000000006750e+00 4.525796346342009997e+02 1.799998678105341128e+02
7.500000000000007105e+00 4.525796346382616662e+02 1.799998743538474741e+02
7.650000000000007461e+00 4.525796346564214900e+02 1.799998807726830705e+02
7.800000000000007816e+00 4.525796347376203244e+02 1.799998867073527151e+02
7.950000000000008171e+00 4.525796351007379030e+02 1.799998929146588011e+02
8.100000000000008527e+00 4.525796367241380267e+02 1.799998990143106425e+02
8.250000000000008882e+00 4.525796439860415603e+02 1.799999047043687312e+02
8.400000000000009237e+00 4.525796764323939101e+02 1.799999106242753442e+02
8.550000000000009592e+00 4.525798217552123219e+02 1.799999164524946309e+02
8.700000000000009948e+00 4.525804693846332043e+02 1.799999219424200021e+02
8.850000000000010303e+00 4.525833855381474109e+02 1.799999276211926258e+02
9.000000000000010658e+00 4.525962385233603413e+02 1.799999332232259235e+02
9.150000000000011013e+00 4.526554414192095805e+02 1.799999385549078852e+02
9.300000000000011369e+00 4.529042806052895571e+02 1.799999440291855990e+02
9.450000000000011724e+00 4.541657042196983980e+02 1.799999494338954946e+02
9.600000000000012079e+00 4.583368941023036314e+02 1.799999544748540075e+02
9.750000000000012434e+00 4.911872922174530913e+02 1.799999595498877341e+02
9.900000000000012790e+00 5.178439902719236443e+02 1.799999622690477565e+02
1.005000000000001315e+01 7.999999999801308377e+02 1.799999628606671536e+02
1.020000000000001350e+01 7.999999999801308377e+02 1.799999628606671536e+02
1.035000000000001386e+01 7.999999999801308377e+02 1.799999628606671536e+02
1.050000000000001421e+01 7.999999999801308377e+02 1.799999628606671536e+02
1.065000000000001457e+01 7.999999999801308377e+02 1.799999628606671536e+02
1.080000000000001492e+01 7.999999999801308377e+02 1.799999628606671536e+02
1.095000000000001528e+01 7.999999999801308377e+02 1.799999628606671536e+02
1.110000000000001563e+01 7.999999999801308377e+02 1.799999628606671536e+02
1.125000000000001599e+01 7.999999999801308377e+02 1.799999628606671536e+02
1.140000000000001634e+01 7.999999999801308377e+02 1.799999628606671536e+02
1.155000000000001670e+01 7.999999999801308377e+02 1.799999628606671536e+02
1.170000000000001705e+01 7.999999999801308377e+02 1.799999628606671536e+02
1.185000000000001741e+01 7.999999999801308377e+02 1.799999628606671536e+02
1.200000000000001776e+01 7.999999999801308377e+02 1.799999628606671536e+02
1.215000000000001812e+01 7.999999999801308377e+02 1.799999628606671536e+02
1.230000000000001847e+01 7.999999999801308377e+02 1.799999628606671536e+02
1.245000000000001883e+01 7.999999999801308377e+02 1.799999628606671536e+02
1.260000000000001918e+01 7.999999999801308377e+02 1.799999628606671536e+02
1.275000000000001954e+01 7.999999999801308377e+02 1.799999628606671536e+02
1.290000000000001990e+01 7.999999999801308377e+02 1.799999628606671536e+02
1.305000000000002025e+01 7.999999997736512114e+02 1.799999630505949710e+02
1.320000000000002061e+01 7.999999997736512114e+02 1.799999630505949710e+02
1.335000000000002096e+01 7.999999997736512114e+02 1.799999630505949710e+02
1.350000000000002132e+01 7.999999997736512114e+02 1.799999630505949710e+02
1.365000000000002167e+01 7.999999997736512114e+02 1.799999630505949710e+02
1.380000000000002203e+01 7.999999997736512114e+02 1.799999630505949710e+02
1.395000000000002238e+01 7.999999997736512114e+02 1.799999630505949710e+02
1.410000000000002274e+01 7.999999997736512114e+02 1.799999630505949710e+02
1.425000000000002309e+01 7.999999997736512114e+02 1.799999630505949710e+02
1.440000000000002345e+01 7.999999997736512114e+02 1.799999630505949710e+02
1.455000000000002380e+01 7.999999997736512114e+02 1.799999630505949710e+02
1.470000000000002416e+01 7.999999997736512114e+02 1.799999630505949710e+02
1.485000000000002451e+01 7.999999997736512114e+02 1.799999630505949710e+02
1.500000000000002487e+01 7.999999997736512114e+02 1.799999630505949710e+02
1.515000000000002522e+01 7.999999997736512114e+02 1.799999630505949710e+02
1.530000000000002558e+01 7.999999997736512114e+02 1.799999630505949710e+02
1.545000000000002593e+01 7.999999997736512114e+02 1.799999630505949710e+02
1.560000000000002629e+01 7.999999997736512114e+02 1.799999630505949710e+02
1.575000000000002665e+01 7.999999997736512114e+02 1.799999630505949710e+02
1.590000000000002700e+01 7.999999997736512114e+02 1.799999630505949710e+02
