1.499999999999999944e-01 7.999919518012359276e+02 1.163237391293980849e-04
2.999999999999999889e-01 7.999919518012359276e+02 1.163237391293980849e-04
4.499999999999999556e-01 7.999919518012359276e+02 1.163237391293980849e-04
5.999999999999999778e-01 7.999919518012359276e+02 1.163237391293980849e-04
7.500000000000000000e-01 7.999919518012359276e+02 1.163237391293980849e-04
9.000000000000000222e-01 7.999919518012359276e+02 1.163237391293980849e-04
1.050000000000000044e+00 7.999919518012359276e+02 1.163237391293980849e-04
1.199999999999999956e+00 7.999919518012359276e+02 1.163237391293980849e-04
1.349999999999999867e+00 7.999919518012359276e+02 1.163237391293980849e-04
1.499999999999999778e+00 7.999919518012359276e+02 1.163237391293980849e-04
1.649999999999999689e+00 7.999919518012359276e+02 1.163237391293980849e-04
1.799999999999999600e+00 7.999919518012359276e+02 1.163237391293980849e-04
1.949999999999999512e+00 7.999919518012359276e+02 1.163237391293980849e-04
2.099999999999999645e+00 7.999974362829307211e+02 1.162699711957371207e-04
2.249999999999999556e+00 7.999974362829307211e+02 1.162699711957371207e-04
2.399999999999999467e+00 7.999974362829307211e+02 1.162699711957371207e-04
2.549999999999999378e+00 7.999974362829307211e+02 1.162699711957371207e-04
2.699999999999999289e+00 7.999974362829307211e+02 1.162699711957371207e-04
2.849999999999999201e+00 7.999974362829307211e+02 1.162699711957371207e-04
2.999999999999999112e+00 7.999974362829307211e+02 1.162699711957371207e-04
3.149999999999999023e+00 7.999974362829307211e+02 1.162699711957371207e-04
3.299999999999998934e+00 7.999974362829307211e+02 1.162699711957371207e-04
3.449999999999998845e+00 7.999974362829307211e+02 1.162699711957371207e-04
3.599999999999998757e+00 7.999974362829307211e+02 1.162699711957371207e-04
3.749999999999998668e+00 7.999974362829307211e+02 1.162699711957371207e-04
3.899999999999998579e+00 7.999974362829307211e+02 1.162699711957371207e-04
4.049999999999998934e+00 4.926998545433104368e+02 1.163787004941907455e-04
4.199999999999999289e+00 3.327883157294300531e+02 1.167960652745936301e-04
4.349999999999999645e+00 1.762198672487046451e+02 1.174338635928640073e-04
4.500000000000000000e+00 1.038049167176434935e+02 1.184705995844748116e-04
4.650000000000000355e+00 6.006408936325715331e+01 1.204903871000473359e-04
4.800000000000000711e+00 3.466989292125016675e+01 1.236979581753505641e-04
4.950000000000001066e+00 1.962221173021751852e+01 1.294946230094851103e-04
5.100000000000001421e+00 1.071824007171665016e+01 1.407632937165947951e-04
5.250000000000001776e+00 5.441411364485503555e+00 1.643968063632650356e-04
5.400000000000002132e+00 2.314231969879159578e+00 2.291979334216875941e-04
5.550000000000002487e+00 4.607850548650276323e-01 6.835436019911877992e-04
5.700000000000002842e+00 6.377561471273338611e-01 1.799997071659408050e+02
5.850000000000003197e+00 1.288922231978631316e+00 1.799999140868343090e+02
6.000000000000003553e+00 1.675005850467812252e+00 1.799999607432639266e+02
6.150000000000003908e+00 1.904094930368700034e+00 1.799999795237499143e+02
6.300000000000004263e+00 2.040326912684122362e+00 1.799999886695457860e+02
6.450000000000004619e+00 2.121843009013872461e+00 1.799999935304138887e+02
6.600000000000004974e+00 2.171465752260075988e+00 1.799999962516134815e+02
6.750000000000005329e+00 2.203088410748904380e+00 1.799999978093503330e+02
6.900000000000005684e+00 2.225564669064510781e+00 1.799999987123232188e+02
7.050000000000006040e+00 2.245187430254532046e+00 1.799999992431641544e+02
7.200000000000006395e+00 2.267450688717758567e+00 1.799999995556515273e+02
7.350000000000006750e+00 2.298587742463183758e+00 1.799999997397189873e+02
7.500000000000007105e+00 2.347316414687753650e+00 1.799999998488743245e+02
7.650000000000007461e+00 2.427279935603053218e+00 1.799999999133443964e+02
7.800000000000007816e+00 2.560866957740898897e+00 1.799999999512282614e+02
7.950000000000008171e+00 2.785480462511486621e+00 1.799999999734136225e+02
8.100000000000008527e+00 3.164011379756772158e+00 1.799999999861218782e+02
8.250000000000008882e+00 3.802451679634899051e+00 1.799999999931425805e+02
8.400000000000009237e+00 4.879583994262233659e+00 1.799999999968309794e+02
8.550000000000009592e+00 6.697094825011085106e+00 1.799999999986301589e+02
8.700000000000009948e+00 9.764173208590953834e+00 1.799999999994412576e+02
8.850000000000010303e+00 1.494109646912216505e+01 1.799999999997825739e+02
9.000000000000010658e+00 2.368069939076828234e+01 1.799999999999176339e+02
9.150000000000011013e+00 3.846251675196187136e+01 1.799999999999689066e+02
9.300000000000011369e+00 6.343932531503775607e+01 1.799999999999877218e+02
9.450000000000011724e+00 1.065535720730654106e+02 1.799999999999945715e+02
9.600000000000012079e+00 1.781152464477475803e+02 1.799999999999967883e+02
9.750000000000012434e+00 3.336034977007025759e+02 1.799999999999977831e+02
9.900000000000012790e+00 4.927758332505356975e+02 1.799999999999976694e+02
1.005000000000001315e+01 7.999974674332721634e+02 1.799999999999977547e+02
1.020000000000001350e+01 7.999974674332721634e+02 1.799999999999977547e+02
1.035000000000001386e+01 7.999974674332721634e+02 1.799999999999977547e+02
1.050000000000001421e+01 7.999974674332721634e+02 1.799999999999977547e+02
1.065000000000001457e+01 7.999974674332721634e+02 1.799999999999977547e+02
1.080000000000001492e+01 7.999974674332721634e+02 1.799999999999977547e+02
1.095000000000001528e+01 7.999974674332721634e+02 1.799999999999977547e+02
1.110000000000001563e+01 7.999974674332721634e+02 1.799999999999977547e+02
1.125000000000001599e+01 7.999974674332721634e+02 1.799999999999977547e+02
1.140000000000001634e+01 7.999974674332721634e+02 1.799999999999977547e+02
1.155000000000001670e+01 7.999974674332721634e+02 1.799999999999977547e+02
1.170000000000001705e+01 7.999974674332721634e+02 1.799999999999977547e+02
1.185000000000001741e+01 7.999974674332721634e+02 1.799999999999977547e+02
1.200000000000001776e+01 7.999974674332721634e+02 1.799999999999977547e+02
1.215000000000001812e+01 7.999974674332721634e+02 1.799999999999977547e+02
1.230000000000001847e+01 7.999974674332721634e+02 1.799999999999977547e+02
1.245000000000001883e+01 7.999974674332721634e+02 1.799999999999977547e+02
1.260000000000001918e+01 7.999974674332721634e+02 1.799999999999977547e+02
1.275000000000001954e+01 7.999974674332721634e+02 1.799999999999977547e+02
1.290000000000001990e+01 7.999974674332721634e+02 1.799999999999977547e+02
1.305000000000002025e+01 7.999920449249596004e+02 1.799999999999978684e+02
1.320000000000002061e+01 7.999920449249596004e+02 1.799999999999978684e+02
1.335000000000002096e+01 7.999920449249596004e+02 1.799999999999978684e+02
1.350000000000002132e+01 7.999920449249596004e+02 1.799999999999978684e+02
1.365000000000002167e+01 7.999920449249596004e+02 1.799999999999978684e+02
1.380000000000002203e+01 7.999920449249596004e+02 1.799999999999978684e+02
1.395000000000002238e+01 7.999920449249596004e+02 1.799999999999978684e+02
1.410000000000002274e+01 7.999920449249596004e+02 1.799999999999978684e+02
1.425000000000002309e+01 7.999920449249596004e+02 1.799999999999978684e+02
1.440000000000002345e+01 7.999920449249596004e+02 1.799999999999978684e+02
1.455000000000002380e+01 7.999920449249596004e+02 1.799999999999978684e+02
1.470000000000002416e+01 7.999920449249596004e+02 1.799999999999978684e+02
1.485000000000002451e+01 7.999920449249596004e+02 1.799999999999978684e+02
1.500000000000002487e+01 7.999920449249596004e+02 1.799999999999978684e+02
1.515000000000002522e+01 7.999920449249596004e+02 1.799999999999978684e+02
1.530000000000002558e+01 7.999920449249596004e+02 1.799999999999978684e+02
1.545000000000002593e+01 7.999920449249596004e+02 1.799999999999978684e+02
1.560000000000002629e+01 7.999920449249596004e+02 1.799999999999978684e+02
1.575000000000002665e+01 7.999920449249596004e+02 1.799999999999978684e+02
1.590000000000002700e+01 7.999920449249596004e+02 1.799999999999978684e+02
