1.499999999999999944e-01 7.999054237135402445e+02 9.126792873070943557e-05
2.999999999999999889e-01 7.999054237135402445e+02 9.126792873070943557e-05
4.499999999999999556e-01 7.999054237135402445e+02 9.126792873070943557e-05
5.999999999999999778e-01 7.999054237135402445e+02 9.126792873070943557e-05
7.500000000000000000e-01 7.999054237135402445e+02 9.126792873070943557e-05
9.000000000000000222e-01 7.999054237135402445e+02 9.126792873070943557e-05
1.050000000000000044e+00 7.999054237135402445e+02 9.126792873070943557e-05
1.199999999999999956e+00 7.999054237135402445e+02 9.126792873070943557e-05
1.349999999999999867e+00 7.999054237135402445e+02 9.126792873070943557e-05
1.499999999999999778e+00 7.999054237135402445e+02 9.126792873070943557e-05
1.649999999999999689e+00 7.999054237135402445e+02 9.126792873070943557e-05
1.799999999999999600e+00 7.999054237135402445e+02 9.126792873070943557e-05
1.949999999999999512e+00 7.999054237135402445e+02 9.126792873070943557e-05
2.099999999999999645e+00 7.999583600386389435e+02 9.116466466319028683e-05
2.249999999999999556e+00 7.999583600386389435e+02 9.116466466319028683e-05
2.399999999999999467e+00 7.999583600386389435e+02 9.116466466319028683e-05
2.549999999999999378e+00 7.999583600386389435e+02 9.116466466319028683e-05
2.699999999999999289e+00 7.999583600386389435e+02 9.116466466319028683e-05
2.849999999999999201e+00 7.999583600386389435e+02 9.116466466319028683e-05
2.999999999999999112e+00 7.999583600386389435e+02 9.116466466319028683e-05
3.149999999999999023e+00 7.999583600386389435e+02 9.116466466319028683e-05
3.299999999999998934e+00 7.999583600386389435e+02 9.116466466319028683e-05
3.449999999999998845e+00 7.999583600386389435e+02 9.116466466319028683e-05
3.599999999999998757e+00 7.999583600386389435e+02 9.116466466319028683e-05
3.749999999999998668e+00 7.999583600386389435e+02 9.116466466319028683e-05
3.899999999999998579e+00 7.999583600386389435e+02 9.116466466319028683e-05
4.049999999999998934e+00 4.631575975290753036e+02 9.123381502396110676e-05
4.199999999999999289e+00 2.520887636191778540e+02 9.158805318065788015e-05
4.349999999999999645e+00 9.760687636174452564e+01 9.186053386855963510e-05
4.500000000000000000e+00 4.241309691631838774e+01 9.240348961148114881e-05
4.650000000000000355e+00 1.762712441212712022e+01 9.399905555917964506e-05
4.800000000000000711e+00 7.272131161715343239e+00 9.717268122033662081e-05
4.950000000000001066e+00 2.845205000747483837e+00 1.055332233667050090e-04
5.100000000000001421e+00 9.664516412645980381e-01 1.325667702571919904e-04
5.250000000000001776e+00 1.672212255566591921e-01 3.258180490772755178e-04
5.400000000000002132e+00 1.725144531742444087e-01 1.799998656780655040e+02
5.550000000000002487e+00 3.169644759259426792e-01 1.799999688152173292e+02
5.700000000000002842e+00 3.783773417924294336e-01 1.799999888897745564e+02
5.850000000000003197e+00 4.044876851284016084e-01 1.799999955798320173e+02
6.000000000000003553e+00 4.155887335111856373e-01 1.799999981647833636e+02
6.150000000000003908e+00 4.203085674253088655e-01 1.799999992280376375e+02
6.300000000000004263e+00 4.223155573170060961e-01 1.799999996727459006e+02
6.450000000000004619e+00 4.231695888649937842e-01 1.799999998595103818e+02
6.600000000000004974e+00 4.235344377582350717e-01 1.799999999375432367e+02
6.750000000000005329e+00 4.236936739596330881e-01 1.799999999669765884e+02
6.900000000000005684e+00 4.237710606081463993e-01 1.799999999706930396e+02
7.050000000000006040e+00 4.238267440697427446e-01 1.799999999518151981e+02
7.200000000000006395e+00 4.239040032117600276e-01 1.799999998956933496e+02
7.350000000000006750e+00 4.240628854513488477e-01 1.799999997583798290e+02
7.500000000000007105e+00 4.244268789713032675e-01 1.799999994350397969e+02
7.650000000000007461e+00 4.252788887064298251e-01 1.799999986774838874e+02
7.800000000000007816e+00 4.272811183752764919e-01 1.799999969028727662e+02
7.950000000000008171e+00 4.319897546110951225e-01 1.799999928110233895e+02
8.100000000000008527e+00 4.430644652615001178e-01 1.799999835507114199e+02
8.250000000000008882e+00 4.691128615636444010e-01 1.799999634426258126e+02
8.400000000000009237e+00 5.303800351799736745e-01 1.799999241180009051e+02
8.550000000000009592e+00 6.744874391853272755e-01 1.799998599667096926e+02
8.700000000000009948e+00 1.013417611411000507e+00 1.799997806983789417e+02
8.850000000000010303e+00 1.810755193583673872e+00 1.799997119376787680e+02
9.000000000000010658e+00 3.685067680465024864e+00 1.799996679138078548e+02
9.150000000000011013e+00 8.101600143508797203e+00 1.799996442383443878e+02
9.300000000000011369e+00 1.843250314992783956e+01 1.799996340467903053e+02
9.450000000000011724e+00 4.316322065361254090e+01 1.799996299707321157e+02
9.600000000000012079e+00 9.823811843218743434e+01 1.799996276978696983e+02
9.750000000000012434e+00 2.524719383294788031e+02 1.799996276936899164e+02
9.900000000000012790e+00 4.632246775845101752e+02 1.799996279729990647e+02
1.005000000000001315e+01 7.999583160484589826e+02 1.799996278200322024e+02
1.020000000000001350e+01 7.999583160484589826e+02 1.799996278200322024e+02
1.035000000000001386e+01 7.999583160484589826e+02 1.799996278200322024e+02
1.050000000000001421e+01 7.999583160484589826e+02 1.799996278200322024e+02
1.065000000000001457e+01 7.999583160484589826e+02 1.799996278200322024e+02
1.080000000000001492e+01 7.999583160484589826e+02 1.799996278200322024e+02
1.095000000000001528e+01 7.999583160484589826e+02 1.799996278200322024e+02
1.110000000000001563e+01 7.999583160484589826e+02 1.799996278200322024e+02
1.125000000000001599e+01 7.999583160484589826e+02 1.799996278200322024e+02
1.140000000000001634e+01 7.999583160484589826e+02 1.799996278200322024e+02
1.155000000000001670e+01 7.999583160484589826e+02 1.799996278200322024e+02
1.170000000000001705e+01 7.999583160484589826e+02 1.799996278200322024e+02
1.185000000000001741e+01 7.999583160484589826e+02 1.799996278200322024e+02
1.200000000000001776e+01 7.999583160484589826e+02 1.799996278200322024e+02
1.215000000000001812e+01 7.999583160484589826e+02 1.799996278200322024e+02
1.230000000000001847e+01 7.999583160484589826e+02 1.799996278200322024e+02
1.245000000000001883e+01 7.999583160484589826e+02 1.799996278200322024e+02
1.260000000000001918e+01 7.999583160484589826e+02 1.799996278200322024e+02
1.275000000000001954e+01 7.999583160484589826e+02 1.799996278200322024e+02
1.290000000000001990e+01 7.999583160484589826e+02 1.799996278200322024e+02
1.305000000000002025e+01 7.999052986805768342e+02 1.799996283823479075e+02
1.320000000000002061e+01 7.999052986805768342e+02 1.799996283823479075e+02
1.335000000000002096e+01 7.999052986805768342e+02 1.799996283823479075e+02
1.350000000000002132e+01 7.999052986805768342e+02 1.799996283823479075e+02
1.365000000000002167e+01 7.999052986805768342e+02 1.799996283823479075e+02
1.380000000000002203e+01 7.999052986805768342e+02 1.799996283823479075e+02
1.395000000000002238e+01 7.999052986805768342e+02 1.799996283823479075e+02
1.410000000000002274e+01 7.999052986805768342e+02 1.799996283823479075e+02
1.425000000000002309e+01 7.999052986805768342e+02 1.799996283823479075e+02
1.440000000000002345e+01 7.999052986805768342e+02 1.799996283823479075e+02
1.455000000000002380e+01 7.999052986805768342e+02 1.799996283823479075e+02
1.470000000000002416e+01 7.999052986805768342e+02 1.799996283823479075e+02
1.485000000000002451e+01 7.999052986805768342e+02 1.799996283823479075e+02
1.500000000000002487e+01 7.999052986805768342e+02 1.799996283823479075e+02
1.515000000000002522e+01 7.999052986805768342e+02 1.799996283823479075e+02
1.530000000000002558e+01 7.999052986805768342e+02 1.799996283823479075e+02
1.545000000000002593e+01 7.999052986805768342e+02 1.799996283823479075e+02
1.560000000000002629e+01 7.999052986805768342e+02 1.799996283823479075e+02
1.575000000000002665e+01 7.999052986805768342e+02 1.799996283823479075e+02
1.590000000000002700e+01 7.999052986805768342e+02 1.799996283823479075e+02
