1.499999999999999944e-01 7.994442346123221341e+02 2.864079949738140840e-04
2.999999999999999889e-01 7.994442346123221341e+02 2.864079949738140840e-04
4.499999999999999556e-01 7.994442346123221341e+02 2.864079949738140840e-04
5.999999999999999778e-01 7.994442346123221341e+02 2.864079949738140840e-04
7.500000000000000000e-01 7.994442346123221341e+02 2.864079949738140840e-04
9.000000000000000222e-01 7.994442346123221341e+02 2.864079949738140840e-04
1.050000000000000044e+00 7.994442346123221341e+02 2.864079949738140840e-04
1.199999999999999956e+00 7.994442346123221341e+02 2.864079949738140840e-04
1.349999999999999867e+00 7.994442346123221341e+02 2.864079949738140840e-04
1.499999999999999778e+00 7.994442346123221341e+02 2.864079949738140840e-04
1.649999999999999689e+00 7.994442346123221341e+02 2.864079949738140840e-04
1.799999999999999600e+00 7.994442346123221341e+02 2.864079949738140840e-04
1.949999999999999512e+00 7.994442346123221341e+02 2.864079949738140840e-04
2.099999999999999645e+00 7.996927787052609347e+02 2.862512090934243858e-04
2.249999999999999556e+00 7.996927787052609347e+02 2.862512090934243858e-04
2.399999999999999467e+00 7.996927787052609347e+02 2.862512090934243858e-04
2.549999999999999378e+00 7.996927787052609347e+02 2.862512090934243858e-04
2.699999999999999289e+00 7.996927787052609347e+02 2.862512090934243858e-04
2.849999999999999201e+00 7.996927787052609347e+02 2.862512090934243858e-04
2.999999999999999112e+00 7.996927787052609347e+02 2.862512090934243858e-04
3.149999999999999023e+00 7.996927787052609347e+02 2.862512090934243858e-04
3.299999999999998934e+00 7.996927787052609347e+02 2.862512090934243858e-04
3.449999999999998845e+00 7.996927787052609347e+02 2.862512090934243858e-04
3.599999999999998757e+00 7.996927787052609347e+02 2.862512090934243858e-04
3.749999999999998668e+00 7.996927787052609347e+02 2.862512090934243858e-04
3.899999999999998579e+00 7.996927787052609347e+02 2.862512090934243858e-04
4.049999999999998934e+00 4.243530627887113269e+02 2.864496929956272808e-04
4.199999999999999289e+00 1.913538920769011895e+02 2.872692310920132996e-04
4.349999999999999645e+00 5.829399439349273138e+01 2.888565620901006881e-04
4.500000000000000000e+00 2.031348415284322684e+01 2.931055697549256323e-04
4.650000000000000355e+00 6.495030546858927778e+00 3.073857319157990986e-04
4.800000000000000711e+00 1.914885586062439415e+00 3.560187467201991751e-04
4.950000000000001066e+00 3.450424751401897083e-01 6.696824828877900870e-04
5.100000000000001421e+00 1.862335391008400620e-01 1.799995776574035062e+02
5.250000000000001776e+00 3.668925562669755891e-01 1.799999272109206458e+02
5.400000000000002132e+00 4.282144527094260411e-01 1.799999788164379879e+02
5.550000000000002487e+00 4.490433782671061635e-01 1.799999931292766178e+02
5.700000000000002842e+00 4.561164279963350054e-01 1.799999977026370459e+02
5.850000000000003197e+00 4.585185144965180370e-01 1.799999992238355446e+02
6.000000000000003553e+00 4.593342599916923064e-01 1.799999997364692774e+02
6.150000000000003908e+00 4.596112906591542924e-01 1.799999999105507413e+02
6.300000000000004263e+00 4.597053722211512650e-01 1.799999999696264297e+02
6.450000000000004619e+00 4.597373275557856687e-01 1.799999999896695044e+02
6.600000000000004974e+00 4.597481944606442994e-01 1.799999999964914252e+02
6.750000000000005329e+00 4.597519280231381344e-01 1.799999999988085335e+02
6.900000000000005684e+00 4.597533233961712540e-01 1.799999999995947064e+02
7.050000000000006040e+00 4.597541725150904313e-01 1.799999999998623821e+02
7.200000000000006395e+00 4.597555657049952060e-01 1.799999999999532463e+02
7.350000000000006750e+00 4.597592919510589127e-01 1.799999999999841691e+02
7.500000000000007105e+00 4.597701367886202206e-01 1.799999999999947136e+02
7.650000000000007461e+00 4.598020275144563129e-01 1.799999999999982094e+02
7.800000000000007816e+00 4.598959186722595405e-01 1.799999999999994031e+02
7.950000000000008171e+00 4.601723885117507962e-01 1.799999999999998579e+02
8.100000000000008527e+00 4.609864828538547954e-01 -1.799999999999999716e+02
8.250000000000008882e+00 4.633837069371793405e-01 1.799999999999998579e+02
8.400000000000009237e+00 4.704424390616850360e-01 1.799999999999999716e+02
8.550000000000009592e+00 4.912292049298230268e-01 1.800000000000000000e+02
8.700000000000009948e+00 5.524269686945899593e-01 1.799999999999997158e+02
8.850000000000010303e+00 7.327204660390407298e-01 1.799999999999992610e+02
9.000000000000010658e+00 1.262920970007485266e+00 1.799999999999986358e+02
9.150000000000011013e+00 2.829598097406517354e+00 1.799999999999983231e+02
9.300000000000011369e+00 7.400475792377854134e+00 1.799999999999980957e+02
9.450000000000011724e+00 2.119175601853679680e+01 1.799999999999981810e+02
9.600000000000012079e+00 5.909598952021863738e+01 1.799999999999982094e+02
9.750000000000012434e+00 1.919423792797639692e+02 1.799999999999982094e+02
9.900000000000012790e+00 4.245187967806321581e+02 1.799999999999982094e+02
1.005000000000001315e+01 7.996954687572316516e+02 1.799999999999981810e+02
1.020000000000001350e+01 7.996954687572316516e+02 1.799999999999981810e+02
1.035000000000001386e+01 7.996954687572316516e+02 1.799999999999981810e+02
1.050000000000001421e+01 7.996954687572316516e+02 1.799999999999981810e+02
1.065000000000001457e+01 7.996954687572316516e+02 1.799999999999981810e+02
1.080000000000001492e+01 7.996954687572316516e+02 1.799999999999981810e+02
1.095000000000001528e+01 7.996954687572316516e+02 1.799999999999981810e+02
1.110000000000001563e+01 7.996954687572316516e+02 1.799999999999981810e+02
1.125000000000001599e+01 7.996954687572316516e+02 1.799999999999981810e+02
1.140000000000001634e+01 7.996954687572316516e+02 1.799999999999981810e+02
1.155000000000001670e+01 7.996954687572316516e+02 1.799999999999981810e+02
1.170000000000001705e+01 7.996954687572316516e+02 1.799999999999981810e+02
1.185000000000001741e+01 7.996954687572316516e+02 1.799999999999981810e+02
1.200000000000001776e+01 7.996954687572316516e+02 1.799999999999981810e+02
1.215000000000001812e+01 7.996954687572316516e+02 1.799999999999981810e+02
1.230000000000001847e+01 7.996954687572316516e+02 1.799999999999981810e+02
1.245000000000001883e+01 7.996954687572316516e+02 1.799999999999981810e+02
1.260000000000001918e+01 7.996954687572316516e+02 1.799999999999981810e+02
1.275000000000001954e+01 7.996954687572316516e+02 1.799999999999981810e+02
1.290000000000001990e+01 7.996954687572316516e+02 1.799999999999981810e+02
1.305000000000002025e+01 7.994488775876466207e+02 1.799999999999981526e+02
1.320000000000002061e+01 7.994488775876466207e+02 1.799999999999981526e+02
1.335000000000002096e+01 7.994488775876466207e+02 1.799999999999981526e+02
1.350000000000002132e+01 7.994488775876466207e+02 1.799999999999981526e+02
1.365000000000002167e+01 7.994488775876466207e+02 1.799999999999981526e+02
1.380000000000002203e+01 7.994488775876466207e+02 1.799999999999981526e+02
1.395000000000002238e+01 7.994488775876466207e+02 1.799999999999981526e+02
1.410000000000002274e+01 7.994488775876466207e+02 1.799999999999981526e+02
1.425000000000002309e+01 7.994488775876466207e+02 1.799999999999981526e+02
1.440000000000002345e+01 7.994488775876466207e+02 1.799999999999981526e+02
1.455000000000002380e+01 7.994488775876466207e+02 1.799999999999981526e+02
1.470000000000002416e+01 7.994488775876466207e+02 1.799999999999981526e+02
1.485000000000002451e+01 7.994488775876466207e+02 1.799999999999981526e+02
1.500000000000002487e+01 7.994488775876466207e+02 1.799999999999981526e+02
1.515000000000002522e+01 7.994488775876466207e+02 1.799999999999981526e+02
1.530000000000002558e+01 7.994488775876466207e+02 1.799999999999981526e+02
1.545000000000002593e+01 7.994488775876466207e+02 1.799999999999981526e+02
1.560000000000002629e+01 7.994488775876466207e+02 1.799999999999981526e+02
1.575000000000002665e+01 7.994488775876466207e+02 1.799999999999981526e+02
1.590000000000002700e+01 7.994488775876466207e+02 1.799999999999981526e+02
