1.499999999999999944e-01 7.999882495791653128e+02 4.555099100167492310e-05
2.999999999999999889e-01 7.999882495791653128e+02 4.555099100167492310e-05
4.499999999999999556e-01 7.999882495791653128e+02 4.555099100167492310e-05
5.999999999999999778e-01 7.999882495791653128e+02 4.555099100167492310e-05
7.500000000000000000e-01 7.999882495791653128e+02 4.555099100167492310e-05
9.000000000000000222e-01 7.999882495791653128e+02 4.555099100167492310e-05
1.050000000000000044e+00 7.999882495791653128e+02 4.555099100167492310e-05
1.199999999999999956e+00 7.999882495791653128e+02 4.555099100167492310e-05
1.349999999999999867e+00 7.999882495791653128e+02 4.555099100167492310e-05
1.499999999999999778e+00 7.999882495791653128e+02 4.555099100167492310e-05
1.649999999999999689e+00 7.999882495791653128e+02 4.555099100167492310e-05
1.799999999999999600e+00 7.999882495791653128e+02 4.555099100167492310e-05
1.949999999999999512e+00 7.999882495791653128e+02 4.555099100167492310e-05
2.099999999999999645e+00 7.999960657537232009e+02 4.552634227639185127e-05
2.249999999999999556e+00 7.999960657537232009e+02 4.552634227639185127e-05
2.399999999999999467e+00 7.999960657537232009e+02 4.552634227639185127e-05
2.549999999999999378e+00 7.999960657537232009e+02 4.552634227639185127e-05
2.699999999999999289e+00 7.999960657537232009e+02 4.552634227639185127e-05
2.849999999999999201e+00 7.999960657537232009e+02 4.552634227639185127e-05
2.999999999999999112e+00 7.999960657537232009e+02 4.552634227639185127e-05
3.149999999999999023e+00 7.999960657537232009e+02 4.552634227639185127e-05
3.299999999999998934e+00 7.999960657537232009e+02 4.552634227639185127e-05
3.449999999999998845e+00 7.999960657537232009e+02 4.552634227639185127e-05
3.599999999999998757e+00 7.999960657537232009e+02 4.552634227639185127e-05
3.749999999999998668e+00 7.999960657537232009e+02 4.552634227639185127e-05
3.899999999999998579e+00 7.999960657537232009e+02 4.552634227639185127e-05
4.049999999999998934e+00 4.894502280468374806e+02 4.556726604354466303e-05
4.199999999999999289e+00 3.209348072462196910e+02 4.572859278983987252e-05
4.349999999999999645e+00 1.620008762469609280e+02 4.595827441022937165e-05
4.500000000000000000e+00 9.082593407434265487e+01 4.634405498193938655e-05
4.650000000000000355e+00 4.975387517293676609e+01 4.714189056687079216e-05
4.800000000000000711e+00 2.713717657908569691e+01 4.846591644647180175e-05
4.950000000000001066e+00 1.444455450921634920e+01 5.101304502341807989e-05
5.100000000000001421e+00 7.341243385922730624e+00 5.635866452446958164e-05
5.250000000000001776e+00 3.360567716524641924e+00 6.901256859925819498e-05
5.400000000000002132e+00 1.130230126052651940e+00 1.150270874549219613e-04
5.550000000000002487e+00 1.195152571522157814e-01 1.799993892312381831e+02
5.700000000000002842e+00 8.197907326942868167e-01 1.799999500862518289e+02
5.850000000000003197e+00 1.212196235540147882e+00 1.799999810777664777e+02
6.000000000000003553e+00 1.432113641958011385e+00 1.799999910071008173e+02
6.150000000000003908e+00 1.555417329962239137e+00 1.799999953585708283e+02
6.300000000000004263e+00 1.624649057826047738e+00 1.799999975090762234e+02
6.450000000000004619e+00 1.663695051066895303e+00 1.799999986342298541e+02
6.600000000000004974e+00 1.686026947881828164e+00 1.799999992445460464e+02
6.750000000000005329e+00 1.699349710311309991e+00 1.799999995798435464e+02
6.900000000000005684e+00 1.708259970238742653e+00 1.799999997653225137e+02
7.050000000000006040e+00 1.715831956412387171e+00 1.799999998690298071e+02
7.200000000000006395e+00 1.724678166156849102e+00 1.799999999269597879e+02
7.350000000000006750e+00 1.737850733132432879e+00 1.799999999593001405e+02
7.500000000000007105e+00 1.759894481462794147e+00 1.799999999774703383e+02
7.650000000000007461e+00 1.798414996920627118e+00 1.799999999876399954e+02
7.800000000000007816e+00 1.866702747950370167e+00 1.799999999933115760e+02
7.950000000000008171e+00 1.988318685850060774e+00 1.799999999964761912e+02
8.100000000000008527e+00 2.205223589821514452e+00 1.799999999982127292e+02
8.250000000000008882e+00 2.592256694962429719e+00 1.799999999991366337e+02
8.400000000000009237e+00 3.282959757579376969e+00 1.799999999996043698e+02
8.550000000000009592e+00 4.515672791691827115e+00 1.799999999998210285e+02
8.700000000000009948e+00 6.715777307450011335e+00 1.799999999999112106e+02
8.850000000000010303e+00 1.064301544763729623e+01 1.799999999999448619e+02
9.000000000000010658e+00 1.765259603301758773e+01 1.799999999999556906e+02
9.150000000000011013e+00 3.018297679426716229e+01 1.799999999999587601e+02
9.300000000000011369e+00 5.252581930402031674e+01 1.799999999999592148e+02
9.450000000000011724e+00 9.315311549785315037e+01 1.799999999999589306e+02
9.600000000000012079e+00 1.636700059896111270e+02 1.799999999999587885e+02
9.750000000000012434e+00 3.216963331722685098e+02 1.799999999999585896e+02
9.900000000000012790e+00 4.895281413550702609e+02 1.799999999999586180e+02
1.005000000000001315e+01 7.999961063433813706e+02 1.799999999999585327e+02
1.020000000000001350e+01 7.999961063433813706e+02 1.799999999999585327e+02
1.035000000000001386e+01 7.999961063433813706e+02 1.799999999999585327e+02
1.050000000000001421e+01 7.999961063433813706e+02 1.799999999999585327e+02
1.065000000000001457e+01 7.999961063433813706e+02 1.799999999999585327e+02
1.080000000000001492e+01 7.999961063433813706e+02 1.799999999999585327e+02
1.095000000000001528e+01 7.999961063433813706e+02 1.799999999999585327e+02
1.110000000000001563e+01 7.999961063433813706e+02 1.799999999999585327e+02
1.125000000000001599e+01 7.999961063433813706e+02 1.799999999999585327e+02
1.140000000000001634e+01 7.999961063433813706e+02 1.799999999999585327e+02
1.155000000000001670e+01 7.999961063433813706e+02 1.799999999999585327e+02
1.170000000000001705e+01 7.999961063433813706e+02 1.799999999999585327e+02
1.185000000000001741e+01 7.999961063433813706e+02 1.799999999999585327e+02
1.200000000000001776e+01 7.999961063433813706e+02 1.799999999999585327e+02
1.215000000000001812e+01 7.999961063433813706e+02 1.799999999999585327e+02
1.230000000000001847e+01 7.999961063433813706e+02 1.799999999999585327e+02
1.245000000000001883e+01 7.999961063433813706e+02 1.799999999999585327e+02
1.260000000000001918e+01 7.999961063433813706e+02 1.799999999999585327e+02
1.275000000000001954e+01 7.999961063433813706e+02 1.799999999999585327e+02
1.290000000000001990e+01 7.999961063433813706e+02 1.799999999999585327e+02
1.305000000000002025e+01 7.999883644897122394e+02 1.799999999999587033e+02
1.320000000000002061e+01 7.999883644897122394e+02 1.799999999999587033e+02
1.335000000000002096e+01 7.999883644897122394e+02 1.799999999999587033e+02
1.350000000000002132e+01 7.999883644897122394e+02 1.799999999999587033e+02
1.365000000000002167e+01 7.999883644897122394e+02 1.799999999999587033e+02
1.380000000000002203e+01 7.999883644897122394e+02 1.799999999999587033e+02
1.395000000000002238e+01 7.999883644897122394e+02 1.799999999999587033e+02
1.410000000000002274e+01 7.999883644897122394e+02 1.799999999999587033e+02
1.425000000000002309e+01 7.999883644897122394e+02 1.799999999999587033e+02
1.440000000000002345e+01 7.999883644897122394e+02 1.799999999999587033e+02
1.455000000000002380e+01 7.999883644897122394e+02 1.799999999999587033e+02
1.470000000000002416e+01 7.999883644897122394e+02 1.799999999999587033e+02
1.485000000000002451e+01 7.999883644897122394e+02 1.799999999999587033e+02
1.500000000000002487e+01 7.999883644897122394e+02 1.799999999999587033e+02
1.515000000000002522e+01 7.999883644897122394e+02 1.799999999999587033e+02
1.530000000000002558e+01 7.999883644897122394e+02 1.799999999999587033e+02
1.545000000000002593e+01 7.999883644897122394e+02 1.799999999999587033e+02
1.560000000000002629e+01 7.999883644897122394e+02 1.799999999999587033e+02
1.575000000000002665e+01 7.999883644897122394e+02 1.799999999999587033e+02
1.590000000000002700e+01 7.999883644897122394e+02 1.799999999999587033e+02
