1.499999999999999944e-01 7.999997811835863786e+02 1.231125491246846693e+01
2.999999999999999889e-01 7.999997811835863786e+02 1.231125491246846693e+01
4.499999999999999556e-01 7.999997811835863786e+02 1.231125491246846693e+01
5.999999999999999778e-01 7.999997811835863786e+02 1.231125491246846693e+01
7.500000000000000000e-01 7.999997811835863786e+02 1.231125491246846693e+01
9.000000000000000222e-01 7.999997811835863786e+02 1.231125491246846693e+01
1.050000000000000044e+00 7.999997811835863786e+02 1.231125491246846693e+01
1.199999999999999956e+00 7.999997811835863786e+02 1.231125491246846693e+01
1.349999999999999867e+00 7.999997811835863786e+02 1.231125491246846693e+01
1.499999999999999778e+00 7.999997811835863786e+02 1.231125491246846693e+01
1.649999999999999689e+00 7.999997811835863786e+02 1.231125491246846693e+01
1.799999999999999600e+00 7.999997811835863786e+02 1.231125491246846693e+01
1.949999999999999512e+00 7.999997811835863786e+02 1.231125491246846693e+01
2.099999999999999645e+00 7.999999562940572559e+02 1.233715786142806792e+01
2.249999999999999556e+00 7.999999562940572559e+02 1.233715786142806792e+01
2.399999999999999467e+00 7.999999562940572559e+02 1.233715786142806792e+01
2.549999999999999378e+00 7.999999562940572559e+02 1.233715786142806792e+01
2.699999999999999289e+00 7.999999562940572559e+02 1.233715786142806792e+01
2.849999999999999201e+00 7.999999562940572559e+02 1.233715786142806792e+01
2.999999999999999112e+00 7.999999562940572559e+02 1.233715786142806792e+01
3.149999999999999023e+00 7.999999562940572559e+02 1.233715786142806792e+01
3.299999999999998934e+00 7.999999562940572559e+02 1.233715786142806792e+01
3.449999999999998845e+00 7.999999562940572559e+02 1.233715786142806792e+01
3.599999999999998757e+00 7.999999562940572559e+02 1.233715786142806792e+01
3.749999999999998668e+00 7.999999562940572559e+02 1.233715786142806792e+01
3.899999999999998579e+00 7.999999562940572559e+02 1.233715786142806792e+01
4.049999999999998934e+00 5.103354471999380166e+02 1.247354462479668058e+01
4.199999999999999289e+00 4.259459298200025046e+02 1.314182036608174720e+01
4.349999999999999645e+00 3.346202459234965545e+02 1.478101023879312770e+01
4.500000000000000000e+00 3.036607008357636346e+02 1.694113734479894973e+01
4.650000000000000355e+00 2.874646670699804645e+02 1.952913314046582371e+01
4.800000000000000711e+00 2.795948496556140412e+02 2.233494128164072379e+01
4.950000000000001066e+00 2.755741390364822223e+02 2.526276244521988446e+01
5.100000000000001421e+00 2.735215407833144354e+02 2.824937389732100002e+01
5.250000000000001776e+00 2.724704505000338486e+02 3.126153782200015030e+01
5.400000000000002132e+00 2.719363060454188599e+02 3.428080141902619715e+01
5.550000000000002487e+00 2.716699452963887325e+02 3.729708163506998631e+01
5.700000000000002842e+00 2.715429109481909791e+02 4.030467271405781560e+01
5.850000000000003197e+00 2.714886770311715622e+02 4.330019160648510734e+01
6.000000000000003553e+00 2.714727238165439189e+02 4.628148542025184042e+01
6.150000000000003908e+00 2.714771028727768680e+02 4.924706525128206636e+01
6.300000000000004263e+00 2.714924582915228370e+02 5.219580886339613102e+01
6.450000000000004619e+00 2.715138934252669856e+02 5.512680972136067936e+01
6.600000000000004974e+00 2.715388298707017611e+02 5.803930028158191590e+01
6.750000000000005329e+00 2.715659008079381920e+02 6.093260857173720524e+01
6.900000000000005684e+00 2.715943845918915827e+02 6.380613874651437101e+01
7.050000000000006040e+00 2.716239262693686101e+02 6.665936180148517565e+01
7.200000000000006395e+00 2.716544221470809930e+02 6.949180527422477383e+01
7.350000000000006750e+00 2.716860158878941434e+02 7.230304947320841791e+01
7.500000000000007105e+00 2.717192051143286449e+02 7.509272302113990349e+01
7.650000000000007461e+00 2.717551060557149185e+02 7.786048835407046909e+01
7.800000000000007816e+00 2.717959957332719796e+02 8.060602474227232506e+01
7.950000000000008171e+00 2.718463774089956928e+02 8.332899533993840180e+01
8.100000000000008527e+00 2.719150511640104924e+02 8.602897597260128748e+01
8.250000000000008882e+00 2.720191299177933502e+02 8.870533011272920021e+01
8.400000000000009237e+00 2.721918322169397584e+02 9.135696878815595312e+01
8.550000000000009592e+00 2.724976375881946637e+02 9.398188378876679394e+01
8.700000000000009948e+00 2.730618262370912817e+02 9.657626780931752819e+01
8.850000000000010303e+00 2.741288091389524197e+02 9.913287360359601053e+01
9.000000000000010658e+00 2.761764754135097633e+02 1.016378275671099090e+02
9.150000000000011013e+00 2.801631342684424908e+02 1.040655627554092177e+02
9.300000000000011369e+00 2.879613342279074573e+02 1.063668171702331477e+02
9.450000000000011724e+00 3.040443824262792418e+02 1.084669081554554850e+02
9.600000000000012079e+00 3.348589313659199433e+02 1.102017539849312442e+02
9.750000000000012434e+00 4.260231492133829079e+02 1.115019186119471755e+02
9.900000000000012790e+00 5.103391879069933452e+02 1.120249694531567997e+02
1.005000000000001315e+01 7.999999554306845084e+02 1.121284319665734870e+02
1.020000000000001350e+01 7.999999554306845084e+02 1.121284319665734870e+02
1.035000000000001386e+01 7.999999554306845084e+02 1.121284319665734870e+02
1.050000000000001421e+01 7.999999554306845084e+02 1.121284319665734870e+02
1.065000000000001457e+01 7.999999554306845084e+02 1.121284319665734870e+02
1.080000000000001492e+01 7.999999554306845084e+02 1.121284319665734870e+02
1.095000000000001528e+01 7.999999554306845084e+02 1.121284319665734870e+02
1.110000000000001563e+01 7.999999554306845084e+02 1.121284319665734870e+02
1.125000000000001599e+01 7.999999554306845084e+02 1.121284319665734870e+02
1.140000000000001634e+01 7.999999554306845084e+02 1.121284319665734870e+02
1.155000000000001670e+01 7.999999554306845084e+02 1.121284319665734870e+02
1.170000000000001705e+01 7.999999554306845084e+02 1.121284319665734870e+02
1.185000000000001741e+01 7.999999554306845084e+02 1.121284319665734870e+02
1.200000000000001776e+01 7.999999554306845084e+02 1.121284319665734870e+02
1.215000000000001812e+01 7.999999554306845084e+02 1.121284319665734870e+02
1.230000000000001847e+01 7.999999554306845084e+02 1.121284319665734870e+02
1.245000000000001883e+01 7.999999554306845084e+02 1.121284319665734870e+02
1.260000000000001918e+01 7.999999554306845084e+02 1.121284319665734870e+02
1.275000000000001954e+01 7.999999554306845084e+02 1.121284319665734870e+02
1.290000000000001990e+01 7.999999554306845084e+02 1.121284319665734870e+02
1.305000000000002025e+01 7.999997768436697925e+02 1.121484067806420910e+02
1.320000000000002061e+01 7.999997768436697925e+02 1.121484067806420910e+02
1.335000000000002096e+01 7.999997768436697925e+02 1.121484067806420910e+02
1.350000000000002132e+01 7.999997768436697925e+02 1.121484067806420910e+02
1.365000000000002167e+01 7.999997768436697925e+02 1.121484067806420910e+02
1.380000000000002203e+01 7.999997768436697925e+02 1.121484067806420910e+02
1.395000000000002238e+01 7.999997768436697925e+02 1.121484067806420910e+02
1.410000000000002274e+01 7.999997768436697925e+02 1.121484067806420910e+02
1.425000000000002309e+01 7.999997768436697925e+02 1.121484067806420910e+02
1.440000000000002345e+01 7.999997768436697925e+02 1.121484067806420910e+02
1.455000000000002380e+01 7.999997768436697925e+02 1.121484067806420910e+02
1.470000000000002416e+01 7.999997768436697925e+02 1.121484067806420910e+02
1.485000000000002451e+01 7.999997768436697925e+02 1.121484067806420910e+02
1.500000000000002487e+01 7.999997768436697925e+02 1.121484067806420910e+02
1.515000000000002522e+01 7.999997768436697925e+02 1.121484067806420910e+02
1.530000000000002558e+01 7.999997768436697925e+02 1.121484067806420910e+02
1.545000000000002593e+01 7.999997768436697925e+02 1.121484067806420910e+02
1.560000000000002629e+01 7.999997768436697925e+02 1.121484067806420910e+02
1.575000000000002665e+01 7.999997768436697925e+02 1.121484067806420910e+02
1.590000000000002700e+01 7.999997768436697925e+02 1.121484067806420910e+02
