1.499999999999999944e-01 7.996003202144958095e+02 1.799992057283616020e+02
2.999999999999999889e-01 7.996003202144958095e+02 1.799992057283616020e+02
4.499999999999999556e-01 7.996003202144958095e+02 1.799992057283616020e+02
5.999999999999999778e-01 7.996003202144958095e+02 1.799992057283616020e+02
7.500000000000000000e-01 7.996003202144958095e+02 1.799992057283616020e+02
9.000000000000000222e-01 7.996003202144958095e+02 1.799992057283616020e+02
1.050000000000000044e+00 7.996003202144958095e+02 1.799992057283616020e+02
1.199999999999999956e+00 7.996003202144958095e+02 1.799992057283616020e+02
1.349999999999999867e+00 7.996003202144958095e+02 1.799992057283616020e+02
1.499999999999999778e+00 7.996003202144958095e+02 1.799992057283616020e+02
1.649999999999999689e+00 7.996003202144958095e+02 1.799992057283616020e+02
1.799999999999999600e+00 7.996003202144958095e+02 1.799992057283616020e+02
1.949999999999999512e+00 7.996003202144958095e+02 1.799992057283616020e+02
2.099999999999999645e+00 7.997882877771414769e+02 1.799992061475041680e+02
2.249999999999999556e+00 7.997882877771414769e+02 1.799992061475041680e+02
2.399999999999999467e+00 7.997882877771414769e+02 1.799992061475041680e+02
2.549999999999999378e+00 7.997882877771414769e+02 1.799992061475041680e+02
2.699999999999999289e+00 7.997882877771414769e+02 1.799992061475041680e+02
2.849999999999999201e+00 7.997882877771414769e+02 1.799992061475041680e+02
2.999999999999999112e+00 7.997882877771414769e+02 1.799992061475041680e+02
3.149999999999999023e+00 7.997882877771414769e+02 1.799992061475041680e+02
3.299999999999998934e+00 7.997882877771414769e+02 1.799992061475041680e+02
3.449999999999998845e+00 7.997882877771414769e+02 1.799992061475041680e+02
3.599999999999998757e+00 7.997882877771414769e+02 1.799992061475041680e+02
3.749999999999998668e+00 7.997882877771414769e+02 1.799992061475041680e+02
3.899999999999998579e+00 7.997882877771414769e+02 1.799992061475041680e+02
4.049999999999998934e+00 4.333762929336843399e+02 1.799992067244488680e+02
4.199999999999999289e+00 2.035580695017865764e+02 1.799992078170660079e+02
4.349999999999999645e+00 6.586141172617067241e+01 1.799992148969527079e+02
4.500000000000000000e+00 2.480377949052652298e+01 1.799992326718089544e+02
4.650000000000000355e+00 9.256606630982197714e+00 1.799992797888980931e+02
4.800000000000000711e+00 3.869982320862249026e+00 1.799993863997232779e+02
4.950000000000001066e+00 1.944528188489243803e+00 1.799995678580948777e+02
5.100000000000001421e+00 1.264113031867566406e+00 1.799997639445668369e+02
5.250000000000001776e+00 1.022656784065759439e+00 1.799998965869222900e+02
5.400000000000002132e+00 9.371038554813821975e-01 1.799999599905248999e+02
5.550000000000002487e+00 9.067735789546418346e-01 1.799999853270117569e+02
5.700000000000002842e+00 8.960230925716814454e-01 1.799999947360587385e+02
5.850000000000003197e+00 8.922123223573521500e-01 1.799999981260071422e+02
6.000000000000003553e+00 8.908615405762247974e-01 1.799999993339494608e+02
6.150000000000003908e+00 8.903827333569438451e-01 1.799999997637629576e+02
6.300000000000004263e+00 8.902130167824111595e-01 1.799999999162396307e+02
6.450000000000004619e+00 8.901528709179729049e-01 1.799999999702731941e+02
6.600000000000004974e+00 8.901315881602727131e-01 1.799999999894619123e+02
6.750000000000005329e+00 8.901241485013997590e-01 1.799999999962641652e+02
6.900000000000005684e+00 8.901218057391702132e-01 1.799999999986743831e+02
7.050000000000006040e+00 8.901218057391702132e-01 1.799999999995300186e+02
7.200000000000006395e+00 8.901241485013997590e-01 1.799999999998333351e+02
7.350000000000006750e+00 8.901315882192761819e-01 1.799999999999409113e+02
7.500000000000007105e+00 8.901528710064781080e-01 1.799999999999790532e+02
7.650000000000007461e+00 8.902130170479267690e-01 1.799999999999924114e+02
7.800000000000007816e+00 8.903827341534906736e-01 1.799999999999973568e+02
7.950000000000008171e+00 8.908615428773600797e-01 1.799999999999990905e+02
8.100000000000008527e+00 8.922123287592285124e-01 1.799999999999996589e+02
8.250000000000008882e+00 8.960231106267428913e-01 1.799999999999998863e+02
8.400000000000009237e+00 9.067736301106492647e-01 1.799999999999999147e+02
8.550000000000009592e+00 9.371039998628702961e-01 -1.799999999999999716e+02
8.700000000000009948e+00 1.022657191130690535e+00 1.799999999999998863e+02
8.850000000000010303e+00 1.264114180930619113e+00 1.799999999999999716e+02
9.000000000000010658e+00 1.944531425272032266e+00 -1.799999999999998863e+02
9.150000000000011013e+00 3.869991488821227676e+00 -1.799999999999998579e+02
9.300000000000011369e+00 9.256632214838319328e+00 -1.799999999999997442e+02
9.450000000000011724e+00 2.480385383653821663e+01 -1.799999999999995453e+02
9.600000000000012079e+00 6.586160415913046506e+01 -1.799999999999997158e+02
9.750000000000012434e+00 2.035587482897261395e+02 -1.799999999999998010e+02
9.900000000000012790e+00 4.333772513712308978e+02 -1.799999999999998295e+02
1.005000000000001315e+01 7.997924752900706835e+02 -1.799999999999998579e+02
1.020000000000001350e+01 7.997924752900706835e+02 -1.799999999999998579e+02
1.035000000000001386e+01 7.997924752900706835e+02 -1.799999999999998579e+02
1.050000000000001421e+01 7.997924752900706835e+02 -1.799999999999998579e+02
1.065000000000001457e+01 7.997924752900706835e+02 -1.799999999999998579e+02
1.080000000000001492e+01 7.997924752900706835e+02 -1.799999999999998579e+02
1.095000000000001528e+01 7.997924752900706835e+02 -1.799999999999998579e+02
1.110000000000001563e+01 7.997924752900706835e+02 -1.799999999999998579e+02
1.125000000000001599e+01 7.997924752900706835e+02 -1.799999999999998579e+02
1.140000000000001634e+01 7.997924752900706835e+02 -1.799999999999998579e+02
1.155000000000001670e+01 7.997924752900706835e+02 -1.799999999999998579e+02
1.170000000000001705e+01 7.997924752900706835e+02 -1.799999999999998579e+02
1.185000000000001741e+01 7.997924752900706835e+02 -1.799999999999998579e+02
1.200000000000001776e+01 7.997924752900706835e+02 -1.799999999999998579e+02
1.215000000000001812e+01 7.997924752900706835e+02 -1.799999999999998579e+02
1.230000000000001847e+01 7.997924752900706835e+02 -1.799999999999998579e+02
1.245000000000001883e+01 7.997924752900706835e+02 -1.799999999999998579e+02
1.260000000000001918e+01 7.997924752900706835e+02 -1.799999999999998579e+02
1.275000000000001954e+01 7.997924752900706835e+02 -1.799999999999998579e+02
1.290000000000001990e+01 7.997924752900706835e+02 -1.799999999999998579e+02
1.305000000000002025e+01 7.996082257963752227e+02 -1.799999999999999716e+02
1.320000000000002061e+01 7.996082257963752227e+02 -1.799999999999999716e+02
1.335000000000002096e+01 7.996082257963752227e+02 -1.799999999999999716e+02
1.350000000000002132e+01 7.996082257963752227e+02 -1.799999999999999716e+02
1.365000000000002167e+01 7.996082257963752227e+02 -1.799999999999999716e+02
1.380000000000002203e+01 7.996082257963752227e+02 -1.799999999999999716e+02
1.395000000000002238e+01 7.996082257963752227e+02 -1.799999999999999716e+02
1.410000000000002274e+01 7.996082257963752227e+02 -1.799999999999999716e+02
1.425000000000002309e+01 7.996082257963752227e+02 -1.799999999999999716e+02
1.440000000000002345e+01 7.996082257963752227e+02 -1.799999999999999716e+02
1.455000000000002380e+01 7.996082257963752227e+02 -1.799999999999999716e+02
1.470000000000002416e+01 7.996082257963752227e+02 -1.799999999999999716e+02
1.485000000000002451e+01 7.996082257963752227e+02 -1.799999999999999716e+02
1.500000000000002487e+01 7.996082257963752227e+02 -1.799999999999999716e+02
1.515000000000002522e+01 7.996082257963752227e+02 -1.799999999999999716e+02
1.530000000000002558e+01 7.996082257963752227e+02 -1.799999999999999716e+02
1.545000000000002593e+01 7.996082257963752227e+02 -1.799999999999999716e+02
1.560000000000002629e+01 7.996082257963752227e+02 -1.799999999999999716e+02
1.575000000000002665e+01 7.996082257963752227e+02 -1.799999999999999716e+02
1.590000000000002700e+01 7.996082257963752227e+02 -1.799999999999999716e+02
