1.499999999999999944e-01 7.999765748359495774e+02 1.121182378267526758e-04
2.999999999999999889e-01 7.999765748359495774e+02 1.121182378267526758e-04
4.499999999999999556e-01 7.999765748359495774e+02 1.121182378267526758e-04
5.999999999999999778e-01 7.999765748359495774e+02 1.121182378267526758e-04
7.500000000000000000e-01 7.999765748359495774e+02 1.121182378267526758e-04
9.000000000000000222e-01 7.999765748359495774e+02 1.121182378267526758e-04
1.050000000000000044e+00 7.999765748359495774e+02 1.121182378267526758e-04
1.199999999999999956e+00 7.999765748359495774e+02 1.121182378267526758e-04
1.349999999999999867e+00 7.999765748359495774e+02 1.121182378267526758e-04
1.499999999999999778e+00 7.999765748359495774e+02 1.121182378267526758e-04
1.649999999999999689e+00 7.999765748359495774e+02 1.121182378267526758e-04
1.799999999999999600e+00 7.999765748359495774e+02 1.121182378267526758e-04
1.949999999999999512e+00 7.999765748359495774e+02 1.121182378267526758e-04
2.099999999999999645e+00 7.999914138950704228e+02 1.120757648657155769e-04
2.249999999999999556e+00 7.999914138950704228e+02 1.120757648657155769e-04
2.399999999999999467e+00 7.999914138950704228e+02 1.120757648657155769e-04
2.549999999999999378e+00 7.999914138950704228e+02 1.120757648657155769e-04
2.699999999999999289e+00 7.999914138950704228e+02 1.120757648657155769e-04
2.849999999999999201e+00 7.999914138950704228e+02 1.120757648657155769e-04
2.999999999999999112e+00 7.999914138950704228e+02 1.120757648657155769e-04
3.149999999999999023e+00 7.999914138950704228e+02 1.120757648657155769e-04
3.299999999999998934e+00 7.999914138950704228e+02 1.120757648657155769e-04
3.449999999999998845e+00 7.999914138950704228e+02 1.120757648657155769e-04
3.599999999999998757e+00 7.999914138950704228e+02 1.120757648657155769e-04
3.749999999999998668e+00 7.999914138950704228e+02 1.120757648657155769e-04
3.899999999999998579e+00 7.999914138950704228e+02 1.120757648657155769e-04
4.049999999999998934e+00 4.825031564326337730e+02 1.121705486314406031e-04
4.199999999999999289e+00 2.987338082450768297e+02 1.125187751629397326e-04
4.349999999999999645e+00 1.380968822778278025e+02 1.131206738679280122e-04
4.500000000000000000e+00 7.084439039956066608e+01 1.142309794647244914e-04
4.650000000000000355e+00 3.513740990488361149e+01 1.166771556334600390e-04
4.800000000000000711e+00 1.722586733792109115e+01 1.214292810792771959e-04
4.950000000000001066e+00 8.071247095544713090e+00 1.319797585540571916e-04
5.100000000000001421e+00 3.413131465103234063e+00 1.592331930707624466e-04
5.250000000000001776e+00 1.039554510467667114e+00 2.663724901279529433e-04
5.400000000000002132e+00 1.694679346232987882e-01 1.799991674333883225e+02
5.550000000000002487e+00 7.853691499781803032e-01 1.799999083532431996e+02
5.700000000000002842e+00 1.099112355275110531e+00 1.799999666332669506e+02
5.850000000000003197e+00 1.258937503631955224e+00 1.799999851572026728e+02
6.000000000000003553e+00 1.340357853867601534e+00 1.799999928881265134e+02
6.150000000000003908e+00 1.381843013704298073e+00 1.799999964851232050e+02
6.300000000000004263e+00 1.402993944467965548e+00 1.799999982360876345e+02
6.450000000000004619e+00 1.413804086721057729e+00 1.799999991070475573e+02
6.600000000000004974e+00 1.419381043787922181e+00 1.799999995468078851e+02
6.750000000000005329e+00 1.422359831490012994e+00 1.799999997695718434e+02
6.900000000000005684e+00 1.424147875823535969e+00 1.799999998825982175e+02
7.050000000000006040e+00 1.425589997142708398e+00 1.799999999402414801e+02
7.200000000000006395e+00 1.427367572977544796e+00 1.799999999695897088e+02
7.350000000000006750e+00 1.430320477657488709e+00 1.799999999845186665e+02
7.500000000000007105e+00 1.435843908296817517e+00 1.799999999921423637e+02
7.650000000000007461e+00 1.446547592346547617e+00 1.799999999960256218e+02
7.800000000000007816e+00 1.467488840786870696e+00 1.799999999980012717e+02
7.950000000000008171e+00 1.508562051060806652e+00 1.799999999990091055e+02
8.100000000000008527e+00 1.589173654217461262e+00 1.799999999995202131e+02
8.250000000000008882e+00 1.747411557931172865e+00 1.799999999997764633e+02
8.400000000000009237e+00 2.058040691635255826e+00 1.799999999999019735e+02
8.550000000000009592e+00 2.667835867382336801e+00 1.799999999999592717e+02
8.700000000000009948e+00 3.864899306739360441e+00 1.799999999999828049e+02
8.850000000000010303e+00 6.215105059538643673e+00 1.799999999999908766e+02
9.000000000000010658e+00 1.082775027289645564e+01 1.799999999999930935e+02
9.150000000000011013e+00 1.989462165224926338e+01 1.799999999999937472e+02
9.300000000000011369e+00 3.763987691682084602e+01 1.799999999999937188e+02
9.450000000000011724e+00 7.304035967361669179e+01 1.799999999999937472e+02
9.600000000000012079e+00 1.397732222006179938e+02 1.799999999999936904e+02
9.750000000000012434e+00 2.995804023562692464e+02 1.799999999999937472e+02
9.900000000000012790e+00 4.826061291016272889e+02 1.799999999999937188e+02
1.005000000000001315e+01 7.999915320755736730e+02 1.799999999999937188e+02
1.020000000000001350e+01 7.999915320755736730e+02 1.799999999999937188e+02
1.035000000000001386e+01 7.999915320755736730e+02 1.799999999999937188e+02
1.050000000000001421e+01 7.999915320755736730e+02 1.799999999999937188e+02
1.065000000000001457e+01 7.999915320755736730e+02 1.799999999999937188e+02
1.080000000000001492e+01 7.999915320755736730e+02 1.799999999999937188e+02
1.095000000000001528e+01 7.999915320755736730e+02 1.799999999999937188e+02
1.110000000000001563e+01 7.999915320755736730e+02 1.799999999999937188e+02
1.125000000000001599e+01 7.999915320755736730e+02 1.799999999999937188e+02
1.140000000000001634e+01 7.999915320755736730e+02 1.799999999999937188e+02
1.155000000000001670e+01 7.999915320755736730e+02 1.799999999999937188e+02
1.170000000000001705e+01 7.999915320755736730e+02 1.799999999999937188e+02
1.185000000000001741e+01 7.999915320755736730e+02 1.799999999999937188e+02
1.200000000000001776e+01 7.999915320755736730e+02 1.799999999999937188e+02
1.215000000000001812e+01 7.999915320755736730e+02 1.799999999999937188e+02
1.230000000000001847e+01 7.999915320755736730e+02 1.799999999999937188e+02
1.245000000000001883e+01 7.999915320755736730e+02 1.799999999999937188e+02
1.260000000000001918e+01 7.999915320755736730e+02 1.799999999999937188e+02
1.275000000000001954e+01 7.999915320755736730e+02 1.799999999999937188e+02
1.290000000000001990e+01 7.999915320755736730e+02 1.799999999999937188e+02
1.305000000000002025e+01 7.999768834964473854e+02 1.799999999999936904e+02
1.320000000000002061e+01 7.999768834964473854e+02 1.799999999999936904e+02
1.335000000000002096e+01 7.999768834964473854e+02 1.799999999999936904e+02
1.350000000000002132e+01 7.999768834964473854e+02 1.799999999999936904e+02
1.365000000000002167e+01 7.999768834964473854e+02 1.799999999999936904e+02
1.380000000000002203e+01 7.999768834964473854e+02 1.799999999999936904e+02
1.395000000000002238e+01 7.999768834964473854e+02 1.799999999999936904e+02
1.410000000000002274e+01 7.999768834964473854e+02 1.799999999999936904e+02
1.425000000000002309e+01 7.999768834964473854e+02 1.799999999999936904e+02
1.440000000000002345e+01 7.999768834964473854e+02 1.799999999999936904e+02
1.455000000000002380e+01 7.999768834964473854e+02 1.799999999999936904e+02
1.470000000000002416e+01 7.999768834964473854e+02 1.799999999999936904e+02
1.485000000000002451e+01 7.999768834964473854e+02 1.799999999999936904e+02
1.500000000000002487e+01 7.999768834964473854e+02 1.799999999999936904e+02
1.515000000000002522e+01 7.999768834964473854e+02 1.799999999999936904e+02
1.530000000000002558e+01 7.999768834964473854e+02 1.799999999999936904e+02
1.545000000000002593e+01 7.999768834964473854e+02 1.799999999999936904e+02
1.560000000000002629e+01 7.999768834964473854e+02 1.799999999999936904e+02
1.575000000000002665e+01 7.999768834964473854e+02 1.799999999999936904e+02
1.590000000000002700e+01 7.999768834964473854e+02 1.799999999999936904e+02
