1.499999999999999944e-01 7.999767357065563829e+02 1.174450663166126674e-06
2.999999999999999889e-01 7.999767357065563829e+02 1.174450663166126674e-06
4.499999999999999556e-01 7.999767357065563829e+02 1.174450663166126674e-06
5.999999999999999778e-01 7.999767357065563829e+02 1.174450663166126674e-06
7.500000000000000000e-01 7.999767357065563829e+02 1.174450663166126674e-06
9.000000000000000222e-01 7.999767357065563829e+02 1.174450663166126674e-06
1.050000000000000044e+00 7.999767357065563829e+02 1.174450663166126674e-06
1.199999999999999956e+00 7.999767357065563829e+02 1.174450663166126674e-06
1.349999999999999867e+00 7.999767357065563829e+02 1.174450663166126674e-06
1.499999999999999778e+00 7.999767357065563829e+02 1.174450663166126674e-06
1.649999999999999689e+00 7.999767357065563829e+02 1.174450663166126674e-06
1.799999999999999600e+00 7.999767357065563829e+02 1.174450663166126674e-06
1.949999999999999512e+00 7.999767357065563829e+02 1.174450663166126674e-06
2.099999999999999645e+00 7.999914743462667275e+02 1.173044698266068053e-06
2.249999999999999556e+00 7.999914743462667275e+02 1.173044698266068053e-06
2.399999999999999467e+00 7.999914743462667275e+02 1.173044698266068053e-06
2.549999999999999378e+00 7.999914743462667275e+02 1.173044698266068053e-06
2.699999999999999289e+00 7.999914743462667275e+02 1.173044698266068053e-06
2.849999999999999201e+00 7.999914743462667275e+02 1.173044698266068053e-06
2.999999999999999112e+00 7.999914743462667275e+02 1.173044698266068053e-06
3.149999999999999023e+00 7.999914743462667275e+02 1.173044698266068053e-06
3.299999999999998934e+00 7.999914743462667275e+02 1.173044698266068053e-06
3.449999999999998845e+00 7.999914743462667275e+02 1.173044698266068053e-06
3.599999999999998757e+00 7.999914743462667275e+02 1.173044698266068053e-06
3.749999999999998668e+00 7.999914743462667275e+02 1.173044698266068053e-06
3.899999999999998579e+00 7.999914743462667275e+02 1.173044698266068053e-06
4.049999999999998934e+00 4.825332925224952874e+02 1.174034990447658799e-06
4.199999999999999289e+00 2.989816452859141123e+02 1.179017386165881476e-06
4.349999999999999645e+00 1.385874809054637069e+02 1.182319063319781094e-06
4.500000000000000000e+00 7.148683401190670850e+01 1.187658447476813706e-06
4.650000000000000355e+00 3.586923098594536441e+01 1.201915982074197586e-06
4.800000000000000711e+00 1.800605556401401586e+01 1.222010354129388077e-06
4.950000000000001066e+00 8.876884741917976385e+00 1.262804318780119672e-06
5.100000000000001421e+00 4.231915851597548794e+00 1.354701947842151810e-06
5.250000000000001776e+00 1.865074293691549201e+00 1.566834836430608391e-06
5.400000000000002132e+00 6.594868868941148321e-01 2.259121955949794369e-06
5.550000000000002487e+00 4.533360649475071114e-02 1.681902864036910472e-05
5.700000000000002842e+00 2.675212036044740671e-01 1.799999985427745912e+02
5.850000000000003197e+00 4.268950982113892678e-01 1.799999995290482957e+02
6.000000000000003553e+00 5.080863208372647932e-01 1.799999997886235121e+02
6.150000000000003908e+00 5.494551802789828798e-01 1.799999998839990951e+02
6.300000000000004263e+00 5.705471271925262045e-01 1.799999999121729957e+02
6.450000000000004619e+00 5.813274390914102696e-01 1.799999998964298982e+02
6.600000000000004974e+00 5.868894730009515115e-01 1.799999998322217891e+02
6.750000000000005329e+00 5.898611143209109287e-01 1.799999996898021664e+02
6.900000000000005684e+00 5.916463701209977444e-01 1.799999994013833771e+02
7.050000000000006040e+00 5.930887175267116618e-01 1.799999988344761164e+02
7.200000000000006395e+00 5.948696205819032912e-01 1.799999977256933619e+02
7.350000000000006750e+00 5.978304997871646265e-01 1.799999955579825723e+02
7.500000000000007105e+00 6.033702774112725820e-01 1.799999913781781800e+02
7.650000000000007461e+00 6.141063249078797526e-01 1.799999834046938929e+02
7.800000000000007816e+00 6.351110883549608843e-01 1.799999684953305916e+02
7.950000000000008171e+00 6.763086656536074770e-01 1.799999420394440506e+02
8.100000000000008527e+00 7.571636271864008449e-01 1.799998985759394827e+02
8.250000000000008882e+00 9.158775836309587248e-01 1.799998353767312267e+02
8.400000000000009237e+00 1.227437650139506786e+00 1.799997593518771168e+02
8.550000000000009592e+00 1.839052235933081647e+00 1.799996853389013154e+02
8.700000000000009948e+00 3.039667522632768737e+00 1.799996262286609578e+02
8.850000000000010303e+00 5.396792281132377411e+00 1.799995875515859041e+02
9.000000000000010658e+00 1.002285660285225788e+01 1.799995649636228734e+02
9.150000000000011013e+00 1.911554573156364967e+01 1.799995519045276922e+02
9.300000000000011369e+00 3.690958769809433448e+01 1.799995459176233510e+02
9.450000000000011724e+00 7.239976631811489938e+01 1.799995432459373319e+02
9.600000000000012079e+00 1.392843826891484014e+02 1.799995413364671606e+02
9.750000000000012434e+00 2.993335868689820245e+02 1.799995413991747455e+02
9.900000000000012790e+00 4.825760893150666107e+02 1.799995416933647903e+02
1.005000000000001315e+01 7.999914404054815122e+02 1.799995415454505689e+02
1.020000000000001350e+01 7.999914404054815122e+02 1.799995415454505689e+02
1.035000000000001386e+01 7.999914404054815122e+02 1.799995415454505689e+02
1.050000000000001421e+01 7.999914404054815122e+02 1.799995415454505689e+02
1.065000000000001457e+01 7.999914404054815122e+02 1.799995415454505689e+02
1.080000000000001492e+01 7.999914404054815122e+02 1.799995415454505689e+02
1.095000000000001528e+01 7.999914404054815122e+02 1.799995415454505689e+02
1.110000000000001563e+01 7.999914404054815122e+02 1.799995415454505689e+02
1.125000000000001599e+01 7.999914404054815122e+02 1.799995415454505689e+02
1.140000000000001634e+01 7.999914404054815122e+02 1.799995415454505689e+02
1.155000000000001670e+01 7.999914404054815122e+02 1.799995415454505689e+02
1.170000000000001705e+01 7.999914404054815122e+02 1.799995415454505689e+02
1.185000000000001741e+01 7.999914404054815122e+02 1.799995415454505689e+02
1.200000000000001776e+01 7.999914404054815122e+02 1.799995415454505689e+02
1.215000000000001812e+01 7.999914404054815122e+02 1.799995415454505689e+02
1.230000000000001847e+01 7.999914404054815122e+02 1.799995415454505689e+02
1.245000000000001883e+01 7.999914404054815122e+02 1.799995415454505689e+02
1.260000000000001918e+01 7.999914404054815122e+02 1.799995415454505689e+02
1.275000000000001954e+01 7.999914404054815122e+02 1.799995415454505689e+02
1.290000000000001990e+01 7.999914404054815122e+02 1.799995415454505689e+02
1.305000000000002025e+01 7.999766373052673316e+02 1.799995421130039404e+02
1.320000000000002061e+01 7.999766373052673316e+02 1.799995421130039404e+02
1.335000000000002096e+01 7.999766373052673316e+02 1.799995421130039404e+02
1.350000000000002132e+01 7.999766373052673316e+02 1.799995421130039404e+02
1.365000000000002167e+01 7.999766373052673316e+02 1.799995421130039404e+02
1.380000000000002203e+01 7.999766373052673316e+02 1.799995421130039404e+02
1.395000000000002238e+01 7.999766373052673316e+02 1.799995421130039404e+02
1.410000000000002274e+01 7.999766373052673316e+02 1.799995421130039404e+02
1.425000000000002309e+01 7.999766373052673316e+02 1.799995421130039404e+02
1.440000000000002345e+01 7.999766373052673316e+02 1.799995421130039404e+02
1.455000000000002380e+01 7.999766373052673316e+02 1.799995421130039404e+02
1.470000000000002416e+01 7.999766373052673316e+02 1.799995421130039404e+02
1.485000000000002451e+01 7.999766373052673316e+02 1.799995421130039404e+02
1.500000000000002487e+01 7.999766373052673316e+02 1.799995421130039404e+02
1.515000000000002522e+01 7.999766373052673316e+02 1.799995421130039404e+02
1.530000000000002558e+01 7.999766373052673316e+02 1.799995421130039404e+02
1.545000000000002593e+01 7.999766373052673316e+02 1.799995421130039404e+02
1.560000000000002629e+01 7.999766373052673316e+02 1.799995421130039404e+02
1.575000000000002665e+01 7.999766373052673316e+02 1.799995421130039404e+02
1.590000000000002700e+01 7.999766373052673316e+02 1.799995421130039404e+02
