1.499999999999999944e-01 7.999999785193671187e+02 3.411448807882785417e+01
2.999999999999999889e-01 7.999999785193671187e+02 3.411448807882785417e+01
4.499999999999999556e-01 7.999999785193671187e+02 3.411448807882785417e+01
5.999999999999999778e-01 7.999999785193671187e+02 3.411448807882785417e+01
7.500000000000000000e-01 7.999999785193671187e+02 3.411448807882785417e+01
9.000000000000000222e-01 7.999999785193671187e+02 3.411448807882785417e+01
1.050000000000000044e+00 7.999999785193671187e+02 3.411448807882785417e+01
1.199999999999999956e+00 7.999999785193671187e+02 3.411448807882785417e+01
1.349999999999999867e+00 7.999999785193671187e+02 3.411448807882785417e+01
1.499999999999999778e+00 7.999999785193671187e+02 3.411448807882785417e+01
1.649999999999999689e+00 7.999999785193671187e+02 3.411448807882785417e+01
1.799999999999999600e+00 7.999999785193671187e+02 3.411448807882785417e+01
1.949999999999999512e+00 7.999999785193671187e+02 3.411448807882785417e+01
2.099999999999999645e+00 7.999999967800995364e+02 3.417054542059875644e+01
2.249999999999999556e+00 7.999999967800995364e+02 3.417054542059875644e+01
2.399999999999999467e+00 7.999999967800995364e+02 3.417054542059875644e+01
2.549999999999999378e+00 7.999999967800995364e+02 3.417054542059875644e+01
2.699999999999999289e+00 7.999999967800995364e+02 3.417054542059875644e+01
2.849999999999999201e+00 7.999999967800995364e+02 3.417054542059875644e+01
2.999999999999999112e+00 7.999999967800995364e+02 3.417054542059875644e+01
3.149999999999999023e+00 7.999999967800995364e+02 3.417054542059875644e+01
3.299999999999998934e+00 7.999999967800995364e+02 3.417054542059875644e+01
3.449999999999998845e+00 7.999999967800995364e+02 3.417054542059875644e+01
3.599999999999998757e+00 7.999999967800995364e+02 3.417054542059875644e+01
3.749999999999998668e+00 7.999999967800995364e+02 3.417054542059875644e+01
3.899999999999998579e+00 7.999999967800995364e+02 3.417054542059875644e+01
4.049999999999998934e+00 5.146793089178280525e+02 3.446326025970464713e+01
4.199999999999999289e+00 4.585748140479100812e+02 3.578747596639126982e+01
4.349999999999999645e+00 3.961421270260759115e+02 3.856917041548530278e+01
4.500000000000000000e+00 3.813645969113557612e+02 4.169285755603884525e+01
4.650000000000000355e+00 3.753318616685667735e+02 4.504944483105091280e+01
4.800000000000000711e+00 3.732881278733923978e+02 4.844701945338537286e+01
4.950000000000001066e+00 3.725560743773531840e+02 5.184471593685432822e+01
5.100000000000001421e+00 3.723122121708564691e+02 5.522006164751262247e+01
5.250000000000001776e+00 3.722433771233489779e+02 5.856527223961199269e+01
5.400000000000002132e+00 3.722384975292638956e+02 6.187654968671299827e+01
5.550000000000002487e+00 3.722570468524521061e+02 6.515186615211247556e+01
5.700000000000002842e+00 3.722843103870536083e+02 6.838987601026849461e+01
5.850000000000003197e+00 3.723148759696197772e+02 7.158956730127046342e+01
6.000000000000003553e+00 3.723467047587965340e+02 7.475013169388648748e+01
6.150000000000003908e+00 3.723789819871457212e+02 7.787091946287732469e+01
6.300000000000004263e+00 3.724113404467889836e+02 8.095141518436771833e+01
6.450000000000004619e+00 3.724435796010366175e+02 8.399123116816029722e+01
6.600000000000004974e+00 3.724755645488071991e+02 8.699010444237002559e+01
6.750000000000005329e+00 3.725071894776854151e+02 8.994788656662636583e+01
6.900000000000005684e+00 3.725383642134699471e+02 9.286454161490122772e+01
7.050000000000006040e+00 3.725690097102100253e+02 9.574014426894645169e+01
7.200000000000006395e+00 3.725990563756298002e+02 9.857486935561767893e+01
7.350000000000006750e+00 3.726284435346377109e+02 1.013689895896803392e+02
7.500000000000007105e+00 3.726571207566662451e+02 1.041228733766148054e+02
7.650000000000007461e+00 3.726850518261126126e+02 1.068369738960563353e+02
7.800000000000007816e+00 3.727122263009935068e+02 1.095118266389087864e+02
7.950000000000008171e+00 3.727386933441171664e+02 1.121480467525830989e+02
8.100000000000008527e+00 3.727646558773827223e+02 1.147463166983504834e+02
8.250000000000008882e+00 3.727907331621638605e+02 1.173073801252624264e+02
8.400000000000009237e+00 3.728186931733056326e+02 1.198320286144916480e+02
8.550000000000009592e+00 3.728534937962248250e+02 1.223210599693809115e+02
8.700000000000009948e+00 3.729089522722159131e+02 1.247751886296070438e+02
8.850000000000010303e+00 3.730236712422760093e+02 1.271948172560441890e+02
9.000000000000010658e+00 3.733044715920599970e+02 1.295793140507325063e+02
9.150000000000011013e+00 3.740556209610257952e+02 1.319255858192877326e+02
9.300000000000011369e+00 3.760824808831696942e+02 1.342212349802778135e+02
9.450000000000011724e+00 3.820332448015316231e+02 1.364423674948130270e+02
9.600000000000012079e+00 3.966285013957663637e+02 1.384700937729320174e+02
9.750000000000012434e+00 4.587437292864025835e+02 1.402391982317676877e+02
9.900000000000012790e+00 5.146857630516690278e+02 1.410656750871963823e+02
1.005000000000001315e+01 7.999999967543708408e+02 1.412409665964679846e+02
1.020000000000001350e+01 7.999999967543708408e+02 1.412409665964679846e+02
1.035000000000001386e+01 7.999999967543708408e+02 1.412409665964679846e+02
1.050000000000001421e+01 7.999999967543708408e+02 1.412409665964679846e+02
1.065000000000001457e+01 7.999999967543708408e+02 1.412409665964679846e+02
1.080000000000001492e+01 7.999999967543708408e+02 1.412409665964679846e+02
1.095000000000001528e+01 7.999999967543708408e+02 1.412409665964679846e+02
1.110000000000001563e+01 7.999999967543708408e+02 1.412409665964679846e+02
1.125000000000001599e+01 7.999999967543708408e+02 1.412409665964679846e+02
1.140000000000001634e+01 7.999999967543708408e+02 1.412409665964679846e+02
1.155000000000001670e+01 7.999999967543708408e+02 1.412409665964679846e+02
1.170000000000001705e+01 7.999999967543708408e+02 1.412409665964679846e+02
1.185000000000001741e+01 7.999999967543708408e+02 1.412409665964679846e+02
1.200000000000001776e+01 7.999999967543708408e+02 1.412409665964679846e+02
1.215000000000001812e+01 7.999999967543708408e+02 1.412409665964679846e+02
1.230000000000001847e+01 7.999999967543708408e+02 1.412409665964679846e+02
1.245000000000001883e+01 7.999999967543708408e+02 1.412409665964679846e+02
1.260000000000001918e+01 7.999999967543708408e+02 1.412409665964679846e+02
1.275000000000001954e+01 7.999999967543708408e+02 1.412409665964679846e+02
1.290000000000001990e+01 7.999999967543708408e+02 1.412409665964679846e+02
1.305000000000002025e+01 7.999999783419572168e+02 1.412752279560169200e+02
1.320000000000002061e+01 7.999999783419572168e+02 1.412752279560169200e+02
1.335000000000002096e+01 7.999999783419572168e+02 1.412752279560169200e+02
1.350000000000002132e+01 7.999999783419572168e+02 1.412752279560169200e+02
1.365000000000002167e+01 7.999999783419572168e+02 1.412752279560169200e+02
1.380000000000002203e+01 7.999999783419572168e+02 1.412752279560169200e+02
1.395000000000002238e+01 7.999999783419572168e+02 1.412752279560169200e+02
1.410000000000002274e+01 7.999999783419572168e+02 1.412752279560169200e+02
1.425000000000002309e+01 7.999999783419572168e+02 1.412752279560169200e+02
1.440000000000002345e+01 7.999999783419572168e+02 1.412752279560169200e+02
1.455000000000002380e+01 7.999999783419572168e+02 1.412752279560169200e+02
1.470000000000002416e+01 7.999999783419572168e+02 1.412752279560169200e+02
1.485000000000002451e+01 7.999999783419572168e+02 1.412752279560169200e+02
1.500000000000002487e+01 7.999999783419572168e+02 1.412752279560169200e+02
1.515000000000002522e+01 7.999999783419572168e+02 1.412752279560169200e+02
1.530000000000002558e+01 7.999999783419572168e+02 1.412752279560169200e+02
1.545000000000002593e+01 7.999999783419572168e+02 1.412752279560169200e+02
1.560000000000002629e+01 7.999999783419572168e+02 1.412752279560169200e+02
1.575000000000002665e+01 7.999999783419572168e+02 1.412752279560169200e+02
1.590000000000002700e+01 7.999999783419572168e+02 1.412752279560169200e+02
