1.499999999999999944e-01 7.996662313448233590e+02 8.609169514617320829e-06
2.999999999999999889e-01 7.996662313448233590e+02 8.609169514617320829e-06
4.499999999999999556e-01 7.996662313448233590e+02 8.609169514617320829e-06
5.999999999999999778e-01 7.996662313448233590e+02 8.609169514617320829e-06
7.500000000000000000e-01 7.996662313448233590e+02 8.609169514617320829e-06
9.000000000000000222e-01 7.996662313448233590e+02 8.609169514617320829e-06
1.050000000000000044e+00 7.996662313448233590e+02 8.609169514617320829e-06
1.199999999999999956e+00 7.996662313448233590e+02 8.609169514617320829e-06
1.349999999999999867e+00 7.996662313448233590e+02 8.609169514617320829e-06
1.499999999999999778e+00 7.996662313448233590e+02 8.609169514617320829e-06
1.649999999999999689e+00 7.996662313448233590e+02 8.609169514617320829e-06
1.799999999999999600e+00 7.996662313448233590e+02 8.609169514617320829e-06
1.949999999999999512e+00 7.996662313448233590e+02 8.609169514617320829e-06
2.099999999999999645e+00 7.998270604751974133e+02 8.602333744112122815e-06
2.249999999999999556e+00 7.998270604751974133e+02 8.602333744112122815e-06
2.399999999999999467e+00 7.998270604751974133e+02 8.602333744112122815e-06
2.549999999999999378e+00 7.998270604751974133e+02 8.602333744112122815e-06
2.699999999999999289e+00 7.998270604751974133e+02 8.602333744112122815e-06
2.849999999999999201e+00 7.998270604751974133e+02 8.602333744112122815e-06
2.999999999999999112e+00 7.998270604751974133e+02 8.602333744112122815e-06
3.149999999999999023e+00 7.998270604751974133e+02 8.602333744112122815e-06
3.299999999999998934e+00 7.998270604751974133e+02 8.602333744112122815e-06
3.449999999999998845e+00 7.998270604751974133e+02 8.602333744112122815e-06
3.599999999999998757e+00 7.998270604751974133e+02 8.602333744112122815e-06
3.749999999999998668e+00 7.998270604751974133e+02 8.602333744112122815e-06
3.899999999999998579e+00 7.998270604751974133e+02 8.602333744112122815e-06
4.049999999999998934e+00 4.375579815558195946e+02 8.608410099641972124e-06
4.199999999999999289e+00 2.088491229559568012e+02 8.636394316474671484e-06
4.349999999999999645e+00 6.833009855355103923e+01 8.674422783405688619e-06
4.500000000000000000e+00 2.542063112796398983e+01 8.768136071313215041e-06
4.650000000000000355e+00 8.824661583933682607e+00 9.065770170346709733e-06
4.800000000000000711e+00 2.937672760049991894e+00 9.920517070605150423e-06
4.950000000000001066e+00 7.859993262008515558e-01 1.342466061893254903e-05
5.100000000000001421e+00 8.039482236199546605e-03 4.772521597534717941e-04
5.250000000000001776e+00 2.743398569868986669e-01 1.799999949291012911e+02
5.400000000000002132e+00 3.766918540726464926e-01 1.799999986606016762e+02
5.550000000000002487e+00 4.138095136479478242e-01 1.799999995569216651e+02
5.700000000000002842e+00 4.272676549637708376e-01 1.799999998443767026e+02
5.850000000000003197e+00 4.321476387480061021e-01 1.799999999442005958e+02
6.000000000000003553e+00 4.339171017976468647e-01 1.799999999798045565e+02
6.150000000000003908e+00 4.345587102374111055e-01 1.799999999926870657e+02
6.300000000000004263e+00 4.347913640419847070e-01 1.799999999973494482e+02
6.450000000000004619e+00 4.348757457877354682e-01 1.799999999990368451e+02
6.600000000000004974e+00 4.349064026330324850e-01 1.799999999996506972e+02
6.750000000000005329e+00 4.349176849813147783e-01 1.799999999998733529e+02
6.900000000000005684e+00 4.349222342077609937e-01 1.799999999999539853e+02
7.050000000000006040e+00 4.349251476220388213e-01 1.799999999999833733e+02
7.200000000000006395e+00 4.349296898270722522e-01 1.799999999999938609e+02
7.350000000000006750e+00 4.349409496360294725e-01 1.799999999999978968e+02
7.500000000000007105e+00 4.349715441146599915e-01 1.799999999999992042e+02
7.650000000000007461e+00 4.350557527442333594e-01 1.799999999999996874e+02
7.800000000000007816e+00 4.352879295647653635e-01 1.799999999999999432e+02
7.950000000000008171e+00 4.359282223451828031e-01 1.799999999999998579e+02
8.100000000000008527e+00 4.376940569765110922e-01 1.799999999999999432e+02
8.250000000000008882e+00 4.425640338314451583e-01 1.799999999999995737e+02
8.400000000000009237e+00 4.559945776908307380e-01 1.799999999999991758e+02
8.550000000000009592e+00 4.930361285147455419e-01 1.799999999999979821e+02
8.700000000000009948e+00 5.951782547463153605e-01 1.799999999999953673e+02
8.850000000000010303e+00 8.769788738753163670e-01 1.799999999999912461e+02
9.000000000000010658e+00 1.653344260553808454e+00 1.799999999999872387e+02
9.150000000000011013e+00 3.800625133081979357e+00 1.799999999999845670e+02
9.300000000000011369e+00 9.675590240888446658e+00 1.799999999999831175e+02
9.450000000000011724e+00 2.623867181520030911e+01 1.799999999999825775e+02
9.600000000000012079e+00 6.906250109653215929e+01 1.799999999999822649e+02
9.750000000000012434e+00 2.093603738964026491e+02 1.799999999999821796e+02
9.900000000000012790e+00 4.376834259885172855e+02 1.799999999999821512e+02
1.005000000000001315e+01 7.998279690077702071e+02 1.799999999999821512e+02
1.020000000000001350e+01 7.998279690077702071e+02 1.799999999999821512e+02
1.035000000000001386e+01 7.998279690077702071e+02 1.799999999999821512e+02
1.050000000000001421e+01 7.998279690077702071e+02 1.799999999999821512e+02
1.065000000000001457e+01 7.998279690077702071e+02 1.799999999999821512e+02
1.080000000000001492e+01 7.998279690077702071e+02 1.799999999999821512e+02
1.095000000000001528e+01 7.998279690077702071e+02 1.799999999999821512e+02
1.110000000000001563e+01 7.998279690077702071e+02 1.799999999999821512e+02
1.125000000000001599e+01 7.998279690077702071e+02 1.799999999999821512e+02
1.140000000000001634e+01 7.998279690077702071e+02 1.799999999999821512e+02
1.155000000000001670e+01 7.998279690077702071e+02 1.799999999999821512e+02
1.170000000000001705e+01 7.998279690077702071e+02 1.799999999999821512e+02
1.185000000000001741e+01 7.998279690077702071e+02 1.799999999999821512e+02
1.200000000000001776e+01 7.998279690077702071e+02 1.799999999999821512e+02
1.215000000000001812e+01 7.998279690077702071e+02 1.799999999999821512e+02
1.230000000000001847e+01 7.998279690077702071e+02 1.799999999999821512e+02
1.245000000000001883e+01 7.998279690077702071e+02 1.799999999999821512e+02
1.260000000000001918e+01 7.998279690077702071e+02 1.799999999999821512e+02
1.275000000000001954e+01 7.998279690077702071e+02 1.799999999999821512e+02
1.290000000000001990e+01 7.998279690077702071e+02 1.799999999999821512e+02
1.305000000000002025e+01 7.996678677496397540e+02 1.799999999999821227e+02
1.320000000000002061e+01 7.996678677496397540e+02 1.799999999999821227e+02
1.335000000000002096e+01 7.996678677496397540e+02 1.799999999999821227e+02
1.350000000000002132e+01 7.996678677496397540e+02 1.799999999999821227e+02
1.365000000000002167e+01 7.996678677496397540e+02 1.799999999999821227e+02
1.380000000000002203e+01 7.996678677496397540e+02 1.799999999999821227e+02
1.395000000000002238e+01 7.996678677496397540e+02 1.799999999999821227e+02
1.410000000000002274e+01 7.996678677496397540e+02 1.799999999999821227e+02
1.425000000000002309e+01 7.996678677496397540e+02 1.799999999999821227e+02
1.440000000000002345e+01 7.996678677496397540e+02 1.799999999999821227e+02
1.455000000000002380e+01 7.996678677496397540e+02 1.799999999999821227e+02
1.470000000000002416e+01 7.996678677496397540e+02 1.799999999999821227e+02
1.485000000000002451e+01 7.996678677496397540e+02 1.799999999999821227e+02
1.500000000000002487e+01 7.996678677496397540e+02 1.799999999999821227e+02
1.515000000000002522e+01 7.996678677496397540e+02 1.799999999999821227e+02
1.530000000000002558e+01 7.996678677496397540e+02 1.799999999999821227e+02
1.545000000000002593e+01 7.996678677496397540e+02 1.799999999999821227e+02
1.560000000000002629e+01 7.996678677496397540e+02 1.799999999999821227e+02
1.575000000000002665e+01 7.996678677496397540e+02 1.799999999999821227e+02
1.590000000000002700e+01 7.996678677496397540e+02 1.799999999999821227e+02
