1.499999999999999944e-01 7.999999780316658189e+02 1.799982682722835534e+02
2.999999999999999889e-01 7.999999780316658189e+02 1.799982682722835534e+02
4.499999999999999556e-01 7.999999780316658189e+02 1.799982682722835534e+02
5.999999999999999778e-01 7.999999780316658189e+02 1.799982682722835534e+02
7.500000000000000000e-01 7.999999780316658189e+02 1.799982682722835534e+02
9.000000000000000222e-01 7.999999780316658189e+02 1.799982682722835534e+02
1.050000000000000044e+00 7.999999780316658189e+02 1.799982682722835534e+02
1.199999999999999956e+00 7.999999780316658189e+02 1.799982682722835534e+02
1.349999999999999867e+00 7.999999780316658189e+02 1.799982682722835534e+02
1.499999999999999778e+00 7.999999780316658189e+02 1.799982682722835534e+02
1.649999999999999689e+00 7.999999780316658189e+02 1.799982682722835534e+02
1.799999999999999600e+00 7.999999780316658189e+02 1.799982682722835534e+02
1.949999999999999512e+00 7.999999780316658189e+02 1.799982682722835534e+02
2.099999999999999645e+00 7.999999967086477000e+02 1.799982699628324099e+02
2.249999999999999556e+00 7.999999967086477000e+02 1.799982699628324099e+02
2.399999999999999467e+00 7.999999967086477000e+02 1.799982699628324099e+02
2.549999999999999378e+00 7.999999967086477000e+02 1.799982699628324099e+02
2.699999999999999289e+00 7.999999967086477000e+02 1.799982699628324099e+02
2.849999999999999201e+00 7.999999967086477000e+02 1.799982699628324099e+02
2.999999999999999112e+00 7.999999967086477000e+02 1.799982699628324099e+02
3.149999999999999023e+00 7.999999967086477000e+02 1.799982699628324099e+02
3.299999999999998934e+00 7.999999967086477000e+02 1.799982699628324099e+02
3.449999999999998845e+00 7.999999967086477000e+02 1.799982699628324099e+02
3.599999999999998757e+00 7.999999967086477000e+02 1.799982699628324099e+02
3.749999999999998668e+00 7.999999967086477000e+02 1.799982699628324099e+02
3.899999999999998579e+00 7.999999967086477000e+02 1.799982699628324099e+02
4.049999999999998934e+00 5.146935228872853259e+02 1.799982769421725379e+02
4.199999999999999289e+00 4.589225089515561535e+02 1.799983057364048307e+02
4.349999999999999645e+00 3.971355935477748176e+02 1.799983658638590498e+02
4.500000000000000000e+00 3.827451419692039281e+02 1.799984307082037276e+02
4.650000000000000355e+00 3.769200896103067748e+02 1.799984971967382421e+02
4.800000000000000711e+00 3.749657547459650004e+02 1.799985632167223457e+02
4.950000000000001066e+00 3.742589071254126338e+02 1.799986272282997675e+02
5.100000000000001421e+00 3.740092904388073975e+02 1.799986881920957558e+02
5.250000000000001776e+00 3.739202453484795114e+02 1.799987476545288132e+02
5.400000000000002132e+00 3.738885821559590568e+02 1.799988048870139892e+02
5.550000000000002487e+00 3.738773079893007321e+02 1.799988593201894389e+02
5.700000000000002842e+00 3.738732953735175215e+02 1.799989123947829341e+02
5.850000000000003197e+00 3.738718669776538945e+02 1.799989635144478939e+02
6.000000000000003553e+00 3.738713585321772257e+02 1.799990122004124657e+02
6.150000000000003908e+00 3.738711775444294290e+02 1.799990597080001464e+02
6.300000000000004263e+00 3.738711131216089711e+02 1.799991055240139701e+02
6.450000000000004619e+00 3.738710901946657827e+02 1.799991492397524553e+02
6.600000000000004974e+00 3.738710820480520169e+02 1.799991919407467833e+02
6.750000000000005329e+00 3.738710791889156440e+02 1.799992331871923739e+02
6.900000000000005684e+00 3.738710782856354626e+02 1.799992726333752557e+02
7.050000000000006040e+00 3.738710782856488777e+02 1.799993112122645300e+02
7.200000000000006395e+00 3.738710791889562302e+02 1.799993485503316037e+02
7.350000000000006750e+00 3.738710820481200585e+02 1.799993843592822600e+02
7.500000000000007105e+00 3.738710901947614502e+02 1.799994194344806431e+02
7.650000000000007461e+00 3.738711131217332877e+02 1.799994534626771099e+02
7.800000000000007816e+00 3.738711775445837020e+02 1.799994862083657097e+02
7.950000000000008171e+00 3.738713585323615121e+02 1.799995183420505782e+02
8.100000000000008527e+00 3.738718669778699564e+02 1.799995496056981779e+02
8.250000000000008882e+00 3.738732953737675189e+02 1.799995798127097828e+02
8.400000000000009237e+00 3.738773079895853471e+02 1.799996095192119583e+02
8.550000000000009592e+00 3.738885821562817569e+02 1.799996385174919453e+02
8.700000000000009948e+00 3.739202453488429114e+02 1.799996666647630548e+02
8.850000000000010303e+00 3.740092904392157607e+02 1.799996944060575856e+02
9.000000000000010658e+00 3.742589071258763624e+02 1.799997215643501534e+02
9.150000000000011013e+00 3.749657547465117204e+02 1.799997479977472779e+02
9.300000000000011369e+00 3.769200896110057784e+02 1.799997739117009132e+02
9.450000000000011724e+00 3.827451419703203896e+02 1.799997989187706082e+02
9.600000000000012079e+00 3.971355935497261953e+02 1.799998216255349632e+02
9.750000000000012434e+00 4.589225089593088569e+02 1.799998415633662034e+02
9.900000000000012790e+00 5.146935228924720604e+02 1.799998509073246282e+02
1.005000000000001315e+01 7.999999968369033922e+02 1.799998528732668319e+02
1.020000000000001350e+01 7.999999968369033922e+02 1.799998528732668319e+02
1.035000000000001386e+01 7.999999968369033922e+02 1.799998528732668319e+02
1.050000000000001421e+01 7.999999968369033922e+02 1.799998528732668319e+02
1.065000000000001457e+01 7.999999968369033922e+02 1.799998528732668319e+02
1.080000000000001492e+01 7.999999968369033922e+02 1.799998528732668319e+02
1.095000000000001528e+01 7.999999968369033922e+02 1.799998528732668319e+02
1.110000000000001563e+01 7.999999968369033922e+02 1.799998528732668319e+02
1.125000000000001599e+01 7.999999968369033922e+02 1.799998528732668319e+02
1.140000000000001634e+01 7.999999968369033922e+02 1.799998528732668319e+02
1.155000000000001670e+01 7.999999968369033922e+02 1.799998528732668319e+02
1.170000000000001705e+01 7.999999968369033922e+02 1.799998528732668319e+02
1.185000000000001741e+01 7.999999968369033922e+02 1.799998528732668319e+02
1.200000000000001776e+01 7.999999968369033922e+02 1.799998528732668319e+02
1.215000000000001812e+01 7.999999968369033922e+02 1.799998528732668319e+02
1.230000000000001847e+01 7.999999968369033922e+02 1.799998528732668319e+02
1.245000000000001883e+01 7.999999968369033922e+02 1.799998528732668319e+02
1.260000000000001918e+01 7.999999968369033922e+02 1.799998528732668319e+02
1.275000000000001954e+01 7.999999968369033922e+02 1.799998528732668319e+02
1.290000000000001990e+01 7.999999968369033922e+02 1.799998528732668319e+02
1.305000000000002025e+01 7.999999788877166793e+02 1.799998533087256760e+02
1.320000000000002061e+01 7.999999788877166793e+02 1.799998533087256760e+02
1.335000000000002096e+01 7.999999788877166793e+02 1.799998533087256760e+02
1.350000000000002132e+01 7.999999788877166793e+02 1.799998533087256760e+02
1.365000000000002167e+01 7.999999788877166793e+02 1.799998533087256760e+02
1.380000000000002203e+01 7.999999788877166793e+02 1.799998533087256760e+02
1.395000000000002238e+01 7.999999788877166793e+02 1.799998533087256760e+02
1.410000000000002274e+01 7.999999788877166793e+02 1.799998533087256760e+02
1.425000000000002309e+01 7.999999788877166793e+02 1.799998533087256760e+02
1.440000000000002345e+01 7.999999788877166793e+02 1.799998533087256760e+02
1.455000000000002380e+01 7.999999788877166793e+02 1.799998533087256760e+02
1.470000000000002416e+01 7.999999788877166793e+02 1.799998533087256760e+02
1.485000000000002451e+01 7.999999788877166793e+02 1.799998533087256760e+02
1.500000000000002487e+01 7.999999788877166793e+02 1.799998533087256760e+02
1.515000000000002522e+01 7.999999788877166793e+02 1.799998533087256760e+02
1.530000000000002558e+01 7.999999788877166793e+02 1.799998533087256760e+02
1.545000000000002593e+01 7.999999788877166793e+02 1.799998533087256760e+02
1.560000000000002629e+01 7.999999788877166793e+02 1.799998533087256760e+02
1.575000000000002665e+01 7.999999788877166793e+02 1.799998533087256760e+02
1.590000000000002700e+01 7.999999788877166793e+02 1.799998533087256760e+02
