1.499999999999999944e-01 7.997226689082933717e+02 5.967889587243924154e-05
2.999999999999999889e-01 7.997226689082933717e+02 5.967889587243924154e-05
4.499999999999999556e-01 7.997226689082933717e+02 5.967889587243924154e-05
5.999999999999999778e-01 7.997226689082933717e+02 5.967889587243924154e-05
7.500000000000000000e-01 7.997226689082933717e+02 5.967889587243924154e-05
9.000000000000000222e-01 7.997226689082933717e+02 5.967889587243924154e-05
1.050000000000000044e+00 7.997226689082933717e+02 5.967889587243924154e-05
1.199999999999999956e+00 7.997226689082933717e+02 5.967889587243924154e-05
1.349999999999999867e+00 7.997226689082933717e+02 5.967889587243924154e-05
1.499999999999999778e+00 7.997226689082933717e+02 5.967889587243924154e-05
1.649999999999999689e+00 7.997226689082933717e+02 5.967889587243924154e-05
1.799999999999999600e+00 7.997226689082933717e+02 5.967889587243924154e-05
1.949999999999999512e+00 7.997226689082933717e+02 5.967889587243924154e-05
2.099999999999999645e+00 7.998596770924673365e+02 5.963195395763953854e-05
2.249999999999999556e+00 7.998596770924673365e+02 5.963195395763953854e-05
2.399999999999999467e+00 7.998596770924673365e+02 5.963195395763953854e-05
2.549999999999999378e+00 7.998596770924673365e+02 5.963195395763953854e-05
2.699999999999999289e+00 7.998596770924673365e+02 5.963195395763953854e-05
2.849999999999999201e+00 7.998596770924673365e+02 5.963195395763953854e-05
2.999999999999999112e+00 7.998596770924673365e+02 5.963195395763953854e-05
3.149999999999999023e+00 7.998596770924673365e+02 5.963195395763953854e-05
3.299999999999998934e+00 7.998596770924673365e+02 5.963195395763953854e-05
3.449999999999998845e+00 7.998596770924673365e+02 5.963195395763953854e-05
3.599999999999998757e+00 7.998596770924673365e+02 5.963195395763953854e-05
3.749999999999998668e+00 7.998596770924673365e+02 5.963195395763953854e-05
3.899999999999998579e+00 7.998596770924673365e+02 5.963195395763953854e-05
4.049999999999998934e+00 4.419208874371963702e+02 5.967452255628558078e-05
4.199999999999999289e+00 2.152162648360744583e+02 5.986903085486439124e-05
4.349999999999999645e+00 7.220679318318002515e+01 6.013000575577631679e-05
4.500000000000000000e+00 2.747682756740342214e+01 6.075822804130215360e-05
4.650000000000000355e+00 9.790025906926572929e+00 6.270686127241020813e-05
4.800000000000000711e+00 3.361229983930059007e+00 6.810296187442776983e-05
4.950000000000001066e+00 9.563828276502590597e-01 8.874309910666955403e-05
5.100000000000001421e+00 6.594135625164199155e-02 4.791694895895926010e-04
5.250000000000001776e+00 2.649598479199539725e-01 1.799999557276089490e+02
5.400000000000002132e+00 3.877691879582698675e-01 1.799999887664761218e+02
5.550000000000002487e+00 4.333690073655134256e-01 1.799999962599923151e+02
5.700000000000002842e+00 4.502977314757572458e-01 1.799999986634612412e+02
5.850000000000003197e+00 4.565828059284058327e-01 1.799999995105505377e+02
6.000000000000003553e+00 4.589161997051860453e-01 1.799999998188052359e+02
6.150000000000003908e+00 4.597825050957453641e-01 1.799999999328456113e+02
6.300000000000004263e+00 4.601041442737141551e-01 1.799999999750817494e+02
6.450000000000004619e+00 4.602235933150495839e-01 1.799999999907304584e+02
6.600000000000004974e+00 4.602680400380450010e-01 1.799999999965583299e+02
6.750000000000005329e+00 4.602848104169652288e-01 1.799999999987221599e+02
6.900000000000005684e+00 4.602917611435941581e-01 1.799999999995245616e+02
7.050000000000006040e+00 4.602962931410274905e-01 1.799999999998235580e+02
7.200000000000006395e+00 4.603032320669626642e-01 1.799999999999343743e+02
7.350000000000006750e+00 4.603199664537669378e-01 1.799999999999755573e+02
7.500000000000007105e+00 4.603643148179799027e-01 1.799999999999909619e+02
7.650000000000007461e+00 4.604834986977266453e-01 1.799999999999966747e+02
7.800000000000007816e+00 4.608044223406295714e-01 1.799999999999986642e+02
7.950000000000008171e+00 4.616688006778986164e-01 1.799999999999992610e+02
8.100000000000008527e+00 4.639970038015235332e-01 1.799999999999991758e+02
8.250000000000008882e+00 4.702680977362660997e-01 1.799999999999986642e+02
8.400000000000009237e+00 4.871591650066875445e-01 1.799999999999966747e+02
8.550000000000009592e+00 5.326575584541615171e-01 1.799999999999917861e+02
8.700000000000009948e+00 6.551937465950459227e-01 1.799999999999820659e+02
8.850000000000010303e+00 9.853593629883903304e-01 1.799999999999678550e+02
9.000000000000010658e+00 1.873821697171251799e+00 1.799999999999544684e+02
9.150000000000011013e+00 4.273345726939353995e+00 1.799999999999463398e+02
9.300000000000011369e+00 1.068792069803525635e+01 1.799999999999420197e+02
9.450000000000011724e+00 2.833680078726491303e+01 1.799999999999405986e+02
9.600000000000012079e+00 7.297069641376165805e+01 1.799999999999400870e+02
9.750000000000012434e+00 2.157394327910423328e+02 1.799999999999394902e+02
9.900000000000012790e+00 4.420430094447381180e+02 1.799999999999394902e+02
1.005000000000001315e+01 7.998604310828450252e+02 1.799999999999394333e+02
1.020000000000001350e+01 7.998604310828450252e+02 1.799999999999394333e+02
1.035000000000001386e+01 7.998604310828450252e+02 1.799999999999394333e+02
1.050000000000001421e+01 7.998604310828450252e+02 1.799999999999394333e+02
1.065000000000001457e+01 7.998604310828450252e+02 1.799999999999394333e+02
1.080000000000001492e+01 7.998604310828450252e+02 1.799999999999394333e+02
1.095000000000001528e+01 7.998604310828450252e+02 1.799999999999394333e+02
1.110000000000001563e+01 7.998604310828450252e+02 1.799999999999394333e+02
1.125000000000001599e+01 7.998604310828450252e+02 1.799999999999394333e+02
1.140000000000001634e+01 7.998604310828450252e+02 1.799999999999394333e+02
1.155000000000001670e+01 7.998604310828450252e+02 1.799999999999394333e+02
1.170000000000001705e+01 7.998604310828450252e+02 1.799999999999394333e+02
1.185000000000001741e+01 7.998604310828450252e+02 1.799999999999394333e+02
1.200000000000001776e+01 7.998604310828450252e+02 1.799999999999394333e+02
1.215000000000001812e+01 7.998604310828450252e+02 1.799999999999394333e+02
1.230000000000001847e+01 7.998604310828450252e+02 1.799999999999394333e+02
1.245000000000001883e+01 7.998604310828450252e+02 1.799999999999394333e+02
1.260000000000001918e+01 7.998604310828450252e+02 1.799999999999394333e+02
1.275000000000001954e+01 7.998604310828450252e+02 1.799999999999394333e+02
1.290000000000001990e+01 7.998604310828450252e+02 1.799999999999394333e+02
1.305000000000002025e+01 7.997240595554899301e+02 1.799999999999395754e+02
1.320000000000002061e+01 7.997240595554899301e+02 1.799999999999395754e+02
1.335000000000002096e+01 7.997240595554899301e+02 1.799999999999395754e+02
1.350000000000002132e+01 7.997240595554899301e+02 1.799999999999395754e+02
1.365000000000002167e+01 7.997240595554899301e+02 1.799999999999395754e+02
1.380000000000002203e+01 7.997240595554899301e+02 1.799999999999395754e+02
1.395000000000002238e+01 7.997240595554899301e+02 1.799999999999395754e+02
1.410000000000002274e+01 7.997240595554899301e+02 1.799999999999395754e+02
1.425000000000002309e+01 7.997240595554899301e+02 1.799999999999395754e+02
1.440000000000002345e+01 7.997240595554899301e+02 1.799999999999395754e+02
1.455000000000002380e+01 7.997240595554899301e+02 1.799999999999395754e+02
1.470000000000002416e+01 7.997240595554899301e+02 1.799999999999395754e+02
1.485000000000002451e+01 7.997240595554899301e+02 1.799999999999395754e+02
1.500000000000002487e+01 7.997240595554899301e+02 1.799999999999395754e+02
1.515000000000002522e+01 7.997240595554899301e+02 1.799999999999395754e+02
1.530000000000002558e+01 7.997240595554899301e+02 1.799999999999395754e+02
1.545000000000002593e+01 7.997240595554899301e+02 1.799999999999395754e+02
1.560000000000002629e+01 7.997240595554899301e+02 1.799999999999395754e+02
1.575000000000002665e+01 7.997240595554899301e+02 1.799999999999395754e+02
1.590000000000002700e+01 7.997240595554899301e+02 1.799999999999395754e+02
