1.499999999999999944e-01 7.999430060693143787e+02 1.799991035451242283e+02
2.999999999999999889e-01 7.999430060693143787e+02 1.799991035451242283e+02
4.499999999999999556e-01 7.999430060693143787e+02 1.799991035451242283e+02
5.999999999999999778e-01 7.999430060693143787e+02 1.799991035451242283e+02
7.500000000000000000e-01 7.999430060693143787e+02 1.799991035451242283e+02
9.000000000000000222e-01 7.999430060693143787e+02 1.799991035451242283e+02
1.050000000000000044e+00 7.999430060693143787e+02 1.799991035451242283e+02
1.199999999999999956e+00 7.999430060693143787e+02 1.799991035451242283e+02
1.349999999999999867e+00 7.999430060693143787e+02 1.799991035451242283e+02
1.499999999999999778e+00 7.999430060693143787e+02 1.799991035451242283e+02
1.649999999999999689e+00 7.999430060693143787e+02 1.799991035451242283e+02
1.799999999999999600e+00 7.999430060693143787e+02 1.799991035451242283e+02
1.949999999999999512e+00 7.999430060693143787e+02 1.799991035451242283e+02
2.099999999999999645e+00 7.999765482248362787e+02 1.799991040380095910e+02
2.249999999999999556e+00 7.999765482248362787e+02 1.799991040380095910e+02
2.399999999999999467e+00 7.999765482248362787e+02 1.799991040380095910e+02
2.549999999999999378e+00 7.999765482248362787e+02 1.799991040380095910e+02
2.699999999999999289e+00 7.999765482248362787e+02 1.799991040380095910e+02
2.849999999999999201e+00 7.999765482248362787e+02 1.799991040380095910e+02
2.999999999999999112e+00 7.999765482248362787e+02 1.799991040380095910e+02
3.149999999999999023e+00 7.999765482248362787e+02 1.799991040380095910e+02
3.299999999999998934e+00 7.999765482248362787e+02 1.799991040380095910e+02
3.449999999999998845e+00 7.999765482248362787e+02 1.799991040380095910e+02
3.599999999999998757e+00 7.999765482248362787e+02 1.799991040380095910e+02
3.749999999999998668e+00 7.999765482248362787e+02 1.799991040380095910e+02
3.899999999999998579e+00 7.999765482248362787e+02 1.799991040380095910e+02
4.049999999999998934e+00 4.713302742571183330e+02 1.799991047520307177e+02
4.199999999999999289e+00 2.703364736267465673e+02 1.799991061758733792e+02
4.349999999999999645e+00 1.130025660102623419e+02 1.799991134297653730e+02
4.500000000000000000e+00 5.339615406197813741e+01 1.799991282051994688e+02
4.650000000000000355e+00 2.495684043975433752e+01 1.799991593475490390e+02
4.800000000000000711e+00 1.226496121493962477e+01 1.799992219966455593e+02
4.950000000000001066e+00 6.479286839867484105e+00 1.799993321393551753e+02
5.100000000000001421e+00 3.858101912498497654e+00 1.799994903126680867e+02
5.250000000000001776e+00 2.668208159607416974e+00 1.799996655605303602e+02
5.400000000000002132e+00 2.128368144109288096e+00 1.799998097215504345e+02
5.550000000000002487e+00 1.883402913627804764e+00 1.799999023066933148e+02
5.700000000000002842e+00 1.772250199666842718e+00 1.799999528833186844e+02
5.850000000000003197e+00 1.721813946286630426e+00 1.799999779908044957e+02
6.000000000000003553e+00 1.698928512898874033e+00 1.799999898657839879e+02
6.150000000000003908e+00 1.688544734755964782e+00 1.799999953725296109e+02
6.300000000000004263e+00 1.683834417909594094e+00 1.799999978940510061e+02
6.450000000000004619e+00 1.681700134421134862e+00 1.799999990419825622e+02
6.600000000000004974e+00 1.680738415022744903e+00 1.799999995649762070e+02
6.750000000000005329e+00 1.680316848956636022e+00 1.799999998025244281e+02
6.900000000000005684e+00 1.680158221317014977e+00 1.799999999102717538e+02
7.050000000000006040e+00 1.680158221376018446e+00 1.799999999592788242e+02
7.200000000000006395e+00 1.680316849045141225e+00 1.799999999815213414e+02
7.350000000000006750e+00 1.680738415273509645e+00 1.799999999916066145e+02
7.500000000000007105e+00 1.681700134966916949e+00 1.799999999961931110e+02
7.650000000000007461e+00 1.683834419148666939e+00 1.799999999982744896e+02
7.800000000000007816e+00 1.688544737455373479e+00 1.799999999992182040e+02
7.950000000000008171e+00 1.698928518858224379e+00 1.799999999996471445e+02
8.100000000000008527e+00 1.721813959400151361e+00 1.799999999998416911e+02
8.250000000000008882e+00 1.772250228534289818e+00 1.799999999999293152e+02
8.400000000000009237e+00 1.883402977277796708e+00 1.799999999999681108e+02
8.550000000000009592e+00 2.128368284434287716e+00 1.799999999999839986e+02
8.700000000000009948e+00 2.668208468815095102e+00 1.799999999999884608e+02
8.850000000000010303e+00 3.858102594032814636e+00 1.799999999999876081e+02
9.000000000000010658e+00 6.479288340834600035e+00 1.799999999999849933e+02
9.150000000000011013e+00 1.226496452993335495e+01 1.799999999999826912e+02
9.300000000000011369e+00 2.495684769853254181e+01 1.799999999999813269e+02
9.450000000000011724e+00 5.339617043918882899e+01 1.799999999999809290e+02
9.600000000000012079e+00 1.130025996632874268e+02 1.799999999999803322e+02
9.750000000000012434e+00 2.703365692386523733e+02 1.799999999999803606e+02
9.900000000000012790e+00 4.713303719865828612e+02 1.799999999999801901e+02
1.005000000000001315e+01 7.999771266583894658e+02 1.799999999999802185e+02
1.020000000000001350e+01 7.999771266583894658e+02 1.799999999999802185e+02
1.035000000000001386e+01 7.999771266583894658e+02 1.799999999999802185e+02
1.050000000000001421e+01 7.999771266583894658e+02 1.799999999999802185e+02
1.065000000000001457e+01 7.999771266583894658e+02 1.799999999999802185e+02
1.080000000000001492e+01 7.999771266583894658e+02 1.799999999999802185e+02
1.095000000000001528e+01 7.999771266583894658e+02 1.799999999999802185e+02
1.110000000000001563e+01 7.999771266583894658e+02 1.799999999999802185e+02
1.125000000000001599e+01 7.999771266583894658e+02 1.799999999999802185e+02
1.140000000000001634e+01 7.999771266583894658e+02 1.799999999999802185e+02
1.155000000000001670e+01 7.999771266583894658e+02 1.799999999999802185e+02
1.170000000000001705e+01 7.999771266583894658e+02 1.799999999999802185e+02
1.185000000000001741e+01 7.999771266583894658e+02 1.799999999999802185e+02
1.200000000000001776e+01 7.999771266583894658e+02 1.799999999999802185e+02
1.215000000000001812e+01 7.999771266583894658e+02 1.799999999999802185e+02
1.230000000000001847e+01 7.999771266583894658e+02 1.799999999999802185e+02
1.245000000000001883e+01 7.999771266583894658e+02 1.799999999999802185e+02
1.260000000000001918e+01 7.999771266583894658e+02 1.799999999999802185e+02
1.275000000000001954e+01 7.999771266583894658e+02 1.799999999999802185e+02
1.290000000000001990e+01 7.999771266583894658e+02 1.799999999999802185e+02
1.305000000000002025e+01 7.999444118195544888e+02 1.799999999999803606e+02
1.320000000000002061e+01 7.999444118195544888e+02 1.799999999999803606e+02
1.335000000000002096e+01 7.999444118195544888e+02 1.799999999999803606e+02
1.350000000000002132e+01 7.999444118195544888e+02 1.799999999999803606e+02
1.365000000000002167e+01 7.999444118195544888e+02 1.799999999999803606e+02
1.380000000000002203e+01 7.999444118195544888e+02 1.799999999999803606e+02
1.395000000000002238e+01 7.999444118195544888e+02 1.799999999999803606e+02
1.410000000000002274e+01 7.999444118195544888e+02 1.799999999999803606e+02
1.425000000000002309e+01 7.999444118195544888e+02 1.799999999999803606e+02
1.440000000000002345e+01 7.999444118195544888e+02 1.799999999999803606e+02
1.455000000000002380e+01 7.999444118195544888e+02 1.799999999999803606e+02
1.470000000000002416e+01 7.999444118195544888e+02 1.799999999999803606e+02
1.485000000000002451e+01 7.999444118195544888e+02 1.799999999999803606e+02
1.500000000000002487e+01 7.999444118195544888e+02 1.799999999999803606e+02
1.515000000000002522e+01 7.999444118195544888e+02 1.799999999999803606e+02
1.530000000000002558e+01 7.999444118195544888e+02 1.799999999999803606e+02
1.545000000000002593e+01 7.999444118195544888e+02 1.799999999999803606e+02
1.560000000000002629e+01 7.999444118195544888e+02 1.799999999999803606e+02
1.575000000000002665e+01 7.999444118195544888e+02 1.799999999999803606e+02
1.590000000000002700e+01 7.999444118195544888e+02 1.799999999999803606e+02
