1.499999999999999944e-01 7.999999786103661563e+02 2.357511697520416405e+01
2.999999999999999889e-01 7.999999786103661563e+02 2.357511697520416405e+01
4.499999999999999556e-01 7.999999786103661563e+02 2.357511697520416405e+01
5.999999999999999778e-01 7.999999786103661563e+02 2.357511697520416405e+01
7.500000000000000000e-01 7.999999786103661563e+02 2.357511697520416405e+01
9.000000000000000222e-01 7.999999786103661563e+02 2.357511697520416405e+01
1.050000000000000044e+00 7.999999786103661563e+02 2.357511697520416405e+01
1.199999999999999956e+00 7.999999786103661563e+02 2.357511697520416405e+01
1.349999999999999867e+00 7.999999786103661563e+02 2.357511697520416405e+01
1.499999999999999778e+00 7.999999786103661563e+02 2.357511697520416405e+01
1.649999999999999689e+00 7.999999786103661563e+02 2.357511697520416405e+01
1.799999999999999600e+00 7.999999786103661563e+02 2.357511697520416405e+01
1.949999999999999512e+00 7.999999786103661563e+02 2.357511697520416405e+01
2.099999999999999645e+00 7.999999967941212162e+02 2.362027332055101070e+01
2.249999999999999556e+00 7.999999967941212162e+02 2.362027332055101070e+01
2.399999999999999467e+00 7.999999967941212162e+02 2.362027332055101070e+01
2.549999999999999378e+00 7.999999967941212162e+02 2.362027332055101070e+01
2.699999999999999289e+00 7.999999967941212162e+02 2.362027332055101070e+01
2.849999999999999201e+00 7.999999967941212162e+02 2.362027332055101070e+01
2.999999999999999112e+00 7.999999967941212162e+02 2.362027332055101070e+01
3.149999999999999023e+00 7.999999967941212162e+02 2.362027332055101070e+01
3.299999999999998934e+00 7.999999967941212162e+02 2.362027332055101070e+01
3.449999999999998845e+00 7.999999967941212162e+02 2.362027332055101070e+01
3.599999999999998757e+00 7.999999967941212162e+02 2.362027332055101070e+01
3.749999999999998668e+00 7.999999967941212162e+02 2.362027332055101070e+01
3.899999999999998579e+00 7.999999967941212162e+02 2.362027332055101070e+01
4.049999999999998934e+00 5.146811016072740586e+02 2.385540346916155485e+01
4.199999999999999289e+00 4.586382987571072363e+02 2.492576795305939896e+01
4.349999999999999645e+00 3.963424189892000413e+02 2.717993931956510423e+01
4.500000000000000000e+00 3.816523108450538757e+02 2.971838638845302683e+01
4.650000000000000355e+00 3.756622795829792381e+02 3.245381935951382957e+01
4.800000000000000711e+00 3.736319809239036545e+02 3.523172203834508309e+01
4.950000000000001066e+00 3.728967633313184820e+02 3.801956642620323379e+01
5.100000000000001421e+00 3.726417081661760449e+02 4.079950125471252420e+01
5.250000000000001776e+00 3.725579086767457397e+02 4.356544891991185864e+01
5.400000000000002132e+00 3.725363878201859507e+02 4.631447319343950397e+01
5.550000000000002487e+00 3.725375897359731994e+02 4.904500158912380670e+01
5.700000000000002842e+00 3.725472665428068240e+02 5.175594757309539062e+01
5.850000000000003197e+00 3.725602489899164311e+02 5.444643962017718763e+01
6.000000000000003553e+00 3.725746443091643982e+02 5.711571542454027650e+01
6.150000000000003908e+00 3.725897399306853686e+02 5.976308408758107760e+01
6.300000000000004263e+00 3.726052490230119929e+02 6.238791686731249087e+01
6.450000000000004619e+00 3.726210388773738487e+02 6.498964102043309765e+01
6.600000000000004974e+00 3.726370329845408946e+02 6.756773607844628771e+01
6.750000000000005329e+00 3.726531759511703967e+02 7.012173702002479558e+01
6.900000000000005684e+00 3.726694211556880987e+02 7.265123181556597842e+01
7.050000000000006040e+00 3.726857262235659505e+02 7.515585857597294250e+01
7.200000000000006395e+00 3.727020517157764061e+02 7.763530912408701568e+01
7.350000000000006750e+00 3.727183613819802304e+02 8.008932606083988048e+01
7.500000000000007105e+00 3.727346234220439669e+02 8.251769935781676679e+01
7.650000000000007461e+00 3.727508148501053711e+02 8.492026981623655502e+01
7.800000000000007816e+00 3.727669338657266280e+02 8.729692543560399542e+01
7.950000000000008171e+00 3.727830335678474398e+02 8.964759707113309162e+01
8.100000000000008527e+00 3.727993163011331603e+02 9.197226061556986565e+01
8.250000000000008882e+00 3.728163965515754512e+02 9.427092939593198651e+01
8.400000000000009237e+00 3.728360321253946381e+02 9.654363959964929620e+01
8.550000000000009592e+00 3.728631634354279072e+02 9.879042568030699556e+01
8.700000000000009948e+00 3.729115792186554472e+02 1.010112362345510064e+02
8.850000000000010303e+00 3.730198368161656504e+02 1.032057230357847857e+02
9.000000000000010658e+00 3.732946836945776568e+02 1.053725953957239483e+02
9.150000000000011013e+00 3.740403276241799517e+02 1.075083153750624092e+02
9.300000000000011369e+00 3.760620516946082716e+02 1.096008425451564392e+02
9.450000000000011724e+00 3.820089288269310828e+02 1.116276425820728662e+02
9.600000000000012079e+00 3.966022831562808619e+02 1.134793590018108915e+02
9.750000000000012434e+00 4.587287336282540195e+02 1.150956645582450619e+02
9.900000000000012790e+00 5.146845623974479622e+02 1.158508717429662767e+02
1.005000000000001315e+01 7.999999967361219433e+02 1.160110494523218847e+02
1.020000000000001350e+01 7.999999967361219433e+02 1.160110494523218847e+02
1.035000000000001386e+01 7.999999967361219433e+02 1.160110494523218847e+02
1.050000000000001421e+01 7.999999967361219433e+02 1.160110494523218847e+02
1.065000000000001457e+01 7.999999967361219433e+02 1.160110494523218847e+02
1.080000000000001492e+01 7.999999967361219433e+02 1.160110494523218847e+02
1.095000000000001528e+01 7.999999967361219433e+02 1.160110494523218847e+02
1.110000000000001563e+01 7.999999967361219433e+02 1.160110494523218847e+02
1.125000000000001599e+01 7.999999967361219433e+02 1.160110494523218847e+02
1.140000000000001634e+01 7.999999967361219433e+02 1.160110494523218847e+02
1.155000000000001670e+01 7.999999967361219433e+02 1.160110494523218847e+02
1.170000000000001705e+01 7.999999967361219433e+02 1.160110494523218847e+02
1.185000000000001741e+01 7.999999967361219433e+02 1.160110494523218847e+02
1.200000000000001776e+01 7.999999967361219433e+02 1.160110494523218847e+02
1.215000000000001812e+01 7.999999967361219433e+02 1.160110494523218847e+02
1.230000000000001847e+01 7.999999967361219433e+02 1.160110494523218847e+02
1.245000000000001883e+01 7.999999967361219433e+02 1.160110494523218847e+02
1.260000000000001918e+01 7.999999967361219433e+02 1.160110494523218847e+02
1.275000000000001954e+01 7.999999967361219433e+02 1.160110494523218847e+02
1.290000000000001990e+01 7.999999967361219433e+02 1.160110494523218847e+02
1.305000000000002025e+01 7.999999782202821734e+02 1.160423643465451562e+02
1.320000000000002061e+01 7.999999782202821734e+02 1.160423643465451562e+02
1.335000000000002096e+01 7.999999782202821734e+02 1.160423643465451562e+02
1.350000000000002132e+01 7.999999782202821734e+02 1.160423643465451562e+02
1.365000000000002167e+01 7.999999782202821734e+02 1.160423643465451562e+02
1.380000000000002203e+01 7.999999782202821734e+02 1.160423643465451562e+02
1.395000000000002238e+01 7.999999782202821734e+02 1.160423643465451562e+02
1.410000000000002274e+01 7.999999782202821734e+02 1.160423643465451562e+02
1.425000000000002309e+01 7.999999782202821734e+02 1.160423643465451562e+02
1.440000000000002345e+01 7.999999782202821734e+02 1.160423643465451562e+02
1.455000000000002380e+01 7.999999782202821734e+02 1.160423643465451562e+02
1.470000000000002416e+01 7.999999782202821734e+02 1.160423643465451562e+02
1.485000000000002451e+01 7.999999782202821734e+02 1.160423643465451562e+02
1.500000000000002487e+01 7.999999782202821734e+02 1.160423643465451562e+02
1.515000000000002522e+01 7.999999782202821734e+02 1.160423643465451562e+02
1.530000000000002558e+01 7.999999782202821734e+02 1.160423643465451562e+02
1.545000000000002593e+01 7.999999782202821734e+02 1.160423643465451562e+02
1.560000000000002629e+01 7.999999782202821734e+02 1.160423643465451562e+02
1.575000000000002665e+01 7.999999782202821734e+02 1.160423643465451562e+02
1.590000000000002700e+01 7.999999782202821734e+02 1.160423643465451562e+02
