1.499999999999999944e-01 7.998131860457096991e+02 6.574663710023909147e-05
2.999999999999999889e-01 7.998131860457096991e+02 6.574663710023909147e-05
4.499999999999999556e-01 7.998131860457096991e+02 6.574663710023909147e-05
5.999999999999999778e-01 7.998131860457096991e+02 6.574663710023909147e-05
7.500000000000000000e-01 7.998131860457096991e+02 6.574663710023909147e-05
9.000000000000000222e-01 7.998131860457096991e+02 6.574663710023909147e-05
1.050000000000000044e+00 7.998131860457096991e+02 6.574663710023909147e-05
1.199999999999999956e+00 7.998131860457096991e+02 6.574663710023909147e-05
1.349999999999999867e+00 7.998131860457096991e+02 6.574663710023909147e-05
1.499999999999999778e+00 7.998131860457096991e+02 6.574663710023909147e-05
1.649999999999999689e+00 7.998131860457096991e+02 6.574663710023909147e-05
1.799999999999999600e+00 7.998131860457096991e+02 6.574663710023909147e-05
1.949999999999999512e+00 7.998131860457096991e+02 6.574663710023909147e-05
2.099999999999999645e+00 7.999101953927087152e+02 6.572167809459905641e-05
2.249999999999999556e+00 7.999101953927087152e+02 6.572167809459905641e-05
2.399999999999999467e+00 7.999101953927087152e+02 6.572167809459905641e-05
2.549999999999999378e+00 7.999101953927087152e+02 6.572167809459905641e-05
2.699999999999999289e+00 7.999101953927087152e+02 6.572167809459905641e-05
2.849999999999999201e+00 7.999101953927087152e+02 6.572167809459905641e-05
2.999999999999999112e+00 7.999101953927087152e+02 6.572167809459905641e-05
3.149999999999999023e+00 7.999101953927087152e+02 6.572167809459905641e-05
3.299999999999998934e+00 7.999101953927087152e+02 6.572167809459905641e-05
3.449999999999998845e+00 7.999101953927087152e+02 6.572167809459905641e-05
3.599999999999998757e+00 7.999101953927087152e+02 6.572167809459905641e-05
3.749999999999998668e+00 7.999101953927087152e+02 6.572167809459905641e-05
3.899999999999998579e+00 7.999101953927087152e+02 6.572167809459905641e-05
4.049999999999998934e+00 4.505326493811710975e+02 6.577011728470250063e-05
4.199999999999999289e+00 2.287858439306016294e+02 6.594983588825709120e-05
4.349999999999999645e+00 8.084811523099855890e+01 6.631891017483404482e-05
4.500000000000000000e+00 3.217655295524576786e+01 6.718876431710540942e-05
4.650000000000000355e+00 1.199971196011464869e+01 6.968567564913374923e-05
4.800000000000000711e+00 4.275056009517186340e+00 7.665522676469915808e-05
4.950000000000001066e+00 1.238640664186789309e+00 1.031806221010178604e-04
5.100000000000001421e+00 5.582703355685225688e-02 8.952974440739058792e-04
5.250000000000001776e+00 4.063593723367375787e-01 1.799999519783620485e+02
5.400000000000002132e+00 5.867673857965201023e-01 1.799999870132149340e+02
5.550000000000002487e+00 6.572127814548593960e-01 1.799999954675040499e+02
5.700000000000002842e+00 6.847167292244762393e-01 1.799999983012337736e+02
5.850000000000003197e+00 6.954555385259482136e-01 1.799999993469103003e+02
6.000000000000003553e+00 6.996484088317060923e-01 1.799999997462267345e+02
6.150000000000003908e+00 7.012854997232693677e-01 1.799999999011379828e+02
6.300000000000004263e+00 7.019247325063702192e-01 1.799999999614316266e+02
6.450000000000004619e+00 7.021744294333984726e-01 1.799999999849282517e+02
6.600000000000004974e+00 7.022722131385421562e-01 1.799999999941157682e+02
6.750000000000005329e+00 7.023111386414484514e-01 1.799999999977025311e+02
6.900000000000005684e+00 7.023282490573592440e-01 1.799999999991019308e+02
7.050000000000006040e+00 7.023398277505634724e-01 1.799999999996493898e+02
7.200000000000006395e+00 7.023568931173258534e-01 1.799999999998632063e+02
7.350000000000006750e+00 7.023956857149187272e-01 1.799999999999466240e+02
7.500000000000007105e+00 7.024931220076382488e-01 1.799999999999791385e+02
7.650000000000007461e+00 7.027419265662047110e-01 1.799999999999918430e+02
7.800000000000007816e+00 7.033788726108696210e-01 1.799999999999968736e+02
7.950000000000008171e+00 7.050101062575890865e-01 1.799999999999987494e+02
8.100000000000008527e+00 7.091879749904137498e-01 1.799999999999994884e+02
8.250000000000008882e+00 7.198883625310941170e-01 1.799999999999996021e+02
8.400000000000009237e+00 7.472939074721693942e-01 1.799999999999993179e+02
8.550000000000009592e+00 8.174872896387910259e-01 1.799999999999985505e+02
8.700000000000009948e+00 9.972499840191630938e-01 1.799999999999971294e+02
8.850000000000010303e+00 1.457784250053720143e+00 1.799999999999951115e+02
9.000000000000010658e+00 2.636372587116255772e+00 1.799999999999930935e+02
9.150000000000011013e+00 5.661992391461147633e+00 1.799999999999917009e+02
9.300000000000011369e+00 1.335927524196891625e+01 1.799999999999911040e+02
9.450000000000011724e+00 3.346702816429205996e+01 1.799999999999906777e+02
9.600000000000012079e+00 8.197367067177594890e+01 1.799999999999906777e+02
9.750000000000012434e+00 2.295245543716567056e+02 1.799999999999903366e+02
9.900000000000012790e+00 4.506876716940091683e+02 1.799999999999903650e+02
1.005000000000001315e+01 7.999112903677819304e+02 1.799999999999903366e+02
1.020000000000001350e+01 7.999112903677819304e+02 1.799999999999903366e+02
1.035000000000001386e+01 7.999112903677819304e+02 1.799999999999903366e+02
1.050000000000001421e+01 7.999112903677819304e+02 1.799999999999903366e+02
1.065000000000001457e+01 7.999112903677819304e+02 1.799999999999903366e+02
1.080000000000001492e+01 7.999112903677819304e+02 1.799999999999903366e+02
1.095000000000001528e+01 7.999112903677819304e+02 1.799999999999903366e+02
1.110000000000001563e+01 7.999112903677819304e+02 1.799999999999903366e+02
1.125000000000001599e+01 7.999112903677819304e+02 1.799999999999903366e+02
1.140000000000001634e+01 7.999112903677819304e+02 1.799999999999903366e+02
1.155000000000001670e+01 7.999112903677819304e+02 1.799999999999903366e+02
1.170000000000001705e+01 7.999112903677819304e+02 1.799999999999903366e+02
1.185000000000001741e+01 7.999112903677819304e+02 1.799999999999903366e+02
1.200000000000001776e+01 7.999112903677819304e+02 1.799999999999903366e+02
1.215000000000001812e+01 7.999112903677819304e+02 1.799999999999903366e+02
1.230000000000001847e+01 7.999112903677819304e+02 1.799999999999903366e+02
1.245000000000001883e+01 7.999112903677819304e+02 1.799999999999903366e+02
1.260000000000001918e+01 7.999112903677819304e+02 1.799999999999903366e+02
1.275000000000001954e+01 7.999112903677819304e+02 1.799999999999903366e+02
1.290000000000001990e+01 7.999112903677819304e+02 1.799999999999903366e+02
1.305000000000002025e+01 7.998153697744495503e+02 1.799999999999903650e+02
1.320000000000002061e+01 7.998153697744495503e+02 1.799999999999903650e+02
1.335000000000002096e+01 7.998153697744495503e+02 1.799999999999903650e+02
1.350000000000002132e+01 7.998153697744495503e+02 1.799999999999903650e+02
1.365000000000002167e+01 7.998153697744495503e+02 1.799999999999903650e+02
1.380000000000002203e+01 7.998153697744495503e+02 1.799999999999903650e+02
1.395000000000002238e+01 7.998153697744495503e+02 1.799999999999903650e+02
1.410000000000002274e+01 7.998153697744495503e+02 1.799999999999903650e+02
1.425000000000002309e+01 7.998153697744495503e+02 1.799999999999903650e+02
1.440000000000002345e+01 7.998153697744495503e+02 1.799999999999903650e+02
1.455000000000002380e+01 7.998153697744495503e+02 1.799999999999903650e+02
1.470000000000002416e+01 7.998153697744495503e+02 1.799999999999903650e+02
1.485000000000002451e+01 7.998153697744495503e+02 1.799999999999903650e+02
1.500000000000002487e+01 7.998153697744495503e+02 1.799999999999903650e+02
1.515000000000002522e+01 7.998153697744495503e+02 1.799999999999903650e+02
1.530000000000002558e+01 7.998153697744495503e+02 1.799999999999903650e+02
1.545000000000002593e+01 7.998153697744495503e+02 1.799999999999903650e+02
1.560000000000002629e+01 7.998153697744495503e+02 1.799999999999903650e+02
1.575000000000002665e+01 7.998153697744495503e+02 1.799999999999903650e+02
1.590000000000002700e+01 7.998153697744495503e+02 1.799999999999903650e+02
