1.499999999999999944e-01 7.995264414417664511e+02 1.799989229257925274e+02
2.999999999999999889e-01 7.995264414417664511e+02 1.799989229257925274e+02
4.499999999999999556e-01 7.995264414417664511e+02 1.799989229257925274e+02
5.999999999999999778e-01 7.995264414417664511e+02 1.799989229257925274e+02
7.500000000000000000e-01 7.995264414417664511e+02 1.799989229257925274e+02
9.000000000000000222e-01 7.995264414417664511e+02 1.799989229257925274e+02
1.050000000000000044e+00 7.995264414417664511e+02 1.799989229257925274e+02
1.199999999999999956e+00 7.995264414417664511e+02 1.799989229257925274e+02
1.349999999999999867e+00 7.995264414417664511e+02 1.799989229257925274e+02
1.499999999999999778e+00 7.995264414417664511e+02 1.799989229257925274e+02
1.649999999999999689e+00 7.995264414417664511e+02 1.799989229257925274e+02
1.799999999999999600e+00 7.995264414417664511e+02 1.799989229257925274e+02
1.949999999999999512e+00 7.995264414417664511e+02 1.799989229257925274e+02
2.099999999999999645e+00 7.997436860459546324e+02 1.799989234209766948e+02
2.249999999999999556e+00 7.997436860459546324e+02 1.799989234209766948e+02
2.399999999999999467e+00 7.997436860459546324e+02 1.799989234209766948e+02
2.549999999999999378e+00 7.997436860459546324e+02 1.799989234209766948e+02
2.699999999999999289e+00 7.997436860459546324e+02 1.799989234209766948e+02
2.849999999999999201e+00 7.997436860459546324e+02 1.799989234209766948e+02
2.999999999999999112e+00 7.997436860459546324e+02 1.799989234209766948e+02
3.149999999999999023e+00 7.997436860459546324e+02 1.799989234209766948e+02
3.299999999999998934e+00 7.997436860459546324e+02 1.799989234209766948e+02
3.449999999999998845e+00 7.997436860459546324e+02 1.799989234209766948e+02
3.599999999999998757e+00 7.997436860459546324e+02 1.799989234209766948e+02
3.749999999999998668e+00 7.997436860459546324e+02 1.799989234209766948e+02
3.899999999999998579e+00 7.997436860459546324e+02 1.799989234209766948e+02
4.049999999999998934e+00 4.289785003695601517e+02 1.799989241967793703e+02
4.199999999999999289e+00 1.977179279024081211e+02 1.799989257678654440e+02
4.349999999999999645e+00 6.248758030622556703e+01 1.799989352599261565e+02
4.500000000000000000e+00 2.305969704488850880e+01 1.799989595370407187e+02
4.650000000000000355e+00 8.430370807748140294e+00 1.799990253971680829e+02
4.800000000000000711e+00 3.474970795643940846e+00 1.799991757530667087e+02
4.950000000000001066e+00 1.741151409552912810e+00 1.799994305227986899e+02
5.100000000000001421e+00 1.141798748013798104e+00 1.799996983123542691e+02
5.250000000000001776e+00 9.336799329545897308e-01 1.799998720732213826e+02
5.400000000000002132e+00 8.615334745783229664e-01 1.799999519099060592e+02
5.550000000000002487e+00 8.365076406354887695e-01 1.799999828062320262e+02
5.700000000000002842e+00 8.278287986702252965e-01 1.799999939739550996e+02
5.850000000000003197e+00 8.248187583353114860e-01 1.799999979023248500e+02
6.000000000000003553e+00 8.237748343896669212e-01 1.799999992708481784e+02
6.150000000000003908e+00 8.234127835294202669e-01 1.799999997469918185e+02
6.300000000000004263e+00 8.232872210206778618e-01 1.799999999122340455e+02
6.450000000000004619e+00 8.232436818300357118e-01 1.799999999695295685e+02
6.600000000000004974e+00 8.232286048506693987e-01 1.799999999894315295e+02
6.750000000000005329e+00 8.232234426076843192e-01 1.799999999963344237e+02
6.900000000000005684e+00 8.232218443807255426e-01 1.799999999987274464e+02
7.050000000000006040e+00 8.232218444102272770e-01 1.799999999995585540e+02
7.200000000000006395e+00 8.232234425486808505e-01 1.799999999998468923e+02
7.350000000000006750e+00 8.232286049391746019e-01 1.799999999999468230e+02
7.500000000000007105e+00 8.232436819185409149e-01 1.799999999999816112e+02
7.650000000000007461e+00 8.232872212861934713e-01 1.799999999999934914e+02
7.800000000000007816e+00 8.234127842964653610e-01 1.799999999999976694e+02
7.950000000000008171e+00 8.237748363367813909e-01 1.799999999999991758e+02
8.100000000000008527e+00 8.248187641471531606e-01 1.799999999999997726e+02
8.250000000000008882e+00 8.278288156337225701e-01 1.799999999999998579e+02
8.400000000000009237e+00 8.365076896378695892e-01 1.799999999999999432e+02
8.550000000000009592e+00 8.615336157441220166e-01 1.799999999999998863e+02
8.700000000000009948e+00 9.336803400490225613e-01 1.799999999999998010e+02
8.850000000000010303e+00 1.141799922654854527e+00 1.799999999999994031e+02
9.000000000000010658e+00 1.741154791041708449e+00 1.799999999999983800e+02
9.150000000000011013e+00 3.474980586745928690e+00 1.799999999999976978e+02
9.300000000000011369e+00 8.430398720412171087e+00 1.799999999999972715e+02
9.450000000000011724e+00 2.305978000886479862e+01 1.799999999999975273e+02
9.600000000000012079e+00 6.248779952404741067e+01 1.799999999999973852e+02
9.750000000000012434e+00 1.977187172339710628e+02 1.799999999999974705e+02
9.900000000000012790e+00 4.289796501180383075e+02 1.799999999999974989e+02
1.005000000000001315e+01 7.997485968271643060e+02 1.799999999999974705e+02
1.020000000000001350e+01 7.997485968271643060e+02 1.799999999999974705e+02
1.035000000000001386e+01 7.997485968271643060e+02 1.799999999999974705e+02
1.050000000000001421e+01 7.997485968271643060e+02 1.799999999999974705e+02
1.065000000000001457e+01 7.997485968271643060e+02 1.799999999999974705e+02
1.080000000000001492e+01 7.997485968271643060e+02 1.799999999999974705e+02
1.095000000000001528e+01 7.997485968271643060e+02 1.799999999999974705e+02
1.110000000000001563e+01 7.997485968271643060e+02 1.799999999999974705e+02
1.125000000000001599e+01 7.997485968271643060e+02 1.799999999999974705e+02
1.140000000000001634e+01 7.997485968271643060e+02 1.799999999999974705e+02
1.155000000000001670e+01 7.997485968271643060e+02 1.799999999999974705e+02
1.170000000000001705e+01 7.997485968271643060e+02 1.799999999999974705e+02
1.185000000000001741e+01 7.997485968271643060e+02 1.799999999999974705e+02
1.200000000000001776e+01 7.997485968271643060e+02 1.799999999999974705e+02
1.215000000000001812e+01 7.997485968271643060e+02 1.799999999999974705e+02
1.230000000000001847e+01 7.997485968271643060e+02 1.799999999999974705e+02
1.245000000000001883e+01 7.997485968271643060e+02 1.799999999999974705e+02
1.260000000000001918e+01 7.997485968271643060e+02 1.799999999999974705e+02
1.275000000000001954e+01 7.997485968271643060e+02 1.799999999999974705e+02
1.290000000000001990e+01 7.997485968271643060e+02 1.799999999999974705e+02
1.305000000000002025e+01 7.995355147354259771e+02 1.799999999999974420e+02
1.320000000000002061e+01 7.995355147354259771e+02 1.799999999999974420e+02
1.335000000000002096e+01 7.995355147354259771e+02 1.799999999999974420e+02
1.350000000000002132e+01 7.995355147354259771e+02 1.799999999999974420e+02
1.365000000000002167e+01 7.995355147354259771e+02 1.799999999999974420e+02
1.380000000000002203e+01 7.995355147354259771e+02 1.799999999999974420e+02
1.395000000000002238e+01 7.995355147354259771e+02 1.799999999999974420e+02
1.410000000000002274e+01 7.995355147354259771e+02 1.799999999999974420e+02
1.425000000000002309e+01 7.995355147354259771e+02 1.799999999999974420e+02
1.440000000000002345e+01 7.995355147354259771e+02 1.799999999999974420e+02
1.455000000000002380e+01 7.995355147354259771e+02 1.799999999999974420e+02
1.470000000000002416e+01 7.995355147354259771e+02 1.799999999999974420e+02
1.485000000000002451e+01 7.995355147354259771e+02 1.799999999999974420e+02
1.500000000000002487e+01 7.995355147354259771e+02 1.799999999999974420e+02
1.515000000000002522e+01 7.995355147354259771e+02 1.799999999999974420e+02
1.530000000000002558e+01 7.995355147354259771e+02 1.799999999999974420e+02
1.545000000000002593e+01 7.995355147354259771e+02 1.799999999999974420e+02
1.560000000000002629e+01 7.995355147354259771e+02 1.799999999999974420e+02
1.575000000000002665e+01 7.995355147354259771e+02 1.799999999999974420e+02
1.590000000000002700e+01 7.995355147354259771e+02 1.799999999999974420e+02
