1.499999999999999944e-01 7.998127074098682670e+02 2.039788258640833796e+00
2.999999999999999889e-01 7.998127074098682670e+02 2.039788258640833796e+00
4.499999999999999556e-01 7.998127074098682670e+02 2.039788258640833796e+00
5.999999999999999778e-01 7.998127074098682670e+02 2.039788258640833796e+00
7.500000000000000000e-01 7.998127074098682670e+02 2.039788258640833796e+00
9.000000000000000222e-01 7.998127074098682670e+02 2.039788258640833796e+00
1.050000000000000044e+00 7.998127074098682670e+02 2.039788258640833796e+00
1.199999999999999956e+00 7.998127074098682670e+02 2.039788258640833796e+00
1.349999999999999867e+00 7.998127074098682670e+02 2.039788258640833796e+00
1.499999999999999778e+00 7.998127074098682670e+02 2.039788258640833796e+00
1.649999999999999689e+00 7.998127074098682670e+02 2.039788258640833796e+00
1.799999999999999600e+00 7.998127074098682670e+02 2.039788258640833796e+00
1.949999999999999512e+00 7.998127074098682670e+02 2.039788258640833796e+00
2.099999999999999645e+00 7.999099593940925388e+02 2.039813085782989255e+00
2.249999999999999556e+00 7.999099593940925388e+02 2.039813085782989255e+00
2.399999999999999467e+00 7.999099593940925388e+02 2.039813085782989255e+00
2.549999999999999378e+00 7.999099593940925388e+02 2.039813085782989255e+00
2.699999999999999289e+00 7.999099593940925388e+02 2.039813085782989255e+00
2.849999999999999201e+00 7.999099593940925388e+02 2.039813085782989255e+00
2.999999999999999112e+00 7.999099593940925388e+02 2.039813085782989255e+00
3.149999999999999023e+00 7.999099593940925388e+02 2.039813085782989255e+00
3.299999999999998934e+00 7.999099593940925388e+02 2.039813085782989255e+00
3.449999999999998845e+00 7.999099593940925388e+02 2.039813085782989255e+00
3.599999999999998757e+00 7.999099593940925388e+02 2.039813085782989255e+00
3.749999999999998668e+00 7.999099593940925388e+02 2.039813085782989255e+00
3.899999999999998579e+00 7.999099593940925388e+02 2.039813085782989255e+00
4.049999999999998934e+00 4.505126550126329903e+02 2.041328897319272251e+00
4.199999999999999289e+00 2.286906666288722363e+02 2.045782673410982078e+00
4.349999999999999645e+00 8.070320062584704601e+01 2.059921744295116319e+00
4.500000000000000000e+00 3.201047837879282554e+01 2.093894680333895586e+00
4.650000000000000355e+00 1.182481682596754524e+01 2.190245283509610452e+00
4.800000000000000711e+00 4.096743560164199494e+00 2.477496258245220684e+00
4.950000000000001066e+00 1.059299028000168619e+00 3.737922284184936661e+00
5.100000000000001421e+00 1.284214765073556919e-01 1.678725866330902647e+02
5.250000000000001776e+00 5.877538131039727887e-01 1.789731915706333041e+02
5.400000000000002132e+00 7.680459701551285434e-01 1.796931960093169209e+02
5.550000000000002487e+00 8.384691382627238454e-01 1.798902542393877582e+02
5.700000000000002842e+00 8.659667594739062224e-01 1.799585104341481383e+02
5.850000000000003197e+00 8.767034042331260935e-01 1.799839989142454897e+02
6.000000000000003553e+00 8.808954703806080033e-01 1.799937810963328957e+02
6.150000000000003908e+00 8.825322520644931501e-01 1.799975763469499555e+02
6.300000000000004263e+00 8.831713643920124923e-01 1.799990543748349126e+02
6.450000000000004619e+00 8.834210141162657237e-01 1.799996308252169683e+02
6.600000000000004974e+00 8.835187791468115392e-01 1.799998558724835220e+02
6.750000000000005329e+00 8.835576968317582214e-01 1.799999437282137080e+02
6.900000000000005684e+00 8.835748034124435435e-01 1.799999780255477333e+02
7.050000000000006040e+00 8.835863780934118950e-01 1.799999914202367677e+02
7.200000000000006395e+00 8.836034359077302724e-01 1.799999966501153494e+02
7.350000000000006750e+00 8.836422099782339501e-01 1.799999986918831212e+02
7.500000000000007105e+00 8.837395993336940592e-01 1.799999994893050541e+02
7.650000000000007461e+00 8.839882844692397157e-01 1.799999998006562976e+02
7.800000000000007816e+00 8.846249254069675771e-01 1.799999999222097529e+02
7.950000000000008171e+00 8.862553797063696948e-01 1.799999999696827615e+02
8.100000000000008527e+00 8.904312575736526014e-01 1.799999999882182919e+02
8.250000000000008882e+00 9.011265601363902533e-01 1.799999999954536918e+02
8.400000000000009237e+00 9.285191167028870041e-01 1.799999999982773886e+02
8.550000000000009592e+00 9.986793248772301013e-01 1.799999999993746655e+02
8.700000000000009948e+00 1.178357301752612329e+00 1.799999999997928626e+02
8.850000000000010303e+00 1.638675261675416550e+00 1.799999999999416218e+02
9.000000000000010658e+00 2.816711897276263699e+00 1.799999999999862155e+02
9.150000000000011013e+00 5.840925895484055275e+00 1.799999999999967031e+02
9.300000000000011369e+00 1.353465358871313384e+01 1.799999999999986926e+02
9.450000000000011724e+00 3.363345621301071731e+01 1.799999999999992042e+02
9.600000000000012079e+00 8.211878342211126380e+01 1.799999999999990905e+02
9.750000000000012434e+00 2.296197673552594836e+02 1.799999999999992042e+02
9.900000000000012790e+00 4.507076843516529721e+02 1.799999999999992326e+02
1.005000000000001315e+01 7.999116442329736856e+02 1.799999999999992326e+02
1.020000000000001350e+01 7.999116442329736856e+02 1.799999999999992326e+02
1.035000000000001386e+01 7.999116442329736856e+02 1.799999999999992326e+02
1.050000000000001421e+01 7.999116442329736856e+02 1.799999999999992326e+02
1.065000000000001457e+01 7.999116442329736856e+02 1.799999999999992326e+02
1.080000000000001492e+01 7.999116442329736856e+02 1.799999999999992326e+02
1.095000000000001528e+01 7.999116442329736856e+02 1.799999999999992326e+02
1.110000000000001563e+01 7.999116442329736856e+02 1.799999999999992326e+02
1.125000000000001599e+01 7.999116442329736856e+02 1.799999999999992326e+02
1.140000000000001634e+01 7.999116442329736856e+02 1.799999999999992326e+02
1.155000000000001670e+01 7.999116442329736856e+02 1.799999999999992326e+02
1.170000000000001705e+01 7.999116442329736856e+02 1.799999999999992326e+02
1.185000000000001741e+01 7.999116442329736856e+02 1.799999999999992326e+02
1.200000000000001776e+01 7.999116442329736856e+02 1.799999999999992326e+02
1.215000000000001812e+01 7.999116442329736856e+02 1.799999999999992326e+02
1.230000000000001847e+01 7.999116442329736856e+02 1.799999999999992326e+02
1.245000000000001883e+01 7.999116442329736856e+02 1.799999999999992326e+02
1.260000000000001918e+01 7.999116442329736856e+02 1.799999999999992326e+02
1.275000000000001954e+01 7.999116442329736856e+02 1.799999999999992326e+02
1.290000000000001990e+01 7.999116442329736856e+02 1.799999999999992326e+02
1.305000000000002025e+01 7.998160942018491824e+02 1.799999999999992326e+02
1.320000000000002061e+01 7.998160942018491824e+02 1.799999999999992326e+02
1.335000000000002096e+01 7.998160942018491824e+02 1.799999999999992326e+02
1.350000000000002132e+01 7.998160942018491824e+02 1.799999999999992326e+02
1.365000000000002167e+01 7.998160942018491824e+02 1.799999999999992326e+02
1.380000000000002203e+01 7.998160942018491824e+02 1.799999999999992326e+02
1.395000000000002238e+01 7.998160942018491824e+02 1.799999999999992326e+02
1.410000000000002274e+01 7.998160942018491824e+02 1.799999999999992326e+02
1.425000000000002309e+01 7.998160942018491824e+02 1.799999999999992326e+02
1.440000000000002345e+01 7.998160942018491824e+02 1.799999999999992326e+02
1.455000000000002380e+01 7.998160942018491824e+02 1.799999999999992326e+02
1.470000000000002416e+01 7.998160942018491824e+02 1.799999999999992326e+02
1.485000000000002451e+01 7.998160942018491824e+02 1.799999999999992326e+02
1.500000000000002487e+01 7.998160942018491824e+02 1.799999999999992326e+02
1.515000000000002522e+01 7.998160942018491824e+02 1.799999999999992326e+02
1.530000000000002558e+01 7.998160942018491824e+02 1.799999999999992326e+02
1.545000000000002593e+01 7.998160942018491824e+02 1.799999999999992326e+02
1.560000000000002629e+01 7.998160942018491824e+02 1.799999999999992326e+02
1.575000000000002665e+01 7.998160942018491824e+02 1.799999999999992326e+02
1.590000000000002700e+01 7.998160942018491824e+02 1.799999999999992326e+02
