1.499999999999999944e-01 7.999833778666886701e+02 3.963740446977226384e-11
2.999999999999999889e-01 7.999833778666886701e+02 3.963740446977226384e-11
4.499999999999999556e-01 7.999833778666886701e+02 3.963740446977226384e-11
5.999999999999999778e-01 7.999833778666886701e+02 3.963740446977226384e-11
7.500000000000000000e-01 7.999833778666886701e+02 3.963740446977226384e-11
9.000000000000000222e-01 7.999833778666886701e+02 3.963740446977226384e-11
1.050000000000000044e+00 7.999833778666886701e+02 3.963740446977226384e-11
1.199999999999999956e+00 7.999833778666886701e+02 3.963740446977226384e-11
1.349999999999999867e+00 7.999833778666886701e+02 3.963740446977226384e-11
1.499999999999999778e+00 7.999833778666886701e+02 3.963740446977226384e-11
1.649999999999999689e+00 7.999833778666886701e+02 3.963740446977226384e-11
1.799999999999999600e+00 7.999833778666886701e+02 3.963740446977226384e-11
1.949999999999999512e+00 7.999833778666886701e+02 3.963740446977226384e-11
2.099999999999999645e+00 7.999941699106449278e+02 3.978350981981293444e-11
2.249999999999999556e+00 7.999941699106449278e+02 3.978350981981293444e-11
2.399999999999999467e+00 7.999941699106449278e+02 3.978350981981293444e-11
2.549999999999999378e+00 7.999941699106449278e+02 3.978350981981293444e-11
2.699999999999999289e+00 7.999941699106449278e+02 3.978350981981293444e-11
2.849999999999999201e+00 7.999941699106449278e+02 3.978350981981293444e-11
2.999999999999999112e+00 7.999941699106449278e+02 3.978350981981293444e-11
3.149999999999999023e+00 7.999941699106449278e+02 3.978350981981293444e-11
3.299999999999998934e+00 7.999941699106449278e+02 3.978350981981293444e-11
3.449999999999998845e+00 7.999941699106449278e+02 3.978350981981293444e-11
3.599999999999998757e+00 7.999941699106449278e+02 3.978350981981293444e-11
3.749999999999998668e+00 7.999941699106449278e+02 3.978350981981293444e-11
3.899999999999998579e+00 7.999941699106449278e+02 3.978350981981293444e-11
4.049999999999998934e+00 4.860818625119947001e+02 3.966382777775834256e-11
4.199999999999999289e+00 3.098919982014945163e+02 3.984346186314269289e-11
4.349999999999999645e+00 1.500053993554826377e+02 3.999711672975081456e-11
4.500000000000000000e+00 8.084680306567629771e+01 4.084688143279890937e-11
4.650000000000000355e+00 4.263474396251386622e+01 4.326838887180883830e-11
4.800000000000000711e+00 2.259642894190162821e+01 5.250222478991872777e-11
4.950000000000001066e+00 1.188973102658180991e+01 8.444034360621799351e-11
5.100000000000001421e+00 6.189916744885856303e+00 1.995725806835935146e-10
5.250000000000001776e+00 3.151332173891958632e+00 6.253183526538919068e-10
5.400000000000002132e+00 1.531890315468075414e+00 2.291232870099690899e-09
5.550000000000002487e+00 6.687046326456993484e-01 9.701267011941183682e-09
5.700000000000002842e+00 2.086210388081326528e-01 5.803508473789520394e-08
5.850000000000003197e+00 3.661351027767523192e-02 1.799999993809496175e+02
6.000000000000003553e+00 1.673385860522103030e-01 1.799999997459586893e+02
6.150000000000003908e+00 2.370418269347283058e-01 1.799999996638878201e+02
6.300000000000004263e+00 2.742430524738210806e-01 1.799999994554809462e+02
6.450000000000004619e+00 2.941635549618695222e-01 1.799999990475519951e+02
6.600000000000004974e+00 3.049540286151568580e-01 1.799999982779461618e+02
6.750000000000005329e+00 3.110295163153296016e-01 1.799999968353104407e+02
6.900000000000005684e+00 3.148758720822115720e-01 1.799999941348638117e+02
7.050000000000006040e+00 3.180668752593192039e-01 1.799999891169423449e+02
7.200000000000006395e+00 3.219081612121499347e-01 1.799999798446982879e+02
7.350000000000006750e+00 3.279714353122926696e-01 1.799999628832332235e+02
7.500000000000007105e+00 3.387375539857657714e-01 1.799999326411393668e+02
7.650000000000007461e+00 3.586115974965196074e-01 1.799998807425069742e+02
7.800000000000007816e+00 3.957252561056066043e-01 1.799997972312050081e+02
7.950000000000008171e+00 4.652640146703106439e-01 1.799996767434128344e+02
8.100000000000008527e+00 5.956804659570025251e-01 1.799995267556245437e+02
8.250000000000008882e+00 8.403362306939357040e-01 1.799993705940875373e+02
8.400000000000009237e+00 1.299334972239705621e+00 1.799992370170976415e+02
8.550000000000009592e+00 2.160489048834705272e+00 1.799991399225612270e+02
8.700000000000009948e+00 3.776132527905460279e+00 1.799990767349808891e+02
8.850000000000010303e+00 6.807636902146334990e+00 1.799990400501539227e+02
9.000000000000010658e+00 1.249432995652058764e+01 1.799990196931123592e+02
9.150000000000011013e+00 2.317696187947553454e+01 1.799990079224304509e+02
9.300000000000011369e+00 4.317206651677523155e+01 1.799990025247471408e+02
9.450000000000011724e+00 8.130904880002977109e+01 1.799990000687048735e+02
9.600000000000012079e+00 1.503482377923554338e+02 1.799989982158251394e+02
9.750000000000012434e+00 3.100569698332092230e+02 1.799989982884372068e+02
9.900000000000012790e+00 4.861002960644081554e+02 1.799989985857802424e+02
1.005000000000001315e+01 7.999941043862895640e+02 1.799989984388592177e+02
1.020000000000001350e+01 7.999941043862895640e+02 1.799989984388592177e+02
1.035000000000001386e+01 7.999941043862895640e+02 1.799989984388592177e+02
1.050000000000001421e+01 7.999941043862895640e+02 1.799989984388592177e+02
1.065000000000001457e+01 7.999941043862895640e+02 1.799989984388592177e+02
1.080000000000001492e+01 7.999941043862895640e+02 1.799989984388592177e+02
1.095000000000001528e+01 7.999941043862895640e+02 1.799989984388592177e+02
1.110000000000001563e+01 7.999941043862895640e+02 1.799989984388592177e+02
1.125000000000001599e+01 7.999941043862895640e+02 1.799989984388592177e+02
1.140000000000001634e+01 7.999941043862895640e+02 1.799989984388592177e+02
1.155000000000001670e+01 7.999941043862895640e+02 1.799989984388592177e+02
1.170000000000001705e+01 7.999941043862895640e+02 1.799989984388592177e+02
1.185000000000001741e+01 7.999941043862895640e+02 1.799989984388592177e+02
1.200000000000001776e+01 7.999941043862895640e+02 1.799989984388592177e+02
1.215000000000001812e+01 7.999941043862895640e+02 1.799989984388592177e+02
1.230000000000001847e+01 7.999941043862895640e+02 1.799989984388592177e+02
1.245000000000001883e+01 7.999941043862895640e+02 1.799989984388592177e+02
1.260000000000001918e+01 7.999941043862895640e+02 1.799989984388592177e+02
1.275000000000001954e+01 7.999941043862895640e+02 1.799989984388592177e+02
1.290000000000001990e+01 7.999941043862895640e+02 1.799989984388592177e+02
1.305000000000002025e+01 7.999831890867841366e+02 1.799989990085651357e+02
1.320000000000002061e+01 7.999831890867841366e+02 1.799989990085651357e+02
1.335000000000002096e+01 7.999831890867841366e+02 1.799989990085651357e+02
1.350000000000002132e+01 7.999831890867841366e+02 1.799989990085651357e+02
1.365000000000002167e+01 7.999831890867841366e+02 1.799989990085651357e+02
1.380000000000002203e+01 7.999831890867841366e+02 1.799989990085651357e+02
1.395000000000002238e+01 7.999831890867841366e+02 1.799989990085651357e+02
1.410000000000002274e+01 7.999831890867841366e+02 1.799989990085651357e+02
1.425000000000002309e+01 7.999831890867841366e+02 1.799989990085651357e+02
1.440000000000002345e+01 7.999831890867841366e+02 1.799989990085651357e+02
1.455000000000002380e+01 7.999831890867841366e+02 1.799989990085651357e+02
1.470000000000002416e+01 7.999831890867841366e+02 1.799989990085651357e+02
1.485000000000002451e+01 7.999831890867841366e+02 1.799989990085651357e+02
1.500000000000002487e+01 7.999831890867841366e+02 1.799989990085651357e+02
1.515000000000002522e+01 7.999831890867841366e+02 1.799989990085651357e+02
1.530000000000002558e+01 7.999831890867841366e+02 1.799989990085651357e+02
1.545000000000002593e+01 7.999831890867841366e+02 1.799989990085651357e+02
1.560000000000002629e+01 7.999831890867841366e+02 1.799989990085651357e+02
1.575000000000002665e+01 7.999831890867841366e+02 1.799989990085651357e+02
1.590000000000002700e+01 7.999831890867841366e+02 1.799989990085651357e+02
