1.499999999999999944e-01 7.999965324807691331e+02 1.799995928992379106e+02
2.999999999999999889e-01 7.999965324807691331e+02 1.799995928992379106e+02
4.499999999999999556e-01 7.999965324807691331e+02 1.799995928992379106e+02
5.999999999999999778e-01 7.999965324807691331e+02 1.799995928992379106e+02
7.500000000000000000e-01 7.999965324807691331e+02 1.799995928992379106e+02
9.000000000000000222e-01 7.999965324807691331e+02 1.799995928992379106e+02
1.050000000000000044e+00 7.999965324807691331e+02 1.799995928992379106e+02
1.199999999999999956e+00 7.999965324807691331e+02 1.799995928992379106e+02
1.349999999999999867e+00 7.999965324807691331e+02 1.799995928992379106e+02
1.499999999999999778e+00 7.999965324807691331e+02 1.799995928992379106e+02
1.649999999999999689e+00 7.999965324807691331e+02 1.799995928992379106e+02
1.799999999999999600e+00 7.999965324807691331e+02 1.799995928992379106e+02
1.949999999999999512e+00 7.999965324807691331e+02 1.799995928992379106e+02
2.099999999999999645e+00 7.999990119320608528e+02 1.799995933624811641e+02
2.249999999999999556e+00 7.999990119320608528e+02 1.799995933624811641e+02
2.399999999999999467e+00 7.999990119320608528e+02 1.799995933624811641e+02
2.549999999999999378e+00 7.999990119320608528e+02 1.799995933624811641e+02
2.699999999999999289e+00 7.999990119320608528e+02 1.799995933624811641e+02
2.849999999999999201e+00 7.999990119320608528e+02 1.799995933624811641e+02
2.999999999999999112e+00 7.999990119320608528e+02 1.799995933624811641e+02
3.149999999999999023e+00 7.999990119320608528e+02 1.799995933624811641e+02
3.299999999999998934e+00 7.999990119320608528e+02 1.799995933624811641e+02
3.449999999999998845e+00 7.999990119320608528e+02 1.799995933624811641e+02
3.599999999999998757e+00 7.999990119320608528e+02 1.799995933624811641e+02
3.749999999999998668e+00 7.999990119320608528e+02 1.799995933624811641e+02
3.899999999999998579e+00 7.999990119320608528e+02 1.799995933624811641e+02
4.049999999999998934e+00 4.988140228233622224e+02 1.799995937934166932e+02
4.199999999999999289e+00 3.595335750711386709e+02 1.799995946401665208e+02
4.349999999999999645e+00 2.146649341475652477e+02 1.799995992801138129e+02
4.500000000000000000e+00 1.454311409121820020e+02 1.799996065245926502e+02
4.650000000000000355e+00 1.000085956212321321e+02 1.799996167513663750e+02
4.800000000000000711e+00 7.065125666232353296e+01 1.799996325517404898e+02
4.950000000000001066e+00 5.101465186585159728e+01 1.799996539266785476e+02
5.100000000000001421e+00 3.778093278989001647e+01 1.799996805995554325e+02
5.250000000000001776e+00 2.880844277769887185e+01 1.799997140446811272e+02
5.400000000000002132e+00 2.270907880021108127e+01 1.799997521860062477e+02
5.550000000000002487e+00 1.855681838217722301e+01 1.799997922422767260e+02
5.700000000000002842e+00 1.572845417747187113e+01 1.799998324517902972e+02
5.850000000000003197e+00 1.380210049506490577e+01 1.799998694724049528e+02
6.000000000000003553e+00 1.249146947249555950e+01 1.799999011548123633e+02
6.150000000000003908e+00 1.160220578719497908e+01 1.799999272376412023e+02
6.300000000000004263e+00 1.100261797233528327e+01 1.799999475381868024e+02
6.450000000000004619e+00 1.060398863333752928e+01 1.799999626891097932e+02
6.600000000000004974e+00 1.034736711187414215e+01 1.799999738555010254e+02
6.750000000000005329e+00 1.019481644400851650e+01 1.799999818557857907e+02
6.900000000000005684e+00 1.012378945336000413e+01 1.799999874758979956e+02
7.050000000000006040e+00 1.012378945411598608e+01 1.799999914365086511e+02
7.200000000000006395e+00 1.019481644637603068e+01 1.799999941854912890e+02
7.350000000000006750e+00 1.034736711621827254e+01 1.799999960734035938e+02
7.500000000000007105e+00 1.060398864029625088e+01 1.799999973803107594e+02
7.650000000000007461e+00 1.100261798293562521e+01 1.799999982738783331e+02
7.800000000000007816e+00 1.160220580300237714e+01 1.799999988782340381e+02
7.950000000000008171e+00 1.249146949584618227e+01 1.799999992878345267e+02
8.100000000000008527e+00 1.380210052941230003e+01 1.799999995595350128e+02
8.250000000000008882e+00 1.572845422790324221e+01 1.799999997352943524e+02
8.400000000000009237e+00 1.855681845618785530e+01 1.799999998467928606e+02
8.550000000000009592e+00 2.270907890884937430e+01 1.799999999145597656e+02
8.700000000000009948e+00 2.880844293730786632e+01 1.799999999539502369e+02
8.850000000000010303e+00 3.778093302486119143e+01 1.799999999760526350e+02
9.000000000000010658e+00 5.101465221298789743e+01 1.799999999878792778e+02
9.150000000000011013e+00 7.065125717941933203e+01 1.799999999939502402e+02
9.300000000000011369e+00 1.000085963989646984e+02 1.799999999969713826e+02
9.450000000000011724e+00 1.454311421405572275e+02 1.799999999984137276e+02
9.600000000000012079e+00 2.146649360296100895e+02 1.799999999990526476e+02
9.750000000000012434e+00 3.595335795937811554e+02 1.799999999993276560e+02
9.900000000000012790e+00 4.988140262719188627e+02 1.799999999994023199e+02
1.005000000000001315e+01 7.999990458361804713e+02 1.799999999994145696e+02
1.020000000000001350e+01 7.999990458361804713e+02 1.799999999994145696e+02
1.035000000000001386e+01 7.999990458361804713e+02 1.799999999994145696e+02
1.050000000000001421e+01 7.999990458361804713e+02 1.799999999994145696e+02
1.065000000000001457e+01 7.999990458361804713e+02 1.799999999994145696e+02
1.080000000000001492e+01 7.999990458361804713e+02 1.799999999994145696e+02
1.095000000000001528e+01 7.999990458361804713e+02 1.799999999994145696e+02
1.110000000000001563e+01 7.999990458361804713e+02 1.799999999994145696e+02
1.125000000000001599e+01 7.999990458361804713e+02 1.799999999994145696e+02
1.140000000000001634e+01 7.999990458361804713e+02 1.799999999994145696e+02
1.155000000000001670e+01 7.999990458361804713e+02 1.799999999994145696e+02
1.170000000000001705e+01 7.999990458361804713e+02 1.799999999994145696e+02
1.185000000000001741e+01 7.999990458361804713e+02 1.799999999994145696e+02
1.200000000000001776e+01 7.999990458361804713e+02 1.799999999994145696e+02
1.215000000000001812e+01 7.999990458361804713e+02 1.799999999994145696e+02
1.230000000000001847e+01 7.999990458361804713e+02 1.799999999994145696e+02
1.245000000000001883e+01 7.999990458361804713e+02 1.799999999994145696e+02
1.260000000000001918e+01 7.999990458361804713e+02 1.799999999994145696e+02
1.275000000000001954e+01 7.999990458361804713e+02 1.799999999994145696e+02
1.290000000000001990e+01 7.999990458361804713e+02 1.799999999994145696e+02
1.305000000000002025e+01 7.999966514636673764e+02 1.799999999994178097e+02
1.320000000000002061e+01 7.999966514636673764e+02 1.799999999994178097e+02
1.335000000000002096e+01 7.999966514636673764e+02 1.799999999994178097e+02
1.350000000000002132e+01 7.999966514636673764e+02 1.799999999994178097e+02
1.365000000000002167e+01 7.999966514636673764e+02 1.799999999994178097e+02
1.380000000000002203e+01 7.999966514636673764e+02 1.799999999994178097e+02
1.395000000000002238e+01 7.999966514636673764e+02 1.799999999994178097e+02
1.410000000000002274e+01 7.999966514636673764e+02 1.799999999994178097e+02
1.425000000000002309e+01 7.999966514636673764e+02 1.799999999994178097e+02
1.440000000000002345e+01 7.999966514636673764e+02 1.799999999994178097e+02
1.455000000000002380e+01 7.999966514636673764e+02 1.799999999994178097e+02
1.470000000000002416e+01 7.999966514636673764e+02 1.799999999994178097e+02
1.485000000000002451e+01 7.999966514636673764e+02 1.799999999994178097e+02
1.500000000000002487e+01 7.999966514636673764e+02 1.799999999994178097e+02
1.515000000000002522e+01 7.999966514636673764e+02 1.799999999994178097e+02
1.530000000000002558e+01 7.999966514636673764e+02 1.799999999994178097e+02
1.545000000000002593e+01 7.999966514636673764e+02 1.799999999994178097e+02
1.560000000000002629e+01 7.999966514636673764e+02 1.799999999994178097e+02
1.575000000000002665e+01 7.999966514636673764e+02 1.799999999994178097e+02
1.590000000000002700e+01 7.999966514636673764e+02 1.799999999994178097e+02
