1.499999999999999944e-01 7.999882230103783058e+02 2.688732823726835974e-04
2.999999999999999889e-01 7.999882230103783058e+02 2.688732823726835974e-04
4.499999999999999556e-01 7.999882230103783058e+02 2.688732823726835974e-04
5.999999999999999778e-01 7.999882230103783058e+02 2.688732823726835974e-04
7.500000000000000000e-01 7.999882230103783058e+02 2.688732823726835974e-04
9.000000000000000222e-01 7.999882230103783058e+02 2.688732823726835974e-04
1.050000000000000044e+00 7.999882230103783058e+02 2.688732823726835974e-04
1.199999999999999956e+00 7.999882230103783058e+02 2.688732823726835974e-04
1.349999999999999867e+00 7.999882230103783058e+02 2.688732823726835974e-04
1.499999999999999778e+00 7.999882230103783058e+02 2.688732823726835974e-04
1.649999999999999689e+00 7.999882230103783058e+02 2.688732823726835974e-04
1.799999999999999600e+00 7.999882230103783058e+02 2.688732823726835974e-04
1.949999999999999512e+00 7.999882230103783058e+02 2.688732823726835974e-04
2.099999999999999645e+00 7.999960566346838959e+02 2.687950524860038826e-04
2.249999999999999556e+00 7.999960566346838959e+02 2.687950524860038826e-04
2.399999999999999467e+00 7.999960566346838959e+02 2.687950524860038826e-04
2.549999999999999378e+00 7.999960566346838959e+02 2.687950524860038826e-04
2.699999999999999289e+00 7.999960566346838959e+02 2.687950524860038826e-04
2.849999999999999201e+00 7.999960566346838959e+02 2.687950524860038826e-04
2.999999999999999112e+00 7.999960566346838959e+02 2.687950524860038826e-04
3.149999999999999023e+00 7.999960566346838959e+02 2.687950524860038826e-04
3.299999999999998934e+00 7.999960566346838959e+02 2.687950524860038826e-04
3.449999999999998845e+00 7.999960566346838959e+02 2.687950524860038826e-04
3.599999999999998757e+00 7.999960566346838959e+02 2.687950524860038826e-04
3.749999999999998668e+00 7.999960566346838959e+02 2.687950524860038826e-04
3.899999999999998579e+00 7.999960566346838959e+02 2.687950524860038826e-04
4.049999999999998934e+00 4.894421097873117787e+02 2.690367008022498396e-04
4.199999999999999289e+00 3.208553764650641824e+02 2.698974293358080701e-04
4.349999999999999645e+00 1.618267963271364920e+02 2.714650049505662466e-04
4.500000000000000000e+00 9.058332647543895177e+01 2.741627191854556500e-04
4.650000000000000355e+00 4.946509339232717650e+01 2.795574120042498834e-04
4.800000000000000711e+00 2.682007996249256720e+01 2.890818422740526472e-04
4.950000000000001066e+00 1.411076486534216556e+01 3.077884456748058994e-04
5.100000000000001421e+00 6.997861921827855269e+00 3.482151779323761076e-04
5.250000000000001776e+00 3.011749421520832470e+00 4.534580300620261184e-04
5.400000000000002132e+00 7.783544948904363991e-01 9.834128450757484430e-04
5.550000000000002487e+00 4.731025273156319599e-01 1.799990922783027827e+02
5.700000000000002842e+00 1.174333815713850981e+00 1.799997950397412296e+02
5.850000000000003197e+00 1.567272264293762873e+00 1.799999139266038810e+02
6.000000000000003553e+00 1.787486534067539878e+00 1.799999576587844388e+02
6.150000000000003908e+00 1.910955411280639282e+00 1.799999778023581030e+02
6.300000000000004263e+00 1.980278872014366698e+00 1.799999879944477357e+02
6.450000000000004619e+00 2.019375513995072424e+00 1.799999933948383557e+02
6.600000000000004974e+00 2.041734869062509006e+00 1.799999963385585318e+02
6.750000000000005329e+00 2.055071615948378394e+00 1.799999979611966978e+02
6.900000000000005684e+00 2.063987357770088238e+00 1.799999988610958042e+02
7.050000000000006040e+00 2.071558312769610666e+00 1.799999993640134903e+02
7.200000000000006395e+00 2.080396706354065373e+00 1.799999996450643494e+02
7.350000000000006750e+00 2.093552073626739229e+00 1.799999998021192766e+02
7.500000000000007105e+00 2.115563451282298502e+00 1.799999998902480627e+02
7.650000000000007461e+00 2.154025504333162644e+00 1.799999999395857060e+02
7.800000000000007816e+00 2.222208969165734516e+00 1.799999999671449018e+02
7.950000000000008171e+00 2.343639612837591812e+00 1.799999999825390660e+02
8.100000000000008527e+00 2.560215761783240396e+00 1.799999999910405393e+02
8.250000000000008882e+00 2.946666046575757036e+00 1.799999999956308443e+02
8.400000000000009237e+00 3.636336770533901586e+00 1.799999999980132657e+02
8.550000000000009592e+00 4.867223704742315249e+00 1.799999999991646291e+02
8.700000000000009948e+00 7.064105597390287983e+00 1.799999999996726956e+02
8.850000000000010303e+00 1.098568002219927209e+01 1.799999999998770477e+02
9.000000000000010658e+00 1.798538078107634774e+01 1.799999999999523652e+02
9.150000000000011013e+00 3.049874861960562811e+01 1.799999999999783142e+02
9.300000000000011369e+00 5.281300881123591040e+01 1.799999999999869260e+02
9.450000000000011724e+00 9.339406937322466717e+01 1.799999999999897966e+02
9.600000000000012079e+00 1.638427562140833800e+02 1.799999999999906493e+02
9.750000000000012434e+00 3.217751437757213466e+02 1.799999999999907914e+02
9.900000000000012790e+00 4.895362147521977363e+02 1.799999999999908198e+02
1.005000000000001315e+01 7.999961200583015852e+02 1.799999999999909051e+02
1.020000000000001350e+01 7.999961200583015852e+02 1.799999999999909051e+02
1.035000000000001386e+01 7.999961200583015852e+02 1.799999999999909051e+02
1.050000000000001421e+01 7.999961200583015852e+02 1.799999999999909051e+02
1.065000000000001457e+01 7.999961200583015852e+02 1.799999999999909051e+02
1.080000000000001492e+01 7.999961200583015852e+02 1.799999999999909051e+02
1.095000000000001528e+01 7.999961200583015852e+02 1.799999999999909051e+02
1.110000000000001563e+01 7.999961200583015852e+02 1.799999999999909051e+02
1.125000000000001599e+01 7.999961200583015852e+02 1.799999999999909051e+02
1.140000000000001634e+01 7.999961200583015852e+02 1.799999999999909051e+02
1.155000000000001670e+01 7.999961200583015852e+02 1.799999999999909051e+02
1.170000000000001705e+01 7.999961200583015852e+02 1.799999999999909051e+02
1.185000000000001741e+01 7.999961200583015852e+02 1.799999999999909051e+02
1.200000000000001776e+01 7.999961200583015852e+02 1.799999999999909051e+02
1.215000000000001812e+01 7.999961200583015852e+02 1.799999999999909051e+02
1.230000000000001847e+01 7.999961200583015852e+02 1.799999999999909051e+02
1.245000000000001883e+01 7.999961200583015852e+02 1.799999999999909051e+02
1.260000000000001918e+01 7.999961200583015852e+02 1.799999999999909051e+02
1.275000000000001954e+01 7.999961200583015852e+02 1.799999999999909051e+02
1.290000000000001990e+01 7.999961200583015852e+02 1.799999999999909051e+02
1.305000000000002025e+01 7.999884048223619857e+02 1.799999999999909051e+02
1.320000000000002061e+01 7.999884048223619857e+02 1.799999999999909051e+02
1.335000000000002096e+01 7.999884048223619857e+02 1.799999999999909051e+02
1.350000000000002132e+01 7.999884048223619857e+02 1.799999999999909051e+02
1.365000000000002167e+01 7.999884048223619857e+02 1.799999999999909051e+02
1.380000000000002203e+01 7.999884048223619857e+02 1.799999999999909051e+02
1.395000000000002238e+01 7.999884048223619857e+02 1.799999999999909051e+02
1.410000000000002274e+01 7.999884048223619857e+02 1.799999999999909051e+02
1.425000000000002309e+01 7.999884048223619857e+02 1.799999999999909051e+02
1.440000000000002345e+01 7.999884048223619857e+02 1.799999999999909051e+02
1.455000000000002380e+01 7.999884048223619857e+02 1.799999999999909051e+02
1.470000000000002416e+01 7.999884048223619857e+02 1.799999999999909051e+02
1.485000000000002451e+01 7.999884048223619857e+02 1.799999999999909051e+02
1.500000000000002487e+01 7.999884048223619857e+02 1.799999999999909051e+02
1.515000000000002522e+01 7.999884048223619857e+02 1.799999999999909051e+02
1.530000000000002558e+01 7.999884048223619857e+02 1.799999999999909051e+02
1.545000000000002593e+01 7.999884048223619857e+02 1.799999999999909051e+02
1.560000000000002629e+01 7.999884048223619857e+02 1.799999999999909051e+02
1.575000000000002665e+01 7.999884048223619857e+02 1.799999999999909051e+02
1.590000000000002700e+01 7.999884048223619857e+02 1.799999999999909051e+02
