1.499999999999999944e-01 7.999569200793964683e+02 1.127139671044385949e-04
2.999999999999999889e-01 7.999569200793964683e+02 1.127139671044385949e-04
4.499999999999999556e-01 7.999569200793964683e+02 1.127139671044385949e-04
5.999999999999999778e-01 7.999569200793964683e+02 1.127139671044385949e-04
7.500000000000000000e-01 7.999569200793964683e+02 1.127139671044385949e-04
9.000000000000000222e-01 7.999569200793964683e+02 1.127139671044385949e-04
1.050000000000000044e+00 7.999569200793964683e+02 1.127139671044385949e-04
1.199999999999999956e+00 7.999569200793964683e+02 1.127139671044385949e-04
1.349999999999999867e+00 7.999569200793964683e+02 1.127139671044385949e-04
1.499999999999999778e+00 7.999569200793964683e+02 1.127139671044385949e-04
1.649999999999999689e+00 7.999569200793964683e+02 1.127139671044385949e-04
1.799999999999999600e+00 7.999569200793964683e+02 1.127139671044385949e-04
1.949999999999999512e+00 7.999569200793964683e+02 1.127139671044385949e-04
2.099999999999999645e+00 7.999828963231917669e+02 1.126761601266679236e-04
2.249999999999999556e+00 7.999828963231917669e+02 1.126761601266679236e-04
2.399999999999999467e+00 7.999828963231917669e+02 1.126761601266679236e-04
2.549999999999999378e+00 7.999828963231917669e+02 1.126761601266679236e-04
2.699999999999999289e+00 7.999828963231917669e+02 1.126761601266679236e-04
2.849999999999999201e+00 7.999828963231917669e+02 1.126761601266679236e-04
2.999999999999999112e+00 7.999828963231917669e+02 1.126761601266679236e-04
3.149999999999999023e+00 7.999828963231917669e+02 1.126761601266679236e-04
3.299999999999998934e+00 7.999828963231917669e+02 1.126761601266679236e-04
3.449999999999998845e+00 7.999828963231917669e+02 1.126761601266679236e-04
3.599999999999998757e+00 7.999828963231917669e+02 1.126761601266679236e-04
3.749999999999998668e+00 7.999828963231917669e+02 1.126761601266679236e-04
3.899999999999998579e+00 7.999828963231917669e+02 1.126761601266679236e-04
4.049999999999998934e+00 4.750520859157858808e+02 1.127671877660940680e-04
4.199999999999999289e+00 2.786031773872697954e+02 1.130944043603587801e-04
4.349999999999999645e+00 1.191495928212238908e+02 1.137110549774833501e-04
4.500000000000000000e+00 5.666621185710785369e+01 1.149353164157096430e-04
4.650000000000000355e+00 2.583243791376482079e+01 1.178339144449758180e-04
4.800000000000000711e+00 1.155783340360839873e+01 1.241228687905993056e-04
4.950000000000001066e+00 4.815598902561177397e+00 1.400351785763032098e-04
5.100000000000001421e+00 1.649077775794552281e+00 1.925859712179622818e-04
5.250000000000001776e+00 1.592964241144727566e-01 9.377149478492219359e-04
5.400000000000002132e+00 5.412498997116017563e-01 1.799998701861451877e+02
5.550000000000002487e+00 8.707211806313921443e-01 1.799999620042561332e+02
5.700000000000002842e+00 1.025666220470668577e+00 1.799999848279953767e+02
5.850000000000003197e+00 1.098535576159122229e+00 1.799999933370136773e+02
6.000000000000003553e+00 1.132805800521964557e+00 1.799999969575413843e+02
6.150000000000003908e+00 1.148924129542081118e+00 1.799999985890131313e+02
6.300000000000004263e+00 1.156507481598168852e+00 1.799999993406741510e+02
6.450000000000004619e+00 1.160080432637755621e+00 1.799999996905023352e+02
6.600000000000004974e+00 1.161774768930740720e+00 1.799999998546356892e+02
6.750000000000005329e+00 1.162601408944397008e+00 1.799999999316743526e+02
6.900000000000005684e+00 1.163053564296831155e+00 1.799999999678403526e+02
7.050000000000006040e+00 1.163401011415032826e+00 1.799999999848778032e+02
7.200000000000006395e+00 1.163851053351720566e+00 1.799999999928898831e+02
7.350000000000006750e+00 1.164672205688759732e+00 1.799999999966543101e+02
7.500000000000007105e+00 1.166354405646757186e+00 1.799999999984285637e+02
7.650000000000007461e+00 1.169901330934806083e+00 1.799999999992629398e+02
7.800000000000007816e+00 1.177429240233948349e+00 1.799999999996548752e+02
7.950000000000008171e+00 1.193429632471634250e+00 1.799999999998393889e+02
8.100000000000008527e+00 1.227449071440958051e+00 1.799999999999256772e+02
8.250000000000008882e+00 1.299785217738360643e+00 1.799999999999650413e+02
8.400000000000009237e+00 1.453596734814283309e+00 1.799999999999817817e+02
8.550000000000009592e+00 1.780658974731039734e+00 1.799999999999870965e+02
8.700000000000009948e+00 2.476088492461741453e+00 1.799999999999866134e+02
8.850000000000010303e+00 3.955014670087336981e+00 1.799999999999838565e+02
9.000000000000010658e+00 7.098570973749495749e+00 1.799999999999814975e+02
9.150000000000011013e+00 1.379246739633091323e+01 1.799999999999797353e+02
9.300000000000011369e+00 2.796670947969458609e+01 1.799999999999790248e+02
9.450000000000011724e+00 5.859610048338840471e+01 1.799999999999785700e+02
9.600000000000012079e+00 1.206932338884636096e+02 1.799999999999783995e+02
9.750000000000012434e+00 2.794508414845852258e+02 1.799999999999779732e+02
9.900000000000012790e+00 4.751726743165453968e+02 1.799999999999781153e+02
1.005000000000001315e+01 7.999831402042938180e+02 1.799999999999780016e+02
1.020000000000001350e+01 7.999831402042938180e+02 1.799999999999780016e+02
1.035000000000001386e+01 7.999831402042938180e+02 1.799999999999780016e+02
1.050000000000001421e+01 7.999831402042938180e+02 1.799999999999780016e+02
1.065000000000001457e+01 7.999831402042938180e+02 1.799999999999780016e+02
1.080000000000001492e+01 7.999831402042938180e+02 1.799999999999780016e+02
1.095000000000001528e+01 7.999831402042938180e+02 1.799999999999780016e+02
1.110000000000001563e+01 7.999831402042938180e+02 1.799999999999780016e+02
1.125000000000001599e+01 7.999831402042938180e+02 1.799999999999780016e+02
1.140000000000001634e+01 7.999831402042938180e+02 1.799999999999780016e+02
1.155000000000001670e+01 7.999831402042938180e+02 1.799999999999780016e+02
1.170000000000001705e+01 7.999831402042938180e+02 1.799999999999780016e+02
1.185000000000001741e+01 7.999831402042938180e+02 1.799999999999780016e+02
1.200000000000001776e+01 7.999831402042938180e+02 1.799999999999780016e+02
1.215000000000001812e+01 7.999831402042938180e+02 1.799999999999780016e+02
1.230000000000001847e+01 7.999831402042938180e+02 1.799999999999780016e+02
1.245000000000001883e+01 7.999831402042938180e+02 1.799999999999780016e+02
1.260000000000001918e+01 7.999831402042938180e+02 1.799999999999780016e+02
1.275000000000001954e+01 7.999831402042938180e+02 1.799999999999780016e+02
1.290000000000001990e+01 7.999831402042938180e+02 1.799999999999780016e+02
1.305000000000002025e+01 7.999575092460215728e+02 1.799999999999781437e+02
1.320000000000002061e+01 7.999575092460215728e+02 1.799999999999781437e+02
1.335000000000002096e+01 7.999575092460215728e+02 1.799999999999781437e+02
1.350000000000002132e+01 7.999575092460215728e+02 1.799999999999781437e+02
1.365000000000002167e+01 7.999575092460215728e+02 1.799999999999781437e+02
1.380000000000002203e+01 7.999575092460215728e+02 1.799999999999781437e+02
1.395000000000002238e+01 7.999575092460215728e+02 1.799999999999781437e+02
1.410000000000002274e+01 7.999575092460215728e+02 1.799999999999781437e+02
1.425000000000002309e+01 7.999575092460215728e+02 1.799999999999781437e+02
1.440000000000002345e+01 7.999575092460215728e+02 1.799999999999781437e+02
1.455000000000002380e+01 7.999575092460215728e+02 1.799999999999781437e+02
1.470000000000002416e+01 7.999575092460215728e+02 1.799999999999781437e+02
1.485000000000002451e+01 7.999575092460215728e+02 1.799999999999781437e+02
1.500000000000002487e+01 7.999575092460215728e+02 1.799999999999781437e+02
1.515000000000002522e+01 7.999575092460215728e+02 1.799999999999781437e+02
1.530000000000002558e+01 7.999575092460215728e+02 1.799999999999781437e+02
1.545000000000002593e+01 7.999575092460215728e+02 1.799999999999781437e+02
1.560000000000002629e+01 7.999575092460215728e+02 1.799999999999781437e+02
1.575000000000002665e+01 7.999575092460215728e+02 1.799999999999781437e+02
1.590000000000002700e+01 7.999575092460215728e+02 1.799999999999781437e+02
