1.499999999999999944e-01 7.999999914870580824e+02 8.903500807683130347e+01
2.999999999999999889e-01 7.999999914870580824e+02 8.903500807683130347e+01
4.499999999999999556e-01 7.999999914870580824e+02 8.903500807683130347e+01
5.999999999999999778e-01 7.999999914870580824e+02 8.903500807683130347e+01
7.500000000000000000e-01 7.999999914870580824e+02 8.903500807683130347e+01
9.000000000000000222e-01 7.999999914870580824e+02 8.903500807683130347e+01
1.050000000000000044e+00 7.999999914870580824e+02 8.903500807683130347e+01
1.199999999999999956e+00 7.999999914870580824e+02 8.903500807683130347e+01
1.349999999999999867e+00 7.999999914870580824e+02 8.903500807683130347e+01
1.499999999999999778e+00 7.999999914870580824e+02 8.903500807683130347e+01
1.649999999999999689e+00 7.999999914870580824e+02 8.903500807683130347e+01
1.799999999999999600e+00 7.999999914870580824e+02 8.903500807683130347e+01
1.949999999999999512e+00 7.999999914870580824e+02 8.903500807683130347e+01
2.099999999999999645e+00 7.999999988612446487e+02 8.909609186982365259e+01
2.249999999999999556e+00 7.999999988612446487e+02 8.909609186982365259e+01
2.399999999999999467e+00 7.999999988612446487e+02 8.909609186982365259e+01
2.549999999999999378e+00 7.999999988612446487e+02 8.909609186982365259e+01
2.699999999999999289e+00 7.999999988612446487e+02 8.909609186982365259e+01
2.849999999999999201e+00 7.999999988612446487e+02 8.909609186982365259e+01
2.999999999999999112e+00 7.999999988612446487e+02 8.909609186982365259e+01
3.149999999999999023e+00 7.999999988612446487e+02 8.909609186982365259e+01
3.299999999999998934e+00 7.999999988612446487e+02 8.909609186982365259e+01
3.449999999999998845e+00 7.999999988612446487e+02 8.909609186982365259e+01
3.599999999999998757e+00 7.999999988612446487e+02 8.909609186982365259e+01
3.749999999999998668e+00 7.999999988612446487e+02 8.909609186982365259e+01
3.899999999999998579e+00 7.999999988612446487e+02 8.909609186982365259e+01
4.049999999999998934e+00 5.157298296444803327e+02 8.941902768690698622e+01
4.199999999999999289e+00 4.679316661475372143e+02 9.080168670958705945e+01
4.349999999999999645e+00 4.138704093178685071e+02 9.354545497043073965e+01
4.500000000000000000e+00 4.027517689411195079e+02 9.646301056091081705e+01
4.650000000000000355e+00 3.985860557050294233e+02 9.948861691774166616e+01
4.800000000000000711e+00 3.973672225064623262e+02 1.024724843490579360e+02
4.950000000000001066e+00 3.969986752227721922e+02 1.053940983602430350e+02
5.100000000000001421e+00 3.969127297006957065e+02 1.082424759122364577e+02
5.250000000000001776e+00 3.969148174900618073e+02 1.110159892244551685e+02
5.400000000000002132e+00 3.969439606456095362e+02 1.137149488449601904e+02
5.550000000000002487e+00 3.969803888036106514e+02 1.163405438010577058e+02
5.700000000000002842e+00 3.970177897356205108e+02 1.188942819673759601e+02
5.850000000000003197e+00 3.970541573238350566e+02 1.213778351917417524e+02
6.000000000000003553e+00 3.970888773466871839e+02 1.237929798077182966e+02
6.150000000000003908e+00 3.971217872498597785e+02 1.261415717480872019e+02
6.300000000000004263e+00 3.971528735609496721e+02 1.284255259180582982e+02
6.450000000000004619e+00 3.971821736414829047e+02 1.306468063457628546e+02
6.600000000000004974e+00 3.972097435159677161e+02 1.328074178831209906e+02
6.750000000000005329e+00 3.972356467658856900e+02 1.349093934561632011e+02
6.900000000000005684e+00 3.972599501959356871e+02 1.369547882730593642e+02
7.050000000000006040e+00 3.972827220475494983e+02 1.389456745259546437e+02
7.200000000000006395e+00 3.973040309388204605e+02 1.408841318060473498e+02
7.350000000000006750e+00 3.973239451023080733e+02 1.427722436050998738e+02
7.500000000000007105e+00 3.973425321981608818e+02 1.446120941323583224e+02
7.650000000000007461e+00 3.973598597858519952e+02 1.464057612541558342e+02
7.800000000000007816e+00 3.973759977921568520e+02 1.481553147427553370e+02
7.950000000000008171e+00 3.973910274564427141e+02 1.498628146452081182e+02
8.100000000000008527e+00 3.974050698208091603e+02 1.515303060185867139e+02
8.250000000000008882e+00 3.974183755213676363e+02 1.531598177494009576e+02
8.400000000000009237e+00 3.974316067490021283e+02 1.547533597668468701e+02
8.550000000000009592e+00 3.974467227041221804e+02 1.563129123440840544e+02
8.700000000000009948e+00 3.974697438378184415e+02 1.578404028422262400e+02
8.850000000000010303e+00 3.975195167578595488e+02 1.593376411877518137e+02
9.000000000000010658e+00 3.976544320057070081e+02 1.608060672675343881e+02
9.150000000000011013e+00 3.980626055822472154e+02 1.622462812823576428e+02
9.300000000000011369e+00 3.992957702017837960e+02 1.636548632710831725e+02
9.450000000000011724e+00 4.034195726225468093e+02 1.650243435100811666e+02
9.600000000000012079e+00 4.143885190226060331e+02 1.662940437578550927e+02
9.750000000000012434e+00 4.681190133204975723e+02 1.674388529926331159e+02
9.900000000000012790e+00 5.157364348411874744e+02 1.679944641038436544e+02
1.005000000000001315e+01 7.999999988885688254e+02 1.681145790162265428e+02
1.020000000000001350e+01 7.999999988885688254e+02 1.681145790162265428e+02
1.035000000000001386e+01 7.999999988885688254e+02 1.681145790162265428e+02
1.050000000000001421e+01 7.999999988885688254e+02 1.681145790162265428e+02
1.065000000000001457e+01 7.999999988885688254e+02 1.681145790162265428e+02
1.080000000000001492e+01 7.999999988885688254e+02 1.681145790162265428e+02
1.095000000000001528e+01 7.999999988885688254e+02 1.681145790162265428e+02
1.110000000000001563e+01 7.999999988885688254e+02 1.681145790162265428e+02
1.125000000000001599e+01 7.999999988885688254e+02 1.681145790162265428e+02
1.140000000000001634e+01 7.999999988885688254e+02 1.681145790162265428e+02
1.155000000000001670e+01 7.999999988885688254e+02 1.681145790162265428e+02
1.170000000000001705e+01 7.999999988885688254e+02 1.681145790162265428e+02
1.185000000000001741e+01 7.999999988885688254e+02 1.681145790162265428e+02
1.200000000000001776e+01 7.999999988885688254e+02 1.681145790162265428e+02
1.215000000000001812e+01 7.999999988885688254e+02 1.681145790162265428e+02
1.230000000000001847e+01 7.999999988885688254e+02 1.681145790162265428e+02
1.245000000000001883e+01 7.999999988885688254e+02 1.681145790162265428e+02
1.260000000000001918e+01 7.999999988885688254e+02 1.681145790162265428e+02
1.275000000000001954e+01 7.999999988885688254e+02 1.681145790162265428e+02
1.290000000000001990e+01 7.999999988885688254e+02 1.681145790162265428e+02
1.305000000000002025e+01 7.999999916883109563e+02 1.681381186858291414e+02
1.320000000000002061e+01 7.999999916883109563e+02 1.681381186858291414e+02
1.335000000000002096e+01 7.999999916883109563e+02 1.681381186858291414e+02
1.350000000000002132e+01 7.999999916883109563e+02 1.681381186858291414e+02
1.365000000000002167e+01 7.999999916883109563e+02 1.681381186858291414e+02
1.380000000000002203e+01 7.999999916883109563e+02 1.681381186858291414e+02
1.395000000000002238e+01 7.999999916883109563e+02 1.681381186858291414e+02
1.410000000000002274e+01 7.999999916883109563e+02 1.681381186858291414e+02
1.425000000000002309e+01 7.999999916883109563e+02 1.681381186858291414e+02
1.440000000000002345e+01 7.999999916883109563e+02 1.681381186858291414e+02
1.455000000000002380e+01 7.999999916883109563e+02 1.681381186858291414e+02
1.470000000000002416e+01 7.999999916883109563e+02 1.681381186858291414e+02
1.485000000000002451e+01 7.999999916883109563e+02 1.681381186858291414e+02
1.500000000000002487e+01 7.999999916883109563e+02 1.681381186858291414e+02
1.515000000000002522e+01 7.999999916883109563e+02 1.681381186858291414e+02
1.530000000000002558e+01 7.999999916883109563e+02 1.681381186858291414e+02
1.545000000000002593e+01 7.999999916883109563e+02 1.681381186858291414e+02
1.560000000000002629e+01 7.999999916883109563e+02 1.681381186858291414e+02
1.575000000000002665e+01 7.999999916883109563e+02 1.681381186858291414e+02
1.590000000000002700e+01 7.999999916883109563e+02 1.681381186858291414e+02
