1.499999999999999944e-01 7.999266357164042347e+02 1.974742591670519687e-11
2.999999999999999889e-01 7.999266357164042347e+02 1.974742591670519687e-11
4.499999999999999556e-01 7.999266357164042347e+02 1.974742591670519687e-11
5.999999999999999778e-01 7.999266357164042347e+02 1.974742591670519687e-11
7.500000000000000000e-01 7.999266357164042347e+02 1.974742591670519687e-11
9.000000000000000222e-01 7.999266357164042347e+02 1.974742591670519687e-11
1.050000000000000044e+00 7.999266357164042347e+02 1.974742591670519687e-11
1.199999999999999956e+00 7.999266357164042347e+02 1.974742591670519687e-11
1.349999999999999867e+00 7.999266357164042347e+02 1.974742591670519687e-11
1.499999999999999778e+00 7.999266357164042347e+02 1.974742591670519687e-11
1.649999999999999689e+00 7.999266357164042347e+02 1.974742591670519687e-11
1.799999999999999600e+00 7.999266357164042347e+02 1.974742591670519687e-11
1.949999999999999512e+00 7.999266357164042347e+02 1.974742591670519687e-11
2.099999999999999645e+00 7.999687380604085547e+02 1.982758401908313317e-11
2.249999999999999556e+00 7.999687380604085547e+02 1.982758401908313317e-11
2.399999999999999467e+00 7.999687380604085547e+02 1.982758401908313317e-11
2.549999999999999378e+00 7.999687380604085547e+02 1.982758401908313317e-11
2.699999999999999289e+00 7.999687380604085547e+02 1.982758401908313317e-11
2.849999999999999201e+00 7.999687380604085547e+02 1.982758401908313317e-11
2.999999999999999112e+00 7.999687380604085547e+02 1.982758401908313317e-11
3.149999999999999023e+00 7.999687380604085547e+02 1.982758401908313317e-11
3.299999999999998934e+00 7.999687380604085547e+02 1.982758401908313317e-11
3.449999999999998845e+00 7.999687380604085547e+02 1.982758401908313317e-11
3.599999999999998757e+00 7.999687380604085547e+02 1.982758401908313317e-11
3.749999999999998668e+00 7.999687380604085547e+02 1.982758401908313317e-11
3.899999999999998579e+00 7.999687380604085547e+02 1.982758401908313317e-11
4.049999999999998934e+00 4.672452230525728396e+02 1.983058162124962109e-11
4.199999999999999289e+00 2.607259524948873377e+02 1.986910636020411403e-11
4.349999999999999645e+00 1.044711622449871840e+02 1.980760000463988035e-11
4.500000000000000000e+00 4.698188380040050305e+01 1.980837716075711796e-11
4.650000000000000355e+00 2.039066388904691607e+01 1.977329411317896302e-11
4.800000000000000711e+00 8.918157263364918208e+00 1.991207199125710758e-11
4.950000000000001066e+00 3.858210246053360493e+00 2.070510429774685690e-11
5.100000000000001421e+00 1.641581969707488042e+00 2.323985448526855180e-11
5.250000000000001776e+00 6.684273758769450069e-01 3.526068326209497172e-11
5.400000000000002132e+00 2.414776653529315809e-01 1.075302069608596867e-10
5.550000000000002487e+00 5.412287837862095330e-02 8.672792484176738981e-10
5.700000000000002842e+00 2.808693316546850838e-02 1.799999999963815185e+02
5.850000000000003197e+00 6.416076750792854000e-02 1.799999999964282438e+02
6.000000000000003553e+00 7.999003496479417663e-02 1.799999999934831010e+02
6.150000000000003908e+00 8.693619212908743066e-02 1.799999999863462676e+02
6.300000000000004263e+00 8.998481049547990551e-02 1.799999999699537909e+02
6.450000000000004619e+00 9.132402449904475361e-02 1.799999999325258955e+02
6.600000000000004974e+00 9.191505091712315334e-02 1.799999998472887910e+02
6.750000000000005329e+00 9.218209754862982663e-02 1.799999996531452950e+02
6.900000000000005684e+00 9.231683527377754217e-02 1.799999992106275215e+02
7.050000000000006040e+00 9.241597077789265313e-02 1.799999982038094402e+02
7.200000000000006395e+00 9.255065870411272044e-02 1.799999959143931960e+02
7.350000000000006750e+00 9.281757222379383165e-02 1.799999907151538707e+02
7.500000000000007105e+00 9.340828663152933586e-02 1.799999789837059723e+02
7.650000000000007461e+00 9.474678409696934978e-02 1.799999528030761269e+02
7.800000000000007816e+00 9.779376594315181137e-02 1.799998957836609463e+02
7.950000000000008171e+00 1.047361947962599515e-01 1.799997783402418747e+02
8.100000000000008527e+00 1.205569636294967495e-01 1.799995613401706862e+02
8.250000000000008882e+00 1.566114323254623741e-01 1.799992303985522994e+02
8.400000000000009237e+00 2.387771193054959440e-01 1.799988501738655771e+02
8.550000000000009592e+00 4.260313696793218696e-01 1.799985320089558911e+02
8.700000000000009948e+00 8.527520961195023119e-01 1.799983285240984117e+02
8.850000000000010303e+00 1.825385499904854214e+00 1.799982211473251823e+02
9.000000000000010658e+00 4.040829720158299665e+00 1.799981699988756532e+02
9.150000000000011013e+00 9.098095155067220219e+00 1.799981460593461406e+02
9.300000000000011369e+00 2.056459387538432537e+01 1.799981362983066902e+02
9.450000000000011724e+00 4.714252715874950894e+01 1.799981324344598193e+02
9.600000000000012079e+00 1.046043341602253349e+02 1.799981302196937918e+02
9.750000000000012434e+00 2.608043082632892720e+02 1.799981302290157146e+02
9.900000000000012790e+00 4.672580090473136352e+02 1.799981305118679984e+02
1.005000000000001315e+01 7.999683577683053954e+02 1.799981303592422535e+02
1.020000000000001350e+01 7.999683577683053954e+02 1.799981303592422535e+02
1.035000000000001386e+01 7.999683577683053954e+02 1.799981303592422535e+02
1.050000000000001421e+01 7.999683577683053954e+02 1.799981303592422535e+02
1.065000000000001457e+01 7.999683577683053954e+02 1.799981303592422535e+02
1.080000000000001492e+01 7.999683577683053954e+02 1.799981303592422535e+02
1.095000000000001528e+01 7.999683577683053954e+02 1.799981303592422535e+02
1.110000000000001563e+01 7.999683577683053954e+02 1.799981303592422535e+02
1.125000000000001599e+01 7.999683577683053954e+02 1.799981303592422535e+02
1.140000000000001634e+01 7.999683577683053954e+02 1.799981303592422535e+02
1.155000000000001670e+01 7.999683577683053954e+02 1.799981303592422535e+02
1.170000000000001705e+01 7.999683577683053954e+02 1.799981303592422535e+02
1.185000000000001741e+01 7.999683577683053954e+02 1.799981303592422535e+02
1.200000000000001776e+01 7.999683577683053954e+02 1.799981303592422535e+02
1.215000000000001812e+01 7.999683577683053954e+02 1.799981303592422535e+02
1.230000000000001847e+01 7.999683577683053954e+02 1.799981303592422535e+02
1.245000000000001883e+01 7.999683577683053954e+02 1.799981303592422535e+02
1.260000000000001918e+01 7.999683577683053954e+02 1.799981303592422535e+02
1.275000000000001954e+01 7.999683577683053954e+02 1.799981303592422535e+02
1.290000000000001990e+01 7.999683577683053954e+02 1.799981303592422535e+02
1.305000000000002025e+01 7.999257392181646082e+02 1.799981309244900842e+02
1.320000000000002061e+01 7.999257392181646082e+02 1.799981309244900842e+02
1.335000000000002096e+01 7.999257392181646082e+02 1.799981309244900842e+02
1.350000000000002132e+01 7.999257392181646082e+02 1.799981309244900842e+02
1.365000000000002167e+01 7.999257392181646082e+02 1.799981309244900842e+02
1.380000000000002203e+01 7.999257392181646082e+02 1.799981309244900842e+02
1.395000000000002238e+01 7.999257392181646082e+02 1.799981309244900842e+02
1.410000000000002274e+01 7.999257392181646082e+02 1.799981309244900842e+02
1.425000000000002309e+01 7.999257392181646082e+02 1.799981309244900842e+02
1.440000000000002345e+01 7.999257392181646082e+02 1.799981309244900842e+02
1.455000000000002380e+01 7.999257392181646082e+02 1.799981309244900842e+02
1.470000000000002416e+01 7.999257392181646082e+02 1.799981309244900842e+02
1.485000000000002451e+01 7.999257392181646082e+02 1.799981309244900842e+02
1.500000000000002487e+01 7.999257392181646082e+02 1.799981309244900842e+02
1.515000000000002522e+01 7.999257392181646082e+02 1.799981309244900842e+02
1.530000000000002558e+01 7.999257392181646082e+02 1.799981309244900842e+02
1.545000000000002593e+01 7.999257392181646082e+02 1.799981309244900842e+02
1.560000000000002629e+01 7.999257392181646082e+02 1.799981309244900842e+02
1.575000000000002665e+01 7.999257392181646082e+02 1.799981309244900842e+02
1.590000000000002700e+01 7.999257392181646082e+02 1.799981309244900842e+02
