1.499999999999999944e-01 7.999965355350536811e+02 6.430684338809555811e-05
2.999999999999999889e-01 7.999965355350536811e+02 6.430684338809555811e-05
4.499999999999999556e-01 7.999965355350536811e+02 6.430684338809555811e-05
5.999999999999999778e-01 7.999965355350536811e+02 6.430684338809555811e-05
7.500000000000000000e-01 7.999965355350536811e+02 6.430684338809555811e-05
9.000000000000000222e-01 7.999965355350536811e+02 6.430684338809555811e-05
1.050000000000000044e+00 7.999965355350536811e+02 6.430684338809555811e-05
1.199999999999999956e+00 7.999965355350536811e+02 6.430684338809555811e-05
1.349999999999999867e+00 7.999965355350536811e+02 6.430684338809555811e-05
1.499999999999999778e+00 7.999965355350536811e+02 6.430684338809555811e-05
1.649999999999999689e+00 7.999965355350536811e+02 6.430684338809555811e-05
1.799999999999999600e+00 7.999965355350536811e+02 6.430684338809555811e-05
1.949999999999999512e+00 7.999965355350536811e+02 6.430684338809555811e-05
2.099999999999999645e+00 7.999990118806374539e+02 6.426415210136759981e-05
2.249999999999999556e+00 7.999990118806374539e+02 6.426415210136759981e-05
2.399999999999999467e+00 7.999990118806374539e+02 6.426415210136759981e-05
2.549999999999999378e+00 7.999990118806374539e+02 6.426415210136759981e-05
2.699999999999999289e+00 7.999990118806374539e+02 6.426415210136759981e-05
2.849999999999999201e+00 7.999990118806374539e+02 6.426415210136759981e-05
2.999999999999999112e+00 7.999990118806374539e+02 6.426415210136759981e-05
3.149999999999999023e+00 7.999990118806374539e+02 6.426415210136759981e-05
3.299999999999998934e+00 7.999990118806374539e+02 6.426415210136759981e-05
3.449999999999998845e+00 7.999990118806374539e+02 6.426415210136759981e-05
3.599999999999998757e+00 7.999990118806374539e+02 6.426415210136759981e-05
3.749999999999998668e+00 7.999990118806374539e+02 6.426415210136759981e-05
3.899999999999998579e+00 7.999990118806374539e+02 6.426415210136759981e-05
4.049999999999998934e+00 4.987172537066077211e+02 6.433136173578102301e-05
4.199999999999999289e+00 3.582669212362251869e+02 6.461144828340259494e-05
4.349999999999999645e+00 2.112874065251509137e+02 6.497522210047179669e-05
4.500000000000000000e+00 1.400093145564873396e+02 6.550715484876512562e-05
4.650000000000000355e+00 9.273018132121387680e+01 6.646783914854292874e-05
4.800000000000000711e+00 6.184334496449911711e+01 6.770401027045291897e-05
4.950000000000001066e+00 4.101266831724624495e+01 6.958366730236420494e-05
5.100000000000001421e+00 2.688257538841863692e+01 7.264879646506905431e-05
5.250000000000001776e+00 1.725439639642089773e+01 7.736160829163729602e-05
5.400000000000002132e+00 1.068341391939620877e+01 8.542642754816309747e-05
5.550000000000002487e+00 6.195075323327749572e+00 1.009416251415151677e-04
5.700000000000002842e+00 3.127647711348146231e+00 1.367267384316805945e-04
5.850000000000003197e+00 1.029850486182567693e+00 2.839590724461604765e-04
6.000000000000003553e+00 4.067096977031496863e-01 1.799995072996902650e+02
6.150000000000003908e+00 1.393187501651993898e+00 1.799999016414957111e+02
6.300000000000004263e+00 2.074590716938530477e+00 1.799999548310474893e+02
6.450000000000004619e+00 2.551094881215050236e+00 1.799999748305175444e+02
6.600000000000004974e+00 2.892761229175306426e+00 1.799999848213113296e+02
6.750000000000005329e+00 3.149830882950240607e+00 1.799999904675688924e+02
6.900000000000005684e+00 3.360108552113274527e+00 1.799999938770546635e+02
7.050000000000006040e+00 3.554519997837573442e+00 1.799999960420140894e+02
7.200000000000006395e+00 3.761659469051636506e+00 1.799999974424910931e+02
7.350000000000006750e+00 4.011995443016814988e+00 1.799999983569143751e+02
7.500000000000007105e+00 4.342353404618890522e+00 1.799999989618806069e+02
7.650000000000007461e+00 4.801336054959918442e+00 1.799999993579274928e+02
7.800000000000007816e+00 5.456481032990140534e+00 1.799999996127946531e+02
7.950000000000008171e+00 6.404216111965403968e+00 1.799999997742953326e+02
8.100000000000008527e+00 7.784094268893859692e+00 1.799999998728735022e+02
8.250000000000008882e+00 9.799450207670147961e+00 1.799999999306253642e+02
8.400000000000009237e+00 1.274764392877307273e+01 1.799999999633168954e+02
8.550000000000009592e+00 1.706471154670879287e+01 1.799999999810168276e+02
8.700000000000009948e+00 2.339196188078906147e+01 1.799999999902398429e+02
8.850000000000010303e+00 3.267786935122789060e+01 1.799999999949300502e+02
9.000000000000010658e+00 4.633645619067750943e+01 1.799999999972447995e+02
9.150000000000011013e+00 6.653528914436331831e+01 1.799999999983583621e+02
9.300000000000011369e+00 9.660921779887681282e+01 1.799999999988871764e+02
9.450000000000011724e+00 1.428988445383567409e+02 1.799999999991311483e+02
9.600000000000012079e+00 2.130861532114890906e+02 1.799999999992354844e+02
9.750000000000012434e+00 3.589405290796511281e+02 1.799999999992813287e+02
9.900000000000012790e+00 4.987685761974819343e+02 1.799999999992943174e+02
1.005000000000001315e+01 7.999990184000497493e+02 1.799999999992959090e+02
1.020000000000001350e+01 7.999990184000497493e+02 1.799999999992959090e+02
1.035000000000001386e+01 7.999990184000497493e+02 1.799999999992959090e+02
1.050000000000001421e+01 7.999990184000497493e+02 1.799999999992959090e+02
1.065000000000001457e+01 7.999990184000497493e+02 1.799999999992959090e+02
1.080000000000001492e+01 7.999990184000497493e+02 1.799999999992959090e+02
1.095000000000001528e+01 7.999990184000497493e+02 1.799999999992959090e+02
1.110000000000001563e+01 7.999990184000497493e+02 1.799999999992959090e+02
1.125000000000001599e+01 7.999990184000497493e+02 1.799999999992959090e+02
1.140000000000001634e+01 7.999990184000497493e+02 1.799999999992959090e+02
1.155000000000001670e+01 7.999990184000497493e+02 1.799999999992959090e+02
1.170000000000001705e+01 7.999990184000497493e+02 1.799999999992959090e+02
1.185000000000001741e+01 7.999990184000497493e+02 1.799999999992959090e+02
1.200000000000001776e+01 7.999990184000497493e+02 1.799999999992959090e+02
1.215000000000001812e+01 7.999990184000497493e+02 1.799999999992959090e+02
1.230000000000001847e+01 7.999990184000497493e+02 1.799999999992959090e+02
1.245000000000001883e+01 7.999990184000497493e+02 1.799999999992959090e+02
1.260000000000001918e+01 7.999990184000497493e+02 1.799999999992959090e+02
1.275000000000001954e+01 7.999990184000497493e+02 1.799999999992959090e+02
1.290000000000001990e+01 7.999990184000497493e+02 1.799999999992959090e+02
1.305000000000002025e+01 7.999965566853882137e+02 1.799999999992974722e+02
1.320000000000002061e+01 7.999965566853882137e+02 1.799999999992974722e+02
1.335000000000002096e+01 7.999965566853882137e+02 1.799999999992974722e+02
1.350000000000002132e+01 7.999965566853882137e+02 1.799999999992974722e+02
1.365000000000002167e+01 7.999965566853882137e+02 1.799999999992974722e+02
1.380000000000002203e+01 7.999965566853882137e+02 1.799999999992974722e+02
1.395000000000002238e+01 7.999965566853882137e+02 1.799999999992974722e+02
1.410000000000002274e+01 7.999965566853882137e+02 1.799999999992974722e+02
1.425000000000002309e+01 7.999965566853882137e+02 1.799999999992974722e+02
1.440000000000002345e+01 7.999965566853882137e+02 1.799999999992974722e+02
1.455000000000002380e+01 7.999965566853882137e+02 1.799999999992974722e+02
1.470000000000002416e+01 7.999965566853882137e+02 1.799999999992974722e+02
1.485000000000002451e+01 7.999965566853882137e+02 1.799999999992974722e+02
1.500000000000002487e+01 7.999965566853882137e+02 1.799999999992974722e+02
1.515000000000002522e+01 7.999965566853882137e+02 1.799999999992974722e+02
1.530000000000002558e+01 7.999965566853882137e+02 1.799999999992974722e+02
1.545000000000002593e+01 7.999965566853882137e+02 1.799999999992974722e+02
1.560000000000002629e+01 7.999965566853882137e+02 1.799999999992974722e+02
1.575000000000002665e+01 7.999965566853882137e+02 1.799999999992974722e+02
1.590000000000002700e+01 7.999965566853882137e+02 1.799999999992974722e+02
