1.499999999999999944e-01 7.999883223345038914e+02 6.495019111429911618e-08
2.999999999999999889e-01 7.999883223345038914e+02 6.495019111429911618e-08
4.499999999999999556e-01 7.999883223345038914e+02 6.495019111429911618e-08
5.999999999999999778e-01 7.999883223345038914e+02 6.495019111429911618e-08
7.500000000000000000e-01 7.999883223345038914e+02 6.495019111429911618e-08
9.000000000000000222e-01 7.999883223345038914e+02 6.495019111429911618e-08
1.050000000000000044e+00 7.999883223345038914e+02 6.495019111429911618e-08
1.199999999999999956e+00 7.999883223345038914e+02 6.495019111429911618e-08
1.349999999999999867e+00 7.999883223345038914e+02 6.495019111429911618e-08
1.499999999999999778e+00 7.999883223345038914e+02 6.495019111429911618e-08
1.649999999999999689e+00 7.999883223345038914e+02 6.495019111429911618e-08
1.799999999999999600e+00 7.999883223345038914e+02 6.495019111429911618e-08
1.949999999999999512e+00 7.999883223345038914e+02 6.495019111429911618e-08
2.099999999999999645e+00 7.999960907216612895e+02 6.487045156600146356e-08
2.249999999999999556e+00 7.999960907216612895e+02 6.487045156600146356e-08
2.399999999999999467e+00 7.999960907216612895e+02 6.487045156600146356e-08
2.549999999999999378e+00 7.999960907216612895e+02 6.487045156600146356e-08
2.699999999999999289e+00 7.999960907216612895e+02 6.487045156600146356e-08
2.849999999999999201e+00 7.999960907216612895e+02 6.487045156600146356e-08
2.999999999999999112e+00 7.999960907216612895e+02 6.487045156600146356e-08
3.149999999999999023e+00 7.999960907216612895e+02 6.487045156600146356e-08
3.299999999999998934e+00 7.999960907216612895e+02 6.487045156600146356e-08
3.449999999999998845e+00 7.999960907216612895e+02 6.487045156600146356e-08
3.599999999999998757e+00 7.999960907216612895e+02 6.487045156600146356e-08
3.749999999999998668e+00 7.999960907216612895e+02 6.487045156600146356e-08
3.899999999999998579e+00 7.999960907216612895e+02 6.487045156600146356e-08
4.049999999999998934e+00 4.894725311515110775e+02 6.492872639540792079e-08
4.199999999999999289e+00 3.211529405399791699e+02 6.521957673921718879e-08
4.349999999999999645e+00 1.624789536881931724e+02 6.540746266825436805e-08
4.500000000000000000e+00 9.149231216039864023e+01 6.568365928938391107e-08
4.650000000000000355e+00 5.054727079986792404e+01 6.638698846206381177e-08
4.800000000000000711e+00 2.800857618812927541e+01 6.722561396443893500e-08
4.950000000000001066e+00 1.536202203438042702e+01 6.875835101283200856e-08
5.100000000000001421e+00 8.285233251413266942e+00 7.194113738062668517e-08
5.250000000000001776e+00 4.319622493173383759e+00 7.808462676450744766e-08
5.400000000000002132e+00 2.097775136154979236e+00 9.275315926426941360e-08
5.550000000000002487e+00 8.527938263817986808e-01 1.397106218492538687e-07
5.700000000000002842e+00 1.551849373227014439e-01 5.415256506546839432e-07
5.850000000000003197e+00 2.357301582285344921e-01 1.799999996699612552e+02
6.000000000000003553e+00 4.548153417982803148e-01 1.799999997834733847e+02
6.150000000000003908e+00 5.776547754937837453e-01 1.799999997356054564e+02
6.300000000000004263e+00 6.466280086445976849e-01 1.799999995989642798e+02
6.450000000000004619e+00 6.855308438342717636e-01 1.799999993353259526e+02
6.600000000000004974e+00 7.077847986895449139e-01 1.799999988589699171e+02
6.750000000000005329e+00 7.210675174118819086e-01 1.799999980081424553e+02
6.900000000000005684e+00 7.299615581855505297e-01 1.799999964902675345e+02
7.050000000000006040e+00 7.375353797063439742e-01 1.799999938135768502e+02
7.200000000000006395e+00 7.464019632453187114e-01 1.799999891120900202e+02
7.350000000000006750e+00 7.596202964679719116e-01 1.799999809072648418e+02
7.500000000000007105e+00 7.817507297739894057e-01 1.799999669546440089e+02
7.650000000000007461e+00 8.204283098105520367e-01 1.799999439141134872e+02
7.800000000000007816e+00 8.889968972019914872e-01 1.799999076263783877e+02
7.950000000000008171e+00 1.011112870485703752e+00 1.799998553345568837e+02
8.100000000000008527e+00 1.228906754084221120e+00 1.799997879872773296e+02
8.250000000000008882e+00 1.617519025378840070e+00 1.799997125341544688e+02
8.400000000000009237e+00 2.311024861572491318e+00 1.799996416162275352e+02
8.550000000000009592e+00 3.548705662469885169e+00 1.799995842782778936e+02
8.700000000000009948e+00 5.757594548162757064e+00 1.799995427111765594e+02
8.850000000000010303e+00 9.700301342562489992e+00 1.799995165064930234e+02
9.000000000000010658e+00 1.673691676300089526e+01 1.799995008465514559e+02
9.150000000000011013e+00 2.931393465557231082e+01 1.799994910442992762e+02
9.300000000000011369e+00 5.173525705524191665e+01 1.799994863908885918e+02
9.450000000000011724e+00 9.248968001492343660e+01 1.799994841848285319e+02
9.600000000000012079e+00 1.631942943896965517e+02 1.799994823965669752e+02
9.750000000000012434e+00 3.214793027060329678e+02 1.799994824781775264e+02
9.900000000000012790e+00 4.895059174601174732e+02 1.799994827782532241e+02
1.005000000000001315e+01 7.999960683760074289e+02 1.799994826327536259e+02
1.020000000000001350e+01 7.999960683760074289e+02 1.799994826327536259e+02
1.035000000000001386e+01 7.999960683760074289e+02 1.799994826327536259e+02
1.050000000000001421e+01 7.999960683760074289e+02 1.799994826327536259e+02
1.065000000000001457e+01 7.999960683760074289e+02 1.799994826327536259e+02
1.080000000000001492e+01 7.999960683760074289e+02 1.799994826327536259e+02
1.095000000000001528e+01 7.999960683760074289e+02 1.799994826327536259e+02
1.110000000000001563e+01 7.999960683760074289e+02 1.799994826327536259e+02
1.125000000000001599e+01 7.999960683760074289e+02 1.799994826327536259e+02
1.140000000000001634e+01 7.999960683760074289e+02 1.799994826327536259e+02
1.155000000000001670e+01 7.999960683760074289e+02 1.799994826327536259e+02
1.170000000000001705e+01 7.999960683760074289e+02 1.799994826327536259e+02
1.185000000000001741e+01 7.999960683760074289e+02 1.799994826327536259e+02
1.200000000000001776e+01 7.999960683760074289e+02 1.799994826327536259e+02
1.215000000000001812e+01 7.999960683760074289e+02 1.799994826327536259e+02
1.230000000000001847e+01 7.999960683760074289e+02 1.799994826327536259e+02
1.245000000000001883e+01 7.999960683760074289e+02 1.799994826327536259e+02
1.260000000000001918e+01 7.999960683760074289e+02 1.799994826327536259e+02
1.275000000000001954e+01 7.999960683760074289e+02 1.799994826327536259e+02
1.290000000000001990e+01 7.999960683760074289e+02 1.799994826327536259e+02
1.305000000000002025e+01 7.999882528498494594e+02 1.799994832033099499e+02
1.320000000000002061e+01 7.999882528498494594e+02 1.799994832033099499e+02
1.335000000000002096e+01 7.999882528498494594e+02 1.799994832033099499e+02
1.350000000000002132e+01 7.999882528498494594e+02 1.799994832033099499e+02
1.365000000000002167e+01 7.999882528498494594e+02 1.799994832033099499e+02
1.380000000000002203e+01 7.999882528498494594e+02 1.799994832033099499e+02
1.395000000000002238e+01 7.999882528498494594e+02 1.799994832033099499e+02
1.410000000000002274e+01 7.999882528498494594e+02 1.799994832033099499e+02
1.425000000000002309e+01 7.999882528498494594e+02 1.799994832033099499e+02
1.440000000000002345e+01 7.999882528498494594e+02 1.799994832033099499e+02
1.455000000000002380e+01 7.999882528498494594e+02 1.799994832033099499e+02
1.470000000000002416e+01 7.999882528498494594e+02 1.799994832033099499e+02
1.485000000000002451e+01 7.999882528498494594e+02 1.799994832033099499e+02
1.500000000000002487e+01 7.999882528498494594e+02 1.799994832033099499e+02
1.515000000000002522e+01 7.999882528498494594e+02 1.799994832033099499e+02
1.530000000000002558e+01 7.999882528498494594e+02 1.799994832033099499e+02
1.545000000000002593e+01 7.999882528498494594e+02 1.799994832033099499e+02
1.560000000000002629e+01 7.999882528498494594e+02 1.799994832033099499e+02
1.575000000000002665e+01 7.999882528498494594e+02 1.799994832033099499e+02
1.590000000000002700e+01 7.999882528498494594e+02 1.799994832033099499e+02
