1.499999999999999944e-01 7.999946431513693597e+02 1.799995881040792369e+02
2.999999999999999889e-01 7.999946431513693597e+02 1.799995881040792369e+02
4.499999999999999556e-01 7.999946431513693597e+02 1.799995881040792369e+02
5.999999999999999778e-01 7.999946431513693597e+02 1.799995881040792369e+02
7.500000000000000000e-01 7.999946431513693597e+02 1.799995881040792369e+02
9.000000000000000222e-01 7.999946431513693597e+02 1.799995881040792369e+02
1.050000000000000044e+00 7.999946431513693597e+02 1.799995881040792369e+02
1.199999999999999956e+00 7.999946431513693597e+02 1.799995881040792369e+02
1.349999999999999867e+00 7.999946431513693597e+02 1.799995881040792369e+02
1.499999999999999778e+00 7.999946431513693597e+02 1.799995881040792369e+02
1.649999999999999689e+00 7.999946431513693597e+02 1.799995881040792369e+02
1.799999999999999600e+00 7.999946431513693597e+02 1.799995881040792369e+02
1.949999999999999512e+00 7.999946431513693597e+02 1.799995881040792369e+02
2.099999999999999645e+00 7.999983837582686874e+02 1.799995885622355161e+02
2.249999999999999556e+00 7.999983837582686874e+02 1.799995885622355161e+02
2.399999999999999467e+00 7.999983837582686874e+02 1.799995885622355161e+02
2.549999999999999378e+00 7.999983837582686874e+02 1.799995885622355161e+02
2.699999999999999289e+00 7.999983837582686874e+02 1.799995885622355161e+02
2.849999999999999201e+00 7.999983837582686874e+02 1.799995885622355161e+02
2.999999999999999112e+00 7.999983837582686874e+02 1.799995885622355161e+02
3.149999999999999023e+00 7.999983837582686874e+02 1.799995885622355161e+02
3.299999999999998934e+00 7.999983837582686874e+02 1.799995885622355161e+02
3.449999999999998845e+00 7.999983837582686874e+02 1.799995885622355161e+02
3.599999999999998757e+00 7.999983837582686874e+02 1.799995885622355161e+02
3.749999999999998668e+00 7.999983837582686874e+02 1.799995885622355161e+02
3.899999999999998579e+00 7.999983837582686874e+02 1.799995885622355161e+02
4.049999999999998934e+00 4.959038784685691326e+02 1.799995889666735707e+02
4.199999999999999289e+00 3.465444015493094980e+02 1.799995896702135667e+02
4.349999999999999645e+00 1.957692274510033030e+02 1.799995940236084095e+02
4.500000000000000000e+00 1.248060047784010891e+02 1.799996010897858980e+02
4.650000000000000355e+00 8.016060684299240791e+01 1.799996116607710519e+02
4.800000000000000711e+00 5.287387158961928435e+01 1.799996289290095888e+02
4.950000000000001066e+00 3.575704445736212733e+01 1.799996536407886651e+02
5.100000000000001421e+00 2.499737578091203005e+01 1.799996860707183544e+02
5.250000000000001776e+00 1.821237294934184447e+01 1.799997275136172163e+02
5.400000000000002132e+00 1.392981605732437345e+01 1.799997746460058750e+02
5.550000000000002487e+00 1.122523922898377080e+01 1.799998226543381463e+02
5.700000000000002842e+00 9.516894785910828602e+00 1.799998676561789921e+02
5.850000000000003197e+00 8.437900370062649813e+00 1.799999055583213874e+02
6.000000000000003553e+00 7.756743681804472601e+00 1.799999348401758255e+02
6.150000000000003908e+00 7.327346535016566520e+00 1.799999563557559839e+02
6.300000000000004263e+00 7.057649187514435596e+00 1.799999713297551978e+02
6.450000000000004619e+00 6.889840506927470187e+00 1.799999813724977287e+02
6.600000000000004974e+00 6.787953565118847621e+00 1.799999880368413301e+02
6.750000000000005329e+00 6.730152023065109290e+00 1.799999923654876568e+02
6.900000000000005684e+00 6.704048354326907599e+00 1.799999951388045076e+02
7.050000000000006040e+00 6.704048354765745898e+00 1.799999969241572444e+02
7.200000000000006395e+00 6.730152024466441674e+00 1.799999980613632715e+02
7.350000000000006750e+00 6.787953567803505450e+00 1.799999987808608068e+02
7.500000000000007105e+00 6.889840511459674133e+00 1.799999992400271083e+02
7.650000000000007461e+00 7.057649194860367459e+00 1.799999995305844891e+02
7.800000000000007816e+00 7.327346546747193656e+00 1.799999997132353826e+02
7.950000000000008171e+00 7.756743700423754717e+00 1.799999998286114078e+02
8.100000000000008527e+00 8.437900399571759635e+00 1.799999999003230187e+02
8.250000000000008882e+00 9.516894832630512724e+00 1.799999999439565670e+02
8.400000000000009237e+00 1.122523930293724348e+01 1.799999999699449518e+02
8.550000000000009592e+00 1.392981617438909936e+01 1.799999999846810965e+02
8.700000000000009948e+00 1.821237313470124164e+01 1.799999999925708210e+02
8.850000000000010303e+00 2.499737607465157652e+01 1.799999999965738198e+02
9.000000000000010658e+00 3.575704492344988950e+01 1.799999999984790975e+02
9.150000000000011013e+00 5.287387233257068431e+01 1.799999999993387689e+02
9.300000000000011369e+00 8.016060803045334637e+01 1.799999999997117470e+02
9.450000000000011724e+00 1.248060067505009982e+02 1.799999999998672422e+02
9.600000000000012079e+00 1.957692305779139019e+02 1.799999999999277236e+02
9.750000000000012434e+00 3.465444090812101194e+02 1.799999999999511431e+02
9.900000000000012790e+00 4.959038843779250669e+02 1.799999999999572537e+02
1.005000000000001315e+01 7.999984373049089754e+02 1.799999999999580780e+02
1.020000000000001350e+01 7.999984373049089754e+02 1.799999999999580780e+02
1.035000000000001386e+01 7.999984373049089754e+02 1.799999999999580780e+02
1.050000000000001421e+01 7.999984373049089754e+02 1.799999999999580780e+02
1.065000000000001457e+01 7.999984373049089754e+02 1.799999999999580780e+02
1.080000000000001492e+01 7.999984373049089754e+02 1.799999999999580780e+02
1.095000000000001528e+01 7.999984373049089754e+02 1.799999999999580780e+02
1.110000000000001563e+01 7.999984373049089754e+02 1.799999999999580780e+02
1.125000000000001599e+01 7.999984373049089754e+02 1.799999999999580780e+02
1.140000000000001634e+01 7.999984373049089754e+02 1.799999999999580780e+02
1.155000000000001670e+01 7.999984373049089754e+02 1.799999999999580780e+02
1.170000000000001705e+01 7.999984373049089754e+02 1.799999999999580780e+02
1.185000000000001741e+01 7.999984373049089754e+02 1.799999999999580780e+02
1.200000000000001776e+01 7.999984373049089754e+02 1.799999999999580780e+02
1.215000000000001812e+01 7.999984373049089754e+02 1.799999999999580780e+02
1.230000000000001847e+01 7.999984373049089754e+02 1.799999999999580780e+02
1.245000000000001883e+01 7.999984373049089754e+02 1.799999999999580780e+02
1.260000000000001918e+01 7.999984373049089754e+02 1.799999999999580780e+02
1.275000000000001954e+01 7.999984373049089754e+02 1.799999999999580780e+02
1.290000000000001990e+01 7.999984373049089754e+02 1.799999999999580780e+02
1.305000000000002025e+01 7.999948206256091225e+02 1.799999999999583906e+02
1.320000000000002061e+01 7.999948206256091225e+02 1.799999999999583906e+02
1.335000000000002096e+01 7.999948206256091225e+02 1.799999999999583906e+02
1.350000000000002132e+01 7.999948206256091225e+02 1.799999999999583906e+02
1.365000000000002167e+01 7.999948206256091225e+02 1.799999999999583906e+02
1.380000000000002203e+01 7.999948206256091225e+02 1.799999999999583906e+02
1.395000000000002238e+01 7.999948206256091225e+02 1.799999999999583906e+02
1.410000000000002274e+01 7.999948206256091225e+02 1.799999999999583906e+02
1.425000000000002309e+01 7.999948206256091225e+02 1.799999999999583906e+02
1.440000000000002345e+01 7.999948206256091225e+02 1.799999999999583906e+02
1.455000000000002380e+01 7.999948206256091225e+02 1.799999999999583906e+02
1.470000000000002416e+01 7.999948206256091225e+02 1.799999999999583906e+02
1.485000000000002451e+01 7.999948206256091225e+02 1.799999999999583906e+02
1.500000000000002487e+01 7.999948206256091225e+02 1.799999999999583906e+02
1.515000000000002522e+01 7.999948206256091225e+02 1.799999999999583906e+02
1.530000000000002558e+01 7.999948206256091225e+02 1.799999999999583906e+02
1.545000000000002593e+01 7.999948206256091225e+02 1.799999999999583906e+02
1.560000000000002629e+01 7.999948206256091225e+02 1.799999999999583906e+02
1.575000000000002665e+01 7.999948206256091225e+02 1.799999999999583906e+02
1.590000000000002700e+01 7.999948206256091225e+02 1.799999999999583906e+02
