1.499999999999999944e-01 7.999882628410606458e+02 1.832680010849241370e-05
2.999999999999999889e-01 7.999882628410606458e+02 1.832680010849241370e-05
4.499999999999999556e-01 7.999882628410606458e+02 1.832680010849241370e-05
5.999999999999999778e-01 7.999882628410606458e+02 1.832680010849241370e-05
7.500000000000000000e-01 7.999882628410606458e+02 1.832680010849241370e-05
9.000000000000000222e-01 7.999882628410606458e+02 1.832680010849241370e-05
1.050000000000000044e+00 7.999882628410606458e+02 1.832680010849241370e-05
1.199999999999999956e+00 7.999882628410606458e+02 1.832680010849241370e-05
1.349999999999999867e+00 7.999882628410606458e+02 1.832680010849241370e-05
1.499999999999999778e+00 7.999882628410606458e+02 1.832680010849241370e-05
1.649999999999999689e+00 7.999882628410606458e+02 1.832680010849241370e-05
1.799999999999999600e+00 7.999882628410606458e+02 1.832680010849241370e-05
1.949999999999999512e+00 7.999882628410606458e+02 1.832680010849241370e-05
2.099999999999999645e+00 7.999960703052711324e+02 1.831459176016014823e-05
2.249999999999999556e+00 7.999960703052711324e+02 1.831459176016014823e-05
2.399999999999999467e+00 7.999960703052711324e+02 1.831459176016014823e-05
2.549999999999999378e+00 7.999960703052711324e+02 1.831459176016014823e-05
2.699999999999999289e+00 7.999960703052711324e+02 1.831459176016014823e-05
2.849999999999999201e+00 7.999960703052711324e+02 1.831459176016014823e-05
2.999999999999999112e+00 7.999960703052711324e+02 1.831459176016014823e-05
3.149999999999999023e+00 7.999960703052711324e+02 1.831459176016014823e-05
3.299999999999998934e+00 7.999960703052711324e+02 1.831459176016014823e-05
3.449999999999998845e+00 7.999960703052711324e+02 1.831459176016014823e-05
3.599999999999998757e+00 7.999960703052711324e+02 1.831459176016014823e-05
3.749999999999998668e+00 7.999960703052711324e+02 1.831459176016014823e-05
3.899999999999998579e+00 7.999960703052711324e+02 1.831459176016014823e-05
4.049999999999998934e+00 4.894542855681963829e+02 1.833105411763735759e-05
4.199999999999999289e+00 3.209745007200858709e+02 1.839908081147090257e-05
4.349999999999999645e+00 1.620878695326105117e+02 1.848428454898076723e-05
4.500000000000000000e+00 9.094718034378374227e+01 1.862524279749866452e-05
4.650000000000000355e+00 4.989821144894425231e+01 1.892319810414822001e-05
4.800000000000000711e+00 2.729568043070796080e+01 1.939906442738337233e-05
4.950000000000001066e+00 1.461141675080243729e+01 2.030475703185263825e-05
5.100000000000001421e+00 7.512912135792724655e+00 2.218165637224434050e-05
5.250000000000001776e+00 3.534963190363555441e+00 2.642784070261416929e-05
5.400000000000002132e+00 1.306160302041632804e+00 4.009687978989706636e-05
5.550000000000002487e+00 5.727490693243453279e-02 5.136235873538508301e-04
5.700000000000002842e+00 6.425198783241512501e-01 1.799999743326740713e+02
5.850000000000003197e+00 1.034657096675232424e+00 1.799999910643158785e+02
6.000000000000003553e+00 1.254424914239109512e+00 1.799999958601850949e+02
6.150000000000003908e+00 1.377645278769051629e+00 1.799999978867802497e+02
6.300000000000004263e+00 1.446830685399163485e+00 1.799999988719698649e+02
6.450000000000004619e+00 1.485851071532835022e+00 1.799999993830300298e+02
6.600000000000004974e+00 1.508169061746457373e+00 1.799999996592424338e+02
6.750000000000005329e+00 1.521484716264069448e+00 1.799999998106416683e+02
6.900000000000005684e+00 1.530392151960967340e+00 1.799999998942571438e+02
7.050000000000006040e+00 1.537964580985146767e+00 1.799999999410116800e+02
7.200000000000006395e+00 1.546814617488081467e+00 1.799999999671197486e+02
7.350000000000006750e+00 1.559995673233714797e+00 1.799999999816867557e+02
7.500000000000007105e+00 1.582055437775409246e+00 1.799999999898754197e+02
7.650000000000007461e+00 1.620604916044698030e+00 1.799999999944566298e+02
7.800000000000007816e+00 1.688944379263318751e+00 1.799999999970084161e+02
7.950000000000008171e+00 1.810652274777140747e+00 1.799999999984293027e+02
8.100000000000008527e+00 2.027720463369746540e+00 1.799999999992035669e+02
8.250000000000008882e+00 2.415043271249857071e+00 1.799999999996090878e+02
8.400000000000009237e+00 3.106259886510372326e+00 1.799999999998086366e+02
8.550000000000009592e+00 4.339882063018492886e+00 1.799999999998963744e+02
8.700000000000009948e+00 6.541592260049313268e+00 1.799999999999296847e+02
8.850000000000010303e+00 1.047165455417380286e+01 1.799999999999400586e+02
9.000000000000010658e+00 1.748616532341027963e+01 1.799999999999421050e+02
9.150000000000011013e+00 3.002504184140786947e+01 1.799999999999417071e+02
9.300000000000011369e+00 5.238216678233716550e+01 1.799999999999409397e+02
9.450000000000011724e+00 9.303257935934215084e+01 1.799999999999404849e+02
9.600000000000012079e+00 1.635835836771666152e+02 1.799999999999400018e+02
9.750000000000012434e+00 3.216569059582529349e+02 1.799999999999398312e+02
9.900000000000012790e+00 4.895241030531783508e+02 1.799999999999398312e+02
1.005000000000001315e+01 7.999960994676904420e+02 1.799999999999398881e+02
1.020000000000001350e+01 7.999960994676904420e+02 1.799999999999398881e+02
1.035000000000001386e+01 7.999960994676904420e+02 1.799999999999398881e+02
1.050000000000001421e+01 7.999960994676904420e+02 1.799999999999398881e+02
1.065000000000001457e+01 7.999960994676904420e+02 1.799999999999398881e+02
1.080000000000001492e+01 7.999960994676904420e+02 1.799999999999398881e+02
1.095000000000001528e+01 7.999960994676904420e+02 1.799999999999398881e+02
1.110000000000001563e+01 7.999960994676904420e+02 1.799999999999398881e+02
1.125000000000001599e+01 7.999960994676904420e+02 1.799999999999398881e+02
1.140000000000001634e+01 7.999960994676904420e+02 1.799999999999398881e+02
1.155000000000001670e+01 7.999960994676904420e+02 1.799999999999398881e+02
1.170000000000001705e+01 7.999960994676904420e+02 1.799999999999398881e+02
1.185000000000001741e+01 7.999960994676904420e+02 1.799999999999398881e+02
1.200000000000001776e+01 7.999960994676904420e+02 1.799999999999398881e+02
1.215000000000001812e+01 7.999960994676904420e+02 1.799999999999398881e+02
1.230000000000001847e+01 7.999960994676904420e+02 1.799999999999398881e+02
1.245000000000001883e+01 7.999960994676904420e+02 1.799999999999398881e+02
1.260000000000001918e+01 7.999960994676904420e+02 1.799999999999398881e+02
1.275000000000001954e+01 7.999960994676904420e+02 1.799999999999398881e+02
1.290000000000001990e+01 7.999960994676904420e+02 1.799999999999398881e+02
1.305000000000002025e+01 7.999883442707919130e+02 1.799999999999400302e+02
1.320000000000002061e+01 7.999883442707919130e+02 1.799999999999400302e+02
1.335000000000002096e+01 7.999883442707919130e+02 1.799999999999400302e+02
1.350000000000002132e+01 7.999883442707919130e+02 1.799999999999400302e+02
1.365000000000002167e+01 7.999883442707919130e+02 1.799999999999400302e+02
1.380000000000002203e+01 7.999883442707919130e+02 1.799999999999400302e+02
1.395000000000002238e+01 7.999883442707919130e+02 1.799999999999400302e+02
1.410000000000002274e+01 7.999883442707919130e+02 1.799999999999400302e+02
1.425000000000002309e+01 7.999883442707919130e+02 1.799999999999400302e+02
1.440000000000002345e+01 7.999883442707919130e+02 1.799999999999400302e+02
1.455000000000002380e+01 7.999883442707919130e+02 1.799999999999400302e+02
1.470000000000002416e+01 7.999883442707919130e+02 1.799999999999400302e+02
1.485000000000002451e+01 7.999883442707919130e+02 1.799999999999400302e+02
1.500000000000002487e+01 7.999883442707919130e+02 1.799999999999400302e+02
1.515000000000002522e+01 7.999883442707919130e+02 1.799999999999400302e+02
1.530000000000002558e+01 7.999883442707919130e+02 1.799999999999400302e+02
1.545000000000002593e+01 7.999883442707919130e+02 1.799999999999400302e+02
1.560000000000002629e+01 7.999883442707919130e+02 1.799999999999400302e+02
1.575000000000002665e+01 7.999883442707919130e+02 1.799999999999400302e+02
1.590000000000002700e+01 7.999883442707919130e+02 1.799999999999400302e+02
