1.499999999999999944e-01 7.999999997566671937e+02 1.799994131898444607e+02
2.999999999999999889e-01 7.999999997566671937e+02 1.799994131898444607e+02
4.499999999999999556e-01 7.999999997566671937e+02 1.799994131898444607e+02
5.999999999999999778e-01 7.999999997566671937e+02 1.799994131898444607e+02
7.500000000000000000e-01 7.999999997566671937e+02 1.799994131898444607e+02
9.000000000000000222e-01 7.999999997566671937e+02 1.799994131898444607e+02
1.050000000000000044e+00 7.999999997566671937e+02 1.799994131898444607e+02
1.199999999999999956e+00 7.999999997566671937e+02 1.799994131898444607e+02
1.349999999999999867e+00 7.999999997566671937e+02 1.799994131898444607e+02
1.499999999999999778e+00 7.999999997566671937e+02 1.799994131898444607e+02
1.649999999999999689e+00 7.999999997566671937e+02 1.799994131898444607e+02
1.799999999999999600e+00 7.999999997566671937e+02 1.799994131898444607e+02
1.949999999999999512e+00 7.999999997566671937e+02 1.799994131898444607e+02
2.099999999999999645e+00 7.999999999786392664e+02 1.799994140844715105e+02
2.249999999999999556e+00 7.999999999786392664e+02 1.799994140844715105e+02
2.399999999999999467e+00 7.999999999786392664e+02 1.799994140844715105e+02
2.549999999999999378e+00 7.999999999786392664e+02 1.799994140844715105e+02
2.699999999999999289e+00 7.999999999786392664e+02 1.799994140844715105e+02
2.849999999999999201e+00 7.999999999786392664e+02 1.799994140844715105e+02
2.999999999999999112e+00 7.999999999786392664e+02 1.799994140844715105e+02
3.149999999999999023e+00 7.999999999786392664e+02 1.799994140844715105e+02
3.299999999999998934e+00 7.999999999786392664e+02 1.799994140844715105e+02
3.449999999999998845e+00 7.999999999786392664e+02 1.799994140844715105e+02
3.599999999999998757e+00 7.999999999786392664e+02 1.799994140844715105e+02
3.749999999999998668e+00 7.999999999786392664e+02 1.799994140844715105e+02
3.899999999999998579e+00 7.999999999786392664e+02 1.799994140844715105e+02
4.049999999999998934e+00 5.178428180824878382e+02 1.799994167256205344e+02
4.199999999999999289e+00 4.911547721188688911e+02 1.799994268137732263e+02
4.349999999999999645e+00 4.582565436609279459e+02 1.799994467638127560e+02
4.500000000000000000e+00 4.540727543400847139e+02 1.799994663852316137e+02
4.650000000000000355e+00 4.528066360987600660e+02 1.799994851537705927e+02
4.800000000000000711e+00 4.525565225773497104e+02 1.799995042703518209e+02
4.950000000000001066e+00 4.524969562882353102e+02 1.799995228473015914e+02
5.100000000000001421e+00 4.524840081000363625e+02 1.799995401005141957e+02
5.250000000000001776e+00 4.524810670694338910e+02 1.799995576426840103e+02
5.400000000000002132e+00 4.524804131314180609e+02 1.799995746801642156e+02
5.550000000000002487e+00 4.524802662238367361e+02 1.799995905359820085e+02
5.700000000000002842e+00 4.524802333849874572e+02 1.799996066483609525e+02
5.850000000000003197e+00 4.524802260266781104e+02 1.799996223111721463e+02
6.000000000000003553e+00 4.524802243797989263e+02 1.799996369248256087e+02
6.150000000000003908e+00 4.524802240109999616e+02 1.799996517661858491e+02
6.300000000000004263e+00 4.524802239284348389e+02 1.799996662087880566e+02
6.450000000000004619e+00 4.524802239099487906e+02 1.799996797244087361e+02
6.600000000000004974e+00 4.524802239058106466e+02 1.799996934411396694e+02
6.750000000000005329e+00 4.524802239048871684e+02 1.799997068059822425e+02
6.900000000000005684e+00 4.524802239046905470e+02 1.799997193568545129e+02
7.050000000000006040e+00 4.524802239046910017e+02 1.799997320842290094e+02
7.200000000000006395e+00 4.524802239048888737e+02 1.799997445031054610e+02
7.350000000000006750e+00 4.524802239058138298e+02 1.799997562129706239e+02
7.500000000000007105e+00 4.524802239099527696e+02 1.799997680764763572e+02
7.650000000000007461e+00 4.524802239284401821e+02 1.799997796718224379e+02
7.800000000000007816e+00 4.524802240110066123e+02 1.799997906561001457e+02
7.950000000000008171e+00 4.524802243798067707e+02 1.799998017726769035e+02
8.100000000000008527e+00 4.524802260266874327e+02 1.799998126587781542e+02
8.250000000000008882e+00 4.524802333849980300e+02 1.799998230257022840e+02
8.400000000000009237e+00 4.524802662238489006e+02 1.799998335048933313e+02
8.550000000000009592e+00 4.524804131314315327e+02 1.799998437890058653e+02
8.700000000000009948e+00 4.524810670694490113e+02 1.799998536406630478e+02
8.850000000000010303e+00 4.524840081000529608e+02 1.799998635855906741e+02
9.000000000000010658e+00 4.524969562882536138e+02 1.799998733683877674e+02
9.150000000000011013e+00 4.525565225773697762e+02 1.799998827999860680e+02
9.300000000000011369e+00 4.528066360987814392e+02 1.799998922949507687e+02
9.450000000000011724e+00 4.540727543401075081e+02 1.799999016461514145e+02
9.600000000000012079e+00 4.582565436609516496e+02 1.799999104482857035e+02
9.750000000000012434e+00 4.911547721189118647e+02 1.799999191672385450e+02
9.900000000000012790e+00 5.178428180825093250e+02 1.799999238188634934e+02
1.005000000000001315e+01 7.999999999797537384e+02 1.799999248461517709e+02
1.020000000000001350e+01 7.999999999797537384e+02 1.799999248461517709e+02
1.035000000000001386e+01 7.999999999797537384e+02 1.799999248461517709e+02
1.050000000000001421e+01 7.999999999797537384e+02 1.799999248461517709e+02
1.065000000000001457e+01 7.999999999797537384e+02 1.799999248461517709e+02
1.080000000000001492e+01 7.999999999797537384e+02 1.799999248461517709e+02
1.095000000000001528e+01 7.999999999797537384e+02 1.799999248461517709e+02
1.110000000000001563e+01 7.999999999797537384e+02 1.799999248461517709e+02
1.125000000000001599e+01 7.999999999797537384e+02 1.799999248461517709e+02
1.140000000000001634e+01 7.999999999797537384e+02 1.799999248461517709e+02
1.155000000000001670e+01 7.999999999797537384e+02 1.799999248461517709e+02
1.170000000000001705e+01 7.999999999797537384e+02 1.799999248461517709e+02
1.185000000000001741e+01 7.999999999797537384e+02 1.799999248461517709e+02
1.200000000000001776e+01 7.999999999797537384e+02 1.799999248461517709e+02
1.215000000000001812e+01 7.999999999797537384e+02 1.799999248461517709e+02
1.230000000000001847e+01 7.999999999797537384e+02 1.799999248461517709e+02
1.245000000000001883e+01 7.999999999797537384e+02 1.799999248461517709e+02
1.260000000000001918e+01 7.999999999797537384e+02 1.799999248461517709e+02
1.275000000000001954e+01 7.999999999797537384e+02 1.799999248461517709e+02
1.290000000000001990e+01 7.999999999797537384e+02 1.799999248461517709e+02
1.305000000000002025e+01 7.999999997693632849e+02 1.799999251269599938e+02
1.320000000000002061e+01 7.999999997693632849e+02 1.799999251269599938e+02
1.335000000000002096e+01 7.999999997693632849e+02 1.799999251269599938e+02
1.350000000000002132e+01 7.999999997693632849e+02 1.799999251269599938e+02
1.365000000000002167e+01 7.999999997693632849e+02 1.799999251269599938e+02
1.380000000000002203e+01 7.999999997693632849e+02 1.799999251269599938e+02
1.395000000000002238e+01 7.999999997693632849e+02 1.799999251269599938e+02
1.410000000000002274e+01 7.999999997693632849e+02 1.799999251269599938e+02
1.425000000000002309e+01 7.999999997693632849e+02 1.799999251269599938e+02
1.440000000000002345e+01 7.999999997693632849e+02 1.799999251269599938e+02
1.455000000000002380e+01 7.999999997693632849e+02 1.799999251269599938e+02
1.470000000000002416e+01 7.999999997693632849e+02 1.799999251269599938e+02
1.485000000000002451e+01 7.999999997693632849e+02 1.799999251269599938e+02
1.500000000000002487e+01 7.999999997693632849e+02 1.799999251269599938e+02
1.515000000000002522e+01 7.999999997693632849e+02 1.799999251269599938e+02
1.530000000000002558e+01 7.999999997693632849e+02 1.799999251269599938e+02
1.545000000000002593e+01 7.999999997693632849e+02 1.799999251269599938e+02
1.560000000000002629e+01 7.999999997693632849e+02 1.799999251269599938e+02
1.575000000000002665e+01 7.999999997693632849e+02 1.799999251269599938e+02
1.590000000000002700e+01 7.999999997693632849e+02 1.799999251269599938e+02
