1.499999999999999944e-01 7.999997773357068809e+02 1.799994611102081592e+02
2.999999999999999889e-01 7.999997773357068809e+02 1.799994611102081592e+02
4.499999999999999556e-01 7.999997773357068809e+02 1.799994611102081592e+02
5.999999999999999778e-01 7.999997773357068809e+02 1.799994611102081592e+02
7.500000000000000000e-01 7.999997773357068809e+02 1.799994611102081592e+02
9.000000000000000222e-01 7.999997773357068809e+02 1.799994611102081592e+02
1.050000000000000044e+00 7.999997773357068809e+02 1.799994611102081592e+02
1.199999999999999956e+00 7.999997773357068809e+02 1.799994611102081592e+02
1.349999999999999867e+00 7.999997773357068809e+02 1.799994611102081592e+02
1.499999999999999778e+00 7.999997773357068809e+02 1.799994611102081592e+02
1.649999999999999689e+00 7.999997773357068809e+02 1.799994611102081592e+02
1.799999999999999600e+00 7.999997773357068809e+02 1.799994611102081592e+02
1.949999999999999512e+00 7.999997773357068809e+02 1.799994611102081592e+02
2.099999999999999645e+00 7.999999555457011411e+02 1.799994618007939380e+02
2.249999999999999556e+00 7.999999555457011411e+02 1.799994618007939380e+02
2.399999999999999467e+00 7.999999555457011411e+02 1.799994618007939380e+02
2.549999999999999378e+00 7.999999555457011411e+02 1.799994618007939380e+02
2.699999999999999289e+00 7.999999555457011411e+02 1.799994618007939380e+02
2.849999999999999201e+00 7.999999555457011411e+02 1.799994618007939380e+02
2.999999999999999112e+00 7.999999555457011411e+02 1.799994618007939380e+02
3.149999999999999023e+00 7.999999555457011411e+02 1.799994618007939380e+02
3.299999999999998934e+00 7.999999555457011411e+02 1.799994618007939380e+02
3.449999999999998845e+00 7.999999555457011411e+02 1.799994618007939380e+02
3.599999999999998757e+00 7.999999555457011411e+02 1.799994618007939380e+02
3.749999999999998668e+00 7.999999555457011411e+02 1.799994618007939380e+02
3.899999999999998579e+00 7.999999555457011411e+02 1.799994618007939380e+02
4.049999999999998934e+00 5.103637494119845996e+02 1.799994634349390310e+02
4.199999999999999289e+00 4.264383446560290167e+02 1.799994699532449545e+02
4.349999999999999645e+00 3.360246148106618875e+02 1.799994871068271891e+02
4.500000000000000000e+00 3.058417551138193744e+02 1.799995082066619432e+02
4.650000000000000355e+00 2.902805462520518631e+02 1.799995311565124609e+02
4.800000000000000711e+00 2.828696806145578648e+02 1.799995555774854950e+02
4.950000000000001066e+00 2.791567818837023651e+02 1.799995797118313590e+02
5.100000000000001421e+00 2.772972973165822168e+02 1.799996023406736469e+02
5.250000000000001776e+00 2.763592659220694259e+02 1.799996247849724114e+02
5.400000000000002132e+00 2.758853451378882937e+02 1.799996462014955227e+02
5.550000000000002487e+00 2.756455770423136187e+02 1.799996659736520996e+02
5.700000000000002842e+00 2.755242091274008089e+02 1.799996854051574076e+02
5.850000000000003197e+00 2.754627553863750791e+02 1.799997038844938686e+02
6.000000000000003553e+00 2.754316354751837821e+02 1.799997209445075441e+02
6.150000000000003908e+00 2.754158777477941840e+02 1.799997376993587466e+02
6.300000000000004263e+00 2.754079033405991481e+02 1.799997536495335737e+02
6.450000000000004619e+00 2.754038773902129833e+02 1.799997684143538095e+02
6.600000000000004974e+00 2.754018639674285964e+02 1.799997829238713507e+02
6.750000000000005329e+00 2.754008949261876751e+02 1.799997967654228717e+02
6.900000000000005684e+00 2.754005043150757501e+02 1.799998096288294960e+02
7.050000000000006040e+00 2.754005043150797860e+02 1.799998222824077914e+02
7.200000000000006395e+00 2.754008949262002375e+02 1.799998343878738467e+02
7.350000000000006750e+00 2.754018639674499127e+02 1.799998456965039395e+02
7.500000000000007105e+00 2.754038773902443609e+02 1.799998568352987434e+02
7.650000000000007461e+00 2.754079033406420649e+02 1.799998675309780651e+02
7.800000000000007816e+00 2.754158777478515958e+02 1.799998775893123764e+02
7.950000000000008171e+00 2.754316354752616576e+02 1.799998875126078133e+02
8.100000000000008527e+00 2.754627553864844458e+02 1.799998970845987287e+02
8.250000000000008882e+00 2.755242091275625853e+02 1.799999061591536247e+02
8.400000000000009237e+00 2.756455770425692435e+02 1.799999151253546472e+02
8.550000000000009592e+00 2.758853451383192237e+02 1.799999238139724014e+02
8.700000000000009948e+00 2.763592659228355615e+02 1.799999321149449827e+02
8.850000000000010303e+00 2.772972973180010854e+02 1.799999402996129447e+02
9.000000000000010658e+00 2.791567818864081119e+02 1.799999482117341358e+02
9.150000000000011013e+00 2.828696806198560694e+02 1.799999557194075805e+02
9.300000000000011369e+00 2.902805462625313453e+02 1.799999628780354328e+02
9.450000000000011724e+00 3.058417551361121127e+02 1.799999693907454059e+02
9.600000000000012079e+00 3.360246148533455539e+02 1.799999747280531324e+02
9.750000000000012434e+00 4.264383448008750861e+02 1.799999787901231514e+02
9.900000000000012790e+00 5.103637495153577106e+02 1.799999804375551378e+02
1.005000000000001315e+01 7.999999572448481331e+02 1.799999807567448897e+02
1.020000000000001350e+01 7.999999572448481331e+02 1.799999807567448897e+02
1.035000000000001386e+01 7.999999572448481331e+02 1.799999807567448897e+02
1.050000000000001421e+01 7.999999572448481331e+02 1.799999807567448897e+02
1.065000000000001457e+01 7.999999572448481331e+02 1.799999807567448897e+02
1.080000000000001492e+01 7.999999572448481331e+02 1.799999807567448897e+02
1.095000000000001528e+01 7.999999572448481331e+02 1.799999807567448897e+02
1.110000000000001563e+01 7.999999572448481331e+02 1.799999807567448897e+02
1.125000000000001599e+01 7.999999572448481331e+02 1.799999807567448897e+02
1.140000000000001634e+01 7.999999572448481331e+02 1.799999807567448897e+02
1.155000000000001670e+01 7.999999572448481331e+02 1.799999807567448897e+02
1.170000000000001705e+01 7.999999572448481331e+02 1.799999807567448897e+02
1.185000000000001741e+01 7.999999572448481331e+02 1.799999807567448897e+02
1.200000000000001776e+01 7.999999572448481331e+02 1.799999807567448897e+02
1.215000000000001812e+01 7.999999572448481331e+02 1.799999807567448897e+02
1.230000000000001847e+01 7.999999572448481331e+02 1.799999807567448897e+02
1.245000000000001883e+01 7.999999572448481331e+02 1.799999807567448897e+02
1.260000000000001918e+01 7.999999572448481331e+02 1.799999807567448897e+02
1.275000000000001954e+01 7.999999572448481331e+02 1.799999807567448897e+02
1.290000000000001990e+01 7.999999572448481331e+02 1.799999807567448897e+02
1.305000000000002025e+01 7.999997858464552110e+02 1.799999808398500249e+02
1.320000000000002061e+01 7.999997858464552110e+02 1.799999808398500249e+02
1.335000000000002096e+01 7.999997858464552110e+02 1.799999808398500249e+02
1.350000000000002132e+01 7.999997858464552110e+02 1.799999808398500249e+02
1.365000000000002167e+01 7.999997858464552110e+02 1.799999808398500249e+02
1.380000000000002203e+01 7.999997858464552110e+02 1.799999808398500249e+02
1.395000000000002238e+01 7.999997858464552110e+02 1.799999808398500249e+02
1.410000000000002274e+01 7.999997858464552110e+02 1.799999808398500249e+02
1.425000000000002309e+01 7.999997858464552110e+02 1.799999808398500249e+02
1.440000000000002345e+01 7.999997858464552110e+02 1.799999808398500249e+02
1.455000000000002380e+01 7.999997858464552110e+02 1.799999808398500249e+02
1.470000000000002416e+01 7.999997858464552110e+02 1.799999808398500249e+02
1.485000000000002451e+01 7.999997858464552110e+02 1.799999808398500249e+02
1.500000000000002487e+01 7.999997858464552110e+02 1.799999808398500249e+02
1.515000000000002522e+01 7.999997858464552110e+02 1.799999808398500249e+02
1.530000000000002558e+01 7.999997858464552110e+02 1.799999808398500249e+02
1.545000000000002593e+01 7.999997858464552110e+02 1.799999808398500249e+02
1.560000000000002629e+01 7.999997858464552110e+02 1.799999808398500249e+02
1.575000000000002665e+01 7.999997858464552110e+02 1.799999808398500249e+02
1.590000000000002700e+01 7.999997858464552110e+02 1.799999808398500249e+02
