1.499999999999999944e-01 7.999997757968378664e+02 1.209680847243293869e+02
2.999999999999999889e-01 7.999997757968378664e+02 1.209680847243293869e+02
4.499999999999999556e-01 7.999997757968378664e+02 1.209680847243293869e+02
5.999999999999999778e-01 7.999997757968378664e+02 1.209680847243293869e+02
7.500000000000000000e-01 7.999997757968378664e+02 1.209680847243293869e+02
9.000000000000000222e-01 7.999997757968378664e+02 1.209680847243293869e+02
1.050000000000000044e+00 7.999997757968378664e+02 1.209680847243293869e+02
1.199999999999999956e+00 7.999997757968378664e+02 1.209680847243293869e+02
1.349999999999999867e+00 7.999997757968378664e+02 1.209680847243293869e+02
1.499999999999999778e+00 7.999997757968378664e+02 1.209680847243293869e+02
1.649999999999999689e+00 7.999997757968378664e+02 1.209680847243293869e+02
1.799999999999999600e+00 7.999997757968378664e+02 1.209680847243293869e+02
1.949999999999999512e+00 7.999997757968378664e+02 1.209680847243293869e+02
2.099999999999999645e+00 7.999999552240162757e+02 1.209982352373043852e+02
2.249999999999999556e+00 7.999999552240162757e+02 1.209982352373043852e+02
2.399999999999999467e+00 7.999999552240162757e+02 1.209982352373043852e+02
2.549999999999999378e+00 7.999999552240162757e+02 1.209982352373043852e+02
2.699999999999999289e+00 7.999999552240162757e+02 1.209982352373043852e+02
2.849999999999999201e+00 7.999999552240162757e+02 1.209982352373043852e+02
2.999999999999999112e+00 7.999999552240162757e+02 1.209982352373043852e+02
3.149999999999999023e+00 7.999999552240162757e+02 1.209982352373043852e+02
3.299999999999998934e+00 7.999999552240162757e+02 1.209982352373043852e+02
3.449999999999998845e+00 7.999999552240162757e+02 1.209982352373043852e+02
3.599999999999998757e+00 7.999999552240162757e+02 1.209982352373043852e+02
3.749999999999998668e+00 7.999999552240162757e+02 1.209982352373043852e+02
3.899999999999998579e+00 7.999999552240162757e+02 1.209982352373043852e+02
4.049999999999998934e+00 5.103455401675976191e+02 1.211651803777128720e+02
4.199999999999999289e+00 4.261098350635767815e+02 1.218958024174583983e+02
4.349999999999999645e+00 3.350917527777506280e+02 1.235898528973919923e+02
4.500000000000000000e+00 3.044255285967764735e+02 1.256999970710342467e+02
4.650000000000000355e+00 2.885172602257279664e+02 1.281110267192013055e+02
4.800000000000000711e+00 2.809051120309459861e+02 1.306058809956668938e+02
4.950000000000001066e+00 2.771063069753392938e+02 1.330950093859013066e+02
5.100000000000001421e+00 2.752398206827990066e+02 1.355248641434806416e+02
5.250000000000001776e+00 2.743431225010253343e+02 1.378719478973241337e+02
5.400000000000002132e+00 2.739368316819702045e+02 1.401266073654631725e+02
5.550000000000002487e+00 2.737766694847643976e+02 1.422865612511365896e+02
5.700000000000002842e+00 2.737382183367619177e+02 1.443531362568853922e+02
5.850000000000003197e+00 2.737580882464798719e+02 1.463293239514289894e+02
6.000000000000003553e+00 2.738041286342535727e+02 1.482188919169956591e+02
6.150000000000003908e+00 2.738601808840444392e+02 1.500259562415349990e+02
6.300000000000004263e+00 2.739182649737063571e+02 1.517546768976481530e+02
6.450000000000004619e+00 2.739745706210817957e+02 1.534091873309314167e+02
6.600000000000004974e+00 2.740274066216691722e+02 1.549935697853998136e+02
6.750000000000005329e+00 2.740761529175038618e+02 1.565117659352563066e+02
6.900000000000005684e+00 2.741207296132550368e+02 1.579676012025610987e+02
7.050000000000006040e+00 2.741613409115838067e+02 1.593648056944208804e+02
7.200000000000006395e+00 2.741983691507508638e+02 1.607069610127295505e+02
7.350000000000006750e+00 2.742323687896394517e+02 1.619975316373790974e+02
7.500000000000007105e+00 2.742641606035297173e+02 1.632398871906936506e+02
7.650000000000007461e+00 2.742950661925210056e+02 1.644372601070646454e+02
7.800000000000007816e+00 2.743273928922503160e+02 1.655927692289885158e+02
7.950000000000008171e+00 2.743654006111714807e+02 1.667094296966548370e+02
8.100000000000008527e+00 2.744172055931497312e+02 1.677901013495085749e+02
8.250000000000008882e+00 2.744985248030674256e+02 1.688374725704713057e+02
8.400000000000009237e+00 2.746400457198308231e+02 1.698539980344494609e+02
8.550000000000009592e+00 2.749019578604039111e+02 1.708417231748623237e+02
8.700000000000009948e+00 2.754026493300835341e+02 1.718020101122993992e+02
8.850000000000010303e+00 2.763760779050508631e+02 1.727349963329908178e+02
9.000000000000010658e+00 2.782853898498343028e+02 1.736384893253290045e+02
9.150000000000011013e+00 2.820703751850265917e+02 1.745062237753274985e+02
9.300000000000011369e+00 2.895846480591891918e+02 1.753236240502053533e+02
9.450000000000011724e+00 3.052897386406837654e+02 1.760670132380476218e+02
9.600000000000012079e+00 3.356539063385217219e+02 1.766806393601426635e+02
9.750000000000012434e+00 4.262997599729013132e+02 1.771409626426302850e+02
9.900000000000012790e+00 5.103550104653002109e+02 1.773264290806691292e+02
1.005000000000001315e+01 7.999999565797927517e+02 1.773631364433293811e+02
1.020000000000001350e+01 7.999999565797927517e+02 1.773631364433293811e+02
1.035000000000001386e+01 7.999999565797927517e+02 1.773631364433293811e+02
1.050000000000001421e+01 7.999999565797927517e+02 1.773631364433293811e+02
1.065000000000001457e+01 7.999999565797927517e+02 1.773631364433293811e+02
1.080000000000001492e+01 7.999999565797927517e+02 1.773631364433293811e+02
1.095000000000001528e+01 7.999999565797927517e+02 1.773631364433293811e+02
1.110000000000001563e+01 7.999999565797927517e+02 1.773631364433293811e+02
1.125000000000001599e+01 7.999999565797927517e+02 1.773631364433293811e+02
1.140000000000001634e+01 7.999999565797927517e+02 1.773631364433293811e+02
1.155000000000001670e+01 7.999999565797927517e+02 1.773631364433293811e+02
1.170000000000001705e+01 7.999999565797927517e+02 1.773631364433293811e+02
1.185000000000001741e+01 7.999999565797927517e+02 1.773631364433293811e+02
1.200000000000001776e+01 7.999999565797927517e+02 1.773631364433293811e+02
1.215000000000001812e+01 7.999999565797927517e+02 1.773631364433293811e+02
1.230000000000001847e+01 7.999999565797927517e+02 1.773631364433293811e+02
1.245000000000001883e+01 7.999999565797927517e+02 1.773631364433293811e+02
1.260000000000001918e+01 7.999999565797927517e+02 1.773631364433293811e+02
1.275000000000001954e+01 7.999999565797927517e+02 1.773631364433293811e+02
1.290000000000001990e+01 7.999999565797927517e+02 1.773631364433293811e+02
1.305000000000002025e+01 7.999997825419865194e+02 1.773702132959619462e+02
1.320000000000002061e+01 7.999997825419865194e+02 1.773702132959619462e+02
1.335000000000002096e+01 7.999997825419865194e+02 1.773702132959619462e+02
1.350000000000002132e+01 7.999997825419865194e+02 1.773702132959619462e+02
1.365000000000002167e+01 7.999997825419865194e+02 1.773702132959619462e+02
1.380000000000002203e+01 7.999997825419865194e+02 1.773702132959619462e+02
1.395000000000002238e+01 7.999997825419865194e+02 1.773702132959619462e+02
1.410000000000002274e+01 7.999997825419865194e+02 1.773702132959619462e+02
1.425000000000002309e+01 7.999997825419865194e+02 1.773702132959619462e+02
1.440000000000002345e+01 7.999997825419865194e+02 1.773702132959619462e+02
1.455000000000002380e+01 7.999997825419865194e+02 1.773702132959619462e+02
1.470000000000002416e+01 7.999997825419865194e+02 1.773702132959619462e+02
1.485000000000002451e+01 7.999997825419865194e+02 1.773702132959619462e+02
1.500000000000002487e+01 7.999997825419865194e+02 1.773702132959619462e+02
1.515000000000002522e+01 7.999997825419865194e+02 1.773702132959619462e+02
1.530000000000002558e+01 7.999997825419865194e+02 1.773702132959619462e+02
1.545000000000002593e+01 7.999997825419865194e+02 1.773702132959619462e+02
1.560000000000002629e+01 7.999997825419865194e+02 1.773702132959619462e+02
1.575000000000002665e+01 7.999997825419865194e+02 1.773702132959619462e+02
1.590000000000002700e+01 7.999997825419865194e+02 1.773702132959619462e+02
