1.499999999999999944e-01 7.998132656809902983e+02 8.860979675096025687e-05
2.999999999999999889e-01 7.998132656809902983e+02 8.860979675096025687e-05
4.499999999999999556e-01 7.998132656809902983e+02 8.860979675096025687e-05
5.999999999999999778e-01 7.998132656809902983e+02 8.860979675096025687e-05
7.500000000000000000e-01 7.998132656809902983e+02 8.860979675096025687e-05
9.000000000000000222e-01 7.998132656809902983e+02 8.860979675096025687e-05
1.050000000000000044e+00 7.998132656809902983e+02 8.860979675096025687e-05
1.199999999999999956e+00 7.998132656809902983e+02 8.860979675096025687e-05
1.349999999999999867e+00 7.998132656809902983e+02 8.860979675096025687e-05
1.499999999999999778e+00 7.998132656809902983e+02 8.860979675096025687e-05
1.649999999999999689e+00 7.998132656809902983e+02 8.860979675096025687e-05
1.799999999999999600e+00 7.998132656809902983e+02 8.860979675096025687e-05
1.949999999999999512e+00 7.998132656809902983e+02 8.860979675096025687e-05
2.099999999999999645e+00 7.999102346596417874e+02 8.857037557774560810e-05
2.249999999999999556e+00 7.999102346596417874e+02 8.857037557774560810e-05
2.399999999999999467e+00 7.999102346596417874e+02 8.857037557774560810e-05
2.549999999999999378e+00 7.999102346596417874e+02 8.857037557774560810e-05
2.699999999999999289e+00 7.999102346596417874e+02 8.857037557774560810e-05
2.849999999999999201e+00 7.999102346596417874e+02 8.857037557774560810e-05
2.999999999999999112e+00 7.999102346596417874e+02 8.857037557774560810e-05
3.149999999999999023e+00 7.999102346596417874e+02 8.857037557774560810e-05
3.299999999999998934e+00 7.999102346596417874e+02 8.857037557774560810e-05
3.449999999999998845e+00 7.999102346596417874e+02 8.857037557774560810e-05
3.599999999999998757e+00 7.999102346596417874e+02 8.857037557774560810e-05
3.749999999999998668e+00 7.999102346596417874e+02 8.857037557774560810e-05
3.899999999999998579e+00 7.999102346596417874e+02 8.857037557774560810e-05
4.049999999999998934e+00 4.505359913161457825e+02 8.863556327898258758e-05
4.199999999999999289e+00 2.288017529789432842e+02 8.888589099820265460e-05
4.349999999999999645e+00 8.087234039326752111e+01 8.936386171498611475e-05
4.500000000000000000e+00 3.220431822920527765e+01 9.048594566984924370e-05
4.650000000000000355e+00 1.202895717101701933e+01 9.371732957075273873e-05
4.800000000000000711e+00 4.304886290155351958e+00 1.026268836408217311e-04
4.950000000000001066e+00 1.268701149594676281e+00 1.358092403209720800e-04
5.100000000000001421e+00 8.597740605864601093e-02 7.838757915700211854e-04
5.250000000000001776e+00 3.761739390887441914e-01 1.799999300505722317e+02
5.400000000000002132e+00 5.565682909443694371e-01 1.799999815379166535e+02
5.550000000000002487e+00 6.270083642538111235e-01 1.799999935926831540e+02
5.700000000000002842e+00 6.545102390250576718e-01 1.799999976031539575e+02
5.850000000000003197e+00 6.652482408935611602e-01 1.799999990791764048e+02
6.000000000000003553e+00 6.694407966813287203e-01 1.799999996422281754e+02
6.150000000000003908e+00 6.710777651406942823e-01 1.799999998606362794e+02
6.300000000000004263e+00 6.717169501309854240e-01 1.799999999456321689e+02
6.450000000000004619e+00 6.719666286194296845e-01 1.799999999787508500e+02
6.600000000000004974e+00 6.720644050966484428e-01 1.799999999917037030e+02
6.750000000000005329e+00 6.721033278558934398e-01 1.799999999967607778e+02
6.900000000000005684e+00 6.721204373867522008e-01 1.799999999987335855e+02
7.050000000000006040e+00 6.721320159914512260e-01 1.799999999995054907e+02
7.200000000000006395e+00 6.721490825087812482e-01 1.799999999998067608e+02
7.350000000000006750e+00 6.721878780565475608e-01 1.799999999999243983e+02
7.500000000000007105e+00 6.722853220492197579e-01 1.799999999999705551e+02
7.650000000000007461e+00 6.725341463444465262e-01 1.799999999999884324e+02
7.800000000000007816e+00 6.731711430140876473e-01 1.799999999999953388e+02
7.950000000000008171e+00 6.748025061439193450e-01 1.799999999999982094e+02
8.100000000000008527e+00 6.789807053256708969e-01 1.799999999999990621e+02
8.250000000000008882e+00 6.896819375600102831e-01 1.799999999999990052e+02
8.400000000000009237e+00 7.170896406709630355e-01 1.799999999999977547e+02
8.550000000000009592e+00 7.872885372132714110e-01 1.799999999999948841e+02
8.700000000000009948e+00 9.670653184653019707e-01 1.799999999999892850e+02
8.850000000000010303e+00 1.427635564874123020e+00 1.799999999999814122e+02
9.000000000000010658e+00 2.606315704563428426e+00 1.799999999999739373e+02
9.150000000000011013e+00 5.632169516558548139e+00 1.799999999999689066e+02
9.300000000000011369e+00 1.333004435750150662e+01 1.799999999999665192e+02
9.450000000000011724e+00 3.343928814244812031e+01 1.799999999999653824e+02
9.600000000000012079e+00 8.194948227858292000e+01 1.799999999999648992e+02
9.750000000000012434e+00 2.295086824069936426e+02 1.799999999999647571e+02
9.900000000000012790e+00 4.506843354693399988e+02 1.799999999999647002e+02
1.005000000000001315e+01 7.999112312521726835e+02 1.799999999999646150e+02
1.020000000000001350e+01 7.999112312521726835e+02 1.799999999999646150e+02
1.035000000000001386e+01 7.999112312521726835e+02 1.799999999999646150e+02
1.050000000000001421e+01 7.999112312521726835e+02 1.799999999999646150e+02
1.065000000000001457e+01 7.999112312521726835e+02 1.799999999999646150e+02
1.080000000000001492e+01 7.999112312521726835e+02 1.799999999999646150e+02
1.095000000000001528e+01 7.999112312521726835e+02 1.799999999999646150e+02
1.110000000000001563e+01 7.999112312521726835e+02 1.799999999999646150e+02
1.125000000000001599e+01 7.999112312521726835e+02 1.799999999999646150e+02
1.140000000000001634e+01 7.999112312521726835e+02 1.799999999999646150e+02
1.155000000000001670e+01 7.999112312521726835e+02 1.799999999999646150e+02
1.170000000000001705e+01 7.999112312521726835e+02 1.799999999999646150e+02
1.185000000000001741e+01 7.999112312521726835e+02 1.799999999999646150e+02
1.200000000000001776e+01 7.999112312521726835e+02 1.799999999999646150e+02
1.215000000000001812e+01 7.999112312521726835e+02 1.799999999999646150e+02
1.230000000000001847e+01 7.999112312521726835e+02 1.799999999999646150e+02
1.245000000000001883e+01 7.999112312521726835e+02 1.799999999999646150e+02
1.260000000000001918e+01 7.999112312521726835e+02 1.799999999999646150e+02
1.275000000000001954e+01 7.999112312521726835e+02 1.799999999999646150e+02
1.290000000000001990e+01 7.999112312521726835e+02 1.799999999999646150e+02
1.305000000000002025e+01 7.998152487589151178e+02 1.799999999999647002e+02
1.320000000000002061e+01 7.998152487589151178e+02 1.799999999999647002e+02
1.335000000000002096e+01 7.998152487589151178e+02 1.799999999999647002e+02
1.350000000000002132e+01 7.998152487589151178e+02 1.799999999999647002e+02
1.365000000000002167e+01 7.998152487589151178e+02 1.799999999999647002e+02
1.380000000000002203e+01 7.998152487589151178e+02 1.799999999999647002e+02
1.395000000000002238e+01 7.998152487589151178e+02 1.799999999999647002e+02
1.410000000000002274e+01 7.998152487589151178e+02 1.799999999999647002e+02
1.425000000000002309e+01 7.998152487589151178e+02 1.799999999999647002e+02
1.440000000000002345e+01 7.998152487589151178e+02 1.799999999999647002e+02
1.455000000000002380e+01 7.998152487589151178e+02 1.799999999999647002e+02
1.470000000000002416e+01 7.998152487589151178e+02 1.799999999999647002e+02
1.485000000000002451e+01 7.998152487589151178e+02 1.799999999999647002e+02
1.500000000000002487e+01 7.998152487589151178e+02 1.799999999999647002e+02
1.515000000000002522e+01 7.998152487589151178e+02 1.799999999999647002e+02
1.530000000000002558e+01 7.998152487589151178e+02 1.799999999999647002e+02
1.545000000000002593e+01 7.998152487589151178e+02 1.799999999999647002e+02
1.560000000000002629e+01 7.998152487589151178e+02 1.799999999999647002e+02
1.575000000000002665e+01 7.998152487589151178e+02 1.799999999999647002e+02
1.590000000000002700e+01 7.998152487589151178e+02 1.799999999999647002e+02
