1.499999999999999944e-01 7.998505806506125282e+02 1.076561062518521794e-11
2.999999999999999889e-01 7.998505806506125282e+02 1.076561062518521794e-11
4.499999999999999556e-01 7.998505806506125282e+02 1.076561062518521794e-11
5.999999999999999778e-01 7.998505806506125282e+02 1.076561062518521794e-11
7.500000000000000000e-01 7.998505806506125282e+02 1.076561062518521794e-11
9.000000000000000222e-01 7.998505806506125282e+02 1.076561062518521794e-11
1.050000000000000044e+00 7.998505806506125282e+02 1.076561062518521794e-11
1.199999999999999956e+00 7.998505806506125282e+02 1.076561062518521794e-11
1.349999999999999867e+00 7.998505806506125282e+02 1.076561062518521794e-11
1.499999999999999778e+00 7.998505806506125282e+02 1.076561062518521794e-11
1.649999999999999689e+00 7.998505806506125282e+02 1.076561062518521794e-11
1.799999999999999600e+00 7.998505806506125282e+02 1.076561062518521794e-11
1.949999999999999512e+00 7.998505806506125282e+02 1.076561062518521794e-11
2.099999999999999645e+00 7.999301509467778715e+02 1.075761701940791681e-11
2.249999999999999556e+00 7.999301509467778715e+02 1.075761701940791681e-11
2.399999999999999467e+00 7.999301509467778715e+02 1.075761701940791681e-11
2.549999999999999378e+00 7.999301509467778715e+02 1.075761701940791681e-11
2.699999999999999289e+00 7.999301509467778715e+02 1.075761701940791681e-11
2.849999999999999201e+00 7.999301509467778715e+02 1.075761701940791681e-11
2.999999999999999112e+00 7.999301509467778715e+02 1.075761701940791681e-11
3.149999999999999023e+00 7.999301509467778715e+02 1.075761701940791681e-11
3.299999999999998934e+00 7.999301509467778715e+02 1.075761701940791681e-11
3.449999999999998845e+00 7.999301509467778715e+02 1.075761701940791681e-11
3.599999999999998757e+00 7.999301509467778715e+02 1.075761701940791681e-11
3.749999999999998668e+00 7.999301509467778715e+02 1.075761701940791681e-11
3.899999999999998579e+00 7.999301509467778715e+02 1.075761701940791681e-11
4.049999999999998934e+00 4.548569388669394016e+02 1.079392131231315943e-11
4.199999999999999289e+00 2.364760583823193656e+02 1.084043965704495349e-11
4.349999999999999645e+00 8.639357297191942564e+01 1.080513456486187351e-11
4.500000000000000000e+00 3.570608206034660270e+01 1.092692603066325319e-11
4.650000000000000355e+00 1.415480411009271933e+01 1.106359448499460996e-11
4.800000000000000711e+00 5.672549548332135316e+00 1.125777249200154984e-11
4.950000000000001066e+00 2.248564797687379269e+00 1.287059347987451474e-11
5.100000000000001421e+00 8.780756514466929730e-01 2.258326858850523422e-11
5.250000000000001776e+00 3.279525650589221186e-01 8.611156232518624165e-11
5.400000000000002132e+00 1.073414377328845148e-01 5.764726473955761321e-10
5.550000000000002487e+00 1.884307401269325055e-02 8.004838680797377037e-09
5.700000000000002842e+00 1.665427755870041437e-02 1.799999999775089066e+02
5.850000000000003197e+00 3.089305223147675861e-02 1.799999999697976421e+02
6.000000000000003553e+00 3.660447849870251957e-02 1.799999999364557084e+02
6.150000000000003908e+00 3.889547273684001993e-02 1.799999998509520083e+02
6.300000000000004263e+00 3.981451643085165415e-02 1.799999996370855797e+02
6.450000000000004619e+00 4.018336929948418401e-02 1.799999991034989080e+02
6.600000000000004974e+00 4.033183807587192860e-02 1.799999977737670918e+02
6.750000000000005329e+00 4.039268056476430502e-02 1.799999944596470414e+02
6.900000000000005684e+00 4.042029607626318466e-02 1.799999861964103900e+02
7.050000000000006040e+00 4.043937921414908487e-02 1.799999656118727103e+02
7.200000000000006395e+00 4.046699189348146319e-02 1.799999143487792423e+02
7.350000000000006750e+00 4.052782116559683345e-02 1.799997867776822034e+02
7.500000000000007105e+00 4.067625878815306351e-02 1.799994704995222321e+02
7.650000000000007461e+00 4.104503330017905682e-02 1.799986921190135547e+02
7.800000000000007816e+00 4.196387874253559858e-02 1.799968106320985441e+02
7.950000000000008171e+00 4.425438254384062020e-02 1.799924621846682555e+02
8.100000000000008527e+00 4.996459050744306296e-02 1.799833597180238485e+02
8.250000000000008882e+00 6.420032343339698855e-02 1.799677122367274080e+02
8.400000000000009237e+00 9.969010108352449606e-02 1.799481746155817063e+02
8.550000000000009592e+00 1.881696110713164671e-01 1.799315658546709358e+02
8.700000000000009948e+00 4.087337608385723797e-01 1.799214556954291027e+02
8.850000000000010303e+00 9.587398026943674267e-01 1.799165298320521345e+02
9.000000000000010658e+00 2.328937661141424087e+00 1.799143886289729153e+02
9.150000000000011013e+00 5.752198451356868247e+00 1.799134838807661652e+02
9.300000000000011369e+00 1.423266843743006760e+01 1.799131399440920518e+02
9.450000000000011724e+00 3.577957409909284792e+01 1.799130128905978552e+02
9.600000000000012079e+00 8.645696308078265702e+01 1.799129488564441601e+02
9.750000000000012434e+00 2.365165564588000962e+02 1.799129479310780937e+02
9.900000000000012790e+00 4.548648124810153490e+02 1.799129550739326078e+02
1.005000000000001315e+01 7.999292857735144935e+02 1.799129510343924494e+02
1.020000000000001350e+01 7.999292857735144935e+02 1.799129510343924494e+02
1.035000000000001386e+01 7.999292857735144935e+02 1.799129510343924494e+02
1.050000000000001421e+01 7.999292857735144935e+02 1.799129510343924494e+02
1.065000000000001457e+01 7.999292857735144935e+02 1.799129510343924494e+02
1.080000000000001492e+01 7.999292857735144935e+02 1.799129510343924494e+02
1.095000000000001528e+01 7.999292857735144935e+02 1.799129510343924494e+02
1.110000000000001563e+01 7.999292857735144935e+02 1.799129510343924494e+02
1.125000000000001599e+01 7.999292857735144935e+02 1.799129510343924494e+02
1.140000000000001634e+01 7.999292857735144935e+02 1.799129510343924494e+02
1.155000000000001670e+01 7.999292857735144935e+02 1.799129510343924494e+02
1.170000000000001705e+01 7.999292857735144935e+02 1.799129510343924494e+02
1.185000000000001741e+01 7.999292857735144935e+02 1.799129510343924494e+02
1.200000000000001776e+01 7.999292857735144935e+02 1.799129510343924494e+02
1.215000000000001812e+01 7.999292857735144935e+02 1.799129510343924494e+02
1.230000000000001847e+01 7.999292857735144935e+02 1.799129510343924494e+02
1.245000000000001883e+01 7.999292857735144935e+02 1.799129510343924494e+02
1.260000000000001918e+01 7.999292857735144935e+02 1.799129510343924494e+02
1.275000000000001954e+01 7.999292857735144935e+02 1.799129510343924494e+02
1.290000000000001990e+01 7.999292857735144935e+02 1.799129510343924494e+02
1.305000000000002025e+01 7.998487256255475586e+02 1.799129656927023291e+02
1.320000000000002061e+01 7.998487256255475586e+02 1.799129656927023291e+02
1.335000000000002096e+01 7.998487256255475586e+02 1.799129656927023291e+02
1.350000000000002132e+01 7.998487256255475586e+02 1.799129656927023291e+02
1.365000000000002167e+01 7.998487256255475586e+02 1.799129656927023291e+02
1.380000000000002203e+01 7.998487256255475586e+02 1.799129656927023291e+02
1.395000000000002238e+01 7.998487256255475586e+02 1.799129656927023291e+02
1.410000000000002274e+01 7.998487256255475586e+02 1.799129656927023291e+02
1.425000000000002309e+01 7.998487256255475586e+02 1.799129656927023291e+02
1.440000000000002345e+01 7.998487256255475586e+02 1.799129656927023291e+02
1.455000000000002380e+01 7.998487256255475586e+02 1.799129656927023291e+02
1.470000000000002416e+01 7.998487256255475586e+02 1.799129656927023291e+02
1.485000000000002451e+01 7.998487256255475586e+02 1.799129656927023291e+02
1.500000000000002487e+01 7.998487256255475586e+02 1.799129656927023291e+02
1.515000000000002522e+01 7.998487256255475586e+02 1.799129656927023291e+02
1.530000000000002558e+01 7.998487256255475586e+02 1.799129656927023291e+02
1.545000000000002593e+01 7.998487256255475586e+02 1.799129656927023291e+02
1.560000000000002629e+01 7.998487256255475586e+02 1.799129656927023291e+02
1.575000000000002665e+01 7.998487256255475586e+02 1.799129656927023291e+02
1.590000000000002700e+01 7.998487256255475586e+02 1.799129656927023291e+02
