1.499999999999999944e-01 7.999946009205202699e+02 1.799945237870323922e+02
2.999999999999999889e-01 7.999946009205202699e+02 1.799945237870323922e+02
4.499999999999999556e-01 7.999946009205202699e+02 1.799945237870323922e+02
5.999999999999999778e-01 7.999946009205202699e+02 1.799945237870323922e+02
7.500000000000000000e-01 7.999946009205202699e+02 1.799945237870323922e+02
9.000000000000000222e-01 7.999946009205202699e+02 1.799945237870323922e+02
1.050000000000000044e+00 7.999946009205202699e+02 1.799945237870323922e+02
1.199999999999999956e+00 7.999946009205202699e+02 1.799945237870323922e+02
1.349999999999999867e+00 7.999946009205202699e+02 1.799945237870323922e+02
1.499999999999999778e+00 7.999946009205202699e+02 1.799945237870323922e+02
1.649999999999999689e+00 7.999946009205202699e+02 1.799945237870323922e+02
1.799999999999999600e+00 7.999946009205202699e+02 1.799945237870323922e+02
1.949999999999999512e+00 7.999946009205202699e+02 1.799945237870323922e+02
2.099999999999999645e+00 7.999983707049833583e+02 1.799945254504777097e+02
2.249999999999999556e+00 7.999983707049833583e+02 1.799945254504777097e+02
2.399999999999999467e+00 7.999983707049833583e+02 1.799945254504777097e+02
2.549999999999999378e+00 7.999983707049833583e+02 1.799945254504777097e+02
2.699999999999999289e+00 7.999983707049833583e+02 1.799945254504777097e+02
2.849999999999999201e+00 7.999983707049833583e+02 1.799945254504777097e+02
2.999999999999999112e+00 7.999983707049833583e+02 1.799945254504777097e+02
3.149999999999999023e+00 7.999983707049833583e+02 1.799945254504777097e+02
3.299999999999998934e+00 7.999983707049833583e+02 1.799945254504777097e+02
3.449999999999998845e+00 7.999983707049833583e+02 1.799945254504777097e+02
3.599999999999998757e+00 7.999983707049833583e+02 1.799945254504777097e+02
3.749999999999998668e+00 7.999983707049833583e+02 1.799945254504777097e+02
3.899999999999998579e+00 7.999983707049833583e+02 1.799945254504777097e+02
4.049999999999998934e+00 4.958815813423159966e+02 1.799945308204995342e+02
4.199999999999999289e+00 3.462816927701518921e+02 1.799945459709832960e+02
4.349999999999999645e+00 1.951180632962009724e+02 1.799945901266758028e+02
4.500000000000000000e+00 1.238169252502801356e+02 1.799946603408778856e+02
4.650000000000000355e+00 7.889690464518830026e+01 1.799947725305781034e+02
4.800000000000000711e+00 5.140763560285603972e+01 1.799949456513735129e+02
4.950000000000001066e+00 3.414849190578768656e+01 1.799951995250189043e+02
5.100000000000001421e+00 2.329211095482007110e+01 1.799955520941638838e+02
5.250000000000001776e+00 1.644272287656282572e+01 1.799960180204473374e+02
5.400000000000002132e+00 1.211786284984117046e+01 1.799965844859578397e+02
5.550000000000002487e+00 9.385722631176797393e+00 1.799972109978242827e+02
5.700000000000002842e+00 7.659515686316616723e+00 1.799978393025418200e+02
5.850000000000003197e+00 6.568988012029791435e+00 1.799984071005138446e+02
6.000000000000003553e+00 5.880406275131086602e+00 1.799988744665230911e+02
6.150000000000003908e+00 5.446244004284665152e+00 1.799992316275440487e+02
6.300000000000004263e+00 5.173504247203652540e+00 1.799994885658513795e+02
6.450000000000004619e+00 5.003774178467025990e+00 1.799996655247547324e+02
6.600000000000004974e+00 4.900705460286687298e+00 1.799997840709633579e+02
6.750000000000005329e+00 4.842226566819377354e+00 1.799998618239101518e+02
6.900000000000005684e+00 4.815814946026364396e+00 1.799999121186692435e+02
7.050000000000006040e+00 4.815814946550020181e+00 1.799999444345662596e+02
7.200000000000006395e+00 4.842226568471474479e+00 1.799999650588854649e+02
7.350000000000006750e+00 4.900705463428622011e+00 1.799999781621774844e+02
7.500000000000007105e+00 5.003774183747836446e+00 1.799999864769672797e+02
7.650000000000007461e+00 5.173504255700152044e+00 1.799999917303470625e+02
7.800000000000007816e+00 5.446244017685827998e+00 1.799999950312223120e+02
7.950000000000008171e+00 5.880406296066254868e+00 1.799999970904561906e+02
8.100000000000008527e+00 6.568988044474323829e+00 1.799999983533326429e+02
8.250000000000008882e+00 7.659515736240926742e+00 1.799999991068229406e+02
8.400000000000009237e+00 9.385722707689545530e+00 1.799999995392028325e+02
8.550000000000009592e+00 1.211786296699255772e+01 1.799999997743662732e+02
8.700000000000009948e+00 1.644272305637958453e+01 1.799999998947957636e+02
8.850000000000010303e+00 2.329211123233919878e+01 1.799999999529695458e+02
9.000000000000010658e+00 3.414849233710765475e+01 1.799999999795943495e+02
9.150000000000011013e+00 5.140763627986829221e+01 1.799999999912558621e+02
9.300000000000011369e+00 7.889690571547480147e+01 1.799999999961833339e+02
9.450000000000011724e+00 1.238169270136144746e+02 1.799999999982047427e+02
9.600000000000012079e+00 1.951180660780432845e+02 1.799999999989861692e+02
9.750000000000012434e+00 3.462816994417285059e+02 1.799999999992834887e+02
9.900000000000012790e+00 4.958815865693205183e+02 1.799999999993572146e+02
1.005000000000001315e+01 7.999984180197045589e+02 1.799999999993691802e+02
1.020000000000001350e+01 7.999984180197045589e+02 1.799999999993691802e+02
1.035000000000001386e+01 7.999984180197045589e+02 1.799999999993691802e+02
1.050000000000001421e+01 7.999984180197045589e+02 1.799999999993691802e+02
1.065000000000001457e+01 7.999984180197045589e+02 1.799999999993691802e+02
1.080000000000001492e+01 7.999984180197045589e+02 1.799999999993691802e+02
1.095000000000001528e+01 7.999984180197045589e+02 1.799999999993691802e+02
1.110000000000001563e+01 7.999984180197045589e+02 1.799999999993691802e+02
1.125000000000001599e+01 7.999984180197045589e+02 1.799999999993691802e+02
1.140000000000001634e+01 7.999984180197045589e+02 1.799999999993691802e+02
1.155000000000001670e+01 7.999984180197045589e+02 1.799999999993691802e+02
1.170000000000001705e+01 7.999984180197045589e+02 1.799999999993691802e+02
1.185000000000001741e+01 7.999984180197045589e+02 1.799999999993691802e+02
1.200000000000001776e+01 7.999984180197045589e+02 1.799999999993691802e+02
1.215000000000001812e+01 7.999984180197045589e+02 1.799999999993691802e+02
1.230000000000001847e+01 7.999984180197045589e+02 1.799999999993691802e+02
1.245000000000001883e+01 7.999984180197045589e+02 1.799999999993691802e+02
1.260000000000001918e+01 7.999984180197045589e+02 1.799999999993691802e+02
1.275000000000001954e+01 7.999984180197045589e+02 1.799999999993691802e+02
1.290000000000001990e+01 7.999984180197045589e+02 1.799999999993691802e+02
1.305000000000002025e+01 7.999947577097825615e+02 1.799999999993715107e+02
1.320000000000002061e+01 7.999947577097825615e+02 1.799999999993715107e+02
1.335000000000002096e+01 7.999947577097825615e+02 1.799999999993715107e+02
1.350000000000002132e+01 7.999947577097825615e+02 1.799999999993715107e+02
1.365000000000002167e+01 7.999947577097825615e+02 1.799999999993715107e+02
1.380000000000002203e+01 7.999947577097825615e+02 1.799999999993715107e+02
1.395000000000002238e+01 7.999947577097825615e+02 1.799999999993715107e+02
1.410000000000002274e+01 7.999947577097825615e+02 1.799999999993715107e+02
1.425000000000002309e+01 7.999947577097825615e+02 1.799999999993715107e+02
1.440000000000002345e+01 7.999947577097825615e+02 1.799999999993715107e+02
1.455000000000002380e+01 7.999947577097825615e+02 1.799999999993715107e+02
1.470000000000002416e+01 7.999947577097825615e+02 1.799999999993715107e+02
1.485000000000002451e+01 7.999947577097825615e+02 1.799999999993715107e+02
1.500000000000002487e+01 7.999947577097825615e+02 1.799999999993715107e+02
1.515000000000002522e+01 7.999947577097825615e+02 1.799999999993715107e+02
1.530000000000002558e+01 7.999947577097825615e+02 1.799999999993715107e+02
1.545000000000002593e+01 7.999947577097825615e+02 1.799999999993715107e+02
1.560000000000002629e+01 7.999947577097825615e+02 1.799999999993715107e+02
1.575000000000002665e+01 7.999947577097825615e+02 1.799999999993715107e+02
1.590000000000002700e+01 7.999947577097825615e+02 1.799999999993715107e+02
