1.499999999999999944e-01 7.999832409694406579e+02 1.369830168056473951e-04
2.999999999999999889e-01 7.999832409694406579e+02 1.369830168056473951e-04
4.499999999999999556e-01 7.999832409694406579e+02 1.369830168056473951e-04
5.999999999999999778e-01 7.999832409694406579e+02 1.369830168056473951e-04
7.500000000000000000e-01 7.999832409694406579e+02 1.369830168056473951e-04
9.000000000000000222e-01 7.999832409694406579e+02 1.369830168056473951e-04
1.050000000000000044e+00 7.999832409694406579e+02 1.369830168056473951e-04
1.199999999999999956e+00 7.999832409694406579e+02 1.369830168056473951e-04
1.349999999999999867e+00 7.999832409694406579e+02 1.369830168056473951e-04
1.499999999999999778e+00 7.999832409694406579e+02 1.369830168056473951e-04
1.649999999999999689e+00 7.999832409694406579e+02 1.369830168056473951e-04
1.799999999999999600e+00 7.999832409694406579e+02 1.369830168056473951e-04
1.949999999999999512e+00 7.999832409694406579e+02 1.369830168056473951e-04
2.099999999999999645e+00 7.999941206811043912e+02 1.369069497205721575e-04
2.249999999999999556e+00 7.999941206811043912e+02 1.369069497205721575e-04
2.399999999999999467e+00 7.999941206811043912e+02 1.369069497205721575e-04
2.549999999999999378e+00 7.999941206811043912e+02 1.369069497205721575e-04
2.699999999999999289e+00 7.999941206811043912e+02 1.369069497205721575e-04
2.849999999999999201e+00 7.999941206811043912e+02 1.369069497205721575e-04
2.999999999999999112e+00 7.999941206811043912e+02 1.369069497205721575e-04
3.149999999999999023e+00 7.999941206811043912e+02 1.369069497205721575e-04
3.299999999999998934e+00 7.999941206811043912e+02 1.369069497205721575e-04
3.449999999999998845e+00 7.999941206811043912e+02 1.369069497205721575e-04
3.599999999999998757e+00 7.999941206811043912e+02 1.369069497205721575e-04
3.749999999999998668e+00 7.999941206811043912e+02 1.369069497205721575e-04
3.899999999999998579e+00 7.999941206811043912e+02 1.369069497205721575e-04
4.049999999999998934e+00 4.860492652662102842e+02 1.370260171006387750e-04
4.199999999999999289e+00 3.096003186913291074e+02 1.374978074657473570e-04
4.349999999999999645e+00 1.493993762593872532e+02 1.381666234094858225e-04
4.500000000000000000e+00 8.002993003653590165e+01 1.393342581126333357e-04
4.650000000000000355e+00 4.168551662460725993e+01 1.418613114630984384e-04
4.800000000000000711e+00 2.157118293026517009e+01 1.463053753001375412e-04
4.950000000000001066e+00 1.082224773767364923e+01 1.554130103047501876e-04
5.100000000000001421e+00 5.099464831141446552e+00 1.761649591606184728e-04
5.250000000000001776e+00 2.048520410480051623e+00 2.338179497908265958e-04
5.400000000000002132e+00 4.224665480196563294e-01 6.045279892570309954e-04
5.550000000000002487e+00 4.442453957926773001e-01 1.799996929643445753e+02
5.700000000000002842e+00 9.062064344560667450e-01 1.799999197451783175e+02
5.850000000000003197e+00 1.152439654718136808e+00 1.799999663514829535e+02
6.000000000000003553e+00 1.283695653174788731e+00 1.799999838666397238e+02
6.150000000000003908e+00 1.353680991500141317e+00 1.799999918425178009e+02
6.300000000000004263e+00 1.391031927646878330e+00 1.799999957672671940e+02
6.450000000000004619e+00 1.411031584350354251e+00 1.799999977714430770e+02
6.600000000000004974e+00 1.421863360122017639e+00 1.799999988207983677e+02
6.750000000000005329e+00 1.427959371647773423e+00 1.799999993739405397e+02
6.900000000000005684e+00 1.431813969240437245e+00 1.799999996665372919e+02
7.050000000000006040e+00 1.435004367838502048e+00 1.799999998225946740e+02
7.200000000000006395e+00 1.438836007181464538e+00 1.799999999056603031e+02
7.350000000000006750e+00 1.444876708693328737e+00 1.799999999498259342e+02
7.500000000000007105e+00 1.455598193322543921e+00 1.799999999734440053e+02
7.650000000000007461e+00 1.475387456607620607e+00 1.799999999860293940e+02
7.800000000000007816e+00 1.512341835633009168e+00 1.799999999927194096e+02
7.950000000000008171e+00 1.581582285419074196e+00 1.799999999962850268e+02
8.100000000000008527e+00 1.711440605164057160e+00 1.799999999981642986e+02
8.250000000000008882e+00 1.955052627936794352e+00 1.799999999991331947e+02
8.400000000000009237e+00 2.412100534696691057e+00 1.799999999996124984e+02
8.550000000000009592e+00 3.269611525845320443e+00 1.799999999998294129e+02
8.700000000000009948e+00 4.878462675503470791e+00 1.799999999999163549e+02
8.850000000000010303e+00 7.897340762221006116e+00 1.799999999999461124e+02
9.000000000000010658e+00 1.356069666562946097e+01 1.799999999999545253e+02
9.150000000000011013e+00 2.420063387474601413e+01 1.799999999999560885e+02
9.300000000000011369e+00 4.411925982319570494e+01 1.799999999999559748e+02
9.450000000000011724e+00 8.212363317987278322e+01 1.799999999999554632e+02
9.600000000000012079e+00 1.509522510154880592e+02 1.799999999999552642e+02
9.750000000000012434e+00 3.103475988789667213e+02 1.799999999999550937e+02
9.900000000000012790e+00 4.861328070212136936e+02 1.799999999999551221e+02
1.005000000000001315e+01 7.999941794594234352e+02 1.799999999999549232e+02
1.020000000000001350e+01 7.999941794594234352e+02 1.799999999999549232e+02
1.035000000000001386e+01 7.999941794594234352e+02 1.799999999999549232e+02
1.050000000000001421e+01 7.999941794594234352e+02 1.799999999999549232e+02
1.065000000000001457e+01 7.999941794594234352e+02 1.799999999999549232e+02
1.080000000000001492e+01 7.999941794594234352e+02 1.799999999999549232e+02
1.095000000000001528e+01 7.999941794594234352e+02 1.799999999999549232e+02
1.110000000000001563e+01 7.999941794594234352e+02 1.799999999999549232e+02
1.125000000000001599e+01 7.999941794594234352e+02 1.799999999999549232e+02
1.140000000000001634e+01 7.999941794594234352e+02 1.799999999999549232e+02
1.155000000000001670e+01 7.999941794594234352e+02 1.799999999999549232e+02
1.170000000000001705e+01 7.999941794594234352e+02 1.799999999999549232e+02
1.185000000000001741e+01 7.999941794594234352e+02 1.799999999999549232e+02
1.200000000000001776e+01 7.999941794594234352e+02 1.799999999999549232e+02
1.215000000000001812e+01 7.999941794594234352e+02 1.799999999999549232e+02
1.230000000000001847e+01 7.999941794594234352e+02 1.799999999999549232e+02
1.245000000000001883e+01 7.999941794594234352e+02 1.799999999999549232e+02
1.260000000000001918e+01 7.999941794594234352e+02 1.799999999999549232e+02
1.275000000000001954e+01 7.999941794594234352e+02 1.799999999999549232e+02
1.290000000000001990e+01 7.999941794594234352e+02 1.799999999999549232e+02
1.305000000000002025e+01 7.999833997366499716e+02 1.799999999999550653e+02
1.320000000000002061e+01 7.999833997366499716e+02 1.799999999999550653e+02
1.335000000000002096e+01 7.999833997366499716e+02 1.799999999999550653e+02
1.350000000000002132e+01 7.999833997366499716e+02 1.799999999999550653e+02
1.365000000000002167e+01 7.999833997366499716e+02 1.799999999999550653e+02
1.380000000000002203e+01 7.999833997366499716e+02 1.799999999999550653e+02
1.395000000000002238e+01 7.999833997366499716e+02 1.799999999999550653e+02
1.410000000000002274e+01 7.999833997366499716e+02 1.799999999999550653e+02
1.425000000000002309e+01 7.999833997366499716e+02 1.799999999999550653e+02
1.440000000000002345e+01 7.999833997366499716e+02 1.799999999999550653e+02
1.455000000000002380e+01 7.999833997366499716e+02 1.799999999999550653e+02
1.470000000000002416e+01 7.999833997366499716e+02 1.799999999999550653e+02
1.485000000000002451e+01 7.999833997366499716e+02 1.799999999999550653e+02
1.500000000000002487e+01 7.999833997366499716e+02 1.799999999999550653e+02
1.515000000000002522e+01 7.999833997366499716e+02 1.799999999999550653e+02
1.530000000000002558e+01 7.999833997366499716e+02 1.799999999999550653e+02
1.545000000000002593e+01 7.999833997366499716e+02 1.799999999999550653e+02
1.560000000000002629e+01 7.999833997366499716e+02 1.799999999999550653e+02
1.575000000000002665e+01 7.999833997366499716e+02 1.799999999999550653e+02
1.590000000000002700e+01 7.999833997366499716e+02 1.799999999999550653e+02
