1.499999999999999944e-01 7.999999997561269538e+02 1.799992983544353820e+02
2.999999999999999889e-01 7.999999997561269538e+02 1.799992983544353820e+02
4.499999999999999556e-01 7.999999997561269538e+02 1.799992983544353820e+02
5.999999999999999778e-01 7.999999997561269538e+02 1.799992983544353820e+02
7.500000000000000000e-01 7.999999997561269538e+02 1.799992983544353820e+02
9.000000000000000222e-01 7.999999997561269538e+02 1.799992983544353820e+02
1.050000000000000044e+00 7.999999997561269538e+02 1.799992983544353820e+02
1.199999999999999956e+00 7.999999997561269538e+02 1.799992983544353820e+02
1.349999999999999867e+00 7.999999997561269538e+02 1.799992983544353820e+02
1.499999999999999778e+00 7.999999997561269538e+02 1.799992983544353820e+02
1.649999999999999689e+00 7.999999997561269538e+02 1.799992983544353820e+02
1.799999999999999600e+00 7.999999997561269538e+02 1.799992983544353820e+02
1.949999999999999512e+00 7.999999997561269538e+02 1.799992983544353820e+02
2.099999999999999645e+00 7.999999999785916316e+02 1.799992993558874730e+02
2.249999999999999556e+00 7.999999999785916316e+02 1.799992993558874730e+02
2.399999999999999467e+00 7.999999999785916316e+02 1.799992993558874730e+02
2.549999999999999378e+00 7.999999999785916316e+02 1.799992993558874730e+02
2.699999999999999289e+00 7.999999999785916316e+02 1.799992993558874730e+02
2.849999999999999201e+00 7.999999999785916316e+02 1.799992993558874730e+02
2.999999999999999112e+00 7.999999999785916316e+02 1.799992993558874730e+02
3.149999999999999023e+00 7.999999999785916316e+02 1.799992993558874730e+02
3.299999999999998934e+00 7.999999999785916316e+02 1.799992993558874730e+02
3.449999999999998845e+00 7.999999999785916316e+02 1.799992993558874730e+02
3.599999999999998757e+00 7.999999999785916316e+02 1.799992993558874730e+02
3.749999999999998668e+00 7.999999999785916316e+02 1.799992993558874730e+02
3.899999999999998579e+00 7.999999999785916316e+02 1.799992993558874730e+02
4.049999999999998934e+00 5.178426048146230869e+02 1.799993025609245478e+02
4.199999999999999289e+00 4.911488541458924146e+02 1.799993149229754010e+02
4.349999999999999645e+00 4.582419187073328430e+02 1.799993389642715442e+02
4.500000000000000000e+00 4.540558335564304571e+02 1.799993625912870527e+02
4.650000000000000355e+00 4.527888594043961348e+02 1.799993853565108282e+02
4.800000000000000711e+00 4.525385133572555674e+02 1.799994083391787001e+02
4.950000000000001066e+00 4.524788807171554481e+02 1.799994306580741181e+02
5.100000000000001421e+00 4.524659151331824205e+02 1.799994515315119088e+02
5.250000000000001776e+00 4.524629695538548617e+02 1.799994725726301965e+02
5.400000000000002132e+00 4.524623144615054002e+02 1.799994929943353839e+02
5.550000000000002487e+00 4.524621672637468350e+02 1.799995121267315312e+02
5.700000000000002842e+00 4.524621343529793194e+02 1.799995314073849499e+02
5.850000000000003197e+00 4.524621269769934884e+02 1.799995501369382112e+02
6.000000000000003553e+00 4.524621253258061984e+02 1.799995677226505393e+02
6.150000000000003908e+00 4.524621249559641001e+02 1.799995854399261646e+02
6.300000000000004263e+00 4.524621248731481842e+02 1.799996026689246378e+02
6.450000000000004619e+00 4.524621248546022798e+02 1.799996188878776309e+02
6.600000000000004974e+00 4.524621248504502660e+02 1.799996352230567993e+02
6.750000000000005329e+00 4.524621248495234340e+02 1.799996511277797993e+02
6.900000000000005684e+00 4.524621248493264147e+02 1.799996661458991127e+02
7.050000000000006040e+00 4.524621248493272674e+02 1.799996812660991168e+02
7.200000000000006395e+00 4.524621248495259351e+02 1.799996960092503286e+02
7.350000000000006750e+00 4.524621248504544724e+02 1.799997099801478839e+02
7.500000000000007105e+00 4.524621248546079642e+02 1.799997240400278997e+02
7.650000000000007461e+00 4.524621248731559149e+02 1.799997377723997829e+02
7.800000000000007816e+00 4.524621249559735361e+02 1.799997508389462268e+02
7.950000000000008171e+00 4.524621253258172260e+02 1.799997639822889539e+02
8.100000000000008527e+00 4.524621269770061645e+02 1.799997768443043924e+02
8.250000000000008882e+00 4.524621343529942123e+02 1.799997891400890637e+02
8.400000000000009237e+00 4.524621672637636038e+02 1.799998015012708663e+02
8.550000000000009592e+00 4.524623144615243859e+02 1.799998136244126670e+02
8.700000000000009948e+00 4.524629695538759506e+02 1.799998252750748122e+02
8.850000000000010303e+00 4.524659151332055558e+02 1.799998369803151661e+02
9.000000000000010658e+00 4.524788807171810845e+02 1.799998484877506257e+02
9.150000000000011013e+00 4.525385133572837049e+02 1.799998596102120700e+02
9.300000000000011369e+00 4.527888594044260344e+02 1.799998707630712431e+02
9.450000000000011724e+00 4.540558335564624599e+02 1.799998817409574769e+02
9.600000000000012079e+00 4.582419187073641638e+02 1.799998920938074889e+02
9.750000000000012434e+00 4.911488541459376052e+02 1.799999023136506651e+02
9.900000000000012790e+00 5.178426048146442326e+02 1.799999077607733682e+02
1.005000000000001315e+01 7.999999999796843895e+02 1.799999089677173458e+02
1.020000000000001350e+01 7.999999999796843895e+02 1.799999089677173458e+02
1.035000000000001386e+01 7.999999999796843895e+02 1.799999089677173458e+02
1.050000000000001421e+01 7.999999999796843895e+02 1.799999089677173458e+02
1.065000000000001457e+01 7.999999999796843895e+02 1.799999089677173458e+02
1.080000000000001492e+01 7.999999999796843895e+02 1.799999089677173458e+02
1.095000000000001528e+01 7.999999999796843895e+02 1.799999089677173458e+02
1.110000000000001563e+01 7.999999999796843895e+02 1.799999089677173458e+02
1.125000000000001599e+01 7.999999999796843895e+02 1.799999089677173458e+02
1.140000000000001634e+01 7.999999999796843895e+02 1.799999089677173458e+02
1.155000000000001670e+01 7.999999999796843895e+02 1.799999089677173458e+02
1.170000000000001705e+01 7.999999999796843895e+02 1.799999089677173458e+02
1.185000000000001741e+01 7.999999999796843895e+02 1.799999089677173458e+02
1.200000000000001776e+01 7.999999999796843895e+02 1.799999089677173458e+02
1.215000000000001812e+01 7.999999999796843895e+02 1.799999089677173458e+02
1.230000000000001847e+01 7.999999999796843895e+02 1.799999089677173458e+02
1.245000000000001883e+01 7.999999999796843895e+02 1.799999089677173458e+02
1.260000000000001918e+01 7.999999999796843895e+02 1.799999089677173458e+02
1.275000000000001954e+01 7.999999999796843895e+02 1.799999089677173458e+02
1.290000000000001990e+01 7.999999999796843895e+02 1.799999089677173458e+02
1.305000000000002025e+01 7.999999997685750941e+02 1.799999092850109150e+02
1.320000000000002061e+01 7.999999997685750941e+02 1.799999092850109150e+02
1.335000000000002096e+01 7.999999997685750941e+02 1.799999092850109150e+02
1.350000000000002132e+01 7.999999997685750941e+02 1.799999092850109150e+02
1.365000000000002167e+01 7.999999997685750941e+02 1.799999092850109150e+02
1.380000000000002203e+01 7.999999997685750941e+02 1.799999092850109150e+02
1.395000000000002238e+01 7.999999997685750941e+02 1.799999092850109150e+02
1.410000000000002274e+01 7.999999997685750941e+02 1.799999092850109150e+02
1.425000000000002309e+01 7.999999997685750941e+02 1.799999092850109150e+02
1.440000000000002345e+01 7.999999997685750941e+02 1.799999092850109150e+02
1.455000000000002380e+01 7.999999997685750941e+02 1.799999092850109150e+02
1.470000000000002416e+01 7.999999997685750941e+02 1.799999092850109150e+02
1.485000000000002451e+01 7.999999997685750941e+02 1.799999092850109150e+02
1.500000000000002487e+01 7.999999997685750941e+02 1.799999092850109150e+02
1.515000000000002522e+01 7.999999997685750941e+02 1.799999092850109150e+02
1.530000000000002558e+01 7.999999997685750941e+02 1.799999092850109150e+02
1.545000000000002593e+01 7.999999997685750941e+02 1.799999092850109150e+02
1.560000000000002629e+01 7.999999997685750941e+02 1.799999092850109150e+02
1.575000000000002665e+01 7.999999997685750941e+02 1.799999092850109150e+02
1.590000000000002700e+01 7.999999997685750941e+02 1.799999092850109150e+02
