1.499999999999999944e-01 7.999986856675193394e+02 3.428242361769306967e-05
2.999999999999999889e-01 7.999986856675193394e+02 3.428242361769306967e-05
4.499999999999999556e-01 7.999986856675193394e+02 3.428242361769306967e-05
5.999999999999999778e-01 7.999986856675193394e+02 3.428242361769306967e-05
7.500000000000000000e-01 7.999986856675193394e+02 3.428242361769306967e-05
9.000000000000000222e-01 7.999986856675193394e+02 3.428242361769306967e-05
1.050000000000000044e+00 7.999986856675193394e+02 3.428242361769306967e-05
1.199999999999999956e+00 7.999986856675193394e+02 3.428242361769306967e-05
1.349999999999999867e+00 7.999986856675193394e+02 3.428242361769306967e-05
1.499999999999999778e+00 7.999986856675193394e+02 3.428242361769306967e-05
1.649999999999999689e+00 7.999986856675193394e+02 3.428242361769306967e-05
1.799999999999999600e+00 7.999986856675193394e+02 3.428242361769306967e-05
1.949999999999999512e+00 7.999986856675193394e+02 3.428242361769306967e-05
2.099999999999999645e+00 7.999996699775346087e+02 3.427517222154286003e-05
2.249999999999999556e+00 7.999996699775346087e+02 3.427517222154286003e-05
2.399999999999999467e+00 7.999996699775346087e+02 3.427517222154286003e-05
2.549999999999999378e+00 7.999996699775346087e+02 3.427517222154286003e-05
2.699999999999999289e+00 7.999996699775346087e+02 3.427517222154286003e-05
2.849999999999999201e+00 7.999996699775346087e+02 3.427517222154286003e-05
2.999999999999999112e+00 7.999996699775346087e+02 3.427517222154286003e-05
3.149999999999999023e+00 7.999996699775346087e+02 3.427517222154286003e-05
3.299999999999998934e+00 7.999996699775346087e+02 3.427517222154286003e-05
3.449999999999998845e+00 7.999996699775346087e+02 3.427517222154286003e-05
3.599999999999998757e+00 7.999996699775346087e+02 3.427517222154286003e-05
3.749999999999998668e+00 7.999996699775346087e+02 3.427517222154286003e-05
3.899999999999998579e+00 7.999996699775346087e+02 3.427517222154286003e-05
4.049999999999998934e+00 5.039966127996972887e+02 3.433044113410055331e-05
4.199999999999999289e+00 3.857218471261846275e+02 3.456603986040640564e-05
4.349999999999999645e+00 2.573492789677746941e+02 3.507729096974276928e-05
4.500000000000000000e+00 1.971976233453060843e+02 3.586788840659327349e-05
4.650000000000000355e+00 1.555903887666893581e+02 3.709468230017609613e-05
4.800000000000000711e+00 1.259024228935742542e+02 3.873300273715685194e-05
4.950000000000001066e+00 1.029257185108619979e+02 4.094921520358951739e-05
5.100000000000001421e+00 8.427815184040689189e+01 4.397311252490876399e-05
5.250000000000001776e+00 6.855878179653420545e+01 4.799819760281653913e-05
5.400000000000002132e+00 5.494014183155371001e+01 5.357580376874615524e-05
5.550000000000002487e+00 4.290771841601011261e+01 6.171563899348697646e-05
5.700000000000002842e+00 3.213289725522111695e+01 7.423699396724714461e-05
5.850000000000003197e+00 2.239919122605859059e+01 9.602024646537810071e-05
6.000000000000003553e+00 1.355820971731286662e+01 1.431484511323910525e-04
6.150000000000003908e+00 5.502120596647174011e+00 3.175386925471368471e-04
6.300000000000004263e+00 1.853888401890372961e+00 1.799991532862180179e+02
6.450000000000004619e+00 8.582795503425501238e+00 1.799998358928930884e+02
6.600000000000004974e+00 1.475276313716173604e+01 1.799999146772261156e+02
6.750000000000005329e+00 2.043141920465420824e+01 1.799999451158853958e+02
6.900000000000005684e+00 2.568840417241418805e+01 1.799999611992120663e+02
7.050000000000006040e+00 3.059692039863126567e+01 1.799999711841353758e+02
7.200000000000006395e+00 3.523484005403842900e+01 1.799999779514941736e+02
7.350000000000006750e+00 3.968580461313041496e+01 1.799999828022436645e+02
7.500000000000007105e+00 4.404067387143722101e+01 1.799999864614214289e+02
7.650000000000007461e+00 4.839965831940496344e+01 1.799999892887624924e+02
7.800000000000007816e+00 5.287550612016088536e+01 1.799999915088157252e+02
7.950000000000008171e+00 5.759823684644292996e+01 1.799999932943885028e+02
8.100000000000008527e+00 6.272216142149945028e+01 1.799999947341709401e+02
8.250000000000008882e+00 6.843638643484774775e+01 1.799999958940894089e+02
8.400000000000009237e+00 7.498083893041331294e+01 1.799999968361765355e+02
8.550000000000009592e+00 8.267143487042012850e+01 1.799999975927093203e+02
8.700000000000009948e+00 9.194101089193583221e+01 1.799999981915396745e+02
8.850000000000010303e+00 1.034095134298171530e+02 1.799999986617673926e+02
9.000000000000010658e+00 1.180074219989399182e+02 1.799999990209805674e+02
9.150000000000011013e+00 1.372325300145626841e+02 1.799999992861980047e+02
9.300000000000011369e+00 1.635565735338480806e+02 1.799999994750958479e+02
9.450000000000011724e+00 2.022595449847848101e+02 1.799999996017178034e+02
9.600000000000012079e+00 2.600629068015514349e+02 1.799999996775575255e+02
9.750000000000012434e+00 3.865777573985247955e+02 1.799999997197157313e+02
9.900000000000012790e+00 5.040487195459659233e+02 1.799999997333015926e+02
1.005000000000001315e+01 7.999996745976616239e+02 1.799999997356925974e+02
1.020000000000001350e+01 7.999996745976616239e+02 1.799999997356925974e+02
1.035000000000001386e+01 7.999996745976616239e+02 1.799999997356925974e+02
1.050000000000001421e+01 7.999996745976616239e+02 1.799999997356925974e+02
1.065000000000001457e+01 7.999996745976616239e+02 1.799999997356925974e+02
1.080000000000001492e+01 7.999996745976616239e+02 1.799999997356925974e+02
1.095000000000001528e+01 7.999996745976616239e+02 1.799999997356925974e+02
1.110000000000001563e+01 7.999996745976616239e+02 1.799999997356925974e+02
1.125000000000001599e+01 7.999996745976616239e+02 1.799999997356925974e+02
1.140000000000001634e+01 7.999996745976616239e+02 1.799999997356925974e+02
1.155000000000001670e+01 7.999996745976616239e+02 1.799999997356925974e+02
1.170000000000001705e+01 7.999996745976616239e+02 1.799999997356925974e+02
1.185000000000001741e+01 7.999996745976616239e+02 1.799999997356925974e+02
1.200000000000001776e+01 7.999996745976616239e+02 1.799999997356925974e+02
1.215000000000001812e+01 7.999996745976616239e+02 1.799999997356925974e+02
1.230000000000001847e+01 7.999996745976616239e+02 1.799999997356925974e+02
1.245000000000001883e+01 7.999996745976616239e+02 1.799999997356925974e+02
1.260000000000001918e+01 7.999996745976616239e+02 1.799999997356925974e+02
1.275000000000001954e+01 7.999996745976616239e+02 1.799999997356925974e+02
1.290000000000001990e+01 7.999996745976616239e+02 1.799999997356925974e+02
1.305000000000002025e+01 7.999987032246395984e+02 1.799999997363343880e+02
1.320000000000002061e+01 7.999987032246395984e+02 1.799999997363343880e+02
1.335000000000002096e+01 7.999987032246395984e+02 1.799999997363343880e+02
1.350000000000002132e+01 7.999987032246395984e+02 1.799999997363343880e+02
1.365000000000002167e+01 7.999987032246395984e+02 1.799999997363343880e+02
1.380000000000002203e+01 7.999987032246395984e+02 1.799999997363343880e+02
1.395000000000002238e+01 7.999987032246395984e+02 1.799999997363343880e+02
1.410000000000002274e+01 7.999987032246395984e+02 1.799999997363343880e+02
1.425000000000002309e+01 7.999987032246395984e+02 1.799999997363343880e+02
1.440000000000002345e+01 7.999987032246395984e+02 1.799999997363343880e+02
1.455000000000002380e+01 7.999987032246395984e+02 1.799999997363343880e+02
1.470000000000002416e+01 7.999987032246395984e+02 1.799999997363343880e+02
1.485000000000002451e+01 7.999987032246395984e+02 1.799999997363343880e+02
1.500000000000002487e+01 7.999987032246395984e+02 1.799999997363343880e+02
1.515000000000002522e+01 7.999987032246395984e+02 1.799999997363343880e+02
1.530000000000002558e+01 7.999987032246395984e+02 1.799999997363343880e+02
1.545000000000002593e+01 7.999987032246395984e+02 1.799999997363343880e+02
1.560000000000002629e+01 7.999987032246395984e+02 1.799999997363343880e+02
1.575000000000002665e+01 7.999987032246395984e+02 1.799999997363343880e+02
1.590000000000002700e+01 7.999987032246395984e+02 1.799999997363343880e+02
