1.499999999999999944e-01 7.999978064222235616e+02 1.786113568539017535e+02
2.999999999999999889e-01 7.999978064222235616e+02 1.786113568539017535e+02
4.499999999999999556e-01 7.999978064222235616e+02 1.786113568539017535e+02
5.999999999999999778e-01 7.999978064222235616e+02 1.786113568539017535e+02
7.500000000000000000e-01 7.999978064222235616e+02 1.786113568539017535e+02
9.000000000000000222e-01 7.999978064222235616e+02 1.786113568539017535e+02
1.050000000000000044e+00 7.999978064222235616e+02 1.786113568539017535e+02
1.199999999999999956e+00 7.999978064222235616e+02 1.786113568539017535e+02
1.349999999999999867e+00 7.999978064222235616e+02 1.786113568539017535e+02
1.499999999999999778e+00 7.999978064222235616e+02 1.786113568539017535e+02
1.649999999999999689e+00 7.999978064222235616e+02 1.786113568539017535e+02
1.799999999999999600e+00 7.999978064222235616e+02 1.786113568539017535e+02
1.949999999999999512e+00 7.999978064222235616e+02 1.786113568539017535e+02
2.099999999999999645e+00 7.999994120381957146e+02 1.786117023308263185e+02
2.249999999999999556e+00 7.999994120381957146e+02 1.786117023308263185e+02
2.399999999999999467e+00 7.999994120381957146e+02 1.786117023308263185e+02
2.549999999999999378e+00 7.999994120381957146e+02 1.786117023308263185e+02
2.699999999999999289e+00 7.999994120381957146e+02 1.786117023308263185e+02
2.849999999999999201e+00 7.999994120381957146e+02 1.786117023308263185e+02
2.999999999999999112e+00 7.999994120381957146e+02 1.786117023308263185e+02
3.149999999999999023e+00 7.999994120381957146e+02 1.786117023308263185e+02
3.299999999999998934e+00 7.999994120381957146e+02 1.786117023308263185e+02
3.449999999999998845e+00 7.999994120381957146e+02 1.786117023308263185e+02
3.599999999999998757e+00 7.999994120381957146e+02 1.786117023308263185e+02
3.749999999999998668e+00 7.999994120381957146e+02 1.786117023308263185e+02
3.899999999999998579e+00 7.999994120381957146e+02 1.786117023308263185e+02
4.049999999999998934e+00 5.015216275129797054e+02 1.786133264790158250e+02
4.199999999999999289e+00 3.727561448782915932e+02 1.786186087306662955e+02
4.349999999999999645e+00 2.355775964391566504e+02 1.786322252194080136e+02
4.500000000000000000e+00 1.700813649156170868e+02 1.786522806197721422e+02
4.650000000000000355e+00 1.256973770756405742e+02 1.786810952002488193e+02
4.800000000000000711e+00 9.551241327782372537e+01 1.787197218186335022e+02
4.950000000000001066e+00 7.394134125746623454e+01 1.787692694742914057e+02
5.100000000000001421e+00 5.823944806680738395e+01 1.788303435695590906e+02
5.250000000000001776e+00 4.665862347165636237e+01 1.789037394162684222e+02
5.400000000000002132e+00 3.805498401852358370e+01 1.789886919209502310e+02
5.550000000000002487e+00 3.163637069364600052e+01 1.790833911531750005e+02
5.700000000000002842e+00 2.683885418660491240e+01 1.791853870087010421e+02
5.850000000000003197e+00 2.325332582847044449e+01 1.792907475290050741e+02
6.000000000000003553e+00 2.057992415047992552e+01 1.793951591258070266e+02
6.150000000000003908e+00 1.859790877016790134e+01 1.794948290334306478e+02
6.300000000000004263e+00 1.714501231414701365e+01 1.795863372542783623e+02
6.450000000000004619e+00 1.610296356795311112e+01 1.796674327583065747e+02
6.600000000000004974e+00 1.538726122679872432e+01 1.797372357488220302e+02
6.750000000000005329e+00 1.494001560507949122e+01 1.797956739187169717e+02
6.900000000000005684e+00 1.472510878514153987e+01 1.798434572957252442e+02
7.050000000000006040e+00 1.472519925263228657e+01 1.798818210873517671e+02
7.200000000000006395e+00 1.494028965307919776e+01 1.799120764935704528e+02
7.350000000000006750e+00 1.538772623256640770e+01 1.799355594437182901e+02
7.500000000000007105e+00 1.610362998007378721e+01 1.799535385866958848e+02
7.650000000000007461e+00 1.714589092930588166e+01 1.799670858334021943e+02
7.800000000000007816e+00 1.859900705864663450e+01 1.799771210152212007e+02
7.950000000000008171e+00 2.058124208734587057e+01 1.799844244549971108e+02
8.100000000000008527e+00 2.325485196209621108e+01 1.799896259690608815e+02
8.250000000000008882e+00 2.684056259185278748e+01 1.799932440374260239e+02
8.400000000000009237e+00 3.163821960412788314e+01 1.799957007521845469e+02
8.550000000000009592e+00 3.805691653302465483e+01 1.799973253513940392e+02
8.700000000000009948e+00 4.666056982857818269e+01 1.799983716440437433e+02
8.850000000000010303e+00 5.824132946523531018e+01 1.799990286846047809e+02
9.000000000000010658e+00 7.394307522315183689e+01 1.799994304283375470e+02
9.150000000000011013e+00 9.551392015463743235e+01 1.799996693636132363e+02
9.300000000000011369e+00 1.256985885647499970e+02 1.799998069509940706e+02
9.450000000000011724e+00 1.700822342726725651e+02 1.799998831357577274e+02
9.600000000000012079e+00 2.355781151571692362e+02 1.799999219471577590e+02
9.750000000000012434e+00 3.727563295405301460e+02 1.799999406384391420e+02
9.900000000000012790e+00 5.015216418100524152e+02 1.799999461154265816e+02
1.005000000000001315e+01 7.999994299823064239e+02 1.799999470687935457e+02
1.020000000000001350e+01 7.999994299823064239e+02 1.799999470687935457e+02
1.035000000000001386e+01 7.999994299823064239e+02 1.799999470687935457e+02
1.050000000000001421e+01 7.999994299823064239e+02 1.799999470687935457e+02
1.065000000000001457e+01 7.999994299823064239e+02 1.799999470687935457e+02
1.080000000000001492e+01 7.999994299823064239e+02 1.799999470687935457e+02
1.095000000000001528e+01 7.999994299823064239e+02 1.799999470687935457e+02
1.110000000000001563e+01 7.999994299823064239e+02 1.799999470687935457e+02
1.125000000000001599e+01 7.999994299823064239e+02 1.799999470687935457e+02
1.140000000000001634e+01 7.999994299823064239e+02 1.799999470687935457e+02
1.155000000000001670e+01 7.999994299823064239e+02 1.799999470687935457e+02
1.170000000000001705e+01 7.999994299823064239e+02 1.799999470687935457e+02
1.185000000000001741e+01 7.999994299823064239e+02 1.799999470687935457e+02
1.200000000000001776e+01 7.999994299823064239e+02 1.799999470687935457e+02
1.215000000000001812e+01 7.999994299823064239e+02 1.799999470687935457e+02
1.230000000000001847e+01 7.999994299823064239e+02 1.799999470687935457e+02
1.245000000000001883e+01 7.999994299823064239e+02 1.799999470687935457e+02
1.260000000000001918e+01 7.999994299823064239e+02 1.799999470687935457e+02
1.275000000000001954e+01 7.999994299823064239e+02 1.799999470687935457e+02
1.290000000000001990e+01 7.999994299823064239e+02 1.799999470687935457e+02
1.305000000000002025e+01 7.999978733681152789e+02 1.799999472541784655e+02
1.320000000000002061e+01 7.999978733681152789e+02 1.799999472541784655e+02
1.335000000000002096e+01 7.999978733681152789e+02 1.799999472541784655e+02
1.350000000000002132e+01 7.999978733681152789e+02 1.799999472541784655e+02
1.365000000000002167e+01 7.999978733681152789e+02 1.799999472541784655e+02
1.380000000000002203e+01 7.999978733681152789e+02 1.799999472541784655e+02
1.395000000000002238e+01 7.999978733681152789e+02 1.799999472541784655e+02
1.410000000000002274e+01 7.999978733681152789e+02 1.799999472541784655e+02
1.425000000000002309e+01 7.999978733681152789e+02 1.799999472541784655e+02
1.440000000000002345e+01 7.999978733681152789e+02 1.799999472541784655e+02
1.455000000000002380e+01 7.999978733681152789e+02 1.799999472541784655e+02
1.470000000000002416e+01 7.999978733681152789e+02 1.799999472541784655e+02
1.485000000000002451e+01 7.999978733681152789e+02 1.799999472541784655e+02
1.500000000000002487e+01 7.999978733681152789e+02 1.799999472541784655e+02
1.515000000000002522e+01 7.999978733681152789e+02 1.799999472541784655e+02
1.530000000000002558e+01 7.999978733681152789e+02 1.799999472541784655e+02
1.545000000000002593e+01 7.999978733681152789e+02 1.799999472541784655e+02
1.560000000000002629e+01 7.999978733681152789e+02 1.799999472541784655e+02
1.575000000000002665e+01 7.999978733681152789e+02 1.799999472541784655e+02
1.590000000000002700e+01 7.999978733681152789e+02 1.799999472541784655e+02
