1.499999999999999944e-01 7.999999915431903901e+02 6.472070132239933571e+01
2.999999999999999889e-01 7.999999915431903901e+02 6.472070132239933571e+01
4.499999999999999556e-01 7.999999915431903901e+02 6.472070132239933571e+01
5.999999999999999778e-01 7.999999915431903901e+02 6.472070132239933571e+01
7.500000000000000000e-01 7.999999915431903901e+02 6.472070132239933571e+01
9.000000000000000222e-01 7.999999915431903901e+02 6.472070132239933571e+01
1.050000000000000044e+00 7.999999915431903901e+02 6.472070132239933571e+01
1.199999999999999956e+00 7.999999915431903901e+02 6.472070132239933571e+01
1.349999999999999867e+00 7.999999915431903901e+02 6.472070132239933571e+01
1.499999999999999778e+00 7.999999915431903901e+02 6.472070132239933571e+01
1.649999999999999689e+00 7.999999915431903901e+02 6.472070132239933571e+01
1.799999999999999600e+00 7.999999915431903901e+02 6.472070132239933571e+01
1.949999999999999512e+00 7.999999915431903901e+02 6.472070132239933571e+01
2.099999999999999645e+00 7.999999988686340657e+02 6.478766208107197144e+01
2.249999999999999556e+00 7.999999988686340657e+02 6.478766208107197144e+01
2.399999999999999467e+00 7.999999988686340657e+02 6.478766208107197144e+01
2.549999999999999378e+00 7.999999988686340657e+02 6.478766208107197144e+01
2.699999999999999289e+00 7.999999988686340657e+02 6.478766208107197144e+01
2.849999999999999201e+00 7.999999988686340657e+02 6.478766208107197144e+01
2.999999999999999112e+00 7.999999988686340657e+02 6.478766208107197144e+01
3.149999999999999023e+00 7.999999988686340657e+02 6.478766208107197144e+01
3.299999999999998934e+00 7.999999988686340657e+02 6.478766208107197144e+01
3.449999999999998845e+00 7.999999988686340657e+02 6.478766208107197144e+01
3.599999999999998757e+00 7.999999988686340657e+02 6.478766208107197144e+01
3.749999999999998668e+00 7.999999988686340657e+02 6.478766208107197144e+01
3.899999999999998579e+00 7.999999988686340657e+02 6.478766208107197144e+01
4.049999999999998934e+00 5.157276743374629859e+02 6.513915682274434005e+01
4.199999999999999289e+00 4.678696132107069729e+02 6.666886391008286239e+01
4.349999999999999645e+00 4.136874201789352128e+02 6.973094996709357929e+01
4.500000000000000000e+00 4.024990152563740367e+02 7.301711897996320033e+01
4.650000000000000355e+00 3.982959354552994000e+02 7.645156896758700782e+01
4.800000000000000711e+00 3.970593434815762066e+02 7.986448294093554523e+01
4.950000000000001066e+00 3.966833297267120315e+02 8.323048612806624647e+01
5.100000000000001421e+00 3.965949987380768107e+02 8.653524489019530108e+01
5.250000000000001776e+00 3.965974395454454111e+02 8.977513872458374067e+01
5.400000000000002132e+00 3.966285946074619346e+02 9.294886074344179860e+01
5.550000000000002487e+00 3.966681922350894638e+02 9.605618741662452464e+01
5.700000000000002842e+00 3.967096518243239984e+02 9.909733425612634505e+01
5.850000000000003197e+00 3.967507951144672234e+02 1.020727767360711908e+02
6.000000000000003553e+00 3.967908767936550021e+02 1.049831822343655290e+02
6.150000000000003908e+00 3.968296237043608130e+02 1.078293819812399050e+02
6.300000000000004263e+00 3.968669246096577012e+02 1.106123472446648179e+02
6.450000000000004619e+00 3.969027290613368564e+02 1.133331774688217024e+02
6.600000000000004974e+00 3.969370141609272196e+02 1.159930897807261942e+02
6.750000000000005329e+00 3.969697728591535224e+02 1.185934023916762499e+02
6.900000000000005684e+00 3.970010091031653587e+02 1.211355259781949627e+02
7.050000000000006040e+00 3.970307356714442335e+02 1.236209554244316422e+02
7.200000000000006395e+00 3.970589726496974095e+02 1.260512557069320536e+02
7.350000000000006750e+00 3.970857461230494323e+02 1.284280551969704902e+02
7.500000000000007105e+00 3.971110875575611772e+02 1.307530393006309168e+02
7.650000000000007461e+00 3.971350337920113134e+02 1.330279387422317257e+02
7.800000000000007816e+00 3.971576290175039503e+02 1.352545246885071890e+02
7.950000000000008171e+00 3.971789334803844440e+02 1.374346040856177638e+02
8.100000000000008527e+00 3.971990520244645495e+02 1.395700098842468151e+02
8.250000000000008882e+00 3.972182248106873317e+02 1.416625968314083082e+02
8.400000000000009237e+00 3.972371127953780956e+02 1.437142352826717513e+02
8.550000000000009592e+00 3.972576931350700420e+02 1.457267941858164306e+02
8.700000000000009948e+00 3.972860503810218233e+02 1.477021080687197809e+02
8.850000000000010303e+00 3.973412087995059778e+02 1.496418900099007487e+02
9.000000000000010658e+00 3.974820216110459228e+02 1.515473980480831244e+02
9.150000000000011013e+00 3.978976990074493187e+02 1.534188164379915804e+02
9.300000000000011369e+00 3.991425203092458105e+02 1.552511004555008185e+02
9.450000000000011724e+00 4.032868939568476208e+02 1.570339135375325554e+02
9.600000000000012079e+00 4.142920668847278307e+02 1.586875596414662652e+02
9.750000000000012434e+00 4.680857417707964601e+02 1.601787043485751667e+02
9.900000000000012790e+00 5.157352281817570656e+02 1.609022970205374747e+02
1.005000000000001315e+01 7.999999988830886650e+02 1.610587143727662465e+02
1.020000000000001350e+01 7.999999988830886650e+02 1.610587143727662465e+02
1.035000000000001386e+01 7.999999988830886650e+02 1.610587143727662465e+02
1.050000000000001421e+01 7.999999988830886650e+02 1.610587143727662465e+02
1.065000000000001457e+01 7.999999988830886650e+02 1.610587143727662465e+02
1.080000000000001492e+01 7.999999988830886650e+02 1.610587143727662465e+02
1.095000000000001528e+01 7.999999988830886650e+02 1.610587143727662465e+02
1.110000000000001563e+01 7.999999988830886650e+02 1.610587143727662465e+02
1.125000000000001599e+01 7.999999988830886650e+02 1.610587143727662465e+02
1.140000000000001634e+01 7.999999988830886650e+02 1.610587143727662465e+02
1.155000000000001670e+01 7.999999988830886650e+02 1.610587143727662465e+02
1.170000000000001705e+01 7.999999988830886650e+02 1.610587143727662465e+02
1.185000000000001741e+01 7.999999988830886650e+02 1.610587143727662465e+02
1.200000000000001776e+01 7.999999988830886650e+02 1.610587143727662465e+02
1.215000000000001812e+01 7.999999988830886650e+02 1.610587143727662465e+02
1.230000000000001847e+01 7.999999988830886650e+02 1.610587143727662465e+02
1.245000000000001883e+01 7.999999988830886650e+02 1.610587143727662465e+02
1.260000000000001918e+01 7.999999988830886650e+02 1.610587143727662465e+02
1.275000000000001954e+01 7.999999988830886650e+02 1.610587143727662465e+02
1.290000000000001990e+01 7.999999988830886650e+02 1.610587143727662465e+02
1.305000000000002025e+01 7.999999916477904662e+02 1.610893756683955189e+02
1.320000000000002061e+01 7.999999916477904662e+02 1.610893756683955189e+02
1.335000000000002096e+01 7.999999916477904662e+02 1.610893756683955189e+02
1.350000000000002132e+01 7.999999916477904662e+02 1.610893756683955189e+02
1.365000000000002167e+01 7.999999916477904662e+02 1.610893756683955189e+02
1.380000000000002203e+01 7.999999916477904662e+02 1.610893756683955189e+02
1.395000000000002238e+01 7.999999916477904662e+02 1.610893756683955189e+02
1.410000000000002274e+01 7.999999916477904662e+02 1.610893756683955189e+02
1.425000000000002309e+01 7.999999916477904662e+02 1.610893756683955189e+02
1.440000000000002345e+01 7.999999916477904662e+02 1.610893756683955189e+02
1.455000000000002380e+01 7.999999916477904662e+02 1.610893756683955189e+02
1.470000000000002416e+01 7.999999916477904662e+02 1.610893756683955189e+02
1.485000000000002451e+01 7.999999916477904662e+02 1.610893756683955189e+02
1.500000000000002487e+01 7.999999916477904662e+02 1.610893756683955189e+02
1.515000000000002522e+01 7.999999916477904662e+02 1.610893756683955189e+02
1.530000000000002558e+01 7.999999916477904662e+02 1.610893756683955189e+02
1.545000000000002593e+01 7.999999916477904662e+02 1.610893756683955189e+02
1.560000000000002629e+01 7.999999916477904662e+02 1.610893756683955189e+02
1.575000000000002665e+01 7.999999916477904662e+02 1.610893756683955189e+02
1.590000000000002700e+01 7.999999916477904662e+02 1.610893756683955189e+02
