1.499999999999999944e-01 7.996650350052271961e+02 6.941288352756425084e-04
2.999999999999999889e-01 7.996650350052271961e+02 6.941288352756425084e-04
4.499999999999999556e-01 7.996650350052271961e+02 6.941288352756425084e-04
5.999999999999999778e-01 7.996650350052271961e+02 6.941288352756425084e-04
7.500000000000000000e-01 7.996650350052271961e+02 6.941288352756425084e-04
9.000000000000000222e-01 7.996650350052271961e+02 6.941288352756425084e-04
1.050000000000000044e+00 7.996650350052271961e+02 6.941288352756425084e-04
1.199999999999999956e+00 7.996650350052271961e+02 6.941288352756425084e-04
1.349999999999999867e+00 7.996650350052271961e+02 6.941288352756425084e-04
1.499999999999999778e+00 7.996650350052271961e+02 6.941288352756425084e-04
1.649999999999999689e+00 7.996650350052271961e+02 6.941288352756425084e-04
1.799999999999999600e+00 7.996650350052271961e+02 6.941288352756425084e-04
1.949999999999999512e+00 7.996650350052271961e+02 6.941288352756425084e-04
2.099999999999999645e+00 7.998264246350643134e+02 6.939907944167877929e-04
2.249999999999999556e+00 7.998264246350643134e+02 6.939907944167877929e-04
2.399999999999999467e+00 7.998264246350643134e+02 6.939907944167877929e-04
2.549999999999999378e+00 7.998264246350643134e+02 6.939907944167877929e-04
2.699999999999999289e+00 7.998264246350643134e+02 6.939907944167877929e-04
2.849999999999999201e+00 7.998264246350643134e+02 6.939907944167877929e-04
2.999999999999999112e+00 7.998264246350643134e+02 6.939907944167877929e-04
3.149999999999999023e+00 7.998264246350643134e+02 6.939907944167877929e-04
3.299999999999998934e+00 7.998264246350643134e+02 6.939907944167877929e-04
3.449999999999998845e+00 7.998264246350643134e+02 6.939907944167877929e-04
3.599999999999998757e+00 7.998264246350643134e+02 6.939907944167877929e-04
3.749999999999998668e+00 7.998264246350643134e+02 6.939907944167877929e-04
3.899999999999998579e+00 7.998264246350643134e+02 6.939907944167877929e-04
4.049999999999998934e+00 4.375251274217571336e+02 6.944893810497676512e-04
4.199999999999999289e+00 2.087155595473543883e+02 6.961685302926401420e-04
4.349999999999999645e+00 6.813891561439869804e+01 7.006761322984056406e-04
4.500000000000000000e+00 2.520715956706017380e+01 7.121919549271105154e-04
4.650000000000000355e+00 8.602646035337272679e+00 7.478808555491101018e-04
4.800000000000000711e+00 2.712539194774493012e+00 8.639358608374392290e-04
4.950000000000001066e+00 5.597288727000204744e-01 1.515736751743879118e-03
5.100000000000001421e+00 2.186428538584550552e-01 1.799985911916444365e+02
5.250000000000001776e+00 5.011713883086486021e-01 1.799997771794605512e+02
5.400000000000002132e+00 6.035773863720805821e-01 1.799999329054459452e+02
5.550000000000002487e+00 6.407145901973763102e-01 1.799999770662160756e+02
5.700000000000002842e+00 6.541798041999982161e-01 1.799999918549605695e+02
5.850000000000003197e+00 6.590623474957055805e-01 1.799999970683782067e+02
6.000000000000003553e+00 6.608327367817992126e-01 1.799999989390974520e+02
6.150000000000003908e+00 6.614746804792730472e-01 1.799999996156741702e+02
6.300000000000004263e+00 6.617074554769715178e-01 1.799999998606866995e+02
6.450000000000004619e+00 6.617918810622995807e-01 1.799999999494561393e+02
6.600000000000004974e+00 6.618225538385331674e-01 1.799999999816728860e+02
6.750000000000005329e+00 6.618338417331415258e-01 1.799999999933542938e+02
6.900000000000005684e+00 6.618383927886952733e-01 1.799999999975887306e+02
7.050000000000006040e+00 6.618413061439696321e-01 1.799999999991254640e+02
7.200000000000006395e+00 6.618458464018885934e-01 1.799999999996829843e+02
7.350000000000006750e+00 6.618571002514954671e-01 1.799999999998849205e+02
7.500000000000007105e+00 6.618876777961304469e-01 1.799999999999581632e+02
7.650000000000007461e+00 6.619718403439946997e-01 1.799999999999850502e+02
7.800000000000007816e+00 6.622038895400237379e-01 1.799999999999945715e+02
7.950000000000008171e+00 6.628438317218297016e-01 1.799999999999980105e+02
8.100000000000008527e+00 6.646087008203949154e-01 1.799999999999991758e+02
8.250000000000008882e+00 6.694760202771021795e-01 1.799999999999995453e+02
8.400000000000009237e+00 6.828992493879582071e-01 1.799999999999998010e+02
8.550000000000009592e+00 7.199206661632047144e-01 1.799999999999998295e+02
8.700000000000009948e+00 8.220073791395634544e-01 1.799999999999995453e+02
8.850000000000010303e+00 1.103655491265271849e+00 1.799999999999994316e+02
9.000000000000010658e+00 1.879601502646949029e+00 1.799999999999990905e+02
9.150000000000011013e+00 4.025729258480851058e+00 1.799999999999986926e+02
9.300000000000011369e+00 9.897543900193298327e+00 1.799999999999984652e+02
9.450000000000011724e+00 2.645202426646826055e+01 1.799999999999984368e+02
9.600000000000012079e+00 6.925349383936874403e+01 1.799999999999984368e+02
9.750000000000012434e+00 2.094937333391156074e+02 1.799999999999984084e+02
9.900000000000012790e+00 4.377162718096077469e+02 1.799999999999984368e+02
1.005000000000001315e+01 7.998289279074965634e+02 1.799999999999984084e+02
1.020000000000001350e+01 7.998289279074965634e+02 1.799999999999984084e+02
1.035000000000001386e+01 7.998289279074965634e+02 1.799999999999984084e+02
1.050000000000001421e+01 7.998289279074965634e+02 1.799999999999984084e+02
1.065000000000001457e+01 7.998289279074965634e+02 1.799999999999984084e+02
1.080000000000001492e+01 7.998289279074965634e+02 1.799999999999984084e+02
1.095000000000001528e+01 7.998289279074965634e+02 1.799999999999984084e+02
1.110000000000001563e+01 7.998289279074965634e+02 1.799999999999984084e+02
1.125000000000001599e+01 7.998289279074965634e+02 1.799999999999984084e+02
1.140000000000001634e+01 7.998289279074965634e+02 1.799999999999984084e+02
1.155000000000001670e+01 7.998289279074965634e+02 1.799999999999984084e+02
1.170000000000001705e+01 7.998289279074965634e+02 1.799999999999984084e+02
1.185000000000001741e+01 7.998289279074965634e+02 1.799999999999984084e+02
1.200000000000001776e+01 7.998289279074965634e+02 1.799999999999984084e+02
1.215000000000001812e+01 7.998289279074965634e+02 1.799999999999984084e+02
1.230000000000001847e+01 7.998289279074965634e+02 1.799999999999984084e+02
1.245000000000001883e+01 7.998289279074965634e+02 1.799999999999984084e+02
1.260000000000001918e+01 7.998289279074965634e+02 1.799999999999984084e+02
1.275000000000001954e+01 7.998289279074965634e+02 1.799999999999984084e+02
1.290000000000001990e+01 7.998289279074965634e+02 1.799999999999984084e+02
1.305000000000002025e+01 7.996696887496304953e+02 1.799999999999984368e+02
1.320000000000002061e+01 7.996696887496304953e+02 1.799999999999984368e+02
1.335000000000002096e+01 7.996696887496304953e+02 1.799999999999984368e+02
1.350000000000002132e+01 7.996696887496304953e+02 1.799999999999984368e+02
1.365000000000002167e+01 7.996696887496304953e+02 1.799999999999984368e+02
1.380000000000002203e+01 7.996696887496304953e+02 1.799999999999984368e+02
1.395000000000002238e+01 7.996696887496304953e+02 1.799999999999984368e+02
1.410000000000002274e+01 7.996696887496304953e+02 1.799999999999984368e+02
1.425000000000002309e+01 7.996696887496304953e+02 1.799999999999984368e+02
1.440000000000002345e+01 7.996696887496304953e+02 1.799999999999984368e+02
1.455000000000002380e+01 7.996696887496304953e+02 1.799999999999984368e+02
1.470000000000002416e+01 7.996696887496304953e+02 1.799999999999984368e+02
1.485000000000002451e+01 7.996696887496304953e+02 1.799999999999984368e+02
1.500000000000002487e+01 7.996696887496304953e+02 1.799999999999984368e+02
1.515000000000002522e+01 7.996696887496304953e+02 1.799999999999984368e+02
1.530000000000002558e+01 7.996696887496304953e+02 1.799999999999984368e+02
1.545000000000002593e+01 7.996696887496304953e+02 1.799999999999984368e+02
1.560000000000002629e+01 7.996696887496304953e+02 1.799999999999984368e+02
1.575000000000002665e+01 7.996696887496304953e+02 1.799999999999984368e+02
1.590000000000002700e+01 7.996696887496304953e+02 1.799999999999984368e+02
