1.499999999999999944e-01 7.999999493043846996e+02 5.248556077292606403e+01
2.999999999999999889e-01 7.999999493043846996e+02 5.248556077292606403e+01
4.499999999999999556e-01 7.999999493043846996e+02 5.248556077292606403e+01
5.999999999999999778e-01 7.999999493043846996e+02 5.248556077292606403e+01
7.500000000000000000e-01 7.999999493043846996e+02 5.248556077292606403e+01
9.000000000000000222e-01 7.999999493043846996e+02 5.248556077292606403e+01
1.050000000000000044e+00 7.999999493043846996e+02 5.248556077292606403e+01
1.199999999999999956e+00 7.999999493043846996e+02 5.248556077292606403e+01
1.349999999999999867e+00 7.999999493043846996e+02 5.248556077292606403e+01
1.499999999999999778e+00 7.999999493043846996e+02 5.248556077292606403e+01
1.649999999999999689e+00 7.999999493043846996e+02 5.248556077292606403e+01
1.799999999999999600e+00 7.999999493043846996e+02 5.248556077292606403e+01
1.949999999999999512e+00 7.999999493043846996e+02 5.248556077292606403e+01
2.099999999999999645e+00 7.999999915682643632e+02 5.254427449543359785e+01
2.249999999999999556e+00 7.999999915682643632e+02 5.254427449543359785e+01
2.399999999999999467e+00 7.999999915682643632e+02 5.254427449543359785e+01
2.549999999999999378e+00 7.999999915682643632e+02 5.254427449543359785e+01
2.699999999999999289e+00 7.999999915682643632e+02 5.254427449543359785e+01
2.849999999999999201e+00 7.999999915682643632e+02 5.254427449543359785e+01
2.999999999999999112e+00 7.999999915682643632e+02 5.254427449543359785e+01
3.149999999999999023e+00 7.999999915682643632e+02 5.254427449543359785e+01
3.299999999999998934e+00 7.999999915682643632e+02 5.254427449543359785e+01
3.449999999999998845e+00 7.999999915682643632e+02 5.254427449543359785e+01
3.599999999999998757e+00 7.999999915682643632e+02 5.254427449543359785e+01
3.749999999999998668e+00 7.999999915682643632e+02 5.254427449543359785e+01
3.899999999999998579e+00 7.999999915682643632e+02 5.254427449543359785e+01
4.049999999999998934e+00 5.134348234079341182e+02 5.285475507392833805e+01
4.199999999999999289e+00 4.484001176166667051e+02 5.426174927418822591e+01
4.349999999999999645e+00 3.768661001246503020e+02 5.732222149991765292e+01
4.500000000000000000e+00 3.575741582093912143e+02 6.087263548402464153e+01
4.650000000000000355e+00 3.490342825576093446e+02 6.474952149719105421e+01
4.800000000000000711e+00 3.457819563181591320e+02 6.868858779225757871e+01
4.950000000000001066e+00 3.445005031012739778e+02 7.261658163149013490e+01
5.100000000000001421e+00 3.440365463552859637e+02 7.649340197548373510e+01
5.250000000000001776e+00 3.439021994721904889e+02 8.030378060819845132e+01
5.400000000000002132e+00 3.439017079067978102e+02 8.404086609422382992e+01
5.550000000000002487e+00 3.439546920362397486e+02 8.770176251143827528e+01
5.700000000000002842e+00 3.440282230838892588e+02 9.128529327021239226e+01
5.850000000000003197e+00 3.441086968117699598e+02 9.479116384450637156e+01
6.000000000000003553e+00 3.441904245492791574e+02 9.821959618937187031e+01
6.150000000000003908e+00 3.442709704236138464e+02 1.015711697497463035e+02
6.300000000000004263e+00 3.443492495216950715e+02 1.048467508090537876e+02
6.450000000000004619e+00 3.444247509901812805e+02 1.080474468117177480e+02
6.600000000000004974e+00 3.444972190345578724e+02 1.111745745342543046e+02
6.750000000000005329e+00 3.445665209147866221e+02 1.142296414201957333e+02
6.900000000000005684e+00 3.446325913220098869e+02 1.172143224924225393e+02
7.050000000000006040e+00 3.446954075601380509e+02 1.201304394870765435e+02
7.200000000000006395e+00 3.447549783750955044e+02 1.229799480963035734e+02
7.350000000000006750e+00 3.448113400464874871e+02 1.257649196185519429e+02
7.500000000000007105e+00 3.448645587077007235e+02 1.284875241554870797e+02
7.650000000000007461e+00 3.449147447174519243e+02 1.311500209266345962e+02
7.800000000000007816e+00 3.449620945466858757e+02 1.337547429940663903e+02
7.950000000000008171e+00 3.450069991307137229e+02 1.363040823444442822e+02
8.100000000000008527e+00 3.450503177646437507e+02 1.388004787043566068e+02
8.250000000000008882e+00 3.450940628843821969e+02 1.412463966578975771e+02
8.400000000000009237e+00 3.451431052587954014e+02 1.436442868700808333e+02
8.550000000000009592e+00 3.452094220132458418e+02 1.459965114047280395e+02
8.700000000000009948e+00 3.453226506198316201e+02 1.483051596657896312e+02
8.850000000000010303e+00 3.455565556148155224e+02 1.505716263253283955e+02
9.000000000000010658e+00 3.460938651110827209e+02 1.527955055433361053e+02
9.150000000000011013e+00 3.473985814401371499e+02 1.549724228050360182e+02
9.300000000000011369e+00 3.505829883825846878e+02 1.570859990827403294e+02
9.450000000000011724e+00 3.589092690933316021e+02 1.591041962714556917e+02
9.600000000000012079e+00 3.777975472550770633e+02 1.609029155969446379e+02
9.750000000000012434e+00 4.487184482662959795e+02 1.624094756007405920e+02
9.900000000000012790e+00 5.134481330885236048e+02 1.630836719582102319e+02
1.005000000000001315e+01 7.999999916458402822e+02 1.632237150998133473e+02
1.020000000000001350e+01 7.999999916458402822e+02 1.632237150998133473e+02
1.035000000000001386e+01 7.999999916458402822e+02 1.632237150998133473e+02
1.050000000000001421e+01 7.999999916458402822e+02 1.632237150998133473e+02
1.065000000000001457e+01 7.999999916458402822e+02 1.632237150998133473e+02
1.080000000000001492e+01 7.999999916458402822e+02 1.632237150998133473e+02
1.095000000000001528e+01 7.999999916458402822e+02 1.632237150998133473e+02
1.110000000000001563e+01 7.999999916458402822e+02 1.632237150998133473e+02
1.125000000000001599e+01 7.999999916458402822e+02 1.632237150998133473e+02
1.140000000000001634e+01 7.999999916458402822e+02 1.632237150998133473e+02
1.155000000000001670e+01 7.999999916458402822e+02 1.632237150998133473e+02
1.170000000000001705e+01 7.999999916458402822e+02 1.632237150998133473e+02
1.185000000000001741e+01 7.999999916458402822e+02 1.632237150998133473e+02
1.200000000000001776e+01 7.999999916458402822e+02 1.632237150998133473e+02
1.215000000000001812e+01 7.999999916458402822e+02 1.632237150998133473e+02
1.230000000000001847e+01 7.999999916458402822e+02 1.632237150998133473e+02
1.245000000000001883e+01 7.999999916458402822e+02 1.632237150998133473e+02
1.260000000000001918e+01 7.999999916458402822e+02 1.632237150998133473e+02
1.275000000000001954e+01 7.999999916458402822e+02 1.632237150998133473e+02
1.290000000000001990e+01 7.999999916458402822e+02 1.632237150998133473e+02
1.305000000000002025e+01 7.999999497492649425e+02 1.632509691595647894e+02
1.320000000000002061e+01 7.999999497492649425e+02 1.632509691595647894e+02
1.335000000000002096e+01 7.999999497492649425e+02 1.632509691595647894e+02
1.350000000000002132e+01 7.999999497492649425e+02 1.632509691595647894e+02
1.365000000000002167e+01 7.999999497492649425e+02 1.632509691595647894e+02
1.380000000000002203e+01 7.999999497492649425e+02 1.632509691595647894e+02
1.395000000000002238e+01 7.999999497492649425e+02 1.632509691595647894e+02
1.410000000000002274e+01 7.999999497492649425e+02 1.632509691595647894e+02
1.425000000000002309e+01 7.999999497492649425e+02 1.632509691595647894e+02
1.440000000000002345e+01 7.999999497492649425e+02 1.632509691595647894e+02
1.455000000000002380e+01 7.999999497492649425e+02 1.632509691595647894e+02
1.470000000000002416e+01 7.999999497492649425e+02 1.632509691595647894e+02
1.485000000000002451e+01 7.999999497492649425e+02 1.632509691595647894e+02
1.500000000000002487e+01 7.999999497492649425e+02 1.632509691595647894e+02
1.515000000000002522e+01 7.999999497492649425e+02 1.632509691595647894e+02
1.530000000000002558e+01 7.999999497492649425e+02 1.632509691595647894e+02
1.545000000000002593e+01 7.999999497492649425e+02 1.632509691595647894e+02
1.560000000000002629e+01 7.999999497492649425e+02 1.632509691595647894e+02
1.575000000000002665e+01 7.999999497492649425e+02 1.632509691595647894e+02
1.590000000000002700e+01 7.999999497492649425e+02 1.632509691595647894e+02
