1.499999999999999944e-01 7.999919546630558216e+02 1.799995243357896015e+02
2.999999999999999889e-01 7.999919546630558216e+02 1.799995243357896015e+02
4.499999999999999556e-01 7.999919546630558216e+02 1.799995243357896015e+02
5.999999999999999778e-01 7.999919546630558216e+02 1.799995243357896015e+02
7.500000000000000000e-01 7.999919546630558216e+02 1.799995243357896015e+02
9.000000000000000222e-01 7.999919546630558216e+02 1.799995243357896015e+02
1.050000000000000044e+00 7.999919546630558216e+02 1.799995243357896015e+02
1.199999999999999956e+00 7.999919546630558216e+02 1.799995243357896015e+02
1.349999999999999867e+00 7.999919546630558216e+02 1.799995243357896015e+02
1.499999999999999778e+00 7.999919546630558216e+02 1.799995243357896015e+02
1.649999999999999689e+00 7.999919546630558216e+02 1.799995243357896015e+02
1.799999999999999600e+00 7.999919546630558216e+02 1.799995243357896015e+02
1.949999999999999512e+00 7.999919546630558216e+02 1.799995243357896015e+02
2.099999999999999645e+00 7.999974395451506552e+02 1.799995247978394843e+02
2.249999999999999556e+00 7.999974395451506552e+02 1.799995247978394843e+02
2.399999999999999467e+00 7.999974395451506552e+02 1.799995247978394843e+02
2.549999999999999378e+00 7.999974395451506552e+02 1.799995247978394843e+02
2.699999999999999289e+00 7.999974395451506552e+02 1.799995247978394843e+02
2.849999999999999201e+00 7.999974395451506552e+02 1.799995247978394843e+02
2.999999999999999112e+00 7.999974395451506552e+02 1.799995247978394843e+02
3.149999999999999023e+00 7.999974395451506552e+02 1.799995247978394843e+02
3.299999999999998934e+00 7.999974395451506552e+02 1.799995247978394843e+02
3.449999999999998845e+00 7.999974395451506552e+02 1.799995247978394843e+02
3.599999999999998757e+00 7.999974395451506552e+02 1.799995247978394843e+02
3.749999999999998668e+00 7.999974395451506552e+02 1.799995247978394843e+02
3.899999999999998579e+00 7.999974395451506552e+02 1.799995247978394843e+02
4.049999999999998934e+00 4.928187669123628893e+02 1.799995252408745330e+02
4.199999999999999289e+00 3.340630678352364384e+02 1.799995260185658879e+02
4.349999999999999645e+00 1.791834089338622391e+02 1.799995306479268891e+02
4.500000000000000000e+00 1.081031725235919509e+02 1.799995384386762396e+02
4.650000000000000355e+00 6.534401705233213420e+01 1.799995508579672787e+02
4.800000000000000711e+00 4.060524268010709648e+01 1.799995719760347868e+02
4.950000000000001066e+00 2.597623304105243136e+01 1.799996037196462737e+02
5.100000000000001421e+00 1.733194667732733762e+01 1.799996471818732573e+02
5.250000000000001776e+00 1.221353051769957787e+01 1.799997031524104614e+02
5.400000000000002132e+00 9.182037715357289187e+00 1.799997658653836368e+02
5.550000000000002487e+00 7.386088624862466645e+00 1.799998270384305386e+02
5.700000000000002842e+00 6.322048231959193743e+00 1.799998801696480371e+02
5.850000000000003197e+00 5.691663075043763342e+00 1.799999210682786099e+02
6.000000000000003553e+00 5.318287148667209863e+00 1.799999498005987846e+02
6.150000000000003908e+00 5.097308246775682505e+00 1.799999689400658269e+02
6.300000000000004263e+00 4.966817831764458901e+00 1.799999810967998997e+02
6.450000000000004619e+00 4.890259942662027015e+00 1.799999885905536701e+02
6.600000000000004974e+00 4.846188010002677515e+00 1.799999931723805560e+02
6.750000000000005329e+00 4.822256118676804704e+00 1.799999959309548956e+02
6.900000000000005684e+00 4.811760261593718724e+00 1.799999975766156410e+02
7.050000000000006040e+00 4.811760261859234333e+00 1.799999985628721504e+02
7.200000000000006395e+00 4.822256119547105868e+00 1.799999991496023313e+02
7.350000000000006750e+00 4.846188011721153543e+00 1.799999994971308297e+02
7.500000000000007105e+00 4.890259945708081091e+00 1.799999997044742202e+02
7.650000000000007461e+00 4.966817836978890455e+00 1.799999998274479083e+02
7.800000000000007816e+00 5.097308255626202822e+00 1.799999999000831394e+02
7.950000000000008171e+00 5.318287163631964631e+00 1.799999999432088202e+02
8.100000000000008527e+00 5.691663100326749714e+00 1.799999999685300907e+02
8.250000000000008882e+00 6.322048274640827970e+00 1.799999999831615867e+02
8.400000000000009237e+00 7.386088696879888005e+00 1.799999999914496129e+02
8.550000000000009592e+00 9.182037836889684002e+00 1.799999999959164825e+02
8.700000000000009948e+00 1.221353072283251251e+01 1.799999999981689029e+02
8.850000000000010303e+00 1.733194702369245022e+01 1.799999999992261621e+02
9.000000000000010658e+00 2.597623362611146547e+01 1.799999999996836948e+02
9.150000000000011013e+00 4.060524367137274737e+01 1.799999999998683791e+02
9.300000000000011369e+00 6.534401872996900806e+01 1.799999999999393765e+02
9.450000000000011724e+00 1.081031754569344230e+02 1.799999999999654676e+02
9.600000000000012079e+00 1.791834137709890911e+02 1.799999999999743636e+02
9.750000000000012434e+00 3.340630796453219205e+02 1.799999999999775468e+02
9.900000000000012790e+00 4.928187764871482841e+02 1.799999999999779448e+02
1.005000000000001315e+01 7.999975199913225197e+02 1.799999999999781437e+02
1.020000000000001350e+01 7.999975199913225197e+02 1.799999999999781437e+02
1.035000000000001386e+01 7.999975199913225197e+02 1.799999999999781437e+02
1.050000000000001421e+01 7.999975199913225197e+02 1.799999999999781437e+02
1.065000000000001457e+01 7.999975199913225197e+02 1.799999999999781437e+02
1.080000000000001492e+01 7.999975199913225197e+02 1.799999999999781437e+02
1.095000000000001528e+01 7.999975199913225197e+02 1.799999999999781437e+02
1.110000000000001563e+01 7.999975199913225197e+02 1.799999999999781437e+02
1.125000000000001599e+01 7.999975199913225197e+02 1.799999999999781437e+02
1.140000000000001634e+01 7.999975199913225197e+02 1.799999999999781437e+02
1.155000000000001670e+01 7.999975199913225197e+02 1.799999999999781437e+02
1.170000000000001705e+01 7.999975199913225197e+02 1.799999999999781437e+02
1.185000000000001741e+01 7.999975199913225197e+02 1.799999999999781437e+02
1.200000000000001776e+01 7.999975199913225197e+02 1.799999999999781437e+02
1.215000000000001812e+01 7.999975199913225197e+02 1.799999999999781437e+02
1.230000000000001847e+01 7.999975199913225197e+02 1.799999999999781437e+02
1.245000000000001883e+01 7.999975199913225197e+02 1.799999999999781437e+02
1.260000000000001918e+01 7.999975199913225197e+02 1.799999999999781437e+02
1.275000000000001954e+01 7.999975199913225197e+02 1.799999999999781437e+02
1.290000000000001990e+01 7.999975199913225197e+02 1.799999999999781437e+02
1.305000000000002025e+01 7.999922074371756935e+02 1.799999999999782858e+02
1.320000000000002061e+01 7.999922074371756935e+02 1.799999999999782858e+02
1.335000000000002096e+01 7.999922074371756935e+02 1.799999999999782858e+02
1.350000000000002132e+01 7.999922074371756935e+02 1.799999999999782858e+02
1.365000000000002167e+01 7.999922074371756935e+02 1.799999999999782858e+02
1.380000000000002203e+01 7.999922074371756935e+02 1.799999999999782858e+02
1.395000000000002238e+01 7.999922074371756935e+02 1.799999999999782858e+02
1.410000000000002274e+01 7.999922074371756935e+02 1.799999999999782858e+02
1.425000000000002309e+01 7.999922074371756935e+02 1.799999999999782858e+02
1.440000000000002345e+01 7.999922074371756935e+02 1.799999999999782858e+02
1.455000000000002380e+01 7.999922074371756935e+02 1.799999999999782858e+02
1.470000000000002416e+01 7.999922074371756935e+02 1.799999999999782858e+02
1.485000000000002451e+01 7.999922074371756935e+02 1.799999999999782858e+02
1.500000000000002487e+01 7.999922074371756935e+02 1.799999999999782858e+02
1.515000000000002522e+01 7.999922074371756935e+02 1.799999999999782858e+02
1.530000000000002558e+01 7.999922074371756935e+02 1.799999999999782858e+02
1.545000000000002593e+01 7.999922074371756935e+02 1.799999999999782858e+02
1.560000000000002629e+01 7.999922074371756935e+02 1.799999999999782858e+02
1.575000000000002665e+01 7.999922074371756935e+02 1.799999999999782858e+02
1.590000000000002700e+01 7.999922074371756935e+02 1.799999999999782858e+02
