1.499999999999999944e-01 7.999571989532716998e+02 1.273399934520469401e-05
2.999999999999999889e-01 7.999571989532716998e+02 1.273399934520469401e-05
4.499999999999999556e-01 7.999571989532716998e+02 1.273399934520469401e-05
5.999999999999999778e-01 7.999571989532716998e+02 1.273399934520469401e-05
7.500000000000000000e-01 7.999571989532716998e+02 1.273399934520469401e-05
9.000000000000000222e-01 7.999571989532716998e+02 1.273399934520469401e-05
1.050000000000000044e+00 7.999571989532716998e+02 1.273399934520469401e-05
1.199999999999999956e+00 7.999571989532716998e+02 1.273399934520469401e-05
1.349999999999999867e+00 7.999571989532716998e+02 1.273399934520469401e-05
1.499999999999999778e+00 7.999571989532716998e+02 1.273399934520469401e-05
1.649999999999999689e+00 7.999571989532716998e+02 1.273399934520469401e-05
1.799999999999999600e+00 7.999571989532716998e+02 1.273399934520469401e-05
1.949999999999999512e+00 7.999571989532716998e+02 1.273399934520469401e-05
2.099999999999999645e+00 7.999830098546848376e+02 1.271921842938006364e-05
2.249999999999999556e+00 7.999830098546848376e+02 1.271921842938006364e-05
2.399999999999999467e+00 7.999830098546848376e+02 1.271921842938006364e-05
2.549999999999999378e+00 7.999830098546848376e+02 1.271921842938006364e-05
2.699999999999999289e+00 7.999830098546848376e+02 1.271921842938006364e-05
2.849999999999999201e+00 7.999830098546848376e+02 1.271921842938006364e-05
2.999999999999999112e+00 7.999830098546848376e+02 1.271921842938006364e-05
3.149999999999999023e+00 7.999830098546848376e+02 1.271921842938006364e-05
3.299999999999998934e+00 7.999830098546848376e+02 1.271921842938006364e-05
3.449999999999998845e+00 7.999830098546848376e+02 1.271921842938006364e-05
3.599999999999998757e+00 7.999830098546848376e+02 1.271921842938006364e-05
3.749999999999998668e+00 7.999830098546848376e+02 1.271921842938006364e-05
3.899999999999998579e+00 7.999830098546848376e+02 1.271921842938006364e-05
4.049999999999998934e+00 4.750858573119555217e+02 1.272943970165307803e-05
4.199999999999999289e+00 2.788405672596359750e+02 1.278112693425814683e-05
4.349999999999999645e+00 1.195817212562187137e+02 1.281762327676183588e-05
4.500000000000000000e+00 5.720627367886437042e+01 1.288239596874962700e-05
4.650000000000000355e+00 2.642949826764673560e+01 1.306188378635830816e-05
4.800000000000000711e+00 1.218281771091846366e+01 1.335859786089077517e-05
4.950000000000001066e+00 5.453997949330684492e+00 1.403073822880962496e-05
5.100000000000001421e+00 2.293832840043904753e+00 1.574787105784736241e-05
5.250000000000001776e+00 8.070475616041221656e-01 2.105845216049395674e-05
5.400000000000002132e+00 1.079095108575529594e-01 7.410377251193533965e-05
5.550000000000002487e+00 2.209006345719899400e-01 1.799999829149372204e+02
5.700000000000002842e+00 3.755354855644554846e-01 1.799999952711138747e+02
5.850000000000003197e+00 4.482593500275697807e-01 1.799999981354195029e+02
6.000000000000003553e+00 4.824613438706819579e-01 1.799999991812228757e+02
6.150000000000003908e+00 4.985476800594597080e-01 1.799999996248351124e+02
6.300000000000004263e+00 5.061160364724628380e-01 1.799999998211991112e+02
6.450000000000004619e+00 5.096819704065183032e-01 1.799999999058074422e+02
6.600000000000004974e+00 5.113730465808430381e-01 1.799999999338398879e+02
6.750000000000005329e+00 5.121982227774424246e-01 1.799999999223420275e+02
6.900000000000005684e+00 5.126498287780805185e-01 1.799999998644148889e+02
7.050000000000006040e+00 5.129973091152351117e-01 1.799999997263671503e+02
7.200000000000006395e+00 5.134479831560838647e-01 1.799999994264308327e+02
7.350000000000006750e+00 5.142707396794321539e-01 1.799999987850712557e+02
7.500000000000007105e+00 5.159564650651873308e-01 1.799999974320329557e+02
7.650000000000007461e+00 5.195109238866280066e-01 1.799999945892549817e+02
7.800000000000007816e+00 5.270548353985304857e-01 1.799999886567105420e+02
7.950000000000008171e+00 5.430891728333335777e-01 1.799999766426124950e+02
8.100000000000008527e+00 5.771805954740329980e-01 1.799999533677583656e+02
8.250000000000008882e+00 6.496693692303097123e-01 1.799999118827880977e+02
8.400000000000009237e+00 8.038044556499244209e-01 1.799998488857629582e+02
8.550000000000009592e+00 1.131552472852604296e+00 1.799997722351782841e+02
8.700000000000009948e+00 1.828434575784143590e+00 1.799997002009129119e+02
8.850000000000010303e+00 3.310433945238415276e+00 1.799996486392139730e+02
9.000000000000010658e+00 6.460474213654485709e+00 1.799996180543236903e+02
9.150000000000011013e+00 1.316798257233891434e+01 1.799996011720451463e+02
9.300000000000011369e+00 2.737041536574359668e+01 1.799995936532841654e+02
9.450000000000011724e+00 5.805708280656627096e+01 1.799995904584762911e+02
9.600000000000012079e+00 1.202622433836919242e+02 1.799995884115518834e+02
9.750000000000012434e+00 2.792142441619124043e+02 1.799995884495323821e+02
9.900000000000012790e+00 4.751389958482740781e+02 1.799995887376176427e+02
1.005000000000001315e+01 7.999829682404871392e+02 1.799995885875019894e+02
1.020000000000001350e+01 7.999829682404871392e+02 1.799995885875019894e+02
1.035000000000001386e+01 7.999829682404871392e+02 1.799995885875019894e+02
1.050000000000001421e+01 7.999829682404871392e+02 1.799995885875019894e+02
1.065000000000001457e+01 7.999829682404871392e+02 1.799995885875019894e+02
1.080000000000001492e+01 7.999829682404871392e+02 1.799995885875019894e+02
1.095000000000001528e+01 7.999829682404871392e+02 1.799995885875019894e+02
1.110000000000001563e+01 7.999829682404871392e+02 1.799995885875019894e+02
1.125000000000001599e+01 7.999829682404871392e+02 1.799995885875019894e+02
1.140000000000001634e+01 7.999829682404871392e+02 1.799995885875019894e+02
1.155000000000001670e+01 7.999829682404871392e+02 1.799995885875019894e+02
1.170000000000001705e+01 7.999829682404871392e+02 1.799995885875019894e+02
1.185000000000001741e+01 7.999829682404871392e+02 1.799995885875019894e+02
1.200000000000001776e+01 7.999829682404871392e+02 1.799995885875019894e+02
1.215000000000001812e+01 7.999829682404871392e+02 1.799995885875019894e+02
1.230000000000001847e+01 7.999829682404871392e+02 1.799995885875019894e+02
1.245000000000001883e+01 7.999829682404871392e+02 1.799995885875019894e+02
1.260000000000001918e+01 7.999829682404871392e+02 1.799995885875019894e+02
1.275000000000001954e+01 7.999829682404871392e+02 1.799995885875019894e+02
1.290000000000001990e+01 7.999829682404871392e+02 1.799995885875019894e+02
1.305000000000002025e+01 7.999570829362888844e+02 1.799995891526138792e+02
1.320000000000002061e+01 7.999570829362888844e+02 1.799995891526138792e+02
1.335000000000002096e+01 7.999570829362888844e+02 1.799995891526138792e+02
1.350000000000002132e+01 7.999570829362888844e+02 1.799995891526138792e+02
1.365000000000002167e+01 7.999570829362888844e+02 1.799995891526138792e+02
1.380000000000002203e+01 7.999570829362888844e+02 1.799995891526138792e+02
1.395000000000002238e+01 7.999570829362888844e+02 1.799995891526138792e+02
1.410000000000002274e+01 7.999570829362888844e+02 1.799995891526138792e+02
1.425000000000002309e+01 7.999570829362888844e+02 1.799995891526138792e+02
1.440000000000002345e+01 7.999570829362888844e+02 1.799995891526138792e+02
1.455000000000002380e+01 7.999570829362888844e+02 1.799995891526138792e+02
1.470000000000002416e+01 7.999570829362888844e+02 1.799995891526138792e+02
1.485000000000002451e+01 7.999570829362888844e+02 1.799995891526138792e+02
1.500000000000002487e+01 7.999570829362888844e+02 1.799995891526138792e+02
1.515000000000002522e+01 7.999570829362888844e+02 1.799995891526138792e+02
1.530000000000002558e+01 7.999570829362888844e+02 1.799995891526138792e+02
1.545000000000002593e+01 7.999570829362888844e+02 1.799995891526138792e+02
1.560000000000002629e+01 7.999570829362888844e+02 1.799995891526138792e+02
1.575000000000002665e+01 7.999570829362888844e+02 1.799995891526138792e+02
1.590000000000002700e+01 7.999570829362888844e+02 1.799995891526138792e+02
