1.499999999999999944e-01 7.999047984044649411e+02 1.799994543591653269e+02
2.999999999999999889e-01 7.999047984044649411e+02 1.799994543591653269e+02
4.499999999999999556e-01 7.999047984044649411e+02 1.799994543591653269e+02
5.999999999999999778e-01 7.999047984044649411e+02 1.799994543591653269e+02
7.500000000000000000e-01 7.999047984044649411e+02 1.799994543591653269e+02
9.000000000000000222e-01 7.999047984044649411e+02 1.799994543591653269e+02
1.050000000000000044e+00 7.999047984044649411e+02 1.799994543591653269e+02
1.199999999999999956e+00 7.999047984044649411e+02 1.799994543591653269e+02
1.349999999999999867e+00 7.999047984044649411e+02 1.799994543591653269e+02
1.499999999999999778e+00 7.999047984044649411e+02 1.799994543591653269e+02
1.649999999999999689e+00 7.999047984044649411e+02 1.799994543591653269e+02
1.799999999999999600e+00 7.999047984044649411e+02 1.799994543591653269e+02
1.949999999999999512e+00 7.999047984044649411e+02 1.799994543591653269e+02
2.099999999999999645e+00 7.999581086673139225e+02 1.799994546551034773e+02
2.249999999999999556e+00 7.999581086673139225e+02 1.799994546551034773e+02
2.399999999999999467e+00 7.999581086673139225e+02 1.799994546551034773e+02
2.549999999999999378e+00 7.999581086673139225e+02 1.799994546551034773e+02
2.699999999999999289e+00 7.999581086673139225e+02 1.799994546551034773e+02
2.849999999999999201e+00 7.999581086673139225e+02 1.799994546551034773e+02
2.999999999999999112e+00 7.999581086673139225e+02 1.799994546551034773e+02
3.149999999999999023e+00 7.999581086673139225e+02 1.799994546551034773e+02
3.299999999999998934e+00 7.999581086673139225e+02 1.799994546551034773e+02
3.449999999999998845e+00 7.999581086673139225e+02 1.799994546551034773e+02
3.599999999999998757e+00 7.999581086673139225e+02 1.799994546551034773e+02
3.749999999999998668e+00 7.999581086673139225e+02 1.799994546551034773e+02
3.899999999999998579e+00 7.999581086673139225e+02 1.799994546551034773e+02
4.049999999999998934e+00 4.633020225022620480e+02 1.799994550776271751e+02
4.199999999999999289e+00 2.529139068041274641e+02 1.799994559026659999e+02
4.349999999999999645e+00 9.896665556445846335e+01 1.799994603764310170e+02
4.500000000000000000e+00 4.402933237581863324e+01 1.799994699950423467e+02
4.650000000000000355e+00 1.936271696959708066e+01 1.799994915699346620e+02
4.800000000000000711e+00 9.059837791687435526e+00 1.799995366845117530e+02
4.950000000000001066e+00 4.655431397071993160e+00 1.799996169664678973e+02
5.100000000000001421e+00 2.786315477816771136e+00 1.799997274956731985e+02
5.250000000000001776e+00 1.991199551144603674e+00 1.799998378754607415e+02
5.400000000000002132e+00 1.653217704293894030e+00 1.799999169674787822e+02
5.550000000000002487e+00 1.509514905925556150e+00 1.799999612904229025e+02
5.700000000000002842e+00 1.448420328474298913e+00 1.799999828460408935e+02
5.850000000000003197e+00 1.422445590465230225e+00 1.799999925728075141e+02
6.000000000000003553e+00 1.411402406592515035e+00 1.799999968136637278e+02
6.150000000000003908e+00 1.406707483633141464e+00 1.799999986406213566e+02
6.300000000000004263e+00 1.404711734241516297e+00 1.799999994211596288e+02
6.450000000000004619e+00 1.403863975455550417e+00 1.799999997534511067e+02
6.600000000000004974e+00 1.403505293073834537e+00 1.799999998951385862e+02
6.750000000000005329e+00 1.403356903922627907e+00 1.799999999554073611e+02
6.900000000000005684e+00 1.403303473582241168e+00 1.799999999810171971e+02
7.050000000000006040e+00 1.403303473552739433e+00 1.799999999919282914e+02
7.200000000000006395e+00 1.403356903996382243e+00 1.799999999965681354e+02
7.350000000000006750e+00 1.403505293309848412e+00 1.799999999985393515e+02
7.500000000000007105e+00 1.403863975824322097e+00 1.799999999993790141e+02
7.650000000000007461e+00 1.404711735097066594e+00 1.799999999997360192e+02
7.800000000000007816e+00 1.406707485683512004e+00 1.799999999998876206e+02
7.950000000000008171e+00 1.411402411298041670e+00 1.799999999999523368e+02
8.100000000000008527e+00 1.422445601557882355e+00 1.799999999999797922e+02
8.250000000000008882e+00 1.448420354642337315e+00 1.799999999999915872e+02
8.400000000000009237e+00 1.509514967466174085e+00 1.799999999999967883e+02
8.550000000000009592e+00 1.653217848970399473e+00 1.799999999999988347e+02
8.700000000000009948e+00 1.991199891432358982e+00 1.799999999999996021e+02
8.850000000000010303e+00 2.786316278434838978e+00 1.799999999999998863e+02
9.000000000000010658e+00 4.655433278655735307e+00 -1.799999999999999716e+02
9.150000000000011013e+00 9.059842228515961438e+00 1.799999999999999432e+02
9.300000000000011369e+00 1.936272732713974420e+01 1.799999999999999432e+02
9.450000000000011724e+00 4.402935734245606625e+01 1.799999999999996305e+02
9.600000000000012079e+00 9.896671003903716723e+01 1.799999999999998295e+02
9.750000000000012434e+00 2.529140699841509274e+02 1.799999999999997442e+02
9.900000000000012790e+00 4.633022027880708720e+02 1.799999999999999716e+02
1.005000000000001315e+01 7.999590877645110822e+02 1.799999999999999432e+02
1.020000000000001350e+01 7.999590877645110822e+02 1.799999999999999432e+02
1.035000000000001386e+01 7.999590877645110822e+02 1.799999999999999432e+02
1.050000000000001421e+01 7.999590877645110822e+02 1.799999999999999432e+02
1.065000000000001457e+01 7.999590877645110822e+02 1.799999999999999432e+02
1.080000000000001492e+01 7.999590877645110822e+02 1.799999999999999432e+02
1.095000000000001528e+01 7.999590877645110822e+02 1.799999999999999432e+02
1.110000000000001563e+01 7.999590877645110822e+02 1.799999999999999432e+02
1.125000000000001599e+01 7.999590877645110822e+02 1.799999999999999432e+02
1.140000000000001634e+01 7.999590877645110822e+02 1.799999999999999432e+02
1.155000000000001670e+01 7.999590877645110822e+02 1.799999999999999432e+02
1.170000000000001705e+01 7.999590877645110822e+02 1.799999999999999432e+02
1.185000000000001741e+01 7.999590877645110822e+02 1.799999999999999432e+02
1.200000000000001776e+01 7.999590877645110822e+02 1.799999999999999432e+02
1.215000000000001812e+01 7.999590877645110822e+02 1.799999999999999432e+02
1.230000000000001847e+01 7.999590877645110822e+02 1.799999999999999432e+02
1.245000000000001883e+01 7.999590877645110822e+02 1.799999999999999432e+02
1.260000000000001918e+01 7.999590877645110822e+02 1.799999999999999432e+02
1.275000000000001954e+01 7.999590877645110822e+02 1.799999999999999432e+02
1.290000000000001990e+01 7.999590877645110822e+02 1.799999999999999432e+02
1.305000000000002025e+01 7.999070235016852166e+02 1.800000000000000000e+02
1.320000000000002061e+01 7.999070235016852166e+02 1.800000000000000000e+02
1.335000000000002096e+01 7.999070235016852166e+02 1.800000000000000000e+02
1.350000000000002132e+01 7.999070235016852166e+02 1.800000000000000000e+02
1.365000000000002167e+01 7.999070235016852166e+02 1.800000000000000000e+02
1.380000000000002203e+01 7.999070235016852166e+02 1.800000000000000000e+02
1.395000000000002238e+01 7.999070235016852166e+02 1.800000000000000000e+02
1.410000000000002274e+01 7.999070235016852166e+02 1.800000000000000000e+02
1.425000000000002309e+01 7.999070235016852166e+02 1.800000000000000000e+02
1.440000000000002345e+01 7.999070235016852166e+02 1.800000000000000000e+02
1.455000000000002380e+01 7.999070235016852166e+02 1.800000000000000000e+02
1.470000000000002416e+01 7.999070235016852166e+02 1.800000000000000000e+02
1.485000000000002451e+01 7.999070235016852166e+02 1.800000000000000000e+02
1.500000000000002487e+01 7.999070235016852166e+02 1.800000000000000000e+02
1.515000000000002522e+01 7.999070235016852166e+02 1.800000000000000000e+02
1.530000000000002558e+01 7.999070235016852166e+02 1.800000000000000000e+02
1.545000000000002593e+01 7.999070235016852166e+02 1.800000000000000000e+02
1.560000000000002629e+01 7.999070235016852166e+02 1.800000000000000000e+02
1.575000000000002665e+01 7.999070235016852166e+02 1.800000000000000000e+02
1.590000000000002700e+01 7.999070235016852166e+02 1.800000000000000000e+02
