1.499999999999999944e-01 7.999679191681772181e+02 2.637993581694475509e-04
2.999999999999999889e-01 7.999679191681772181e+02 2.637993581694475509e-04
4.499999999999999556e-01 7.999679191681772181e+02 2.637993581694475509e-04
5.999999999999999778e-01 7.999679191681772181e+02 2.637993581694475509e-04
7.500000000000000000e-01 7.999679191681772181e+02 2.637993581694475509e-04
9.000000000000000222e-01 7.999679191681772181e+02 2.637993581694475509e-04
1.050000000000000044e+00 7.999679191681772181e+02 2.637993581694475509e-04
1.199999999999999956e+00 7.999679191681772181e+02 2.637993581694475509e-04
1.349999999999999867e+00 7.999679191681772181e+02 2.637993581694475509e-04
1.499999999999999778e+00 7.999679191681772181e+02 2.637993581694475509e-04
1.649999999999999689e+00 7.999679191681772181e+02 2.637993581694475509e-04
1.799999999999999600e+00 7.999679191681772181e+02 2.637993581694475509e-04
1.949999999999999512e+00 7.999679191681772181e+02 2.637993581694475509e-04
2.099999999999999645e+00 7.999877469807960324e+02 2.637300313254042905e-04
2.249999999999999556e+00 7.999877469807960324e+02 2.637300313254042905e-04
2.399999999999999467e+00 7.999877469807960324e+02 2.637300313254042905e-04
2.549999999999999378e+00 7.999877469807960324e+02 2.637300313254042905e-04
2.699999999999999289e+00 7.999877469807960324e+02 2.637300313254042905e-04
2.849999999999999201e+00 7.999877469807960324e+02 2.637300313254042905e-04
2.999999999999999112e+00 7.999877469807960324e+02 2.637300313254042905e-04
3.149999999999999023e+00 7.999877469807960324e+02 2.637300313254042905e-04
3.299999999999998934e+00 7.999877469807960324e+02 2.637300313254042905e-04
3.449999999999998845e+00 7.999877469807960324e+02 2.637300313254042905e-04
3.599999999999998757e+00 7.999877469807960324e+02 2.637300313254042905e-04
3.749999999999998668e+00 7.999877469807960324e+02 2.637300313254042905e-04
3.899999999999998579e+00 7.999877469807960324e+02 2.637300313254042905e-04
4.049999999999998934e+00 4.788317952844864180e+02 2.639477871063666825e-04
4.199999999999999289e+00 2.883961847206123821e+02 2.647039459929834138e-04
4.349999999999999645e+00 1.280507112343983351e+02 2.662083374874724129e-04
4.500000000000000000e+00 6.312530013278215080e+01 2.691104488353746049e-04
4.650000000000000355e+00 2.993092879153124386e+01 2.756875376880296713e-04
4.800000000000000711e+00 1.395673239835470270e+01 2.894613827190140043e-04
4.950000000000001066e+00 6.119973492318699471e+00 3.224684944660438646e-04
5.100000000000001421e+00 2.294868269850184106e+00 4.207684162823577267e-04
5.250000000000001776e+00 4.248951729230157071e-01 1.110724790373551762e-03
5.400000000000002132e+00 4.888672504649775874e-01 1.799995281439603332e+02
5.550000000000002487e+00 9.354339197778926973e-01 1.799998793624918108e+02
5.700000000000002842e+00 1.153667890896883819e+00 1.799999521897645991e+02
5.850000000000003197e+00 1.260318940370268592e+00 1.799999786092176919e+02
6.000000000000003553e+00 1.312440478203313887e+00 1.799999899509805630e+02
6.150000000000003908e+00 1.337915572080362381e+00 1.799999951818529951e+02
6.300000000000004263e+00 1.350372409101623816e+00 1.799999976667534440e+02
6.450000000000004619e+00 1.356474925656556252e+00 1.799999988636855903e+02
6.600000000000004974e+00 1.359487737413900277e+00 1.799999994458331116e+02
6.750000000000005329e+00 1.361022585000142726e+00 1.799999997294446814e+02
6.900000000000005684e+00 1.361900554181659118e+00 1.799999998677266717e+02
7.050000000000006040e+00 1.362591325314667756e+00 1.799999999353813109e+02
7.200000000000006395e+00 1.363464435014748233e+00 1.799999999684364695e+02
7.350000000000006750e+00 1.364986964225550992e+00 1.799999999845757941e+02
7.500000000000007105e+00 1.367973408822535930e+00 1.799999999924772851e+02
7.650000000000007461e+00 1.374021404623476883e+00 1.799999999963391417e+02
7.800000000000007816e+00 1.386366402782300611e+00 1.799999999982248085e+02
7.950000000000008171e+00 1.411612519036395952e+00 1.799999999991475477e+02
8.100000000000008527e+00 1.463265483034774661e+00 1.799999999995974349e+02
8.250000000000008882e+00 1.568957848144947320e+00 1.799999999998149747e+02
8.400000000000009237e+00 1.785230815613743971e+00 1.799999999999183729e+02
8.550000000000009592e+00 2.227787807218930993e+00 1.799999999999643308e+02
8.700000000000009948e+00 3.133358300680669117e+00 1.799999999999821512e+02
8.850000000000010303e+00 4.986621796132553186e+00 1.799999999999876934e+02
9.000000000000010658e+00 8.777762355424542307e+00 1.799999999999883471e+02
9.150000000000011013e+00 1.654592484324841806e+01 1.799999999999880913e+02
9.300000000000011369e+00 3.238373729957784519e+01 1.799999999999878071e+02
9.450000000000011724e+00 6.531318452154431498e+01 1.799999999999874944e+02
9.600000000000012079e+00 1.297630711266828030e+02 1.799999999999873808e+02
9.750000000000012434e+00 2.892997181101180217e+02 1.799999999999873239e+02
9.900000000000012790e+00 4.789508779685114064e+02 1.799999999999873239e+02
1.005000000000001315e+01 7.999879428536296473e+02 1.799999999999872387e+02
1.020000000000001350e+01 7.999879428536296473e+02 1.799999999999872387e+02
1.035000000000001386e+01 7.999879428536296473e+02 1.799999999999872387e+02
1.050000000000001421e+01 7.999879428536296473e+02 1.799999999999872387e+02
1.065000000000001457e+01 7.999879428536296473e+02 1.799999999999872387e+02
1.080000000000001492e+01 7.999879428536296473e+02 1.799999999999872387e+02
1.095000000000001528e+01 7.999879428536296473e+02 1.799999999999872387e+02
1.110000000000001563e+01 7.999879428536296473e+02 1.799999999999872387e+02
1.125000000000001599e+01 7.999879428536296473e+02 1.799999999999872387e+02
1.140000000000001634e+01 7.999879428536296473e+02 1.799999999999872387e+02
1.155000000000001670e+01 7.999879428536296473e+02 1.799999999999872387e+02
1.170000000000001705e+01 7.999879428536296473e+02 1.799999999999872387e+02
1.185000000000001741e+01 7.999879428536296473e+02 1.799999999999872387e+02
1.200000000000001776e+01 7.999879428536296473e+02 1.799999999999872387e+02
1.215000000000001812e+01 7.999879428536296473e+02 1.799999999999872387e+02
1.230000000000001847e+01 7.999879428536296473e+02 1.799999999999872387e+02
1.245000000000001883e+01 7.999879428536296473e+02 1.799999999999872387e+02
1.260000000000001918e+01 7.999879428536296473e+02 1.799999999999872387e+02
1.275000000000001954e+01 7.999879428536296473e+02 1.799999999999872387e+02
1.290000000000001990e+01 7.999879428536296473e+02 1.799999999999872387e+02
1.305000000000002025e+01 7.999684120252949242e+02 1.799999999999872671e+02
1.320000000000002061e+01 7.999684120252949242e+02 1.799999999999872671e+02
1.335000000000002096e+01 7.999684120252949242e+02 1.799999999999872671e+02
1.350000000000002132e+01 7.999684120252949242e+02 1.799999999999872671e+02
1.365000000000002167e+01 7.999684120252949242e+02 1.799999999999872671e+02
1.380000000000002203e+01 7.999684120252949242e+02 1.799999999999872671e+02
1.395000000000002238e+01 7.999684120252949242e+02 1.799999999999872671e+02
1.410000000000002274e+01 7.999684120252949242e+02 1.799999999999872671e+02
1.425000000000002309e+01 7.999684120252949242e+02 1.799999999999872671e+02
1.440000000000002345e+01 7.999684120252949242e+02 1.799999999999872671e+02
1.455000000000002380e+01 7.999684120252949242e+02 1.799999999999872671e+02
1.470000000000002416e+01 7.999684120252949242e+02 1.799999999999872671e+02
1.485000000000002451e+01 7.999684120252949242e+02 1.799999999999872671e+02
1.500000000000002487e+01 7.999684120252949242e+02 1.799999999999872671e+02
1.515000000000002522e+01 7.999684120252949242e+02 1.799999999999872671e+02
1.530000000000002558e+01 7.999684120252949242e+02 1.799999999999872671e+02
1.545000000000002593e+01 7.999684120252949242e+02 1.799999999999872671e+02
1.560000000000002629e+01 7.999684120252949242e+02 1.799999999999872671e+02
1.575000000000002665e+01 7.999684120252949242e+02 1.799999999999872671e+02
1.590000000000002700e+01 7.999684120252949242e+02 1.799999999999872671e+02
