1.499999999999999944e-01 7.999946605941055395e+02 2.919856607574988772e-05
2.999999999999999889e-01 7.999946605941055395e+02 2.919856607574988772e-05
4.499999999999999556e-01 7.999946605941055395e+02 2.919856607574988772e-05
5.999999999999999778e-01 7.999946605941055395e+02 2.919856607574988772e-05
7.500000000000000000e-01 7.999946605941055395e+02 2.919856607574988772e-05
9.000000000000000222e-01 7.999946605941055395e+02 2.919856607574988772e-05
1.050000000000000044e+00 7.999946605941055395e+02 2.919856607574988772e-05
1.199999999999999956e+00 7.999946605941055395e+02 2.919856607574988772e-05
1.349999999999999867e+00 7.999946605941055395e+02 2.919856607574988772e-05
1.499999999999999778e+00 7.999946605941055395e+02 2.919856607574988772e-05
1.649999999999999689e+00 7.999946605941055395e+02 2.919856607574988772e-05
1.799999999999999600e+00 7.999946605941055395e+02 2.919856607574988772e-05
1.949999999999999512e+00 7.999946605941055395e+02 2.919856607574988772e-05
2.099999999999999645e+00 7.999983876491480714e+02 2.917113557743267194e-05
2.249999999999999556e+00 7.999983876491480714e+02 2.917113557743267194e-05
2.399999999999999467e+00 7.999983876491480714e+02 2.917113557743267194e-05
2.549999999999999378e+00 7.999983876491480714e+02 2.917113557743267194e-05
2.699999999999999289e+00 7.999983876491480714e+02 2.917113557743267194e-05
2.849999999999999201e+00 7.999983876491480714e+02 2.917113557743267194e-05
2.999999999999999112e+00 7.999983876491480714e+02 2.917113557743267194e-05
3.149999999999999023e+00 7.999983876491480714e+02 2.917113557743267194e-05
3.299999999999998934e+00 7.999983876491480714e+02 2.917113557743267194e-05
3.449999999999998845e+00 7.999983876491480714e+02 2.917113557743267194e-05
3.599999999999998757e+00 7.999983876491480714e+02 2.917113557743267194e-05
3.749999999999998668e+00 7.999983876491480714e+02 2.917113557743267194e-05
3.899999999999998579e+00 7.999983876491480714e+02 2.917113557743267194e-05
4.049999999999998934e+00 4.958048528352389894e+02 2.919972573700579943e-05
4.199999999999999289e+00 3.453745666340186631e+02 2.932866421689883651e-05
4.349999999999999645e+00 1.928669285159026288e+02 2.945243111407425118e-05
4.500000000000000000e+00 1.203968455796594839e+02 2.963215463425150631e-05
4.650000000000000355e+00 7.453010470342425720e+01 3.000109946416085194e-05
4.800000000000000711e+00 4.634657573609430159e+01 3.045394465672757178e-05
4.950000000000001066e+00 2.860320679039695335e+01 3.118325721762627012e-05
5.100000000000001421e+00 1.742058928670779849e+01 3.247668815997695191e-05
5.250000000000001776e+00 1.035599509823707365e+01 3.456928275025195063e-05
5.400000000000002132e+00 5.890986205556167477e+00 3.845916511002744897e-05
5.550000000000002487e+00 3.068164356937572279e+00 4.685986541153042140e-05
5.700000000000002842e+00 1.283284906899268663e+00 7.091138033221699999e-05
5.850000000000003197e+00 1.544209202866113628e-01 3.730387661370349051e-04
6.000000000000003553e+00 5.599494438922647532e-01 1.799999346799751265e+02
6.150000000000003908e+00 1.012666821890547908e+00 1.799999771081133986e+02
6.300000000000004263e+00 1.300593130110030415e+00 1.799999886785123806e+02
6.450000000000004619e+00 1.485333800896313505e+00 1.799999936523645658e+02
6.600000000000004974e+00 1.606417260339924269e+00 1.799999962025602827e+02
6.750000000000005329e+00 1.689751794663521878e+00 1.799999975908286274e+02
6.900000000000005684e+00 1.753168736756663293e+00 1.799999983369168035e+02
7.050000000000006040e+00 1.810237710475661288e+00 1.799999986911921326e+02
7.200000000000006395e+00 1.873170123429133582e+00 1.799999987584745043e+02
7.350000000000006750e+00 1.955432120753442859e+00 1.799999985772324749e+02
7.500000000000007105e+00 2.074626115376332791e+00 1.799999981586428817e+02
7.650000000000007461e+00 2.256257568534380198e+00 1.799999974894286368e+02
7.800000000000007816e+00 2.539193308860205889e+00 1.799999965624162712e+02
7.950000000000008171e+00 2.983980157396430855e+00 1.799999954363689767e+02
8.100000000000008527e+00 3.685806178065718086e+00 1.799999941996747168e+02
8.250000000000008882e+00 4.794885370190641538e+00 1.799999929623259902e+02
8.400000000000009237e+00 6.548649223378895101e+00 1.799999918811861619e+02
8.550000000000009592e+00 9.322721282302374846e+00 1.799999910105549077e+02
8.700000000000009948e+00 1.371178882409337518e+01 1.799999903360673272e+02
8.850000000000010303e+00 2.065913342460892821e+01 1.799999898846719191e+02
9.000000000000010658e+00 3.166325032797212913e+01 1.799999895878208349e+02
9.150000000000011013e+00 4.914074334902327479e+01 1.799999893727265885e+02
9.300000000000011369e+00 7.694198285310538665e+01 1.799999892651011635e+02
9.450000000000011724e+00 1.222863152778663363e+02 1.799999892094043048e+02
9.600000000000012079e+00 1.941105353306847690e+02 1.799999891570741397e+02
9.750000000000012434e+00 3.458755001773712365e+02 1.799999891597249757e+02
9.900000000000012790e+00 4.958471762929157194e+02 1.799999891690950165e+02
1.005000000000001315e+01 7.999983878821128656e+02 1.799999891646776291e+02
1.020000000000001350e+01 7.999983878821128656e+02 1.799999891646776291e+02
1.035000000000001386e+01 7.999983878821128656e+02 1.799999891646776291e+02
1.050000000000001421e+01 7.999983878821128656e+02 1.799999891646776291e+02
1.065000000000001457e+01 7.999983878821128656e+02 1.799999891646776291e+02
1.080000000000001492e+01 7.999983878821128656e+02 1.799999891646776291e+02
1.095000000000001528e+01 7.999983878821128656e+02 1.799999891646776291e+02
1.110000000000001563e+01 7.999983878821128656e+02 1.799999891646776291e+02
1.125000000000001599e+01 7.999983878821128656e+02 1.799999891646776291e+02
1.140000000000001634e+01 7.999983878821128656e+02 1.799999891646776291e+02
1.155000000000001670e+01 7.999983878821128656e+02 1.799999891646776291e+02
1.170000000000001705e+01 7.999983878821128656e+02 1.799999891646776291e+02
1.185000000000001741e+01 7.999983878821128656e+02 1.799999891646776291e+02
1.200000000000001776e+01 7.999983878821128656e+02 1.799999891646776291e+02
1.215000000000001812e+01 7.999983878821128656e+02 1.799999891646776291e+02
1.230000000000001847e+01 7.999983878821128656e+02 1.799999891646776291e+02
1.245000000000001883e+01 7.999983878821128656e+02 1.799999891646776291e+02
1.260000000000001918e+01 7.999983878821128656e+02 1.799999891646776291e+02
1.275000000000001954e+01 7.999983878821128656e+02 1.799999891646776291e+02
1.290000000000001990e+01 7.999983878821128656e+02 1.799999891646776291e+02
1.305000000000002025e+01 7.999946594202046981e+02 1.799999891823885321e+02
1.320000000000002061e+01 7.999946594202046981e+02 1.799999891823885321e+02
1.335000000000002096e+01 7.999946594202046981e+02 1.799999891823885321e+02
1.350000000000002132e+01 7.999946594202046981e+02 1.799999891823885321e+02
1.365000000000002167e+01 7.999946594202046981e+02 1.799999891823885321e+02
1.380000000000002203e+01 7.999946594202046981e+02 1.799999891823885321e+02
1.395000000000002238e+01 7.999946594202046981e+02 1.799999891823885321e+02
1.410000000000002274e+01 7.999946594202046981e+02 1.799999891823885321e+02
1.425000000000002309e+01 7.999946594202046981e+02 1.799999891823885321e+02
1.440000000000002345e+01 7.999946594202046981e+02 1.799999891823885321e+02
1.455000000000002380e+01 7.999946594202046981e+02 1.799999891823885321e+02
1.470000000000002416e+01 7.999946594202046981e+02 1.799999891823885321e+02
1.485000000000002451e+01 7.999946594202046981e+02 1.799999891823885321e+02
1.500000000000002487e+01 7.999946594202046981e+02 1.799999891823885321e+02
1.515000000000002522e+01 7.999946594202046981e+02 1.799999891823885321e+02
1.530000000000002558e+01 7.999946594202046981e+02 1.799999891823885321e+02
1.545000000000002593e+01 7.999946594202046981e+02 1.799999891823885321e+02
1.560000000000002629e+01 7.999946594202046981e+02 1.799999891823885321e+02
1.575000000000002665e+01 7.999946594202046981e+02 1.799999891823885321e+02
1.590000000000002700e+01 7.999946594202046981e+02 1.799999891823885321e+02
