1.499999999999999944e-01 7.998142186550676342e+02 1.079092142808324439e-05
2.999999999999999889e-01 7.998142186550676342e+02 1.079092142808324439e-05
4.499999999999999556e-01 7.998142186550676342e+02 1.079092142808324439e-05
5.999999999999999778e-01 7.998142186550676342e+02 1.079092142808324439e-05
7.500000000000000000e-01 7.998142186550676342e+02 1.079092142808324439e-05
9.000000000000000222e-01 7.998142186550676342e+02 1.079092142808324439e-05
1.050000000000000044e+00 7.998142186550676342e+02 1.079092142808324439e-05
1.199999999999999956e+00 7.998142186550676342e+02 1.079092142808324439e-05
1.349999999999999867e+00 7.998142186550676342e+02 1.079092142808324439e-05
1.499999999999999778e+00 7.998142186550676342e+02 1.079092142808324439e-05
1.649999999999999689e+00 7.998142186550676342e+02 1.079092142808324439e-05
1.799999999999999600e+00 7.998142186550676342e+02 1.079092142808324439e-05
1.949999999999999512e+00 7.998142186550676342e+02 1.079092142808324439e-05
2.099999999999999645e+00 7.999107045185519382e+02 1.077767927071260345e-05
2.249999999999999556e+00 7.999107045185519382e+02 1.077767927071260345e-05
2.399999999999999467e+00 7.999107045185519382e+02 1.077767927071260345e-05
2.549999999999999378e+00 7.999107045185519382e+02 1.077767927071260345e-05
2.699999999999999289e+00 7.999107045185519382e+02 1.077767927071260345e-05
2.849999999999999201e+00 7.999107045185519382e+02 1.077767927071260345e-05
2.999999999999999112e+00 7.999107045185519382e+02 1.077767927071260345e-05
3.149999999999999023e+00 7.999107045185519382e+02 1.077767927071260345e-05
3.299999999999998934e+00 7.999107045185519382e+02 1.077767927071260345e-05
3.449999999999998845e+00 7.999107045185519382e+02 1.077767927071260345e-05
3.599999999999998757e+00 7.999107045185519382e+02 1.077767927071260345e-05
3.749999999999998668e+00 7.999107045185519382e+02 1.077767927071260345e-05
3.899999999999998579e+00 7.999107045185519382e+02 1.077767927071260345e-05
4.049999999999998934e+00 4.505760774587512287e+02 1.078547805755114553e-05
4.199999999999999289e+00 2.289925921425975730e+02 1.082781007577526822e-05
4.349999999999999645e+00 8.116297781052210780e+01 1.085770447128986405e-05
4.500000000000000000e+00 3.253745802986390601e+01 1.092190919227409296e-05
4.650000000000000355e+00 1.237987558064108384e+01 1.112786167623003308e-05
4.800000000000000711e+00 4.662837662061491528e+00 1.158033099202260274e-05
4.950000000000001066e+00 1.629421608404101107e+00 1.292631631055751740e-05
5.100000000000001421e+00 4.477798293088426362e-01 1.843657263533859947e-05
5.250000000000001776e+00 1.394918092773878016e-02 1.799997688954166222e+02
5.400000000000002132e+00 1.941788529809400643e-01 1.799999935158549533e+02
5.550000000000002487e+00 2.645547267991332774e-01 1.799999981354081058e+02
5.700000000000002842e+00 2.920315769601984357e-01 1.799999993402955738e+02
5.850000000000003197e+00 3.027598253192991251e-01 1.799999997514771906e+02
6.000000000000003553e+00 3.069485792775594746e-01 1.799999999039450813e+02
6.150000000000003908e+00 3.085840659828136268e-01 1.799999999626461147e+02
6.300000000000004263e+00 3.092226737421697180e-01 1.799999999853434076e+02
6.450000000000004619e+00 3.094721270733771235e-01 1.799999999940104942e+02
6.600000000000004974e+00 3.095698160484516848e-01 1.799999999970183637e+02
6.750000000000005329e+00 3.096087055887437600e-01 1.799999999971915088e+02
6.900000000000005684e+00 3.096258038499399845e-01 1.799999999946876983e+02
7.050000000000006040e+00 3.096373829266667599e-01 1.799999999871573380e+02
7.200000000000006395e+00 3.096544614807044127e-01 1.799999999674618039e+02
7.350000000000006750e+00 3.096932922535415855e-01 1.799999999167468161e+02
7.500000000000007105e+00 3.097908279376042628e-01 1.799999997873058817e+02
7.650000000000007461e+00 3.100398878336818598e-01 1.799999994567817225e+02
7.800000000000007816e+00 3.106774869877426681e-01 1.799999986109130532e+02
7.950000000000008171e+00 3.123103907571476157e-01 1.799999964678889057e+02
8.100000000000008527e+00 3.164925292464886297e-01 1.799999910908006200e+02
8.250000000000008882e+00 3.272038336974674166e-01 1.799999779182232089e+02
8.400000000000009237e+00 3.546372894033993362e-01 1.799999479228526695e+02
8.550000000000009592e+00 4.249020278280113416e-01 1.799998888954453946e+02
8.700000000000009948e+00 6.048471227290974639e-01 1.799998000124411703e+02
8.850000000000010303e+00 1.065847556599123891e+00 1.799997098663661177e+02
9.000000000000010658e+00 2.245626033277233091e+00 1.799996481524965475e+02
9.150000000000011013e+00 5.274281383965458758e+00 1.799996156609833236e+02
9.300000000000011369e+00 1.297924814150200490e+01 1.799996022107689271e+02
9.450000000000011724e+00 3.310636319828742558e+01 1.799995971283213692e+02
9.600000000000012079e+00 8.165915626714058817e+01 1.799995946128854598e+02
9.750000000000012434e+00 2.293181489993433786e+02 1.799995945631766858e+02
9.900000000000012790e+00 4.506442833424251830e+02 1.799995948336813854e+02
1.005000000000001315e+01 7.999105187745939247e+02 1.799995946785832075e+02
1.020000000000001350e+01 7.999105187745939247e+02 1.799995946785832075e+02
1.035000000000001386e+01 7.999105187745939247e+02 1.799995946785832075e+02
1.050000000000001421e+01 7.999105187745939247e+02 1.799995946785832075e+02
1.065000000000001457e+01 7.999105187745939247e+02 1.799995946785832075e+02
1.080000000000001492e+01 7.999105187745939247e+02 1.799995946785832075e+02
1.095000000000001528e+01 7.999105187745939247e+02 1.799995946785832075e+02
1.110000000000001563e+01 7.999105187745939247e+02 1.799995946785832075e+02
1.125000000000001599e+01 7.999105187745939247e+02 1.799995946785832075e+02
1.140000000000001634e+01 7.999105187745939247e+02 1.799995946785832075e+02
1.155000000000001670e+01 7.999105187745939247e+02 1.799995946785832075e+02
1.170000000000001705e+01 7.999105187745939247e+02 1.799995946785832075e+02
1.185000000000001741e+01 7.999105187745939247e+02 1.799995946785832075e+02
1.200000000000001776e+01 7.999105187745939247e+02 1.799995946785832075e+02
1.215000000000001812e+01 7.999105187745939247e+02 1.799995946785832075e+02
1.230000000000001847e+01 7.999105187745939247e+02 1.799995946785832075e+02
1.245000000000001883e+01 7.999105187745939247e+02 1.799995946785832075e+02
1.260000000000001918e+01 7.999105187745939247e+02 1.799995946785832075e+02
1.275000000000001954e+01 7.999105187745939247e+02 1.799995946785832075e+02
1.290000000000001990e+01 7.999105187745939247e+02 1.799995946785832075e+02
1.305000000000002025e+01 7.998137903593441251e+02 1.799995952379917412e+02
1.320000000000002061e+01 7.998137903593441251e+02 1.799995952379917412e+02
1.335000000000002096e+01 7.998137903593441251e+02 1.799995952379917412e+02
1.350000000000002132e+01 7.998137903593441251e+02 1.799995952379917412e+02
1.365000000000002167e+01 7.998137903593441251e+02 1.799995952379917412e+02
1.380000000000002203e+01 7.998137903593441251e+02 1.799995952379917412e+02
1.395000000000002238e+01 7.998137903593441251e+02 1.799995952379917412e+02
1.410000000000002274e+01 7.998137903593441251e+02 1.799995952379917412e+02
1.425000000000002309e+01 7.998137903593441251e+02 1.799995952379917412e+02
1.440000000000002345e+01 7.998137903593441251e+02 1.799995952379917412e+02
1.455000000000002380e+01 7.998137903593441251e+02 1.799995952379917412e+02
1.470000000000002416e+01 7.998137903593441251e+02 1.799995952379917412e+02
1.485000000000002451e+01 7.998137903593441251e+02 1.799995952379917412e+02
1.500000000000002487e+01 7.998137903593441251e+02 1.799995952379917412e+02
1.515000000000002522e+01 7.998137903593441251e+02 1.799995952379917412e+02
1.530000000000002558e+01 7.998137903593441251e+02 1.799995952379917412e+02
1.545000000000002593e+01 7.998137903593441251e+02 1.799995952379917412e+02
1.560000000000002629e+01 7.998137903593441251e+02 1.799995952379917412e+02
1.575000000000002665e+01 7.998137903593441251e+02 1.799995952379917412e+02
1.590000000000002700e+01 7.998137903593441251e+02 1.799995952379917412e+02
