1.499999999999999944e-01 7.997703237537680252e+02 1.799189252625405686e+02
2.999999999999999889e-01 7.997703237537680252e+02 1.799189252625405686e+02
4.499999999999999556e-01 7.997703237537680252e+02 1.799189252625405686e+02
5.999999999999999778e-01 7.997703237537680252e+02 1.799189252625405686e+02
7.500000000000000000e-01 7.997703237537680252e+02 1.799189252625405686e+02
9.000000000000000222e-01 7.997703237537680252e+02 1.799189252625405686e+02
1.050000000000000044e+00 7.997703237537680252e+02 1.799189252625405686e+02
1.199999999999999956e+00 7.997703237537680252e+02 1.799189252625405686e+02
1.349999999999999867e+00 7.997703237537680252e+02 1.799189252625405686e+02
1.499999999999999778e+00 7.997703237537680252e+02 1.799189252625405686e+02
1.649999999999999689e+00 7.997703237537680252e+02 1.799189252625405686e+02
1.799999999999999600e+00 7.997703237537680252e+02 1.799189252625405686e+02
1.949999999999999512e+00 7.997703237537680252e+02 1.799189252625405686e+02
2.099999999999999645e+00 7.998867167297437391e+02 1.799189418415023738e+02
2.249999999999999556e+00 7.998867167297437391e+02 1.799189418415023738e+02
2.399999999999999467e+00 7.998867167297437391e+02 1.799189418415023738e+02
2.549999999999999378e+00 7.998867167297437391e+02 1.799189418415023738e+02
2.699999999999999289e+00 7.998867167297437391e+02 1.799189418415023738e+02
2.849999999999999201e+00 7.998867167297437391e+02 1.799189418415023738e+02
2.999999999999999112e+00 7.998867167297437391e+02 1.799189418415023738e+02
3.149999999999999023e+00 7.998867167297437391e+02 1.799189418415023738e+02
3.299999999999998934e+00 7.998867167297437391e+02 1.799189418415023738e+02
3.449999999999998845e+00 7.998867167297437391e+02 1.799189418415023738e+02
3.599999999999998757e+00 7.998867167297437391e+02 1.799189418415023738e+02
3.749999999999998668e+00 7.998867167297437391e+02 1.799189418415023738e+02
3.899999999999998579e+00 7.998867167297437391e+02 1.799189418415023738e+02
4.049999999999998934e+00 4.464249073770319569e+02 1.799190016511102783e+02
4.199999999999999289e+00 2.226554006479410361e+02 1.799191538604445952e+02
4.349999999999999645e+00 7.755955581931604570e+01 1.799197611943883999e+02
4.500000000000000000e+00 3.107189930912883824e+01 1.799211916775818736e+02
4.650000000000000355e+00 1.226093493330544959e+01 1.799248290028778001e+02
4.800000000000000711e+00 5.248460441337300608e+00 1.799329160784154737e+02
4.950000000000001066e+00 2.560988793708560252e+00 1.799477561863877213e+02
5.100000000000001421e+00 1.540916203372205473e+00 1.799669335830825503e+02
5.250000000000001776e+00 1.152423236471918244e+00 1.799831783771747382e+02
5.400000000000002132e+00 1.004640040446020066e+00 1.799926568789408634e+02
5.550000000000002487e+00 9.484000041439912820e-01 1.799970392059329640e+02
5.700000000000002842e+00 9.270004871935952906e-01 1.799988473193789389e+02
5.850000000000003197e+00 9.188574937560360922e-01 1.799995574871783219e+02
6.000000000000003553e+00 9.157589601956601655e-01 1.799998309906926011e+02
6.150000000000003908e+00 9.145799214927023968e-01 1.799999356044068293e+02
6.300000000000004263e+00 9.141313013921035235e-01 1.799999754836723582e+02
6.450000000000004619e+00 9.139606576665642024e-01 1.799999906662988280e+02
6.600000000000004974e+00 9.138958935121195282e-01 1.799999964480174981e+02
6.750000000000005329e+00 9.138716927673726786e-01 1.799999986483368843e+02
6.900000000000005684e+00 9.138636486769655676e-01 1.799999994854950103e+02
7.050000000000006040e+00 9.138636485884603644e-01 1.799999998042168841e+02
7.200000000000006395e+00 9.138716927673726786e-01 1.799999999254996226e+02
7.350000000000006750e+00 9.138958936006247313e-01 1.799999999716427510e+02
7.500000000000007105e+00 9.139606580205850150e-01 1.799999999892101528e+02
7.650000000000007461e+00 9.141313021001451489e-01 1.799999999958948536e+02
7.800000000000007816e+00 9.145799232923081945e-01 1.799999999984381986e+02
7.950000000000008171e+00 9.157589650634463396e-01 1.799999999994064694e+02
8.100000000000008527e+00 9.188575064122801450e-01 1.799999999997749001e+02
8.250000000000008882e+00 9.270005204125482123e-01 1.799999999999148486e+02
8.400000000000009237e+00 9.484000907315817130e-01 1.799999999999678835e+02
8.550000000000009592e+00 1.004640263154612967e+00 1.799999999999873808e+02
8.700000000000009948e+00 1.152423793730179113e+00 1.799999999999934346e+02
8.850000000000010303e+00 1.540917542308420707e+00 1.799999999999932641e+02
9.000000000000010658e+00 2.560991918001235490e+00 1.799999999999906493e+02
9.150000000000011013e+00 5.248467880516770379e+00 1.799999999999882903e+02
9.300000000000011369e+00 1.226095317461687628e+01 1.799999999999871534e+02
9.450000000000011724e+00 3.107194717643227122e+01 1.799999999999862439e+02
9.600000000000012079e+00 7.755967043659465787e+01 1.799999999999859881e+02
9.750000000000012434e+00 2.226557772543989131e+02 1.799999999999859881e+02
9.900000000000012790e+00 4.464253883136493073e+02 1.799999999999860449e+02
1.005000000000001315e+01 7.998889905762223407e+02 1.799999999999861302e+02
1.020000000000001350e+01 7.998889905762223407e+02 1.799999999999861302e+02
1.035000000000001386e+01 7.998889905762223407e+02 1.799999999999861302e+02
1.050000000000001421e+01 7.998889905762223407e+02 1.799999999999861302e+02
1.065000000000001457e+01 7.998889905762223407e+02 1.799999999999861302e+02
1.080000000000001492e+01 7.998889905762223407e+02 1.799999999999861302e+02
1.095000000000001528e+01 7.998889905762223407e+02 1.799999999999861302e+02
1.110000000000001563e+01 7.998889905762223407e+02 1.799999999999861302e+02
1.125000000000001599e+01 7.998889905762223407e+02 1.799999999999861302e+02
1.140000000000001634e+01 7.998889905762223407e+02 1.799999999999861302e+02
1.155000000000001670e+01 7.998889905762223407e+02 1.799999999999861302e+02
1.170000000000001705e+01 7.998889905762223407e+02 1.799999999999861302e+02
1.185000000000001741e+01 7.998889905762223407e+02 1.799999999999861302e+02
1.200000000000001776e+01 7.998889905762223407e+02 1.799999999999861302e+02
1.215000000000001812e+01 7.998889905762223407e+02 1.799999999999861302e+02
1.230000000000001847e+01 7.998889905762223407e+02 1.799999999999861302e+02
1.245000000000001883e+01 7.998889905762223407e+02 1.799999999999861302e+02
1.260000000000001918e+01 7.998889905762223407e+02 1.799999999999861302e+02
1.275000000000001954e+01 7.998889905762223407e+02 1.799999999999861302e+02
1.290000000000001990e+01 7.998889905762223407e+02 1.799999999999861302e+02
1.305000000000002025e+01 7.997749339425168955e+02 1.799999999999860734e+02
1.320000000000002061e+01 7.997749339425168955e+02 1.799999999999860734e+02
1.335000000000002096e+01 7.997749339425168955e+02 1.799999999999860734e+02
1.350000000000002132e+01 7.997749339425168955e+02 1.799999999999860734e+02
1.365000000000002167e+01 7.997749339425168955e+02 1.799999999999860734e+02
1.380000000000002203e+01 7.997749339425168955e+02 1.799999999999860734e+02
1.395000000000002238e+01 7.997749339425168955e+02 1.799999999999860734e+02
1.410000000000002274e+01 7.997749339425168955e+02 1.799999999999860734e+02
1.425000000000002309e+01 7.997749339425168955e+02 1.799999999999860734e+02
1.440000000000002345e+01 7.997749339425168955e+02 1.799999999999860734e+02
1.455000000000002380e+01 7.997749339425168955e+02 1.799999999999860734e+02
1.470000000000002416e+01 7.997749339425168955e+02 1.799999999999860734e+02
1.485000000000002451e+01 7.997749339425168955e+02 1.799999999999860734e+02
1.500000000000002487e+01 7.997749339425168955e+02 1.799999999999860734e+02
1.515000000000002522e+01 7.997749339425168955e+02 1.799999999999860734e+02
1.530000000000002558e+01 7.997749339425168955e+02 1.799999999999860734e+02
1.545000000000002593e+01 7.997749339425168955e+02 1.799999999999860734e+02
1.560000000000002629e+01 7.997749339425168955e+02 1.799999999999860734e+02
1.575000000000002665e+01 7.997749339425168955e+02 1.799999999999860734e+02
1.590000000000002700e+01 7.997749339425168955e+02 1.799999999999860734e+02
