1.499999999999999944e-01 7.999999780703691385e+02 1.799988509158502836e+02
2.999999999999999889e-01 7.999999780703691385e+02 1.799988509158502836e+02
4.499999999999999556e-01 7.999999780703691385e+02 1.799988509158502836e+02
5.999999999999999778e-01 7.999999780703691385e+02 1.799988509158502836e+02
7.500000000000000000e-01 7.999999780703691385e+02 1.799988509158502836e+02
9.000000000000000222e-01 7.999999780703691385e+02 1.799988509158502836e+02
1.050000000000000044e+00 7.999999780703691385e+02 1.799988509158502836e+02
1.199999999999999956e+00 7.999999780703691385e+02 1.799988509158502836e+02
1.349999999999999867e+00 7.999999780703691385e+02 1.799988509158502836e+02
1.499999999999999778e+00 7.999999780703691385e+02 1.799988509158502836e+02
1.649999999999999689e+00 7.999999780703691385e+02 1.799988509158502836e+02
1.799999999999999600e+00 7.999999780703691385e+02 1.799988509158502836e+02
1.949999999999999512e+00 7.999999780703691385e+02 1.799988509158502836e+02
2.099999999999999645e+00 7.999999967144857465e+02 1.799988521632525647e+02
2.249999999999999556e+00 7.999999967144857465e+02 1.799988521632525647e+02
2.399999999999999467e+00 7.999999967144857465e+02 1.799988521632525647e+02
2.549999999999999378e+00 7.999999967144857465e+02 1.799988521632525647e+02
2.699999999999999289e+00 7.999999967144857465e+02 1.799988521632525647e+02
2.849999999999999201e+00 7.999999967144857465e+02 1.799988521632525647e+02
2.999999999999999112e+00 7.999999967144857465e+02 1.799988521632525647e+02
3.149999999999999023e+00 7.999999967144857465e+02 1.799988521632525647e+02
3.299999999999998934e+00 7.999999967144857465e+02 1.799988521632525647e+02
3.449999999999998845e+00 7.999999967144857465e+02 1.799988521632525647e+02
3.599999999999998757e+00 7.999999967144857465e+02 1.799988521632525647e+02
3.749999999999998668e+00 7.999999967144857465e+02 1.799988521632525647e+02
3.899999999999998579e+00 7.999999967144857465e+02 1.799988521632525647e+02
4.049999999999998934e+00 5.146942075290222647e+02 1.799988567536449011e+02
4.199999999999999289e+00 4.589347836316002258e+02 1.799988755082224827e+02
4.349999999999999645e+00 3.971659455201166224e+02 1.799989153585478334e+02
4.500000000000000000e+00 3.827844206048115439e+02 1.799989583490156519e+02
4.650000000000000355e+00 3.769642783411138680e+02 1.799990021445777586e+02
4.800000000000000711e+00 3.750122244209098881e+02 1.799990459431763554e+02
4.950000000000001066e+00 3.743064055850023806e+02 1.799990884177763348e+02
5.100000000000001421e+00 3.740572301358961340e+02 1.799991286232902326e+02
5.250000000000001776e+00 3.739683694988144111e+02 1.799991681073140057e+02
5.400000000000002132e+00 3.739367816617343578e+02 1.799992061188220873e+02
5.550000000000002487e+00 3.739255377850319633e+02 1.799992420575241567e+02
5.700000000000002842e+00 3.739215371837238422e+02 1.799992773335438301e+02
5.850000000000003197e+00 3.739201135034311960e+02 1.799993113180137527e+02
6.000000000000003553e+00 3.739196068926648309e+02 1.799993435004825528e+02
6.150000000000003908e+00 3.739194266135664293e+02 1.799993751077909963e+02
6.300000000000004263e+00 3.739193624627540657e+02 1.799994055970796296e+02
6.450000000000004619e+00 3.739193396396305502e+02 1.799994345311277755e+02
6.600000000000004974e+00 3.739193315323751676e+02 1.799994629699568520e+02
6.750000000000005329e+00 3.739193286878768845e+02 1.799994904470920858e+02
6.900000000000005684e+00 3.739193277894307812e+02 1.799995165912579012e+02
7.050000000000006040e+00 3.739193277894368066e+02 1.799995423123509113e+02
7.200000000000006395e+00 3.739193286878951881e+02 1.799995672128416118e+02
7.350000000000006750e+00 3.739193315324059768e+02 1.799995909814928154e+02
7.500000000000007105e+00 3.739193396396737512e+02 1.799996143925070271e+02
7.650000000000007461e+00 3.739193624628099997e+02 1.799996371109885729e+02
7.800000000000007816e+00 3.739194266136361762e+02 1.799996588807949820e+02
7.950000000000008171e+00 3.739196068927478223e+02 1.799996803527109250e+02
8.100000000000008527e+00 3.739201135035289099e+02 1.799997012491344890e+02
8.250000000000008882e+00 3.739215371838367332e+02 1.799997213648845218e+02
8.400000000000009237e+00 3.739255377851603726e+02 1.799997412374734154e+02
8.550000000000009592e+00 3.739367816618807296e+02 1.799997606416844462e+02
8.700000000000009948e+00 3.739683694989806213e+02 1.799997794186364786e+02
8.850000000000010303e+00 3.740572301360859910e+02 1.799997979973448707e+02
9.000000000000010658e+00 3.743064055852279353e+02 1.799998161905209031e+02
9.150000000000011013e+00 3.750122244212025180e+02 1.799998338559038871e+02
9.300000000000011369e+00 3.769642783415562235e+02 1.799998512301423546e+02
9.450000000000011724e+00 3.827844206056984717e+02 1.799998680016399533e+02
9.600000000000012079e+00 3.971659455219158872e+02 1.799998832039085528e+02
9.750000000000012434e+00 4.589347836394475735e+02 1.799998965944254223e+02
9.900000000000012790e+00 5.146942075343171155e+02 1.799999028771065639e+02
1.005000000000001315e+01 7.999999968455095996e+02 1.799999041938530979e+02
1.020000000000001350e+01 7.999999968455095996e+02 1.799999041938530979e+02
1.035000000000001386e+01 7.999999968455095996e+02 1.799999041938530979e+02
1.050000000000001421e+01 7.999999968455095996e+02 1.799999041938530979e+02
1.065000000000001457e+01 7.999999968455095996e+02 1.799999041938530979e+02
1.080000000000001492e+01 7.999999968455095996e+02 1.799999041938530979e+02
1.095000000000001528e+01 7.999999968455095996e+02 1.799999041938530979e+02
1.110000000000001563e+01 7.999999968455095996e+02 1.799999041938530979e+02
1.125000000000001599e+01 7.999999968455095996e+02 1.799999041938530979e+02
1.140000000000001634e+01 7.999999968455095996e+02 1.799999041938530979e+02
1.155000000000001670e+01 7.999999968455095996e+02 1.799999041938530979e+02
1.170000000000001705e+01 7.999999968455095996e+02 1.799999041938530979e+02
1.185000000000001741e+01 7.999999968455095996e+02 1.799999041938530979e+02
1.200000000000001776e+01 7.999999968455095996e+02 1.799999041938530979e+02
1.215000000000001812e+01 7.999999968455095996e+02 1.799999041938530979e+02
1.230000000000001847e+01 7.999999968455095996e+02 1.799999041938530979e+02
1.245000000000001883e+01 7.999999968455095996e+02 1.799999041938530979e+02
1.260000000000001918e+01 7.999999968455095996e+02 1.799999041938530979e+02
1.275000000000001954e+01 7.999999968455095996e+02 1.799999041938530979e+02
1.290000000000001990e+01 7.999999968455095996e+02 1.799999041938530979e+02
1.305000000000002025e+01 7.999999789449066157e+02 1.799999045015759407e+02
1.320000000000002061e+01 7.999999789449066157e+02 1.799999045015759407e+02
1.335000000000002096e+01 7.999999789449066157e+02 1.799999045015759407e+02
1.350000000000002132e+01 7.999999789449066157e+02 1.799999045015759407e+02
1.365000000000002167e+01 7.999999789449066157e+02 1.799999045015759407e+02
1.380000000000002203e+01 7.999999789449066157e+02 1.799999045015759407e+02
1.395000000000002238e+01 7.999999789449066157e+02 1.799999045015759407e+02
1.410000000000002274e+01 7.999999789449066157e+02 1.799999045015759407e+02
1.425000000000002309e+01 7.999999789449066157e+02 1.799999045015759407e+02
1.440000000000002345e+01 7.999999789449066157e+02 1.799999045015759407e+02
1.455000000000002380e+01 7.999999789449066157e+02 1.799999045015759407e+02
1.470000000000002416e+01 7.999999789449066157e+02 1.799999045015759407e+02
1.485000000000002451e+01 7.999999789449066157e+02 1.799999045015759407e+02
1.500000000000002487e+01 7.999999789449066157e+02 1.799999045015759407e+02
1.515000000000002522e+01 7.999999789449066157e+02 1.799999045015759407e+02
1.530000000000002558e+01 7.999999789449066157e+02 1.799999045015759407e+02
1.545000000000002593e+01 7.999999789449066157e+02 1.799999045015759407e+02
1.560000000000002629e+01 7.999999789449066157e+02 1.799999045015759407e+02
1.575000000000002665e+01 7.999999789449066157e+02 1.799999045015759407e+02
1.590000000000002700e+01 7.999999789449066157e+02 1.799999045015759407e+02
