1.499999999999999944e-01 7.994427830772089010e+02 2.308087533698710558e-02
2.999999999999999889e-01 7.994427830772089010e+02 2.308087533698710558e-02
4.499999999999999556e-01 7.994427830772089010e+02 2.308087533698710558e-02
5.999999999999999778e-01 7.994427830772089010e+02 2.308087533698710558e-02
7.500000000000000000e-01 7.994427830772089010e+02 2.308087533698710558e-02
9.000000000000000222e-01 7.994427830772089010e+02 2.308087533698710558e-02
1.050000000000000044e+00 7.994427830772089010e+02 2.308087533698710558e-02
1.199999999999999956e+00 7.994427830772089010e+02 2.308087533698710558e-02
1.349999999999999867e+00 7.994427830772089010e+02 2.308087533698710558e-02
1.499999999999999778e+00 7.994427830772089010e+02 2.308087533698710558e-02
1.649999999999999689e+00 7.994427830772089010e+02 2.308087533698710558e-02
1.799999999999999600e+00 7.994427830772089010e+02 2.308087533698710558e-02
1.949999999999999512e+00 7.994427830772089010e+02 2.308087533698710558e-02
2.099999999999999645e+00 7.996919557375420027e+02 2.307907229452688114e-02
2.249999999999999556e+00 7.996919557375420027e+02 2.307907229452688114e-02
2.399999999999999467e+00 7.996919557375420027e+02 2.307907229452688114e-02
2.549999999999999378e+00 7.996919557375420027e+02 2.307907229452688114e-02
2.699999999999999289e+00 7.996919557375420027e+02 2.307907229452688114e-02
2.849999999999999201e+00 7.996919557375420027e+02 2.307907229452688114e-02
2.999999999999999112e+00 7.996919557375420027e+02 2.307907229452688114e-02
3.149999999999999023e+00 7.996919557375420027e+02 2.307907229452688114e-02
3.299999999999998934e+00 7.996919557375420027e+02 2.307907229452688114e-02
3.449999999999998845e+00 7.996919557375420027e+02 2.307907229452688114e-02
3.599999999999998757e+00 7.996919557375420027e+02 2.307907229452688114e-02
3.749999999999998668e+00 7.996919557375420027e+02 2.307907229452688114e-02
3.899999999999998579e+00 7.996919557375420027e+02 2.307907229452688114e-02
4.049999999999998934e+00 4.243256405225625372e+02 2.309533484291403926e-02
4.199999999999999289e+00 1.912568179409265383e+02 2.314633555099876450e-02
4.349999999999999645e+00 5.816182431198264169e+01 2.331358982294728932e-02
4.500000000000000000e+00 2.016878822190630061e+01 2.377108056667243119e-02
4.650000000000000355e+00 6.345880929175756080e+00 2.530330360442190063e-02
4.800000000000000711e+00 1.764219821208598660e+00 3.107706673564136768e-02
4.950000000000001066e+00 1.938598950976029300e-01 9.585218990056421084e-02
5.100000000000001421e+00 3.375916375880478881e-01 1.799812860799463579e+02
5.250000000000001776e+00 5.183100736663845964e-01 1.799958617121494626e+02
5.400000000000002132e+00 5.796521138340722246e-01 1.799987431896080921e+02
5.550000000000002487e+00 6.004878675681766254e-01 1.799995878564249949e+02
5.700000000000002842e+00 6.075632318264752030e-01 1.799998616600916534e+02
5.850000000000003197e+00 6.099661025417617566e-01 1.799999532038439725e+02
6.000000000000003553e+00 6.107821139065663374e-01 1.799999841231634718e+02
6.150000000000003908e+00 6.110592344953147403e-01 1.799999946105298534e+02
6.300000000000004263e+00 6.111533467981189460e-01 1.799999981699674549e+02
6.450000000000004619e+00 6.111853124583603858e-01 1.799999993783164314e+02
6.600000000000004974e+00 6.111961827854202056e-01 1.799999997888743337e+02
6.750000000000005329e+00 6.111999176459903538e-01 1.799999999283002410e+02
6.900000000000005684e+00 6.112013133730442860e-01 1.799999999756414866e+02
7.050000000000006040e+00 6.112021624329599945e-01 1.799999999917275488e+02
7.200000000000006395e+00 6.112035551508370190e-01 1.799999999971904572e+02
7.350000000000006750e+00 6.112072800988244126e-01 1.799999999990455137e+02
7.500000000000007105e+00 6.112181213961775939e-01 1.799999999996758220e+02
7.650000000000007461e+00 6.112500010883650248e-01 1.799999999998900932e+02
7.800000000000007816e+00 6.113438602662881749e-01 1.799999999999626255e+02
7.950000000000008171e+00 6.116202357002293866e-01 1.799999999999873523e+02
8.100000000000008527e+00 6.124340528440370690e-01 1.799999999999957367e+02
8.250000000000008882e+00 6.148304617944404526e-01 1.799999999999984368e+02
8.400000000000009237e+00 6.218867992041623438e-01 1.799999999999991758e+02
8.550000000000009592e+00 6.426665261944890517e-01 1.799999999999986073e+02
8.700000000000009948e+00 7.038436050837049152e-01 1.799999999999969305e+02
8.850000000000010303e+00 8.840763111542742081e-01 1.799999999999928946e+02
9.000000000000010658e+00 1.414098285509822972e+00 1.799999999999870681e+02
9.150000000000011013e+00 2.980250887220563527e+00 1.799999999999818101e+02
9.300000000000011369e+00 7.549596120639556318e+00 1.799999999999791953e+02
9.450000000000011724e+00 2.133639158140406522e+01 1.799999999999778026e+02
9.600000000000012079e+00 5.922805672459707438e+01 1.799999999999776037e+02
9.750000000000012434e+00 1.920393469753934994e+02 1.799999999999772911e+02
9.900000000000012790e+00 4.245462504813517057e+02 1.799999999999773479e+02
1.005000000000001315e+01 7.996967069444498293e+02 1.799999999999773479e+02
1.020000000000001350e+01 7.996967069444498293e+02 1.799999999999773479e+02
1.035000000000001386e+01 7.996967069444498293e+02 1.799999999999773479e+02
1.050000000000001421e+01 7.996967069444498293e+02 1.799999999999773479e+02
1.065000000000001457e+01 7.996967069444498293e+02 1.799999999999773479e+02
1.080000000000001492e+01 7.996967069444498293e+02 1.799999999999773479e+02
1.095000000000001528e+01 7.996967069444498293e+02 1.799999999999773479e+02
1.110000000000001563e+01 7.996967069444498293e+02 1.799999999999773479e+02
1.125000000000001599e+01 7.996967069444498293e+02 1.799999999999773479e+02
1.140000000000001634e+01 7.996967069444498293e+02 1.799999999999773479e+02
1.155000000000001670e+01 7.996967069444498293e+02 1.799999999999773479e+02
1.170000000000001705e+01 7.996967069444498293e+02 1.799999999999773479e+02
1.185000000000001741e+01 7.996967069444498293e+02 1.799999999999773479e+02
1.200000000000001776e+01 7.996967069444498293e+02 1.799999999999773479e+02
1.215000000000001812e+01 7.996967069444498293e+02 1.799999999999773479e+02
1.230000000000001847e+01 7.996967069444498293e+02 1.799999999999773479e+02
1.245000000000001883e+01 7.996967069444498293e+02 1.799999999999773479e+02
1.260000000000001918e+01 7.996967069444498293e+02 1.799999999999773479e+02
1.275000000000001954e+01 7.996967069444498293e+02 1.799999999999773479e+02
1.290000000000001990e+01 7.996967069444498293e+02 1.799999999999773479e+02
1.305000000000002025e+01 7.994510818265703165e+02 1.799999999999773763e+02
1.320000000000002061e+01 7.994510818265703165e+02 1.799999999999773763e+02
1.335000000000002096e+01 7.994510818265703165e+02 1.799999999999773763e+02
1.350000000000002132e+01 7.994510818265703165e+02 1.799999999999773763e+02
1.365000000000002167e+01 7.994510818265703165e+02 1.799999999999773763e+02
1.380000000000002203e+01 7.994510818265703165e+02 1.799999999999773763e+02
1.395000000000002238e+01 7.994510818265703165e+02 1.799999999999773763e+02
1.410000000000002274e+01 7.994510818265703165e+02 1.799999999999773763e+02
1.425000000000002309e+01 7.994510818265703165e+02 1.799999999999773763e+02
1.440000000000002345e+01 7.994510818265703165e+02 1.799999999999773763e+02
1.455000000000002380e+01 7.994510818265703165e+02 1.799999999999773763e+02
1.470000000000002416e+01 7.994510818265703165e+02 1.799999999999773763e+02
1.485000000000002451e+01 7.994510818265703165e+02 1.799999999999773763e+02
1.500000000000002487e+01 7.994510818265703165e+02 1.799999999999773763e+02
1.515000000000002522e+01 7.994510818265703165e+02 1.799999999999773763e+02
1.530000000000002558e+01 7.994510818265703165e+02 1.799999999999773763e+02
1.545000000000002593e+01 7.994510818265703165e+02 1.799999999999773763e+02
1.560000000000002629e+01 7.994510818265703165e+02 1.799999999999773763e+02
1.575000000000002665e+01 7.994510818265703165e+02 1.799999999999773763e+02
1.590000000000002700e+01 7.994510818265703165e+02 1.799999999999773763e+02
