1.499999999999999944e-01 7.999992420352170939e+02 1.260593747814384002e+01
2.999999999999999889e-01 7.999992420352170939e+02 1.260593747814384002e+01
4.499999999999999556e-01 7.999992420352170939e+02 1.260593747814384002e+01
5.999999999999999778e-01 7.999992420352170939e+02 1.260593747814384002e+01
7.500000000000000000e-01 7.999992420352170939e+02 1.260593747814384002e+01
9.000000000000000222e-01 7.999992420352170939e+02 1.260593747814384002e+01
1.050000000000000044e+00 7.999992420352170939e+02 1.260593747814384002e+01
1.199999999999999956e+00 7.999992420352170939e+02 1.260593747814384002e+01
1.349999999999999867e+00 7.999992420352170939e+02 1.260593747814384002e+01
1.499999999999999778e+00 7.999992420352170939e+02 1.260593747814384002e+01
1.649999999999999689e+00 7.999992420352170939e+02 1.260593747814384002e+01
1.799999999999999600e+00 7.999992420352170939e+02 1.260593747814384002e+01
1.949999999999999512e+00 7.999992420352170939e+02 1.260593747814384002e+01
2.099999999999999645e+00 7.999998227384566007e+02 1.262396557006428743e+01
2.249999999999999556e+00 7.999998227384566007e+02 1.262396557006428743e+01
2.399999999999999467e+00 7.999998227384566007e+02 1.262396557006428743e+01
2.549999999999999378e+00 7.999998227384566007e+02 1.262396557006428743e+01
2.699999999999999289e+00 7.999998227384566007e+02 1.262396557006428743e+01
2.849999999999999201e+00 7.999998227384566007e+02 1.262396557006428743e+01
2.999999999999999112e+00 7.999998227384566007e+02 1.262396557006428743e+01
3.149999999999999023e+00 7.999998227384566007e+02 1.262396557006428743e+01
3.299999999999998934e+00 7.999998227384566007e+02 1.262396557006428743e+01
3.449999999999998845e+00 7.999998227384566007e+02 1.262396557006428743e+01
3.599999999999998757e+00 7.999998227384566007e+02 1.262396557006428743e+01
3.749999999999998668e+00 7.999998227384566007e+02 1.262396557006428743e+01
3.899999999999998579e+00 7.999998227384566007e+02 1.262396557006428743e+01
4.049999999999998934e+00 5.063412840734376914e+02 1.272085060963424574e+01
4.199999999999999289e+00 3.998990089944840065e+02 1.321427077299029129e+01
4.349999999999999645e+00 2.845570373438591218e+02 1.460238608519147796e+01
4.500000000000000000e+00 2.354563491842415885e+02 1.679562535894632092e+01
4.650000000000000355e+00 2.041805968363843249e+02 1.992838159031300549e+01
4.800000000000000711e+00 1.841789097910499891e+02 2.390045145498622148e+01
4.950000000000001066e+00 1.704611241474703149e+02 2.862921935621142211e+01
5.100000000000001421e+00 1.607800759779864279e+02 3.399325541984114807e+01
5.250000000000001776e+00 1.538389657013957503e+02 3.986685975673312043e+01
5.400000000000002132e+00 1.488743269418724822e+02 4.612195577864692808e+01
5.550000000000002487e+00 1.453987186837523495e+02 5.263489290402971221e+01
5.700000000000002842e+00 1.430775508194523411e+02 5.929093774765939884e+01
5.850000000000003197e+00 1.416626251538817769e+02 6.598848715718841618e+01
6.000000000000003553e+00 1.409574702965111612e+02 7.264212365225054668e+01
6.150000000000003908e+00 1.407999455786904548e+02 7.918414383271831980e+01
6.300000000000004263e+00 1.410541512441906775e+02 8.556443282243229476e+01
6.450000000000004619e+00 1.416068930861015929e+02 9.174893488944492503e+01
6.600000000000004974e+00 1.423659733567956494e+02 9.771722319857630623e+01
6.750000000000005329e+00 1.432589116371399030e+02 1.034597020916977215e+02
6.900000000000005684e+00 1.442315531191814557e+02 1.089748480509394994e+02
7.050000000000006040e+00 1.452465162697074845e+02 1.142667542359602493e+02
7.200000000000006395e+00 1.462816753956227842e+02 1.193430901843504728e+02
7.350000000000006750e+00 1.473289623296203104e+02 1.242134652930319021e+02
7.500000000000007105e+00 1.483937908111018089e+02 1.288881386579853370e+02
7.650000000000007461e+00 1.494954199752867794e+02 1.333769858443009184e+02
7.800000000000007816e+00 1.506686210192885085e+02 1.376886133107918226e+02
7.950000000000008171e+00 1.519671335458415911e+02 1.418295272787784143e+02
8.100000000000008527e+00 1.534696449482852074e+02 1.458032682570588463e+02
8.250000000000008882e+00 1.552894803050555197e+02 1.496094241323984022e+02
8.400000000000009237e+00 1.575900179130605920e+02 1.532424634903716765e+02
8.550000000000009592e+00 1.606094085602963446e+02 1.566903682997590010e+02
8.700000000000009948e+00 1.647011433767140431e+02 1.599331101320588857e+02
8.850000000000010303e+00 1.704037301559109494e+02 1.629412260803130721e+02
9.000000000000010658e+00 1.785634585847645042e+02 1.656748047764420448e+02
9.150000000000011013e+00 1.905876414991473382e+02 1.680847737194281706e+02
9.300000000000011369e+00 2.088536090816952253e+02 1.701138849242679214e+02
9.450000000000011724e+00 2.384871372513452741e+02 1.717166003931522198e+02
9.600000000000012079e+00 2.861858078288362890e+02 1.728365091427039886e+02
9.750000000000012434e+00 4.003955400508324374e+02 1.735379437411428398e+02
9.900000000000012790e+00 5.063687773958357639e+02 1.737829231715756180e+02
1.005000000000001315e+01 7.999998228063602710e+02 1.738286217582936217e+02
1.020000000000001350e+01 7.999998228063602710e+02 1.738286217582936217e+02
1.035000000000001386e+01 7.999998228063602710e+02 1.738286217582936217e+02
1.050000000000001421e+01 7.999998228063602710e+02 1.738286217582936217e+02
1.065000000000001457e+01 7.999998228063602710e+02 1.738286217582936217e+02
1.080000000000001492e+01 7.999998228063602710e+02 1.738286217582936217e+02
1.095000000000001528e+01 7.999998228063602710e+02 1.738286217582936217e+02
1.110000000000001563e+01 7.999998228063602710e+02 1.738286217582936217e+02
1.125000000000001599e+01 7.999998228063602710e+02 1.738286217582936217e+02
1.140000000000001634e+01 7.999998228063602710e+02 1.738286217582936217e+02
1.155000000000001670e+01 7.999998228063602710e+02 1.738286217582936217e+02
1.170000000000001705e+01 7.999998228063602710e+02 1.738286217582936217e+02
1.185000000000001741e+01 7.999998228063602710e+02 1.738286217582936217e+02
1.200000000000001776e+01 7.999998228063602710e+02 1.738286217582936217e+02
1.215000000000001812e+01 7.999998228063602710e+02 1.738286217582936217e+02
1.230000000000001847e+01 7.999998228063602710e+02 1.738286217582936217e+02
1.245000000000001883e+01 7.999998228063602710e+02 1.738286217582936217e+02
1.260000000000001918e+01 7.999998228063602710e+02 1.738286217582936217e+02
1.275000000000001954e+01 7.999998228063602710e+02 1.738286217582936217e+02
1.290000000000001990e+01 7.999998228063602710e+02 1.738286217582936217e+02
1.305000000000002025e+01 7.999992420236316093e+02 1.738373447467299115e+02
1.320000000000002061e+01 7.999992420236316093e+02 1.738373447467299115e+02
1.335000000000002096e+01 7.999992420236316093e+02 1.738373447467299115e+02
1.350000000000002132e+01 7.999992420236316093e+02 1.738373447467299115e+02
1.365000000000002167e+01 7.999992420236316093e+02 1.738373447467299115e+02
1.380000000000002203e+01 7.999992420236316093e+02 1.738373447467299115e+02
1.395000000000002238e+01 7.999992420236316093e+02 1.738373447467299115e+02
1.410000000000002274e+01 7.999992420236316093e+02 1.738373447467299115e+02
1.425000000000002309e+01 7.999992420236316093e+02 1.738373447467299115e+02
1.440000000000002345e+01 7.999992420236316093e+02 1.738373447467299115e+02
1.455000000000002380e+01 7.999992420236316093e+02 1.738373447467299115e+02
1.470000000000002416e+01 7.999992420236316093e+02 1.738373447467299115e+02
1.485000000000002451e+01 7.999992420236316093e+02 1.738373447467299115e+02
1.500000000000002487e+01 7.999992420236316093e+02 1.738373447467299115e+02
1.515000000000002522e+01 7.999992420236316093e+02 1.738373447467299115e+02
1.530000000000002558e+01 7.999992420236316093e+02 1.738373447467299115e+02
1.545000000000002593e+01 7.999992420236316093e+02 1.738373447467299115e+02
1.560000000000002629e+01 7.999992420236316093e+02 1.738373447467299115e+02
1.575000000000002665e+01 7.999992420236316093e+02 1.738373447467299115e+02
1.590000000000002700e+01 7.999992420236316093e+02 1.738373447467299115e+02
