1.499999999999999944e-01 7.995275214541200057e+02 1.799994708138668216e+02
2.999999999999999889e-01 7.995275214541200057e+02 1.799994708138668216e+02
4.499999999999999556e-01 7.995275214541200057e+02 1.799994708138668216e+02
5.999999999999999778e-01 7.995275214541200057e+02 1.799994708138668216e+02
7.500000000000000000e-01 7.995275214541200057e+02 1.799994708138668216e+02
9.000000000000000222e-01 7.995275214541200057e+02 1.799994708138668216e+02
1.050000000000000044e+00 7.995275214541200057e+02 1.799994708138668216e+02
1.199999999999999956e+00 7.995275214541200057e+02 1.799994708138668216e+02
1.349999999999999867e+00 7.995275214541200057e+02 1.799994708138668216e+02
1.499999999999999778e+00 7.995275214541200057e+02 1.799994708138668216e+02
1.649999999999999689e+00 7.995275214541200057e+02 1.799994708138668216e+02
1.799999999999999600e+00 7.995275214541200057e+02 1.799994708138668216e+02
1.949999999999999512e+00 7.995275214541200057e+02 1.799994708138668216e+02
2.099999999999999645e+00 7.997442855377079240e+02 1.799994712689805567e+02
2.249999999999999556e+00 7.997442855377079240e+02 1.799994712689805567e+02
2.399999999999999467e+00 7.997442855377079240e+02 1.799994712689805567e+02
2.549999999999999378e+00 7.997442855377079240e+02 1.799994712689805567e+02
2.699999999999999289e+00 7.997442855377079240e+02 1.799994712689805567e+02
2.849999999999999201e+00 7.997442855377079240e+02 1.799994712689805567e+02
2.999999999999999112e+00 7.997442855377079240e+02 1.799994712689805567e+02
3.149999999999999023e+00 7.997442855377079240e+02 1.799994712689805567e+02
3.299999999999998934e+00 7.997442855377079240e+02 1.799994712689805567e+02
3.449999999999998845e+00 7.997442855377079240e+02 1.799994712689805567e+02
3.599999999999998757e+00 7.997442855377079240e+02 1.799994712689805567e+02
3.749999999999998668e+00 7.997442855377079240e+02 1.799994712689805567e+02
3.899999999999998579e+00 7.997442855377079240e+02 1.799994712689805567e+02
4.049999999999998934e+00 4.290014234625960512e+02 1.799994716547108737e+02
4.199999999999999289e+00 1.978028114831431878e+02 1.799994721312230013e+02
4.349999999999999645e+00 6.260509901586652148e+01 1.799994775201868151e+02
4.500000000000000000e+00 2.318920670012806440e+01 1.799994913077593992e+02
4.650000000000000355e+00 8.564268364817642976e+00 1.799995278420847740e+02
4.800000000000000711e+00 3.610403005861130055e+00 1.799996095364268172e+02
4.950000000000001066e+00 1.877120952832456169e+00 1.799997399995542651e+02
5.100000000000001421e+00 1.277955332436874869e+00 1.799998671913787121e+02
5.250000000000001776e+00 1.069901643960918136e+00 1.799999449907072346e+02
5.400000000000002132e+00 9.977778448932781430e-01 1.799999795383878904e+02
5.550000000000002487e+00 9.727598950824472013e-01 1.799999927067214571e+02
5.700000000000002842e+00 9.640837960704402576e-01 1.799999974474686439e+02
5.850000000000003197e+00 9.610747099396235171e-01 1.799999991118667140e+02
6.000000000000003553e+00 9.600311179769960290e-01 1.799999996910264315e+02
6.150000000000003908e+00 9.596691826455412411e-01 1.799999998927899298e+02
6.300000000000004263e+00 9.595436604066662767e-01 1.799999999628085163e+02
6.450000000000004619e+00 9.595001351408427581e-01 1.799999999870749150e+02
6.600000000000004974e+00 9.594850629997608848e-01 1.799999999955167596e+02
6.750000000000005329e+00 9.594799023793711967e-01 1.799999999984449630e+02
6.900000000000005684e+00 9.594783047424471079e-01 1.799999999994596180e+02
7.050000000000006040e+00 9.594783047424471079e-01 1.799999999998124451e+02
7.200000000000006395e+00 9.594799024088729311e-01 1.799999999999349143e+02
7.350000000000006750e+00 9.594850630587643536e-01 1.799999999999773763e+02
7.500000000000007105e+00 9.595001352293479613e-01 1.799999999999922409e+02
7.650000000000007461e+00 9.595436606426801518e-01 1.799999999999973284e+02
7.800000000000007816e+00 9.596691834420880696e-01 1.799999999999990052e+02
7.950000000000008171e+00 9.600311201601243738e-01 1.799999999999996305e+02
8.100000000000008527e+00 9.610747161939912075e-01 1.799999999999999432e+02
8.250000000000008882e+00 9.640838140959999691e-01 1.800000000000000000e+02
8.400000000000009237e+00 9.727599470054997255e-01 1.799999999999998295e+02
8.550000000000009592e+00 9.977779946145801659e-01 1.799999999999998579e+02
8.700000000000009948e+00 1.069902075541790509e+00 1.799999999999990905e+02
8.850000000000010303e+00 1.277956577262557403e+00 1.799999999999981810e+02
9.000000000000010658e+00 1.877124536452384973e+00 1.799999999999964473e+02
9.150000000000011013e+00 3.610413382410285976e+00 1.799999999999946567e+02
9.300000000000011369e+00 8.564297946693493202e+00 1.799999999999938041e+02
9.450000000000011724e+00 2.318929462675981057e+01 1.799999999999933493e+02
9.600000000000012079e+00 6.260533134645239528e+01 1.799999999999933493e+02
9.750000000000012434e+00 1.978036480942440676e+02 1.799999999999931219e+02
9.900000000000012790e+00 4.290026420860280609e+02 1.799999999999930935e+02
1.005000000000001315e+01 7.997494918421466537e+02 1.799999999999930935e+02
1.020000000000001350e+01 7.997494918421466537e+02 1.799999999999930935e+02
1.035000000000001386e+01 7.997494918421466537e+02 1.799999999999930935e+02
1.050000000000001421e+01 7.997494918421466537e+02 1.799999999999930935e+02
1.065000000000001457e+01 7.997494918421466537e+02 1.799999999999930935e+02
1.080000000000001492e+01 7.997494918421466537e+02 1.799999999999930935e+02
1.095000000000001528e+01 7.997494918421466537e+02 1.799999999999930935e+02
1.110000000000001563e+01 7.997494918421466537e+02 1.799999999999930935e+02
1.125000000000001599e+01 7.997494918421466537e+02 1.799999999999930935e+02
1.140000000000001634e+01 7.997494918421466537e+02 1.799999999999930935e+02
1.155000000000001670e+01 7.997494918421466537e+02 1.799999999999930935e+02
1.170000000000001705e+01 7.997494918421466537e+02 1.799999999999930935e+02
1.185000000000001741e+01 7.997494918421466537e+02 1.799999999999930935e+02
1.200000000000001776e+01 7.997494918421466537e+02 1.799999999999930935e+02
1.215000000000001812e+01 7.997494918421466537e+02 1.799999999999930935e+02
1.230000000000001847e+01 7.997494918421466537e+02 1.799999999999930935e+02
1.245000000000001883e+01 7.997494918421466537e+02 1.799999999999930935e+02
1.260000000000001918e+01 7.997494918421466537e+02 1.799999999999930935e+02
1.275000000000001954e+01 7.997494918421466537e+02 1.799999999999930935e+02
1.290000000000001990e+01 7.997494918421466537e+02 1.799999999999930935e+02
1.305000000000002025e+01 7.995371413257566928e+02 1.799999999999930935e+02
1.320000000000002061e+01 7.995371413257566928e+02 1.799999999999930935e+02
1.335000000000002096e+01 7.995371413257566928e+02 1.799999999999930935e+02
1.350000000000002132e+01 7.995371413257566928e+02 1.799999999999930935e+02
1.365000000000002167e+01 7.995371413257566928e+02 1.799999999999930935e+02
1.380000000000002203e+01 7.995371413257566928e+02 1.799999999999930935e+02
1.395000000000002238e+01 7.995371413257566928e+02 1.799999999999930935e+02
1.410000000000002274e+01 7.995371413257566928e+02 1.799999999999930935e+02
1.425000000000002309e+01 7.995371413257566928e+02 1.799999999999930935e+02
1.440000000000002345e+01 7.995371413257566928e+02 1.799999999999930935e+02
1.455000000000002380e+01 7.995371413257566928e+02 1.799999999999930935e+02
1.470000000000002416e+01 7.995371413257566928e+02 1.799999999999930935e+02
1.485000000000002451e+01 7.995371413257566928e+02 1.799999999999930935e+02
1.500000000000002487e+01 7.995371413257566928e+02 1.799999999999930935e+02
1.515000000000002522e+01 7.995371413257566928e+02 1.799999999999930935e+02
1.530000000000002558e+01 7.995371413257566928e+02 1.799999999999930935e+02
1.545000000000002593e+01 7.995371413257566928e+02 1.799999999999930935e+02
1.560000000000002629e+01 7.995371413257566928e+02 1.799999999999930935e+02
1.575000000000002665e+01 7.995371413257566928e+02 1.799999999999930935e+02
1.590000000000002700e+01 7.995371413257566928e+02 1.799999999999930935e+02
