1.499999999999999944e-01 7.999995836337404853e+02 8.006859476648720886e+00
2.999999999999999889e-01 7.999995836337404853e+02 8.006859476648720886e+00
4.499999999999999556e-01 7.999995836337404853e+02 8.006859476648720886e+00
5.999999999999999778e-01 7.999995836337404853e+02 8.006859476648720886e+00
7.500000000000000000e-01 7.999995836337404853e+02 8.006859476648720886e+00
9.000000000000000222e-01 7.999995836337404853e+02 8.006859476648720886e+00
1.050000000000000044e+00 7.999995836337404853e+02 8.006859476648720886e+00
1.199999999999999956e+00 7.999995836337404853e+02 8.006859476648720886e+00
1.349999999999999867e+00 7.999995836337404853e+02 8.006859476648720886e+00
1.499999999999999778e+00 7.999995836337404853e+02 8.006859476648720886e+00
1.649999999999999689e+00 7.999995836337404853e+02 8.006859476648720886e+00
1.799999999999999600e+00 7.999995836337404853e+02 8.006859476648720886e+00
1.949999999999999512e+00 7.999995836337404853e+02 8.006859476648720886e+00
2.099999999999999645e+00 7.999999097693528256e+02 8.024379984675004351e+00
2.249999999999999556e+00 7.999999097693528256e+02 8.024379984675004351e+00
2.399999999999999467e+00 7.999999097693528256e+02 8.024379984675004351e+00
2.549999999999999378e+00 7.999999097693528256e+02 8.024379984675004351e+00
2.699999999999999289e+00 7.999999097693528256e+02 8.024379984675004351e+00
2.849999999999999201e+00 7.999999097693528256e+02 8.024379984675004351e+00
2.999999999999999112e+00 7.999999097693528256e+02 8.024379984675004351e+00
3.149999999999999023e+00 7.999999097693528256e+02 8.024379984675004351e+00
3.299999999999998934e+00 7.999999097693528256e+02 8.024379984675004351e+00
3.449999999999998845e+00 7.999999097693528256e+02 8.024379984675004351e+00
3.599999999999998757e+00 7.999999097693528256e+02 8.024379984675004351e+00
3.749999999999998668e+00 7.999999097693528256e+02 8.024379984675004351e+00
3.899999999999998579e+00 7.999999097693528256e+02 8.024379984675004351e+00
4.049999999999998934e+00 5.084582853972908651e+02 8.117035713187192414e+00
4.199999999999999289e+00 4.134682601127292969e+02 8.584748532486759842e+00
4.349999999999999645e+00 3.109444426719813350e+02 9.811123403271354348e+00
4.500000000000000000e+00 2.721998252006363828e+02 1.156202415383998527e+01
4.650000000000000355e+00 2.500949415908929439e+02 1.380808617278449368e+01
4.800000000000000711e+00 2.379918154732442588e+02 1.637629438767419998e+01
4.950000000000001066e+00 2.309999909605207620e+02 1.916254084764863208e+01
5.100000000000001421e+00 2.269183515411318126e+02 2.208326417729801960e+01
5.250000000000001776e+00 2.245110352248132415e+02 2.508452270632159653e+01
5.400000000000002132e+00 2.230871833050831583e+02 2.813121353988567463e+01
5.550000000000002487e+00 2.222462432840472673e+02 3.120124050621075895e+01
5.700000000000002842e+00 2.217531438593235293e+02 3.428071439916013219e+01
5.850000000000003197e+00 2.214685519377825074e+02 3.736087314250017499e+01
6.000000000000003553e+00 2.213094347739826446e+02 4.043610682370744769e+01
6.150000000000003908e+00 2.212261439411910544e+02 4.350273667735009298e+01
6.300000000000004263e+00 2.211889423345487842e+02 4.655826474394641679e+01
6.450000000000004619e+00 2.211800213501605583e+02 4.960092117443913651e+01
6.600000000000004974e+00 2.211887592902704966e+02 5.262939151123492110e+01
6.750000000000005329e+00 2.212089150747398776e+02 5.564264781821876937e+01
6.900000000000005684e+00 2.212369956623074643e+02 5.863984800048643109e+01
7.050000000000006040e+00 2.212713583141501488e+02 6.162027241677401435e+01
7.200000000000006395e+00 2.213118071319711646e+02 6.458327458164640689e+01
7.350000000000006750e+00 2.213595768018538195e+02 6.752824336069949140e+01
7.500000000000007105e+00 2.214177011603259757e+02 7.045456175224749984e+01
7.650000000000007461e+00 2.214918674288669536e+02 7.336154447412990010e+01
7.800000000000007816e+00 2.215919901433844643e+02 7.624835032393733059e+01
7.950000000000008171e+00 2.217349381843843616e+02 7.911384098481809701e+01
8.100000000000008527e+00 2.219491707197156813e+02 8.195634233460492624e+01
8.250000000000008882e+00 2.222825863372954700e+02 8.477326152623109579e+01
8.400000000000009237e+00 2.228158438203641083e+02 8.756045835025457791e+01
8.550000000000009592e+00 2.236851365926007134e+02 9.031121383682717862e+01
8.700000000000009948e+00 2.251215659762882808e+02 9.301457846553728359e+01
8.850000000000010303e+00 2.275210278058329152e+02 9.565280577550737462e+01
9.000000000000010658e+00 2.315695757660511731e+02 9.819734901101527669e+01
9.150000000000011013e+00 2.384993762246193398e+02 1.006040433444285043e+02
9.300000000000011369e+00 2.505109444878601153e+02 1.028042063015403329e+02
9.450000000000011724e+00 2.725001588447919971e+02 1.047125704106060908e+02
9.600000000000012079e+00 3.111201261181572022e+02 1.061877190775011428e+02
9.750000000000012434e+00 4.135237229012961961e+02 1.072097443562992112e+02
9.900000000000012790e+00 5.084611677713734821e+02 1.075947386231143952e+02
1.005000000000001315e+01 7.999999079131680446e+02 1.076687818087688555e+02
1.020000000000001350e+01 7.999999079131680446e+02 1.076687818087688555e+02
1.035000000000001386e+01 7.999999079131680446e+02 1.076687818087688555e+02
1.050000000000001421e+01 7.999999079131680446e+02 1.076687818087688555e+02
1.065000000000001457e+01 7.999999079131680446e+02 1.076687818087688555e+02
1.080000000000001492e+01 7.999999079131680446e+02 1.076687818087688555e+02
1.095000000000001528e+01 7.999999079131680446e+02 1.076687818087688555e+02
1.110000000000001563e+01 7.999999079131680446e+02 1.076687818087688555e+02
1.125000000000001599e+01 7.999999079131680446e+02 1.076687818087688555e+02
1.140000000000001634e+01 7.999999079131680446e+02 1.076687818087688555e+02
1.155000000000001670e+01 7.999999079131680446e+02 1.076687818087688555e+02
1.170000000000001705e+01 7.999999079131680446e+02 1.076687818087688555e+02
1.185000000000001741e+01 7.999999079131680446e+02 1.076687818087688555e+02
1.200000000000001776e+01 7.999999079131680446e+02 1.076687818087688555e+02
1.215000000000001812e+01 7.999999079131680446e+02 1.076687818087688555e+02
1.230000000000001847e+01 7.999999079131680446e+02 1.076687818087688555e+02
1.245000000000001883e+01 7.999999079131680446e+02 1.076687818087688555e+02
1.260000000000001918e+01 7.999999079131680446e+02 1.076687818087688555e+02
1.275000000000001954e+01 7.999999079131680446e+02 1.076687818087688555e+02
1.290000000000001990e+01 7.999999079131680446e+02 1.076687818087688555e+02
1.305000000000002025e+01 7.999995750473054841e+02 1.076830050593801786e+02
1.320000000000002061e+01 7.999995750473054841e+02 1.076830050593801786e+02
1.335000000000002096e+01 7.999995750473054841e+02 1.076830050593801786e+02
1.350000000000002132e+01 7.999995750473054841e+02 1.076830050593801786e+02
1.365000000000002167e+01 7.999995750473054841e+02 1.076830050593801786e+02
1.380000000000002203e+01 7.999995750473054841e+02 1.076830050593801786e+02
1.395000000000002238e+01 7.999995750473054841e+02 1.076830050593801786e+02
1.410000000000002274e+01 7.999995750473054841e+02 1.076830050593801786e+02
1.425000000000002309e+01 7.999995750473054841e+02 1.076830050593801786e+02
1.440000000000002345e+01 7.999995750473054841e+02 1.076830050593801786e+02
1.455000000000002380e+01 7.999995750473054841e+02 1.076830050593801786e+02
1.470000000000002416e+01 7.999995750473054841e+02 1.076830050593801786e+02
1.485000000000002451e+01 7.999995750473054841e+02 1.076830050593801786e+02
1.500000000000002487e+01 7.999995750473054841e+02 1.076830050593801786e+02
1.515000000000002522e+01 7.999995750473054841e+02 1.076830050593801786e+02
1.530000000000002558e+01 7.999995750473054841e+02 1.076830050593801786e+02
1.545000000000002593e+01 7.999995750473054841e+02 1.076830050593801786e+02
1.560000000000002629e+01 7.999995750473054841e+02 1.076830050593801786e+02
1.575000000000002665e+01 7.999995750473054841e+02 1.076830050593801786e+02
1.590000000000002700e+01 7.999995750473054841e+02 1.076830050593801786e+02
