1.499999999999999944e-01 7.999999917135345413e+02 1.034937424360419467e+00
2.999999999999999889e-01 7.999999917135345413e+02 1.034937424360419467e+00
4.499999999999999556e-01 7.999999917135345413e+02 1.034937424360419467e+00
5.999999999999999778e-01 7.999999917135345413e+02 1.034937424360419467e+00
7.500000000000000000e-01 7.999999917135345413e+02 1.034937424360419467e+00
9.000000000000000222e-01 7.999999917135345413e+02 1.034937424360419467e+00
1.050000000000000044e+00 7.999999917135345413e+02 1.034937424360419467e+00
1.199999999999999956e+00 7.999999917135345413e+02 1.034937424360419467e+00
1.349999999999999867e+00 7.999999917135345413e+02 1.034937424360419467e+00
1.499999999999999778e+00 7.999999917135345413e+02 1.034937424360419467e+00
1.649999999999999689e+00 7.999999917135345413e+02 1.034937424360419467e+00
1.799999999999999600e+00 7.999999917135345413e+02 1.034937424360419467e+00
1.949999999999999512e+00 7.999999917135345413e+02 1.034937424360419467e+00
2.099999999999999645e+00 7.999999988918884810e+02 1.037115270483324192e+00
2.249999999999999556e+00 7.999999988918884810e+02 1.037115270483324192e+00
2.399999999999999467e+00 7.999999988918884810e+02 1.037115270483324192e+00
2.549999999999999378e+00 7.999999988918884810e+02 1.037115270483324192e+00
2.699999999999999289e+00 7.999999988918884810e+02 1.037115270483324192e+00
2.849999999999999201e+00 7.999999988918884810e+02 1.037115270483324192e+00
2.999999999999999112e+00 7.999999988918884810e+02 1.037115270483324192e+00
3.149999999999999023e+00 7.999999988918884810e+02 1.037115270483324192e+00
3.299999999999998934e+00 7.999999988918884810e+02 1.037115270483324192e+00
3.449999999999998845e+00 7.999999988918884810e+02 1.037115270483324192e+00
3.599999999999998757e+00 7.999999988918884810e+02 1.037115270483324192e+00
3.749999999999998668e+00 7.999999988918884810e+02 1.037115270483324192e+00
3.899999999999998579e+00 7.999999988918884810e+02 1.037115270483324192e+00
4.049999999999998934e+00 5.157317494877154331e+02 1.048618633825423085e+00
4.199999999999999289e+00 4.680417491830641552e+02 1.100238903136975477e+00
4.349999999999999645e+00 4.142195968556549701e+02 1.204727698309222994e+00
4.500000000000000000e+00 4.032245446433143456e+02 1.318538941631659078e+00
4.650000000000000355e+00 3.990918573137299177e+02 1.439332434093533619e+00
4.800000000000000711e+00 3.978604186131133815e+02 1.561091436548457168e+00
4.950000000000001066e+00 3.974579692653343272e+02 1.683096343932487526e+00
5.100000000000001421e+00 3.973308726191019673e+02 1.805034626654788976e+00
5.250000000000001776e+00 3.972901662439597885e+02 1.926400834395403994e+00
5.400000000000002132e+00 3.972772033861519390e+02 2.047297121748663074e+00
5.550000000000002487e+00 3.972730726091693327e+02 2.167906025191084218e+00
5.700000000000002842e+00 3.972717638726072664e+02 2.287756083937241058e+00
5.850000000000003197e+00 3.972713551906541625e+02 2.407028757499309002e+00
6.000000000000003553e+00 3.972712347351562698e+02 2.525956156527165319e+00
6.150000000000003908e+00 3.972712068379129278e+02 2.643996782137646662e+00
6.300000000000004263e+00 3.972712081293623214e+02 2.761371119691300891e+00
6.450000000000004619e+00 3.972712197024442276e+02 2.878348717787704736e+00
6.600000000000004974e+00 3.972712351318210722e+02 2.994315386373120447e+00
6.750000000000005329e+00 3.972712513236742211e+02 3.109528940336311109e+00
6.900000000000005684e+00 3.972712687566794330e+02 3.224295374917776069e+00
7.050000000000006040e+00 3.972712871788536972e+02 3.337929065948098017e+00
7.200000000000006395e+00 3.972713054174429317e+02 3.450724540136887342e+00
7.350000000000006750e+00 3.972713248731882913e+02 3.563023540362061148e+00
7.500000000000007105e+00 3.972713461229834593e+02 3.674070542659644723e+00
7.650000000000007461e+00 3.972713699255328379e+02 3.784196122115109695e+00
7.800000000000007816e+00 3.972714039374128561e+02 3.893776998686988566e+00
7.950000000000008171e+00 3.972714680174705109e+02 4.001989431854107160e+00
8.100000000000008527e+00 3.972716232281827047e+02 4.109199268484450940e+00
8.250000000000008882e+00 3.972720665307612649e+02 4.215817253041504564e+00
8.400000000000009237e+00 3.972734105647806473e+02 4.320952938986976299e+00
8.550000000000009592e+00 3.972775749780398655e+02 4.425005593426903694e+00
8.700000000000009948e+00 3.972905709307363509e+02 4.528415798282030558e+00
8.850000000000010303e+00 3.973313099201258183e+02 4.630218711599473735e+00
9.000000000000010658e+00 3.974584347438427017e+02 4.730813525822574306e+00
9.150000000000011013e+00 3.978609048946794360e+02 4.830584363311699825e+00
9.300000000000011369e+00 3.990923468857238845e+02 4.928142312038064077e+00
9.450000000000011724e+00 4.032249976880650024e+02 5.023296808463245000e+00
9.600000000000012079e+00 4.142199411095129449e+02 5.112182209005061928e+00
9.750000000000012434e+00 4.680418699272827894e+02 5.191791627693434386e+00
9.900000000000012790e+00 5.157317534059407080e+02 5.230300855030062479e+00
1.005000000000001315e+01 7.999999988577169461e+02 5.238732173036296125e+00
1.020000000000001350e+01 7.999999988577169461e+02 5.238732173036296125e+00
1.035000000000001386e+01 7.999999988577169461e+02 5.238732173036296125e+00
1.050000000000001421e+01 7.999999988577169461e+02 5.238732173036296125e+00
1.065000000000001457e+01 7.999999988577169461e+02 5.238732173036296125e+00
1.080000000000001492e+01 7.999999988577169461e+02 5.238732173036296125e+00
1.095000000000001528e+01 7.999999988577169461e+02 5.238732173036296125e+00
1.110000000000001563e+01 7.999999988577169461e+02 5.238732173036296125e+00
1.125000000000001599e+01 7.999999988577169461e+02 5.238732173036296125e+00
1.140000000000001634e+01 7.999999988577169461e+02 5.238732173036296125e+00
1.155000000000001670e+01 7.999999988577169461e+02 5.238732173036296125e+00
1.170000000000001705e+01 7.999999988577169461e+02 5.238732173036296125e+00
1.185000000000001741e+01 7.999999988577169461e+02 5.238732173036296125e+00
1.200000000000001776e+01 7.999999988577169461e+02 5.238732173036296125e+00
1.215000000000001812e+01 7.999999988577169461e+02 5.238732173036296125e+00
1.230000000000001847e+01 7.999999988577169461e+02 5.238732173036296125e+00
1.245000000000001883e+01 7.999999988577169461e+02 5.238732173036296125e+00
1.260000000000001918e+01 7.999999988577169461e+02 5.238732173036296125e+00
1.275000000000001954e+01 7.999999988577169461e+02 5.238732173036296125e+00
1.290000000000001990e+01 7.999999988577169461e+02 5.238732173036296125e+00
1.305000000000002025e+01 7.999999914579969982e+02 5.240055559210910374e+00
1.320000000000002061e+01 7.999999914579969982e+02 5.240055559210910374e+00
1.335000000000002096e+01 7.999999914579969982e+02 5.240055559210910374e+00
1.350000000000002132e+01 7.999999914579969982e+02 5.240055559210910374e+00
1.365000000000002167e+01 7.999999914579969982e+02 5.240055559210910374e+00
1.380000000000002203e+01 7.999999914579969982e+02 5.240055559210910374e+00
1.395000000000002238e+01 7.999999914579969982e+02 5.240055559210910374e+00
1.410000000000002274e+01 7.999999914579969982e+02 5.240055559210910374e+00
1.425000000000002309e+01 7.999999914579969982e+02 5.240055559210910374e+00
1.440000000000002345e+01 7.999999914579969982e+02 5.240055559210910374e+00
1.455000000000002380e+01 7.999999914579969982e+02 5.240055559210910374e+00
1.470000000000002416e+01 7.999999914579969982e+02 5.240055559210910374e+00
1.485000000000002451e+01 7.999999914579969982e+02 5.240055559210910374e+00
1.500000000000002487e+01 7.999999914579969982e+02 5.240055559210910374e+00
1.515000000000002522e+01 7.999999914579969982e+02 5.240055559210910374e+00
1.530000000000002558e+01 7.999999914579969982e+02 5.240055559210910374e+00
1.545000000000002593e+01 7.999999914579969982e+02 5.240055559210910374e+00
1.560000000000002629e+01 7.999999914579969982e+02 5.240055559210910374e+00
1.575000000000002665e+01 7.999999914579969982e+02 5.240055559210910374e+00
1.590000000000002700e+01 7.999999914579969982e+02 5.240055559210910374e+00
