1.499999999999999944e-01 7.994450623540267316e+02 1.711963017329010128e-04
2.999999999999999889e-01 7.994450623540267316e+02 1.711963017329010128e-04
4.499999999999999556e-01 7.994450623540267316e+02 1.711963017329010128e-04
5.999999999999999778e-01 7.994450623540267316e+02 1.711963017329010128e-04
7.500000000000000000e-01 7.994450623540267316e+02 1.711963017329010128e-04
9.000000000000000222e-01 7.994450623540267316e+02 1.711963017329010128e-04
1.050000000000000044e+00 7.994450623540267316e+02 1.711963017329010128e-04
1.199999999999999956e+00 7.994450623540267316e+02 1.711963017329010128e-04
1.349999999999999867e+00 7.994450623540267316e+02 1.711963017329010128e-04
1.499999999999999778e+00 7.994450623540267316e+02 1.711963017329010128e-04
1.649999999999999689e+00 7.994450623540267316e+02 1.711963017329010128e-04
1.799999999999999600e+00 7.994450623540267316e+02 1.711963017329010128e-04
1.949999999999999512e+00 7.994450623540267316e+02 1.711963017329010128e-04
2.099999999999999645e+00 7.996932479774757212e+02 1.710567181617550503e-04
2.249999999999999556e+00 7.996932479774757212e+02 1.710567181617550503e-04
2.399999999999999467e+00 7.996932479774757212e+02 1.710567181617550503e-04
2.549999999999999378e+00 7.996932479774757212e+02 1.710567181617550503e-04
2.699999999999999289e+00 7.996932479774757212e+02 1.710567181617550503e-04
2.849999999999999201e+00 7.996932479774757212e+02 1.710567181617550503e-04
2.999999999999999112e+00 7.996932479774757212e+02 1.710567181617550503e-04
3.149999999999999023e+00 7.996932479774757212e+02 1.710567181617550503e-04
3.299999999999998934e+00 7.996932479774757212e+02 1.710567181617550503e-04
3.449999999999998845e+00 7.996932479774757212e+02 1.710567181617550503e-04
3.599999999999998757e+00 7.996932479774757212e+02 1.710567181617550503e-04
3.749999999999998668e+00 7.996932479774757212e+02 1.710567181617550503e-04
3.899999999999998579e+00 7.996932479774757212e+02 1.710567181617550503e-04
4.049999999999998934e+00 4.243687280978601279e+02 1.711742293891704847e-04
4.199999999999999289e+00 1.914093519161288555e+02 1.717278116563081269e-04
4.349999999999999645e+00 5.836951250297664728e+01 1.725104633655272224e-04
4.500000000000000000e+00 2.039616336306466238e+01 1.745691083175904268e-04
4.650000000000000355e+00 6.580257004290579914e+00 1.815616551895660180e-04
4.800000000000000711e+00 2.000979556261569314e+00 2.038875412202489912e-04
4.950000000000001066e+00 4.314323640054453790e-01 3.205256667796474446e-04
5.100000000000001421e+00 9.974327571762842126e-02 1.799995277552705204e+02
5.250000000000001776e+00 2.803682323053635628e-01 1.799999429546121235e+02
5.400000000000002132e+00 3.416785790548146906e-01 1.799999840997863032e+02
5.550000000000002487e+00 3.625035879032338926e-01 1.799999948992632994e+02
5.700000000000002842e+00 3.695753096413909589e-01 1.799999983006883895e+02
5.850000000000003197e+00 3.719769457680968117e-01 1.799999994265685359e+02
6.000000000000003553e+00 3.727925386803008223e-01 1.799999998052515764e+02
6.150000000000003908e+00 3.730695172476998778e-01 1.799999999339040642e+02
6.300000000000004263e+00 3.731635815216804986e-01 1.799999999775565414e+02
6.450000000000004619e+00 3.731955310149714933e-01 1.799999999923618645e+02
6.600000000000004974e+00 3.732063956776983105e-01 1.799999999974057801e+02
6.750000000000005329e+00 3.732101287091609265e-01 1.799999999991188702e+02
6.900000000000005684e+00 3.732115237281732334e-01 1.799999999997000657e+02
7.050000000000006040e+00 3.732123727290854731e-01 1.799999999998981934e+02
7.200000000000006395e+00 3.732137662140075918e-01 1.799999999999654108e+02
7.350000000000006750e+00 3.732174934041267989e-01 1.799999999999882618e+02
7.500000000000007105e+00 3.732283401297991077e-01 1.799999999999960494e+02
7.650000000000007461e+00 3.732602372280098280e-01 1.799999999999986358e+02
7.800000000000007816e+00 3.733541464998779702e-01 1.799999999999994600e+02
7.950000000000008171e+00 3.736306700325258134e-01 1.799999999999994884e+02
8.100000000000008527e+00 3.744449220909018550e-01 1.799999999999987494e+02
8.250000000000008882e+00 3.768426096464736474e-01 1.799999999999967315e+02
8.400000000000009237e+00 3.839027054001462602e-01 1.799999999999909335e+02
8.550000000000009592e+00 4.046934796099321829e-01 1.799999999999750457e+02
8.700000000000009948e+00 4.659030283145284557e-01 1.799999999999359659e+02
8.850000000000010303e+00 6.462311746789737299e-01 1.799999999998645706e+02
9.000000000000010658e+00 1.176533477892633073e+00 1.799999999997820623e+02
9.150000000000011013e+00 2.743509821027373619e+00 1.799999999997239684e+02
9.300000000000011369e+00 7.315262078253560674e+00 1.799999999996979625e+02
9.450000000000011724e+00 2.110910275510919476e+01 1.799999999996882423e+02
9.600000000000012079e+00 5.902051471333574284e+01 1.799999999996842632e+02
9.750000000000012434e+00 1.918869578082996838e+02 1.799999999996839222e+02
9.900000000000012790e+00 4.245031040640892002e+02 1.799999999996844338e+02
1.005000000000001315e+01 7.996947589403519032e+02 1.799999999996840359e+02
1.020000000000001350e+01 7.996947589403519032e+02 1.799999999996840359e+02
1.035000000000001386e+01 7.996947589403519032e+02 1.799999999996840359e+02
1.050000000000001421e+01 7.996947589403519032e+02 1.799999999996840359e+02
1.065000000000001457e+01 7.996947589403519032e+02 1.799999999996840359e+02
1.080000000000001492e+01 7.996947589403519032e+02 1.799999999996840359e+02
1.095000000000001528e+01 7.996947589403519032e+02 1.799999999996840359e+02
1.110000000000001563e+01 7.996947589403519032e+02 1.799999999996840359e+02
1.125000000000001599e+01 7.996947589403519032e+02 1.799999999996840359e+02
1.140000000000001634e+01 7.996947589403519032e+02 1.799999999996840359e+02
1.155000000000001670e+01 7.996947589403519032e+02 1.799999999996840359e+02
1.170000000000001705e+01 7.996947589403519032e+02 1.799999999996840359e+02
1.185000000000001741e+01 7.996947589403519032e+02 1.799999999996840359e+02
1.200000000000001776e+01 7.996947589403519032e+02 1.799999999996840359e+02
1.215000000000001812e+01 7.996947589403519032e+02 1.799999999996840359e+02
1.230000000000001847e+01 7.996947589403519032e+02 1.799999999996840359e+02
1.245000000000001883e+01 7.996947589403519032e+02 1.799999999996840359e+02
1.260000000000001918e+01 7.996947589403519032e+02 1.799999999996840359e+02
1.275000000000001954e+01 7.996947589403519032e+02 1.799999999996840359e+02
1.290000000000001990e+01 7.996947589403519032e+02 1.799999999996840359e+02
1.305000000000002025e+01 7.994476140319790147e+02 1.799999999996847748e+02
1.320000000000002061e+01 7.994476140319790147e+02 1.799999999996847748e+02
1.335000000000002096e+01 7.994476140319790147e+02 1.799999999996847748e+02
1.350000000000002132e+01 7.994476140319790147e+02 1.799999999996847748e+02
1.365000000000002167e+01 7.994476140319790147e+02 1.799999999996847748e+02
1.380000000000002203e+01 7.994476140319790147e+02 1.799999999996847748e+02
1.395000000000002238e+01 7.994476140319790147e+02 1.799999999996847748e+02
1.410000000000002274e+01 7.994476140319790147e+02 1.799999999996847748e+02
1.425000000000002309e+01 7.994476140319790147e+02 1.799999999996847748e+02
1.440000000000002345e+01 7.994476140319790147e+02 1.799999999996847748e+02
1.455000000000002380e+01 7.994476140319790147e+02 1.799999999996847748e+02
1.470000000000002416e+01 7.994476140319790147e+02 1.799999999996847748e+02
1.485000000000002451e+01 7.994476140319790147e+02 1.799999999996847748e+02
1.500000000000002487e+01 7.994476140319790147e+02 1.799999999996847748e+02
1.515000000000002522e+01 7.994476140319790147e+02 1.799999999996847748e+02
1.530000000000002558e+01 7.994476140319790147e+02 1.799999999996847748e+02
1.545000000000002593e+01 7.994476140319790147e+02 1.799999999996847748e+02
1.560000000000002629e+01 7.994476140319790147e+02 1.799999999996847748e+02
1.575000000000002665e+01 7.994476140319790147e+02 1.799999999996847748e+02
1.590000000000002700e+01 7.994476140319790147e+02 1.799999999996847748e+02
