1.499999999999999944e-01 7.999999997563971874e+02 1.799993612622427293e+02
2.999999999999999889e-01 7.999999997563971874e+02 1.799993612622427293e+02
4.499999999999999556e-01 7.999999997563971874e+02 1.799993612622427293e+02
5.999999999999999778e-01 7.999999997563971874e+02 1.799993612622427293e+02
7.500000000000000000e-01 7.999999997563971874e+02 1.799993612622427293e+02
9.000000000000000222e-01 7.999999997563971874e+02 1.799993612622427293e+02
1.050000000000000044e+00 7.999999997563971874e+02 1.799993612622427293e+02
1.199999999999999956e+00 7.999999997563971874e+02 1.799993612622427293e+02
1.349999999999999867e+00 7.999999997563971874e+02 1.799993612622427293e+02
1.499999999999999778e+00 7.999999997563971874e+02 1.799993612622427293e+02
1.649999999999999689e+00 7.999999997563971874e+02 1.799993612622427293e+02
1.799999999999999600e+00 7.999999997563971874e+02 1.799993612622427293e+02
1.949999999999999512e+00 7.999999997563971874e+02 1.799993612622427293e+02
2.099999999999999645e+00 7.999999999786153921e+02 1.799993622049846067e+02
2.249999999999999556e+00 7.999999999786153921e+02 1.799993622049846067e+02
2.399999999999999467e+00 7.999999999786153921e+02 1.799993622049846067e+02
2.549999999999999378e+00 7.999999999786153921e+02 1.799993622049846067e+02
2.699999999999999289e+00 7.999999999786153921e+02 1.799993622049846067e+02
2.849999999999999201e+00 7.999999999786153921e+02 1.799993622049846067e+02
2.999999999999999112e+00 7.999999999786153921e+02 1.799993622049846067e+02
3.149999999999999023e+00 7.999999999786153921e+02 1.799993622049846067e+02
3.299999999999998934e+00 7.999999999786153921e+02 1.799993622049846067e+02
3.449999999999998845e+00 7.999999999786153921e+02 1.799993622049846067e+02
3.599999999999998757e+00 7.999999999786153921e+02 1.799993622049846067e+02
3.749999999999998668e+00 7.999999999786153921e+02 1.799993622049846067e+02
3.899999999999998579e+00 7.999999999786153921e+02 1.799993622049846067e+02
4.049999999999998934e+00 5.178427114540398861e+02 1.799993651012870828e+02
4.199999999999999289e+00 4.911518133336149390e+02 1.799993762186919355e+02
4.349999999999999645e+00 4.582492317917754008e+02 1.799993980195595498e+02
4.500000000000000000e+00 4.540642947494309851e+02 1.799994194530037817e+02
4.650000000000000355e+00 4.527977486430261820e+02 1.799994400300505220e+02
4.800000000000000711e+00 4.525475188906958692e+02 1.799994608954509658e+02
4.950000000000001066e+00 4.524879194368704134e+02 1.799994811650195174e+02
5.100000000000001421e+00 4.524749625541090836e+02 1.799995000562853420e+02
5.250000000000001776e+00 4.524720192501333713e+02 1.799995191810577921e+02
5.400000000000002132e+00 4.524713647352333510e+02 1.799995377492056434e+02
5.550000000000002487e+00 4.524712176826421342e+02 1.799995550874693038e+02
5.700000000000002842e+00 4.524711848078549110e+02 1.799995726327427690e+02
5.850000000000003197e+00 4.524711774407130065e+02 1.799995896824854924e+02
6.000000000000003553e+00 4.524711757916814463e+02 1.799996056406837397e+02
6.150000000000003908e+00 4.524711754223614548e+02 1.799996217825765825e+02
6.300000000000004263e+00 4.524711753396708787e+02 1.799996374851887424e+02
6.450000000000004619e+00 4.524711753211547602e+02 1.799996522236539249e+02
6.600000000000004974e+00 4.524711753170096813e+02 1.799996671243551987e+02
6.750000000000005329e+00 4.524711753160845547e+02 1.799996816376053346e+02
6.900000000000005684e+00 4.524711753158877059e+02 1.799996953043975338e+02
7.050000000000006040e+00 4.524711753158885017e+02 1.799997091136015399e+02
7.200000000000006395e+00 4.524711753160867715e+02 1.799997225832820220e+02
7.350000000000006750e+00 4.524711753170134330e+02 1.799997353156678344e+02
7.500000000000007105e+00 4.524711753211597056e+02 1.799997481720751011e+02
7.650000000000007461e+00 4.524711753396772451e+02 1.799997607334663030e+02
7.800000000000007816e+00 4.524711754223691855e+02 1.799997726592960987e+02
7.950000000000008171e+00 4.524711757916907686e+02 1.799997846920074949e+02
8.100000000000008527e+00 4.524711774407241478e+02 1.799997964712365217e+02
8.250000000000008882e+00 4.524711848078674734e+02 1.799998077102291631e+02
8.400000000000009237e+00 4.524712176826562313e+02 1.799998190400394265e+02
8.550000000000009592e+00 4.524713647352492103e+02 1.799998301553403337e+02
8.700000000000009948e+00 4.524720192501512201e+02 1.799998408202526434e+02
8.850000000000010303e+00 4.524749625541286377e+02 1.799998515607518357e+02
9.000000000000010658e+00 4.524879194368919570e+02 1.799998621229925959e+02
9.150000000000011013e+00 4.525475188907191750e+02 1.799998723188718373e+02
9.300000000000011369e+00 4.527977486430515341e+02 1.799998825630930810e+02
9.450000000000011724e+00 4.540642947494579857e+02 1.799998926494504019e+02
9.600000000000012079e+00 4.582492317918025719e+02 1.799999021524527905e+02
9.750000000000012434e+00 4.911518133336589358e+02 1.799999115497028299e+02
9.900000000000012790e+00 5.178427114540611456e+02 1.799999165608375336e+02
1.005000000000001315e+01 7.999999999797190640e+02 1.799999176693186200e+02
1.020000000000001350e+01 7.999999999797190640e+02 1.799999176693186200e+02
1.035000000000001386e+01 7.999999999797190640e+02 1.799999176693186200e+02
1.050000000000001421e+01 7.999999999797190640e+02 1.799999176693186200e+02
1.065000000000001457e+01 7.999999999797190640e+02 1.799999176693186200e+02
1.080000000000001492e+01 7.999999999797190640e+02 1.799999176693186200e+02
1.095000000000001528e+01 7.999999999797190640e+02 1.799999176693186200e+02
1.110000000000001563e+01 7.999999999797190640e+02 1.799999176693186200e+02
1.125000000000001599e+01 7.999999999797190640e+02 1.799999176693186200e+02
1.140000000000001634e+01 7.999999999797190640e+02 1.799999176693186200e+02
1.155000000000001670e+01 7.999999999797190640e+02 1.799999176693186200e+02
1.170000000000001705e+01 7.999999999797190640e+02 1.799999176693186200e+02
1.185000000000001741e+01 7.999999999797190640e+02 1.799999176693186200e+02
1.200000000000001776e+01 7.999999999797190640e+02 1.799999176693186200e+02
1.215000000000001812e+01 7.999999999797190640e+02 1.799999176693186200e+02
1.230000000000001847e+01 7.999999999797190640e+02 1.799999176693186200e+02
1.245000000000001883e+01 7.999999999797190640e+02 1.799999176693186200e+02
1.260000000000001918e+01 7.999999999797190640e+02 1.799999176693186200e+02
1.275000000000001954e+01 7.999999999797190640e+02 1.799999176693186200e+02
1.290000000000001990e+01 7.999999999797190640e+02 1.799999176693186200e+02
1.305000000000002025e+01 7.999999997689694737e+02 1.799999179666142481e+02
1.320000000000002061e+01 7.999999997689694737e+02 1.799999179666142481e+02
1.335000000000002096e+01 7.999999997689694737e+02 1.799999179666142481e+02
1.350000000000002132e+01 7.999999997689694737e+02 1.799999179666142481e+02
1.365000000000002167e+01 7.999999997689694737e+02 1.799999179666142481e+02
1.380000000000002203e+01 7.999999997689694737e+02 1.799999179666142481e+02
1.395000000000002238e+01 7.999999997689694737e+02 1.799999179666142481e+02
1.410000000000002274e+01 7.999999997689694737e+02 1.799999179666142481e+02
1.425000000000002309e+01 7.999999997689694737e+02 1.799999179666142481e+02
1.440000000000002345e+01 7.999999997689694737e+02 1.799999179666142481e+02
1.455000000000002380e+01 7.999999997689694737e+02 1.799999179666142481e+02
1.470000000000002416e+01 7.999999997689694737e+02 1.799999179666142481e+02
1.485000000000002451e+01 7.999999997689694737e+02 1.799999179666142481e+02
1.500000000000002487e+01 7.999999997689694737e+02 1.799999179666142481e+02
1.515000000000002522e+01 7.999999997689694737e+02 1.799999179666142481e+02
1.530000000000002558e+01 7.999999997689694737e+02 1.799999179666142481e+02
1.545000000000002593e+01 7.999999997689694737e+02 1.799999179666142481e+02
1.560000000000002629e+01 7.999999997689694737e+02 1.799999179666142481e+02
1.575000000000002665e+01 7.999999997689694737e+02 1.799999179666142481e+02
1.590000000000002700e+01 7.999999997689694737e+02 1.799999179666142481e+02
