1.499999999999999944e-01 7.999679132738422140e+02 1.799992203534545752e+02
2.999999999999999889e-01 7.999679132738422140e+02 1.799992203534545752e+02
4.499999999999999556e-01 7.999679132738422140e+02 1.799992203534545752e+02
5.999999999999999778e-01 7.999679132738422140e+02 1.799992203534545752e+02
7.500000000000000000e-01 7.999679132738422140e+02 1.799992203534545752e+02
9.000000000000000222e-01 7.999679132738422140e+02 1.799992203534545752e+02
1.050000000000000044e+00 7.999679132738422140e+02 1.799992203534545752e+02
1.199999999999999956e+00 7.999679132738422140e+02 1.799992203534545752e+02
1.349999999999999867e+00 7.999679132738422140e+02 1.799992203534545752e+02
1.499999999999999778e+00 7.999679132738422140e+02 1.799992203534545752e+02
1.649999999999999689e+00 7.999679132738422140e+02 1.799992203534545752e+02
1.799999999999999600e+00 7.999679132738422140e+02 1.799992203534545752e+02
1.949999999999999512e+00 7.999679132738422140e+02 1.799992203534545752e+02
2.099999999999999645e+00 7.999877547091712131e+02 1.799992208393798592e+02
2.249999999999999556e+00 7.999877547091712131e+02 1.799992208393798592e+02
2.399999999999999467e+00 7.999877547091712131e+02 1.799992208393798592e+02
2.549999999999999378e+00 7.999877547091712131e+02 1.799992208393798592e+02
2.699999999999999289e+00 7.999877547091712131e+02 1.799992208393798592e+02
2.849999999999999201e+00 7.999877547091712131e+02 1.799992208393798592e+02
2.999999999999999112e+00 7.999877547091712131e+02 1.799992208393798592e+02
3.149999999999999023e+00 7.999877547091712131e+02 1.799992208393798592e+02
3.299999999999998934e+00 7.999877547091712131e+02 1.799992208393798592e+02
3.449999999999998845e+00 7.999877547091712131e+02 1.799992208393798592e+02
3.599999999999998757e+00 7.999877547091712131e+02 1.799992208393798592e+02
3.749999999999998668e+00 7.999877547091712131e+02 1.799992208393798592e+02
3.899999999999998579e+00 7.999877547091712131e+02 1.799992208393798592e+02
4.049999999999998934e+00 4.789851100858045356e+02 1.799992214833806088e+02
4.199999999999999289e+00 2.895595578711868825e+02 1.799992227378610608e+02
4.349999999999999645e+00 1.302558867035320134e+02 1.799992291771159785e+02
4.500000000000000000e+00 6.594329602651713174e+01 1.799992415473579115e+02
4.650000000000000355e+00 3.309063607560377562e+01 1.799992657145297414e+02
4.800000000000000711e+00 1.729253563387525716e+01 1.799993121159518239e+02
4.950000000000001066e+00 9.544448503674267670e+00 1.799993911917326841e+02
5.100000000000001421e+00 5.763301320630951352e+00 1.799995064845962816e+02
5.250000000000001776e+00 3.914981457078198446e+00 1.799996449023634000e+02
5.400000000000002132e+00 3.011848328637270811e+00 1.799997743795735801e+02
5.550000000000002487e+00 2.570491451132426164e+00 1.799998706162243991e+02
5.700000000000002842e+00 2.354809550897357440e+00 1.799999309647477048e+02
5.850000000000003197e+00 2.249409469515114779e+00 1.799999646744800259e+02
6.000000000000003553e+00 2.197903655152572355e+00 1.799999823056097057e+02
6.150000000000003908e+00 2.172736995152661166e+00 1.799999912508110924e+02
6.300000000000004263e+00 2.160445651916177212e+00 1.799999956990702401e+02
6.450000000000004619e+00 2.154453915789957819e+00 1.799999978891580383e+02
6.600000000000004974e+00 2.151556288155717311e+00 1.799999989668320950e+02
6.750000000000005329e+00 2.150202577280140304e+00 1.799999994946701065e+02
6.900000000000005684e+00 2.149668566179457230e+00 1.799999997526169579e+02
7.050000000000006040e+00 2.149668566253211566e+00 1.799999998790792120e+02
7.200000000000006395e+00 2.150202577486652444e+00 1.799999999409084808e+02
7.350000000000006750e+00 2.151556288568741593e+00 1.799999999710973384e+02
7.500000000000007105e+00 2.154453916689760717e+00 1.799999999858913498e+02
7.650000000000007461e+00 2.160445653745284744e+00 1.799999999931226569e+02
7.800000000000007816e+00 2.172736998928883168e+00 1.799999999966530311e+02
7.950000000000008171e+00 2.197903662867275898e+00 1.799999999983824068e+02
8.100000000000008527e+00 2.249409485283791810e+00 1.799999999992268442e+02
8.250000000000008882e+00 2.354809583172254861e+00 1.799999999996375095e+02
8.400000000000009237e+00 2.570491517127805992e+00 1.799999999998356657e+02
8.550000000000009592e+00 3.011848463725712577e+00 1.799999999999277520e+02
8.700000000000009948e+00 3.914981733479947934e+00 1.799999999999672866e+02
8.850000000000010303e+00 5.763301886227139903e+00 1.799999999999812133e+02
9.000000000000010658e+00 9.544449660503651955e+00 1.799999999999846523e+02
9.150000000000011013e+00 1.729253800568563193e+01 1.799999999999848797e+02
9.300000000000011369e+00 3.309064090454722873e+01 1.799999999999845670e+02
9.450000000000011724e+00 6.594330614134395319e+01 1.799999999999843112e+02
9.600000000000012079e+00 1.302559061490615875e+02 1.799999999999841123e+02
9.750000000000012434e+00 2.895596101925645485e+02 1.799999999999839133e+02
9.900000000000012790e+00 4.789851594830366253e+02 1.799999999999837712e+02
1.005000000000001315e+01 7.999880777573814612e+02 1.799999999999837144e+02
1.020000000000001350e+01 7.999880777573814612e+02 1.799999999999837144e+02
1.035000000000001386e+01 7.999880777573814612e+02 1.799999999999837144e+02
1.050000000000001421e+01 7.999880777573814612e+02 1.799999999999837144e+02
1.065000000000001457e+01 7.999880777573814612e+02 1.799999999999837144e+02
1.080000000000001492e+01 7.999880777573814612e+02 1.799999999999837144e+02
1.095000000000001528e+01 7.999880777573814612e+02 1.799999999999837144e+02
1.110000000000001563e+01 7.999880777573814612e+02 1.799999999999837144e+02
1.125000000000001599e+01 7.999880777573814612e+02 1.799999999999837144e+02
1.140000000000001634e+01 7.999880777573814612e+02 1.799999999999837144e+02
1.155000000000001670e+01 7.999880777573814612e+02 1.799999999999837144e+02
1.170000000000001705e+01 7.999880777573814612e+02 1.799999999999837144e+02
1.185000000000001741e+01 7.999880777573814612e+02 1.799999999999837144e+02
1.200000000000001776e+01 7.999880777573814612e+02 1.799999999999837144e+02
1.215000000000001812e+01 7.999880777573814612e+02 1.799999999999837144e+02
1.230000000000001847e+01 7.999880777573814612e+02 1.799999999999837144e+02
1.245000000000001883e+01 7.999880777573814612e+02 1.799999999999837144e+02
1.260000000000001918e+01 7.999880777573814612e+02 1.799999999999837144e+02
1.275000000000001954e+01 7.999880777573814612e+02 1.799999999999837144e+02
1.290000000000001990e+01 7.999880777573814612e+02 1.799999999999837144e+02
1.305000000000002025e+01 7.999687597691478231e+02 1.799999999999837996e+02
1.320000000000002061e+01 7.999687597691478231e+02 1.799999999999837996e+02
1.335000000000002096e+01 7.999687597691478231e+02 1.799999999999837996e+02
1.350000000000002132e+01 7.999687597691478231e+02 1.799999999999837996e+02
1.365000000000002167e+01 7.999687597691478231e+02 1.799999999999837996e+02
1.380000000000002203e+01 7.999687597691478231e+02 1.799999999999837996e+02
1.395000000000002238e+01 7.999687597691478231e+02 1.799999999999837996e+02
1.410000000000002274e+01 7.999687597691478231e+02 1.799999999999837996e+02
1.425000000000002309e+01 7.999687597691478231e+02 1.799999999999837996e+02
1.440000000000002345e+01 7.999687597691478231e+02 1.799999999999837996e+02
1.455000000000002380e+01 7.999687597691478231e+02 1.799999999999837996e+02
1.470000000000002416e+01 7.999687597691478231e+02 1.799999999999837996e+02
1.485000000000002451e+01 7.999687597691478231e+02 1.799999999999837996e+02
1.500000000000002487e+01 7.999687597691478231e+02 1.799999999999837996e+02
1.515000000000002522e+01 7.999687597691478231e+02 1.799999999999837996e+02
1.530000000000002558e+01 7.999687597691478231e+02 1.799999999999837996e+02
1.545000000000002593e+01 7.999687597691478231e+02 1.799999999999837996e+02
1.560000000000002629e+01 7.999687597691478231e+02 1.799999999999837996e+02
1.575000000000002665e+01 7.999687597691478231e+02 1.799999999999837996e+02
1.590000000000002700e+01 7.999687597691478231e+02 1.799999999999837996e+02
