1.499999999999999944e-01 7.999992302505411317e+02 1.797372805725293858e+02
2.999999999999999889e-01 7.999992302505411317e+02 1.797372805725293858e+02
4.499999999999999556e-01 7.999992302505411317e+02 1.797372805725293858e+02
5.999999999999999778e-01 7.999992302505411317e+02 1.797372805725293858e+02
7.500000000000000000e-01 7.999992302505411317e+02 1.797372805725293858e+02
9.000000000000000222e-01 7.999992302505411317e+02 1.797372805725293858e+02
1.050000000000000044e+00 7.999992302505411317e+02 1.797372805725293858e+02
1.199999999999999956e+00 7.999992302505411317e+02 1.797372805725293858e+02
1.349999999999999867e+00 7.999992302505411317e+02 1.797372805725293858e+02
1.499999999999999778e+00 7.999992302505411317e+02 1.797372805725293858e+02
1.649999999999999689e+00 7.999992302505411317e+02 1.797372805725293858e+02
1.799999999999999600e+00 7.999992302505411317e+02 1.797372805725293858e+02
1.949999999999999512e+00 7.999992302505411317e+02 1.797372805725293858e+02
2.099999999999999645e+00 7.999998200957238623e+02 1.797373995301372247e+02
2.249999999999999556e+00 7.999998200957238623e+02 1.797373995301372247e+02
2.399999999999999467e+00 7.999998200957238623e+02 1.797373995301372247e+02
2.549999999999999378e+00 7.999998200957238623e+02 1.797373995301372247e+02
2.699999999999999289e+00 7.999998200957238623e+02 1.797373995301372247e+02
2.849999999999999201e+00 7.999998200957238623e+02 1.797373995301372247e+02
2.999999999999999112e+00 7.999998200957238623e+02 1.797373995301372247e+02
3.149999999999999023e+00 7.999998200957238623e+02 1.797373995301372247e+02
3.299999999999998934e+00 7.999998200957238623e+02 1.797373995301372247e+02
3.449999999999998845e+00 7.999998200957238623e+02 1.797373995301372247e+02
3.599999999999998757e+00 7.999998200957238623e+02 1.797373995301372247e+02
3.749999999999998668e+00 7.999998200957238623e+02 1.797373995301372247e+02
3.899999999999998579e+00 7.999998200957238623e+02 1.797373995301372247e+02
4.049999999999998934e+00 5.063859361347968502e+02 1.797379492645164589e+02
4.199999999999999289e+00 4.006841832735900653e+02 1.797401931618136359e+02
4.349999999999999645e+00 2.870873547165509194e+02 1.797459803680132211e+02
4.500000000000000000e+00 2.401099527555171846e+02 1.797541025290107370e+02
4.650000000000000355e+00 2.113066078671889727e+02 1.797644742645921951e+02
4.800000000000000711e+00 1.939267673665436860e+02 1.797763453737736654e+02
4.950000000000001066e+00 1.828099127147238505e+02 1.797890610622440875e+02
5.100000000000001421e+00 1.755522383859450599e+02 1.798020350824539264e+02
5.250000000000001776e+00 1.707311079213004348e+02 1.798149857486517647e+02
5.400000000000002132e+00 1.674946404632754593e+02 1.798276031049919936e+02
5.550000000000002487e+00 1.653063279243856414e+02 1.798396886695112755e+02
5.700000000000002842e+00 1.638199218578048146e+02 1.798512347358886245e+02
5.850000000000003197e+00 1.628075958182447209e+02 1.798621594880705743e+02
6.000000000000003553e+00 1.621175783870845351e+02 1.798724238881053168e+02
6.150000000000003908e+00 1.616479804187524962e+02 1.798821044247001453e+02
6.300000000000004263e+00 1.613301805252162353e+02 1.798911917108193279e+02
6.450000000000004619e+00 1.611180689542408118e+02 1.798996923014884999e+02
6.600000000000004974e+00 1.609810180150189183e+02 1.799076912895209261e+02
6.750000000000005329e+00 1.608993010369784145e+02 1.799151977786753775e+02
6.900000000000005684e+00 1.608611792270711760e+02 1.799222282902451582e+02
7.050000000000006040e+00 1.608611820998500548e+02 1.799288567263220955e+02
7.200000000000006395e+00 1.608993096776031280e+02 1.799350953966650195e+02
7.350000000000006750e+00 1.609810324780058863e+02 1.799409610098406063e+02
7.500000000000007105e+00 1.611180893120875623e+02 1.799465125631538456e+02
7.650000000000007461e+00 1.613302068548262014e+02 1.799517607848722207e+02
7.800000000000007816e+00 1.616480127584610784e+02 1.799567189353493859e+02
7.950000000000008171e+00 1.621176166848454159e+02 1.799614298348108719e+02
8.100000000000008527e+00 1.628076398809374155e+02 1.799658985731964833e+02
8.250000000000008882e+00 1.638199712624042093e+02 1.799701300311859882e+02
8.400000000000009237e+00 1.653063819199960847e+02 1.799741459612487517e+02
8.550000000000009592e+00 1.674946978937191489e+02 1.799779367877003722e+02
8.700000000000009948e+00 1.707311671294487780e+02 1.799814871883331477e+02
8.850000000000010303e+00 1.755522971650992474e+02 1.799847844191047841e+02
9.000000000000010658e+00 1.828099683834694815e+02 1.799877867821986968e+02
9.150000000000011013e+00 1.939268169472877048e+02 1.799904421715222327e+02
9.300000000000011369e+00 2.113066484562592962e+02 1.799926927693025220e+02
9.450000000000011724e+00 2.401099821504830629e+02 1.799944812673916488e+02
9.600000000000012079e+00 2.870873722075178875e+02 1.799957371547596665e+02
9.750000000000012434e+00 4.006841895822997799e+02 1.799965282838380745e+02
9.900000000000012790e+00 5.063859369093360101e+02 1.799968054941978721e+02
1.005000000000001315e+01 7.999998258954385619e+02 1.799968570915769988e+02
1.020000000000001350e+01 7.999998258954385619e+02 1.799968570915769988e+02
1.035000000000001386e+01 7.999998258954385619e+02 1.799968570915769988e+02
1.050000000000001421e+01 7.999998258954385619e+02 1.799968570915769988e+02
1.065000000000001457e+01 7.999998258954385619e+02 1.799968570915769988e+02
1.080000000000001492e+01 7.999998258954385619e+02 1.799968570915769988e+02
1.095000000000001528e+01 7.999998258954385619e+02 1.799968570915769988e+02
1.110000000000001563e+01 7.999998258954385619e+02 1.799968570915769988e+02
1.125000000000001599e+01 7.999998258954385619e+02 1.799968570915769988e+02
1.140000000000001634e+01 7.999998258954385619e+02 1.799968570915769988e+02
1.155000000000001670e+01 7.999998258954385619e+02 1.799968570915769988e+02
1.170000000000001705e+01 7.999998258954385619e+02 1.799968570915769988e+02
1.185000000000001741e+01 7.999998258954385619e+02 1.799968570915769988e+02
1.200000000000001776e+01 7.999998258954385619e+02 1.799968570915769988e+02
1.215000000000001812e+01 7.999998258954385619e+02 1.799968570915769988e+02
1.230000000000001847e+01 7.999998258954385619e+02 1.799968570915769988e+02
1.245000000000001883e+01 7.999998258954385619e+02 1.799968570915769988e+02
1.260000000000001918e+01 7.999998258954385619e+02 1.799968570915769988e+02
1.275000000000001954e+01 7.999998258954385619e+02 1.799968570915769988e+02
1.290000000000001990e+01 7.999998258954385619e+02 1.799968570915769988e+02
1.305000000000002025e+01 7.999992550655508694e+02 1.799968673929122360e+02
1.320000000000002061e+01 7.999992550655508694e+02 1.799968673929122360e+02
1.335000000000002096e+01 7.999992550655508694e+02 1.799968673929122360e+02
1.350000000000002132e+01 7.999992550655508694e+02 1.799968673929122360e+02
1.365000000000002167e+01 7.999992550655508694e+02 1.799968673929122360e+02
1.380000000000002203e+01 7.999992550655508694e+02 1.799968673929122360e+02
1.395000000000002238e+01 7.999992550655508694e+02 1.799968673929122360e+02
1.410000000000002274e+01 7.999992550655508694e+02 1.799968673929122360e+02
1.425000000000002309e+01 7.999992550655508694e+02 1.799968673929122360e+02
1.440000000000002345e+01 7.999992550655508694e+02 1.799968673929122360e+02
1.455000000000002380e+01 7.999992550655508694e+02 1.799968673929122360e+02
1.470000000000002416e+01 7.999992550655508694e+02 1.799968673929122360e+02
1.485000000000002451e+01 7.999992550655508694e+02 1.799968673929122360e+02
1.500000000000002487e+01 7.999992550655508694e+02 1.799968673929122360e+02
1.515000000000002522e+01 7.999992550655508694e+02 1.799968673929122360e+02
1.530000000000002558e+01 7.999992550655508694e+02 1.799968673929122360e+02
1.545000000000002593e+01 7.999992550655508694e+02 1.799968673929122360e+02
1.560000000000002629e+01 7.999992550655508694e+02 1.799968673929122360e+02
1.575000000000002665e+01 7.999992550655508694e+02 1.799968673929122360e+02
1.590000000000002700e+01 7.999992550655508694e+02 1.799968673929122360e+02
