1.499999999999999944e-01 7.999919986396923832e+02 1.643403972106938227e-05
2.999999999999999889e-01 7.999919986396923832e+02 1.643403972106938227e-05
4.499999999999999556e-01 7.999919986396923832e+02 1.643403972106938227e-05
5.999999999999999778e-01 7.999919986396923832e+02 1.643403972106938227e-05
7.500000000000000000e-01 7.999919986396923832e+02 1.643403972106938227e-05
9.000000000000000222e-01 7.999919986396923832e+02 1.643403972106938227e-05
1.050000000000000044e+00 7.999919986396923832e+02 1.643403972106938227e-05
1.199999999999999956e+00 7.999919986396923832e+02 1.643403972106938227e-05
1.349999999999999867e+00 7.999919986396923832e+02 1.643403972106938227e-05
1.499999999999999778e+00 7.999919986396923832e+02 1.643403972106938227e-05
1.649999999999999689e+00 7.999919986396923832e+02 1.643403972106938227e-05
1.799999999999999600e+00 7.999919986396923832e+02 1.643403972106938227e-05
1.949999999999999512e+00 7.999919986396923832e+02 1.643403972106938227e-05
2.099999999999999645e+00 7.999974515734675151e+02 1.641620710457480925e-05
2.249999999999999556e+00 7.999974515734675151e+02 1.641620710457480925e-05
2.399999999999999467e+00 7.999974515734675151e+02 1.641620710457480925e-05
2.549999999999999378e+00 7.999974515734675151e+02 1.641620710457480925e-05
2.699999999999999289e+00 7.999974515734675151e+02 1.641620710457480925e-05
2.849999999999999201e+00 7.999974515734675151e+02 1.641620710457480925e-05
2.999999999999999112e+00 7.999974515734675151e+02 1.641620710457480925e-05
3.149999999999999023e+00 7.999974515734675151e+02 1.641620710457480925e-05
3.299999999999998934e+00 7.999974515734675151e+02 1.641620710457480925e-05
3.449999999999998845e+00 7.999974515734675151e+02 1.641620710457480925e-05
3.599999999999998757e+00 7.999974515734675151e+02 1.641620710457480925e-05
3.749999999999998668e+00 7.999974515734675151e+02 1.641620710457480925e-05
3.899999999999998579e+00 7.999974515734675151e+02 1.641620710457480925e-05
4.049999999999998934e+00 4.927186594296624094e+02 1.643154735797569543e-05
4.199999999999999289e+00 3.329902996508072306e+02 1.650419615872866785e-05
4.349999999999999645e+00 1.766895719284510164e+02 1.656173070929689572e-05
4.500000000000000000e+00 1.044859412517660218e+02 1.664599175521530583e-05
4.650000000000000355e+00 6.089994948012972031e+01 1.683774486249678404e-05
4.800000000000000711e+00 3.560856983668264775e+01 1.707061418809718845e-05
4.950000000000001066e+00 2.062612423852746701e+01 1.746836788141248320e-05
5.100000000000001421e+00 1.176230453261936404e+01 1.822500440318286508e-05
5.250000000000001776e+00 6.509762234271427417e+00 1.953573690693932718e-05
5.400000000000002132e+00 3.397117817175754340e+00 2.221394941304133397e-05
5.550000000000002487e+00 1.552315151846102026e+00 2.894911477679951162e-05
5.700000000000002842e+00 4.588952824444731959e-01 5.822678466271824504e-05
5.850000000000003197e+00 1.892438416766708542e-01 1.799999156935934934e+02
6.000000000000003553e+00 5.735413946316612055e-01 1.799999831440442506e+02
6.150000000000003908e+00 8.015784486583470425e-01 1.799999924788488954e+02
6.300000000000004263e+00 9.371927230248502383e-01 1.799999956564136880e+02
6.450000000000004619e+00 1.018348999489262496e+00 1.799999968028149624e+02
6.600000000000004974e+00 1.067766838808040575e+00 1.799999968766465770e+02
6.750000000000005329e+00 1.099280729402721590e+00 1.799999960514222153e+02
6.900000000000005684e+00 1.121712982238022960e+00 1.799999941460800130e+02
7.050000000000006040e+00 1.141343514214383958e+00 1.799999907107950889e+02
7.200000000000006395e+00 1.163667906643638617e+00 1.799999848951851504e+02
7.350000000000006750e+00 1.194935896446963852e+00 1.799999753171706232e+02
7.500000000000007105e+00 1.243901004480449046e+00 1.799999601697883236e+02
7.650000000000007461e+00 1.324271120821492786e+00 1.799999370764323885e+02
7.800000000000007816e+00 1.458546130751216197e+00 1.799999036418333276e+02
7.950000000000008171e+00 1.684317056755133990e+00 1.799998595791523996e+02
8.100000000000008527e+00 2.064790537340769561e+00 1.799998072252693930e+02
8.250000000000008882e+00 2.706486539211482523e+00 1.799997518932839284e+02
8.400000000000009237e+00 3.789067293812991011e+00 1.799997017386500886e+02
8.550000000000009592e+00 5.615676372944562900e+00 1.799996612974849768e+02
8.700000000000009948e+00 8.697893933077153861e+00 1.799996310687625964e+02
8.850000000000010303e+00 1.389985933587948708e+01 1.799996114145032777e+02
9.000000000000010658e+00 2.268047011730181595e+01 1.799995991122854377e+02
9.150000000000011013e+00 3.752833036322810756e+01 1.799995908647458691e+02
9.300000000000011369e+00 6.260842594283529650e+01 1.799995868458233588e+02
9.450000000000011724e+00 1.058772468232091057e+02 1.799995848613360181e+02
9.600000000000012079e+00 1.776489632995483703e+02 1.799995831314540169e+02
9.750000000000012434e+00 3.334029191452172540e+02 1.799995832181162712e+02
9.900000000000012790e+00 4.927571149970175952e+02 1.799995835196510541e+02
1.005000000000001315e+01 7.999974442345295529e+02 1.799995833758715094e+02
1.020000000000001350e+01 7.999974442345295529e+02 1.799995833758715094e+02
1.035000000000001386e+01 7.999974442345295529e+02 1.799995833758715094e+02
1.050000000000001421e+01 7.999974442345295529e+02 1.799995833758715094e+02
1.065000000000001457e+01 7.999974442345295529e+02 1.799995833758715094e+02
1.080000000000001492e+01 7.999974442345295529e+02 1.799995833758715094e+02
1.095000000000001528e+01 7.999974442345295529e+02 1.799995833758715094e+02
1.110000000000001563e+01 7.999974442345295529e+02 1.799995833758715094e+02
1.125000000000001599e+01 7.999974442345295529e+02 1.799995833758715094e+02
1.140000000000001634e+01 7.999974442345295529e+02 1.799995833758715094e+02
1.155000000000001670e+01 7.999974442345295529e+02 1.799995833758715094e+02
1.170000000000001705e+01 7.999974442345295529e+02 1.799995833758715094e+02
1.185000000000001741e+01 7.999974442345295529e+02 1.799995833758715094e+02
1.200000000000001776e+01 7.999974442345295529e+02 1.799995833758715094e+02
1.215000000000001812e+01 7.999974442345295529e+02 1.799995833758715094e+02
1.230000000000001847e+01 7.999974442345295529e+02 1.799995833758715094e+02
1.245000000000001883e+01 7.999974442345295529e+02 1.799995833758715094e+02
1.260000000000001918e+01 7.999974442345295529e+02 1.799995833758715094e+02
1.275000000000001954e+01 7.999974442345295529e+02 1.799995833758715094e+02
1.290000000000001990e+01 7.999974442345295529e+02 1.799995833758715094e+02
1.305000000000002025e+01 7.999919732141923987e+02 1.799995839461858793e+02
1.320000000000002061e+01 7.999919732141923987e+02 1.799995839461858793e+02
1.335000000000002096e+01 7.999919732141923987e+02 1.799995839461858793e+02
1.350000000000002132e+01 7.999919732141923987e+02 1.799995839461858793e+02
1.365000000000002167e+01 7.999919732141923987e+02 1.799995839461858793e+02
1.380000000000002203e+01 7.999919732141923987e+02 1.799995839461858793e+02
1.395000000000002238e+01 7.999919732141923987e+02 1.799995839461858793e+02
1.410000000000002274e+01 7.999919732141923987e+02 1.799995839461858793e+02
1.425000000000002309e+01 7.999919732141923987e+02 1.799995839461858793e+02
1.440000000000002345e+01 7.999919732141923987e+02 1.799995839461858793e+02
1.455000000000002380e+01 7.999919732141923987e+02 1.799995839461858793e+02
1.470000000000002416e+01 7.999919732141923987e+02 1.799995839461858793e+02
1.485000000000002451e+01 7.999919732141923987e+02 1.799995839461858793e+02
1.500000000000002487e+01 7.999919732141923987e+02 1.799995839461858793e+02
1.515000000000002522e+01 7.999919732141923987e+02 1.799995839461858793e+02
1.530000000000002558e+01 7.999919732141923987e+02 1.799995839461858793e+02
1.545000000000002593e+01 7.999919732141923987e+02 1.799995839461858793e+02
1.560000000000002629e+01 7.999919732141923987e+02 1.799995839461858793e+02
1.575000000000002665e+01 7.999919732141923987e+02 1.799995839461858793e+02
1.590000000000002700e+01 7.999919732141923987e+02 1.799995839461858793e+02
