1.499999999999999944e-01 7.996670265219878502e+02 8.053566040078230515e-05
2.999999999999999889e-01 7.996670265219878502e+02 8.053566040078230515e-05
4.499999999999999556e-01 7.996670265219878502e+02 8.053566040078230515e-05
5.999999999999999778e-01 7.996670265219878502e+02 8.053566040078230515e-05
7.500000000000000000e-01 7.996670265219878502e+02 8.053566040078230515e-05
9.000000000000000222e-01 7.996670265219878502e+02 8.053566040078230515e-05
1.050000000000000044e+00 7.996670265219878502e+02 8.053566040078230515e-05
1.199999999999999956e+00 7.996670265219878502e+02 8.053566040078230515e-05
1.349999999999999867e+00 7.996670265219878502e+02 8.053566040078230515e-05
1.499999999999999778e+00 7.996670265219878502e+02 8.053566040078230515e-05
1.649999999999999689e+00 7.996670265219878502e+02 8.053566040078230515e-05
1.799999999999999600e+00 7.996670265219878502e+02 8.053566040078230515e-05
1.949999999999999512e+00 7.996670265219878502e+02 8.053566040078230515e-05
2.099999999999999645e+00 7.998274830660529915e+02 8.043979949157176179e-05
2.249999999999999556e+00 7.998274830660529915e+02 8.043979949157176179e-05
2.399999999999999467e+00 7.998274830660529915e+02 8.043979949157176179e-05
2.549999999999999378e+00 7.998274830660529915e+02 8.043979949157176179e-05
2.699999999999999289e+00 7.998274830660529915e+02 8.043979949157176179e-05
2.849999999999999201e+00 7.998274830660529915e+02 8.043979949157176179e-05
2.999999999999999112e+00 7.998274830660529915e+02 8.043979949157176179e-05
3.149999999999999023e+00 7.998274830660529915e+02 8.043979949157176179e-05
3.299999999999998934e+00 7.998274830660529915e+02 8.043979949157176179e-05
3.449999999999998845e+00 7.998274830660529915e+02 8.043979949157176179e-05
3.599999999999998757e+00 7.998274830660529915e+02 8.043979949157176179e-05
3.749999999999998668e+00 7.998274830660529915e+02 8.043979949157176179e-05
3.899999999999998579e+00 7.998274830660529915e+02 8.043979949157176179e-05
4.049999999999998934e+00 4.375798747423432928e+02 8.049597256765128606e-05
4.199999999999999289e+00 2.089381355128898576e+02 8.080235833873850027e-05
4.349999999999999645e+00 6.845753027928653012e+01 8.104709988465685910e-05
4.500000000000000000e+00 2.556293128031683892e+01 8.162265483013797507e-05
4.650000000000000355e+00 8.972664811365966386e+00 8.355117612468543342e-05
4.800000000000000711e+00 3.087758575310203923e+00 8.844912788985581642e-05
4.950000000000001066e+00 9.368450014815152826e-01 1.055567835775983454e-04
5.100000000000001421e+00 1.591606266870257969e-01 2.261577057034447336e-04
5.250000000000001776e+00 1.231188531774023431e-01 1.799998939893599186e+02
5.400000000000002132e+00 2.254346852080288954e-01 1.799999790007120453e+02
5.550000000000002487e+00 2.625392463082789618e-01 1.799999934406759223e+02
5.700000000000002842e+00 2.759926439812261378e-01 1.799999977370315207e+02
5.850000000000003197e+00 2.808709102334887575e-01 1.799999991935334265e+02
6.000000000000003553e+00 2.826397511505547300e-01 1.799999997084565280e+02
6.150000000000003908e+00 2.832811344330821157e-01 1.799999998944976767e+02
6.300000000000004263e+00 2.835137065178514604e-01 1.799999999617518540e+02
6.450000000000004619e+00 2.835980587028643640e-01 1.799999999860444291e+02
6.600000000000004974e+00 2.836287051045474072e-01 1.799999999948138054e+02
6.750000000000005329e+00 2.836399834995972924e-01 1.799999999977739265e+02
6.900000000000005684e+00 2.836445316049776011e-01 1.799999999982368877e+02
7.050000000000006040e+00 2.836474449602519599e-01 1.799999999967372730e+02
7.200000000000006395e+00 2.836519883453547664e-01 1.799999999915972637e+02
7.350000000000006750e+00 2.836632522255513322e-01 1.799999999770232648e+02
7.500000000000007105e+00 2.836938576788270439e-01 1.799999999368508838e+02
7.650000000000007461e+00 2.837780970492076449e-01 1.799999998262927647e+02
7.800000000000007816e+00 2.840103580676895945e-01 1.799999995210580437e+02
7.950000000000008171e+00 2.846508828497462673e-01 1.799999986849178413e+02
8.100000000000008527e+00 2.864173565476448857e-01 1.799999964032133732e+02
8.250000000000008882e+00 2.912890935940595227e-01 1.799999902406499075e+02
8.400000000000009237e+00 3.047244860044884263e-01 1.799999743266331507e+02
8.550000000000009592e+00 3.417793907294708333e-01 1.799999370051033054e+02
8.700000000000009948e+00 4.439582945901747735e-01 1.799998661846126140e+02
8.850000000000010303e+00 7.258601983066341745e-01 1.799997747135398356e+02
9.000000000000010658e+00 1.502504288179665082e+00 1.799997006559423198e+02
9.150000000000011013e+00 3.650551986382794212e+00 1.799996594707656925e+02
9.300000000000011369e+00 9.527613525735553424e+00 1.799996425244436011e+02
9.450000000000011724e+00 2.609642221224576275e+01 1.799996363655916412e+02
9.600000000000012079e+00 6.893514870671697281e+01 1.799996336002560895e+02
9.750000000000012434e+00 2.092714375360288557e+02 1.799996335035569075e+02
9.900000000000012790e+00 4.376615188102401248e+02 1.799996337653285821e+02
1.005000000000001315e+01 7.998273267444380963e+02 1.799996336086722977e+02
1.020000000000001350e+01 7.998273267444380963e+02 1.799996336086722977e+02
1.035000000000001386e+01 7.998273267444380963e+02 1.799996336086722977e+02
1.050000000000001421e+01 7.998273267444380963e+02 1.799996336086722977e+02
1.065000000000001457e+01 7.998273267444380963e+02 1.799996336086722977e+02
1.080000000000001492e+01 7.998273267444380963e+02 1.799996336086722977e+02
1.095000000000001528e+01 7.998273267444380963e+02 1.799996336086722977e+02
1.110000000000001563e+01 7.998273267444380963e+02 1.799996336086722977e+02
1.125000000000001599e+01 7.998273267444380963e+02 1.799996336086722977e+02
1.140000000000001634e+01 7.998273267444380963e+02 1.799996336086722977e+02
1.155000000000001670e+01 7.998273267444380963e+02 1.799996336086722977e+02
1.170000000000001705e+01 7.998273267444380963e+02 1.799996336086722977e+02
1.185000000000001741e+01 7.998273267444380963e+02 1.799996336086722977e+02
1.200000000000001776e+01 7.998273267444380963e+02 1.799996336086722977e+02
1.215000000000001812e+01 7.998273267444380963e+02 1.799996336086722977e+02
1.230000000000001847e+01 7.998273267444380963e+02 1.799996336086722977e+02
1.245000000000001883e+01 7.998273267444380963e+02 1.799996336086722977e+02
1.260000000000001918e+01 7.998273267444380963e+02 1.799996336086722977e+02
1.275000000000001954e+01 7.998273267444380963e+02 1.799996336086722977e+02
1.290000000000001990e+01 7.998273267444380963e+02 1.799996336086722977e+02
1.305000000000002025e+01 7.996666481589059003e+02 1.799996341650382590e+02
1.320000000000002061e+01 7.996666481589059003e+02 1.799996341650382590e+02
1.335000000000002096e+01 7.996666481589059003e+02 1.799996341650382590e+02
1.350000000000002132e+01 7.996666481589059003e+02 1.799996341650382590e+02
1.365000000000002167e+01 7.996666481589059003e+02 1.799996341650382590e+02
1.380000000000002203e+01 7.996666481589059003e+02 1.799996341650382590e+02
1.395000000000002238e+01 7.996666481589059003e+02 1.799996341650382590e+02
1.410000000000002274e+01 7.996666481589059003e+02 1.799996341650382590e+02
1.425000000000002309e+01 7.996666481589059003e+02 1.799996341650382590e+02
1.440000000000002345e+01 7.996666481589059003e+02 1.799996341650382590e+02
1.455000000000002380e+01 7.996666481589059003e+02 1.799996341650382590e+02
1.470000000000002416e+01 7.996666481589059003e+02 1.799996341650382590e+02
1.485000000000002451e+01 7.996666481589059003e+02 1.799996341650382590e+02
1.500000000000002487e+01 7.996666481589059003e+02 1.799996341650382590e+02
1.515000000000002522e+01 7.996666481589059003e+02 1.799996341650382590e+02
1.530000000000002558e+01 7.996666481589059003e+02 1.799996341650382590e+02
1.545000000000002593e+01 7.996666481589059003e+02 1.799996341650382590e+02
1.560000000000002629e+01 7.996666481589059003e+02 1.799996341650382590e+02
1.575000000000002665e+01 7.996666481589059003e+02 1.799996341650382590e+02
1.590000000000002700e+01 7.996666481589059003e+02 1.799996341650382590e+02
