1.499999999999999944e-01 7.999999916090858960e+02 1.799997403026958693e+02
2.999999999999999889e-01 7.999999916090858960e+02 1.799997403026958693e+02
4.499999999999999556e-01 7.999999916090858960e+02 1.799997403026958693e+02
5.999999999999999778e-01 7.999999916090858960e+02 1.799997403026958693e+02
7.500000000000000000e-01 7.999999916090858960e+02 1.799997403026958693e+02
9.000000000000000222e-01 7.999999916090858960e+02 1.799997403026958693e+02
1.050000000000000044e+00 7.999999916090858960e+02 1.799997403026958693e+02
1.199999999999999956e+00 7.999999916090858960e+02 1.799997403026958693e+02
1.349999999999999867e+00 7.999999916090858960e+02 1.799997403026958693e+02
1.499999999999999778e+00 7.999999916090858960e+02 1.799997403026958693e+02
1.649999999999999689e+00 7.999999916090858960e+02 1.799997403026958693e+02
1.799999999999999600e+00 7.999999916090858960e+02 1.799997403026958693e+02
1.949999999999999512e+00 7.999999916090858960e+02 1.799997403026958693e+02
2.099999999999999645e+00 7.999999988782146829e+02 1.799997408791416831e+02
2.249999999999999556e+00 7.999999988782146829e+02 1.799997408791416831e+02
2.399999999999999467e+00 7.999999988782146829e+02 1.799997408791416831e+02
2.549999999999999378e+00 7.999999988782146829e+02 1.799997408791416831e+02
2.699999999999999289e+00 7.999999988782146829e+02 1.799997408791416831e+02
2.849999999999999201e+00 7.999999988782146829e+02 1.799997408791416831e+02
2.999999999999999112e+00 7.999999988782146829e+02 1.799997408791416831e+02
3.149999999999999023e+00 7.999999988782146829e+02 1.799997408791416831e+02
3.299999999999998934e+00 7.999999988782146829e+02 1.799997408791416831e+02
3.449999999999998845e+00 7.999999988782146829e+02 1.799997408791416831e+02
3.599999999999998757e+00 7.999999988782146829e+02 1.799997408791416831e+02
3.749999999999998668e+00 7.999999988782146829e+02 1.799997408791416831e+02
3.899999999999998579e+00 7.999999988782146829e+02 1.799997408791416831e+02
4.049999999999998934e+00 5.157449559642350323e+02 1.799997418540002343e+02
4.199999999999999289e+00 4.682987243117582921e+02 1.799997453617018266e+02
4.349999999999999645e+00 4.148509375359310525e+02 1.799997541221008817e+02
4.500000000000000000e+00 4.040162992905638362e+02 1.799997633364576188e+02
4.650000000000000355e+00 3.999633727633306535e+02 1.799997719290917075e+02
4.800000000000000711e+00 3.987645753899530519e+02 1.799997812260518231e+02
4.950000000000001066e+00 3.983752415886004883e+02 1.799997902663193940e+02
5.100000000000001421e+00 3.982531320875210668e+02 1.799997982532251228e+02
5.250000000000001776e+00 3.982142751426144969e+02 1.799998067690486891e+02
5.400000000000002132e+00 3.982019778568522383e+02 1.799998150157842645e+02
5.550000000000002487e+00 3.981980773436792447e+02 1.799998223231357315e+02
5.700000000000002842e+00 3.981968412208117343e+02 1.799998300929250945e+02
5.850000000000003197e+00 3.981964493418724373e+02 1.799998376242303380e+02
6.000000000000003553e+00 3.981963251240425166e+02 1.799998443308891751e+02
6.150000000000003908e+00 3.981962857473800454e+02 1.799998514428767749e+02
6.300000000000004263e+00 3.981962732654664592e+02 1.799998583453780725e+02
6.450000000000004619e+00 3.981962693091481356e+02 1.799998645287533634e+02
6.600000000000004974e+00 3.981962680561712773e+02 1.799998710651719875e+02
6.750000000000005329e+00 3.981962676625984727e+02 1.799998774187014021e+02
6.900000000000005684e+00 3.981962675492306971e+02 1.799998831502703069e+02
7.050000000000006040e+00 3.981962675492310382e+02 1.799998891867073212e+02
7.200000000000006395e+00 3.981962676625996096e+02 1.799998950647262461e+02
7.350000000000006750e+00 3.981962680561729258e+02 1.799999004107083351e+02
7.500000000000007105e+00 3.981962693091505230e+02 1.799999060169348013e+02
7.650000000000007461e+00 3.981962732654692445e+02 1.799999114873694452e+02
7.800000000000007816e+00 3.981962857473837403e+02 1.799999165094871501e+02
7.950000000000008171e+00 3.981963251240466661e+02 1.799999217502591478e+02
8.100000000000008527e+00 3.981964493418770985e+02 1.799999268762812221e+02
8.250000000000008882e+00 3.981968412208173049e+02 1.799999316324632730e+02
8.400000000000009237e+00 3.981980773436853838e+02 1.799999365682438111e+02
8.550000000000009592e+00 3.982019778568592869e+02 1.799999414089123491e+02
8.700000000000009948e+00 3.982142751426227960e+02 1.799999459536839481e+02
8.850000000000010303e+00 3.982531320875314691e+02 1.799999506404938359e+02
9.000000000000010658e+00 3.983752415886160065e+02 1.799999552487171570e+02
9.150000000000011013e+00 3.987645753899835199e+02 1.799999596258430472e+02
9.300000000000011369e+00 3.999633727634041520e+02 1.799999640881291043e+02
9.450000000000011724e+00 4.040162992907887656e+02 1.799999684413641319e+02
9.600000000000012079e+00 4.148509375364936318e+02 1.799999723893171506e+02
9.750000000000012434e+00 4.682987243147485970e+02 1.799999760877708468e+02
9.900000000000012790e+00 5.157449559662195497e+02 1.799999779053924271e+02
1.005000000000001315e+01 7.999999989360156860e+02 1.799999782820931102e+02
1.020000000000001350e+01 7.999999989360156860e+02 1.799999782820931102e+02
1.035000000000001386e+01 7.999999989360156860e+02 1.799999782820931102e+02
1.050000000000001421e+01 7.999999989360156860e+02 1.799999782820931102e+02
1.065000000000001457e+01 7.999999989360156860e+02 1.799999782820931102e+02
1.080000000000001492e+01 7.999999989360156860e+02 1.799999782820931102e+02
1.095000000000001528e+01 7.999999989360156860e+02 1.799999782820931102e+02
1.110000000000001563e+01 7.999999989360156860e+02 1.799999782820931102e+02
1.125000000000001599e+01 7.999999989360156860e+02 1.799999782820931102e+02
1.140000000000001634e+01 7.999999989360156860e+02 1.799999782820931102e+02
1.155000000000001670e+01 7.999999989360156860e+02 1.799999782820931102e+02
1.170000000000001705e+01 7.999999989360156860e+02 1.799999782820931102e+02
1.185000000000001741e+01 7.999999989360156860e+02 1.799999782820931102e+02
1.200000000000001776e+01 7.999999989360156860e+02 1.799999782820931102e+02
1.215000000000001812e+01 7.999999989360156860e+02 1.799999782820931102e+02
1.230000000000001847e+01 7.999999989360156860e+02 1.799999782820931102e+02
1.245000000000001883e+01 7.999999989360156860e+02 1.799999782820931102e+02
1.260000000000001918e+01 7.999999989360156860e+02 1.799999782820931102e+02
1.275000000000001954e+01 7.999999989360156860e+02 1.799999782820931102e+02
1.290000000000001990e+01 7.999999989360156860e+02 1.799999782820931102e+02
1.305000000000002025e+01 7.999999920414362578e+02 1.799999784065405493e+02
1.320000000000002061e+01 7.999999920414362578e+02 1.799999784065405493e+02
1.335000000000002096e+01 7.999999920414362578e+02 1.799999784065405493e+02
1.350000000000002132e+01 7.999999920414362578e+02 1.799999784065405493e+02
1.365000000000002167e+01 7.999999920414362578e+02 1.799999784065405493e+02
1.380000000000002203e+01 7.999999920414362578e+02 1.799999784065405493e+02
1.395000000000002238e+01 7.999999920414362578e+02 1.799999784065405493e+02
1.410000000000002274e+01 7.999999920414362578e+02 1.799999784065405493e+02
1.425000000000002309e+01 7.999999920414362578e+02 1.799999784065405493e+02
1.440000000000002345e+01 7.999999920414362578e+02 1.799999784065405493e+02
1.455000000000002380e+01 7.999999920414362578e+02 1.799999784065405493e+02
1.470000000000002416e+01 7.999999920414362578e+02 1.799999784065405493e+02
1.485000000000002451e+01 7.999999920414362578e+02 1.799999784065405493e+02
1.500000000000002487e+01 7.999999920414362578e+02 1.799999784065405493e+02
1.515000000000002522e+01 7.999999920414362578e+02 1.799999784065405493e+02
1.530000000000002558e+01 7.999999920414362578e+02 1.799999784065405493e+02
1.545000000000002593e+01 7.999999920414362578e+02 1.799999784065405493e+02
1.560000000000002629e+01 7.999999920414362578e+02 1.799999784065405493e+02
1.575000000000002665e+01 7.999999920414362578e+02 1.799999784065405493e+02
1.590000000000002700e+01 7.999999920414362578e+02 1.799999784065405493e+02
