1.499999999999999944e-01 7.998799196424558886e+02 1.799996270827762430e+02
2.999999999999999889e-01 7.998799196424558886e+02 1.799996270827762430e+02
4.499999999999999556e-01 7.998799196424558886e+02 1.799996270827762430e+02
5.999999999999999778e-01 7.998799196424558886e+02 1.799996270827762430e+02
7.500000000000000000e-01 7.998799196424558886e+02 1.799996270827762430e+02
9.000000000000000222e-01 7.998799196424558886e+02 1.799996270827762430e+02
1.050000000000000044e+00 7.998799196424558886e+02 1.799996270827762430e+02
1.199999999999999956e+00 7.998799196424558886e+02 1.799996270827762430e+02
1.349999999999999867e+00 7.998799196424558886e+02 1.799996270827762430e+02
1.499999999999999778e+00 7.998799196424558886e+02 1.799996270827762430e+02
1.649999999999999689e+00 7.998799196424558886e+02 1.799996270827762430e+02
1.799999999999999600e+00 7.998799196424558886e+02 1.799996270827762430e+02
1.949999999999999512e+00 7.998799196424558886e+02 1.799996270827762430e+02
2.099999999999999645e+00 7.999455123932715424e+02 1.799996275249348514e+02
2.249999999999999556e+00 7.999455123932715424e+02 1.799996275249348514e+02
2.399999999999999467e+00 7.999455123932715424e+02 1.799996275249348514e+02
2.549999999999999378e+00 7.999455123932715424e+02 1.799996275249348514e+02
2.699999999999999289e+00 7.999455123932715424e+02 1.799996275249348514e+02
2.849999999999999201e+00 7.999455123932715424e+02 1.799996275249348514e+02
2.999999999999999112e+00 7.999455123932715424e+02 1.799996275249348514e+02
3.149999999999999023e+00 7.999455123932715424e+02 1.799996275249348514e+02
3.299999999999998934e+00 7.999455123932715424e+02 1.799996275249348514e+02
3.449999999999998845e+00 7.999455123932715424e+02 1.799996275249348514e+02
3.599999999999998757e+00 7.999455123932715424e+02 1.799996275249348514e+02
3.749999999999998668e+00 7.999455123932715424e+02 1.799996275249348514e+02
3.899999999999998579e+00 7.999455123932715424e+02 1.799996275249348514e+02
4.049999999999998934e+00 4.592039881310022338e+02 1.799996278129636949e+02
4.199999999999999289e+00 2.449828531283461643e+02 1.799996280262944879e+02
4.349999999999999645e+00 9.316685979380694960e+01 1.799996318695542641e+02
4.500000000000000000e+00 4.051842935413701952e+01 1.799996403768275286e+02
4.650000000000000355e+00 1.753240265446022050e+01 1.799996592971294262e+02
4.800000000000000711e+00 8.220447988208434253e+00 1.799996991611298824e+02
4.950000000000001066e+00 4.355213715797148666e+00 1.799997658634275126e+02
5.100000000000001421e+00 2.763431812217191919e+00 1.799998472325509056e+02
5.250000000000001776e+00 2.106172698096713702e+00 1.799999172757319741e+02
5.400000000000002132e+00 1.835018050765825137e+00 1.799999608079487246e+02
5.550000000000002487e+00 1.723120110308457242e+00 1.799999827267076000e+02
5.700000000000002842e+00 1.676947258254728013e+00 1.799999926739668012e+02
5.850000000000003197e+00 1.657894200278207109e+00 1.799999969413705116e+02
6.000000000000003553e+00 1.650032127400294257e+00 1.799999987281112510e+02
6.150000000000003908e+00 1.646787957126775837e+00 1.799999994739831095e+02
6.300000000000004263e+00 1.645449430720134387e+00 1.799999997827054301e+02
6.450000000000004619e+00 1.644897481724143518e+00 1.799999999100394348e+02
6.600000000000004974e+00 1.644670657314776463e+00 1.799999999628628018e+02
6.750000000000005329e+00 1.644579322497008889e+00 1.799999999846703815e+02
6.900000000000005684e+00 1.644547117503947220e+00 1.799999999936555923e+02
7.050000000000006040e+00 1.644547117533448954e+00 1.799999999973813942e+02
7.200000000000006395e+00 1.644579322570763225e+00 1.799999999989190087e+02
7.350000000000006750e+00 1.644670657447534268e+00 1.799999999995526991e+02
7.500000000000007105e+00 1.644897482063413463e+00 1.799999999998154294e+02
7.650000000000007461e+00 1.645449431531432083e+00 1.799999999999239151e+02
7.800000000000007816e+00 1.646787959073890306e+00 1.799999999999685656e+02
7.950000000000008171e+00 1.650032132032066556e+00 1.799999999999870113e+02
8.100000000000008527e+00 1.657894211533118778e+00 1.799999999999944862e+02
8.250000000000008882e+00 1.676947285529081455e+00 1.799999999999975273e+02
8.400000000000009237e+00 1.723120176421844008e+00 1.799999999999986073e+02
8.550000000000009592e+00 1.835018211004495470e+00 1.799999999999985221e+02
8.700000000000009948e+00 2.106173086339538258e+00 1.799999999999972999e+02
8.850000000000010303e+00 2.763432753388897822e+00 1.799999999999952820e+02
9.000000000000010658e+00 4.355215994643870658e+00 1.799999999999926104e+02
9.150000000000011013e+00 8.220453525857301713e+00 1.799999999999906493e+02
9.300000000000011369e+00 1.753241596711601957e+01 1.799999999999892850e+02
9.450000000000011724e+00 4.051846244031553823e+01 1.799999999999887166e+02
9.600000000000012079e+00 9.316693402307842575e+01 1.799999999999883471e+02
9.750000000000012434e+00 2.449830812911077089e+02 1.799999999999880629e+02
9.900000000000012790e+00 4.592042499648258627e+02 1.799999999999880913e+02
1.005000000000001315e+01 7.999468814194486868e+02 1.799999999999880629e+02
1.020000000000001350e+01 7.999468814194486868e+02 1.799999999999880629e+02
1.035000000000001386e+01 7.999468814194486868e+02 1.799999999999880629e+02
1.050000000000001421e+01 7.999468814194486868e+02 1.799999999999880629e+02
1.065000000000001457e+01 7.999468814194486868e+02 1.799999999999880629e+02
1.080000000000001492e+01 7.999468814194486868e+02 1.799999999999880629e+02
1.095000000000001528e+01 7.999468814194486868e+02 1.799999999999880629e+02
1.110000000000001563e+01 7.999468814194486868e+02 1.799999999999880629e+02
1.125000000000001599e+01 7.999468814194486868e+02 1.799999999999880629e+02
1.140000000000001634e+01 7.999468814194486868e+02 1.799999999999880629e+02
1.155000000000001670e+01 7.999468814194486868e+02 1.799999999999880629e+02
1.170000000000001705e+01 7.999468814194486868e+02 1.799999999999880629e+02
1.185000000000001741e+01 7.999468814194486868e+02 1.799999999999880629e+02
1.200000000000001776e+01 7.999468814194486868e+02 1.799999999999880629e+02
1.215000000000001812e+01 7.999468814194486868e+02 1.799999999999880629e+02
1.230000000000001847e+01 7.999468814194486868e+02 1.799999999999880629e+02
1.245000000000001883e+01 7.999468814194486868e+02 1.799999999999880629e+02
1.260000000000001918e+01 7.999468814194486868e+02 1.799999999999880629e+02
1.275000000000001954e+01 7.999468814194486868e+02 1.799999999999880629e+02
1.290000000000001990e+01 7.999468814194486868e+02 1.799999999999880629e+02
1.305000000000002025e+01 7.998829367441840077e+02 1.799999999999880629e+02
1.320000000000002061e+01 7.998829367441840077e+02 1.799999999999880629e+02
1.335000000000002096e+01 7.998829367441840077e+02 1.799999999999880629e+02
1.350000000000002132e+01 7.998829367441840077e+02 1.799999999999880629e+02
1.365000000000002167e+01 7.998829367441840077e+02 1.799999999999880629e+02
1.380000000000002203e+01 7.998829367441840077e+02 1.799999999999880629e+02
1.395000000000002238e+01 7.998829367441840077e+02 1.799999999999880629e+02
1.410000000000002274e+01 7.998829367441840077e+02 1.799999999999880629e+02
1.425000000000002309e+01 7.998829367441840077e+02 1.799999999999880629e+02
1.440000000000002345e+01 7.998829367441840077e+02 1.799999999999880629e+02
1.455000000000002380e+01 7.998829367441840077e+02 1.799999999999880629e+02
1.470000000000002416e+01 7.998829367441840077e+02 1.799999999999880629e+02
1.485000000000002451e+01 7.998829367441840077e+02 1.799999999999880629e+02
1.500000000000002487e+01 7.998829367441840077e+02 1.799999999999880629e+02
1.515000000000002522e+01 7.998829367441840077e+02 1.799999999999880629e+02
1.530000000000002558e+01 7.998829367441840077e+02 1.799999999999880629e+02
1.545000000000002593e+01 7.998829367441840077e+02 1.799999999999880629e+02
1.560000000000002629e+01 7.998829367441840077e+02 1.799999999999880629e+02
1.575000000000002665e+01 7.998829367441840077e+02 1.799999999999880629e+02
1.590000000000002700e+01 7.998829367441840077e+02 1.799999999999880629e+02
