1.499999999999999944e-01 7.999765578758280071e+02 1.799993080283236679e+02
2.999999999999999889e-01 7.999765578758280071e+02 1.799993080283236679e+02
4.499999999999999556e-01 7.999765578758280071e+02 1.799993080283236679e+02
5.999999999999999778e-01 7.999765578758280071e+02 1.799993080283236679e+02
7.500000000000000000e-01 7.999765578758280071e+02 1.799993080283236679e+02
9.000000000000000222e-01 7.999765578758280071e+02 1.799993080283236679e+02
1.050000000000000044e+00 7.999765578758280071e+02 1.799993080283236679e+02
1.199999999999999956e+00 7.999765578758280071e+02 1.799993080283236679e+02
1.349999999999999867e+00 7.999765578758280071e+02 1.799993080283236679e+02
1.499999999999999778e+00 7.999765578758280071e+02 1.799993080283236679e+02
1.649999999999999689e+00 7.999765578758280071e+02 1.799993080283236679e+02
1.799999999999999600e+00 7.999765578758280071e+02 1.799993080283236679e+02
1.949999999999999512e+00 7.999765578758280071e+02 1.799993080283236679e+02
2.099999999999999645e+00 7.999914147426907221e+02 1.799993085075763872e+02
2.249999999999999556e+00 7.999914147426907221e+02 1.799993085075763872e+02
2.399999999999999467e+00 7.999914147426907221e+02 1.799993085075763872e+02
2.549999999999999378e+00 7.999914147426907221e+02 1.799993085075763872e+02
2.699999999999999289e+00 7.999914147426907221e+02 1.799993085075763872e+02
2.849999999999999201e+00 7.999914147426907221e+02 1.799993085075763872e+02
2.999999999999999112e+00 7.999914147426907221e+02 1.799993085075763872e+02
3.149999999999999023e+00 7.999914147426907221e+02 1.799993085075763872e+02
3.299999999999998934e+00 7.999914147426907221e+02 1.799993085075763872e+02
3.449999999999998845e+00 7.999914147426907221e+02 1.799993085075763872e+02
3.599999999999998757e+00 7.999914147426907221e+02 1.799993085075763872e+02
3.749999999999998668e+00 7.999914147426907221e+02 1.799993085075763872e+02
3.899999999999998579e+00 7.999914147426907221e+02 1.799993085075763872e+02
4.049999999999998934e+00 4.826453149249179546e+02 1.799993090920809493e+02
4.199999999999999289e+00 2.999024839438400249e+02 1.799993101961036359e+02
4.349999999999999645e+00 1.404113557226573619e+02 1.799993160660592935e+02
4.500000000000000000e+00 7.387687916617247197e+01 1.799993269989457474e+02
4.650000000000000355e+00 3.859388108484461100e+01 1.799993474296013858e+02
4.800000000000000711e+00 2.091267711539461160e+01 1.799993856481422938e+02
4.950000000000001066e+00 1.187979083704082583e+01 1.799994492778702977e+02
5.100000000000001421e+00 7.284859438995034964e+00 1.799995416907494530e+02
5.250000000000001776e+00 4.943813813603426865e+00 1.799996559098231330e+02
5.400000000000002132e+00 3.751467135281998821e+00 1.799997689459765127e+02
5.550000000000002487e+00 3.144096468334169003e+00 1.799998593230457118e+02
5.700000000000002842e+00 2.834713991256634813e+00 1.799999204959425469e+02
5.850000000000003197e+00 2.677120290446339368e+00 1.799999571046264180e+02
6.000000000000003553e+00 2.596848443571246889e+00 1.799999774348089261e+02
6.150000000000003908e+00 2.555967978792949680e+00 1.799999883181805842e+02
6.300000000000004263e+00 2.535161997471647055e+00 1.799999939987663424e+02
6.450000000000004619e+00 2.524599241525493198e+00 1.799999969248853233e+02
6.600000000000004974e+00 2.519288596880471687e+00 1.799999984297955962e+02
6.750000000000005329e+00 2.516720678667894617e+00 1.799999991990976298e+02
6.900000000000005684e+00 2.515682095140959973e+00 1.799999995911479687e+02
7.050000000000006040e+00 2.515682095229465176e+00 1.799999997916724510e+02
7.200000000000006395e+00 2.516720678948161094e+00 1.799999998938920669e+02
7.350000000000006750e+00 2.519288597441004640e+00 1.799999999459105311e+02
7.500000000000007105e+00 2.524599242690811707e+00 1.799999999724970507e+02
7.650000000000007461e+00 2.535161999772782337e+00 1.799999999860444859e+02
7.800000000000007816e+00 2.555967983321465908e+00 1.799999999929366652e+02
7.950000000000008171e+00 2.596848452466019808e+00 1.799999999964576602e+02
8.100000000000008527e+00 2.677120307911366126e+00 1.799999999982489953e+02
8.250000000000008882e+00 2.834714025574527341e+00 1.799999999991557615e+02
8.400000000000009237e+00 3.144096535694004046e+00 1.799999999996117879e+02
8.550000000000009592e+00 3.751467267516147785e+00 1.799999999998336762e+02
8.700000000000009948e+00 4.943814073218689487e+00 1.799999999999346016e+02
8.850000000000010303e+00 7.284859948696499998e+00 1.799999999999758984e+02
9.000000000000010658e+00 1.187979183729897414e+01 1.799999999999909619e+02
9.150000000000011013e+00 2.091267908285421484e+01 1.799999999999953957e+02
9.300000000000011369e+00 3.859388493137662124e+01 1.799999999999965894e+02
9.450000000000011724e+00 7.387688690088971555e+01 1.799999999999968452e+02
9.600000000000012079e+00 1.404113700664738928e+02 1.799999999999970441e+02
9.750000000000012434e+00 2.999025215114662615e+02 1.799999999999969020e+02
9.900000000000012790e+00 4.826453490150056496e+02 1.799999999999969020e+02
1.005000000000001315e+01 7.999916504680289790e+02 1.799999999999970157e+02
1.020000000000001350e+01 7.999916504680289790e+02 1.799999999999970157e+02
1.035000000000001386e+01 7.999916504680289790e+02 1.799999999999970157e+02
1.050000000000001421e+01 7.999916504680289790e+02 1.799999999999970157e+02
1.065000000000001457e+01 7.999916504680289790e+02 1.799999999999970157e+02
1.080000000000001492e+01 7.999916504680289790e+02 1.799999999999970157e+02
1.095000000000001528e+01 7.999916504680289790e+02 1.799999999999970157e+02
1.110000000000001563e+01 7.999916504680289790e+02 1.799999999999970157e+02
1.125000000000001599e+01 7.999916504680289790e+02 1.799999999999970157e+02
1.140000000000001634e+01 7.999916504680289790e+02 1.799999999999970157e+02
1.155000000000001670e+01 7.999916504680289790e+02 1.799999999999970157e+02
1.170000000000001705e+01 7.999916504680289790e+02 1.799999999999970157e+02
1.185000000000001741e+01 7.999916504680289790e+02 1.799999999999970157e+02
1.200000000000001776e+01 7.999916504680289790e+02 1.799999999999970157e+02
1.215000000000001812e+01 7.999916504680289790e+02 1.799999999999970157e+02
1.230000000000001847e+01 7.999916504680289790e+02 1.799999999999970157e+02
1.245000000000001883e+01 7.999916504680289790e+02 1.799999999999970157e+02
1.260000000000001918e+01 7.999916504680289790e+02 1.799999999999970157e+02
1.275000000000001954e+01 7.999916504680289790e+02 1.799999999999970157e+02
1.290000000000001990e+01 7.999916504680289790e+02 1.799999999999970157e+02
1.305000000000002025e+01 7.999772015269342091e+02 1.799999999999970157e+02
1.320000000000002061e+01 7.999772015269342091e+02 1.799999999999970157e+02
1.335000000000002096e+01 7.999772015269342091e+02 1.799999999999970157e+02
1.350000000000002132e+01 7.999772015269342091e+02 1.799999999999970157e+02
1.365000000000002167e+01 7.999772015269342091e+02 1.799999999999970157e+02
1.380000000000002203e+01 7.999772015269342091e+02 1.799999999999970157e+02
1.395000000000002238e+01 7.999772015269342091e+02 1.799999999999970157e+02
1.410000000000002274e+01 7.999772015269342091e+02 1.799999999999970157e+02
1.425000000000002309e+01 7.999772015269342091e+02 1.799999999999970157e+02
1.440000000000002345e+01 7.999772015269342091e+02 1.799999999999970157e+02
1.455000000000002380e+01 7.999772015269342091e+02 1.799999999999970157e+02
1.470000000000002416e+01 7.999772015269342091e+02 1.799999999999970157e+02
1.485000000000002451e+01 7.999772015269342091e+02 1.799999999999970157e+02
1.500000000000002487e+01 7.999772015269342091e+02 1.799999999999970157e+02
1.515000000000002522e+01 7.999772015269342091e+02 1.799999999999970157e+02
1.530000000000002558e+01 7.999772015269342091e+02 1.799999999999970157e+02
1.545000000000002593e+01 7.999772015269342091e+02 1.799999999999970157e+02
1.560000000000002629e+01 7.999772015269342091e+02 1.799999999999970157e+02
1.575000000000002665e+01 7.999772015269342091e+02 1.799999999999970157e+02
1.590000000000002700e+01 7.999772015269342091e+02 1.799999999999970157e+02
