1.499999999999999944e-01 7.999999997576235273e+02 7.887004309533831758e+01
2.999999999999999889e-01 7.999999997576235273e+02 7.887004309533831758e+01
4.499999999999999556e-01 7.999999997576235273e+02 7.887004309533831758e+01
5.999999999999999778e-01 7.999999997576235273e+02 7.887004309533831758e+01
7.500000000000000000e-01 7.999999997576235273e+02 7.887004309533831758e+01
9.000000000000000222e-01 7.999999997576235273e+02 7.887004309533831758e+01
1.050000000000000044e+00 7.999999997576235273e+02 7.887004309533831758e+01
1.199999999999999956e+00 7.999999997576235273e+02 7.887004309533831758e+01
1.349999999999999867e+00 7.999999997576235273e+02 7.887004309533831758e+01
1.499999999999999778e+00 7.999999997576235273e+02 7.887004309533831758e+01
1.649999999999999689e+00 7.999999997576235273e+02 7.887004309533831758e+01
1.799999999999999600e+00 7.999999997576235273e+02 7.887004309533831758e+01
1.949999999999999512e+00 7.999999997576235273e+02 7.887004309533831758e+01
2.099999999999999645e+00 7.999999999787112301e+02 7.894274645103202204e+01
2.249999999999999556e+00 7.999999999787112301e+02 7.894274645103202204e+01
2.399999999999999467e+00 7.999999999787112301e+02 7.894274645103202204e+01
2.549999999999999378e+00 7.999999999787112301e+02 7.894274645103202204e+01
2.699999999999999289e+00 7.999999999787112301e+02 7.894274645103202204e+01
2.849999999999999201e+00 7.999999999787112301e+02 7.894274645103202204e+01
2.999999999999999112e+00 7.999999999787112301e+02 7.894274645103202204e+01
3.149999999999999023e+00 7.999999999787112301e+02 7.894274645103202204e+01
3.299999999999998934e+00 7.999999999787112301e+02 7.894274645103202204e+01
3.449999999999998845e+00 7.999999999787112301e+02 7.894274645103202204e+01
3.599999999999998757e+00 7.999999999787112301e+02 7.894274645103202204e+01
3.749999999999998668e+00 7.999999999787112301e+02 7.894274645103202204e+01
3.899999999999998579e+00 7.999999999787112301e+02 7.894274645103202204e+01
4.049999999999998934e+00 5.178380407269611396e+02 7.932131626454096818e+01
4.199999999999999289e+00 4.909728670286121996e+02 8.089472048711856189e+01
4.349999999999999645e+00 4.577659403363839488e+02 8.377410913393440239e+01
4.500000000000000000e+00 4.534923128423013736e+02 8.664366736259707125e+01
4.650000000000000355e+00 4.522092856904349674e+02 8.954799035231269499e+01
4.800000000000000711e+00 4.519675018064167489e+02 9.239862430731349718e+01
4.950000000000001066e+00 4.519240695072995209e+02 9.519509134200072253e+01
5.100000000000001421e+00 4.519289489709678946e+02 9.793410601748894351e+01
5.250000000000001776e+00 4.519439340304702455e+02 1.006157987371727245e+02
5.400000000000002132e+00 4.519608150139657710e+02 1.032404871710848511e+02
5.550000000000002487e+00 4.519776760457895648e+02 1.058087219143728959e+02
5.700000000000002842e+00 4.519940775007276557e+02 1.083211681439345426e+02
5.850000000000003197e+00 4.520099120324667865e+02 1.107785865864299240e+02
6.000000000000003553e+00 4.520251509614958536e+02 1.131818236593457954e+02
6.150000000000003908e+00 4.520397863424179832e+02 1.155318054041229772e+02
6.300000000000004263e+00 4.520538175595868893e+02 1.178295247827282282e+02
6.450000000000004619e+00 4.520672478511728514e+02 1.200760369526753948e+02
6.600000000000004974e+00 4.520800833792871458e+02 1.222724546479183090e+02
6.750000000000005329e+00 4.520923327100267102e+02 1.244199371784251298e+02
6.900000000000005684e+00 4.521040063182240374e+02 1.265196868146164348e+02
7.050000000000006040e+00 4.521151163673272890e+02 1.285729452649088955e+02
7.200000000000006395e+00 4.521256764124853476e+02 1.305809842519719268e+02
7.350000000000006750e+00 4.521357010308883559e+02 1.325451029715367213e+02
7.500000000000007105e+00 4.521452056725037210e+02 1.344666256173475460e+02
7.650000000000007461e+00 4.521542064470250466e+02 1.363468934618357196e+02
7.800000000000007816e+00 4.521627198720601655e+02 1.381872632890950570e+02
7.950000000000008171e+00 4.521707629188653073e+02 1.399891058495800849e+02
8.100000000000008527e+00 4.521783534813672532e+02 1.417537993054593812e+02
8.250000000000008882e+00 4.521855129413488612e+02 1.434827284753038157e+02
8.400000000000009237e+00 4.521922784301180513e+02 1.451772839656226779e+02
8.550000000000009592e+00 4.521987577870660857e+02 1.468388565411169111e+02
8.700000000000009948e+00 4.522053713223950240e+02 1.484688347322166067e+02
8.850000000000010303e+00 4.522139568530960219e+02 1.500686013453002374e+02
9.000000000000010658e+00 4.522324127319750460e+02 1.516394714453438723e+02
9.150000000000011013e+00 4.522979248606407623e+02 1.531827095806941657e+02
9.300000000000011369e+00 4.525564497927311436e+02 1.546979547897364284e+02
9.450000000000011724e+00 4.538397461363986167e+02 1.561861260075522750e+02
9.600000000000012079e+00 4.580638148384741726e+02 1.576065501990279358e+02
9.750000000000012434e+00 4.910826932656217423e+02 1.589803993346470747e+02
9.900000000000012790e+00 5.178406544486638268e+02 1.597080634354982749e+02
1.005000000000001315e+01 7.999999999791236860e+02 1.598726730261089699e+02
1.020000000000001350e+01 7.999999999791236860e+02 1.598726730261089699e+02
1.035000000000001386e+01 7.999999999791236860e+02 1.598726730261089699e+02
1.050000000000001421e+01 7.999999999791236860e+02 1.598726730261089699e+02
1.065000000000001457e+01 7.999999999791236860e+02 1.598726730261089699e+02
1.080000000000001492e+01 7.999999999791236860e+02 1.598726730261089699e+02
1.095000000000001528e+01 7.999999999791236860e+02 1.598726730261089699e+02
1.110000000000001563e+01 7.999999999791236860e+02 1.598726730261089699e+02
1.125000000000001599e+01 7.999999999791236860e+02 1.598726730261089699e+02
1.140000000000001634e+01 7.999999999791236860e+02 1.598726730261089699e+02
1.155000000000001670e+01 7.999999999791236860e+02 1.598726730261089699e+02
1.170000000000001705e+01 7.999999999791236860e+02 1.598726730261089699e+02
1.185000000000001741e+01 7.999999999791236860e+02 1.598726730261089699e+02
1.200000000000001776e+01 7.999999999791236860e+02 1.598726730261089699e+02
1.215000000000001812e+01 7.999999999791236860e+02 1.598726730261089699e+02
1.230000000000001847e+01 7.999999999791236860e+02 1.598726730261089699e+02
1.245000000000001883e+01 7.999999999791236860e+02 1.598726730261089699e+02
1.260000000000001918e+01 7.999999999791236860e+02 1.598726730261089699e+02
1.275000000000001954e+01 7.999999999791236860e+02 1.598726730261089699e+02
1.290000000000001990e+01 7.999999999791236860e+02 1.598726730261089699e+02
1.305000000000002025e+01 7.999999997622235242e+02 1.599051954214034197e+02
1.320000000000002061e+01 7.999999997622235242e+02 1.599051954214034197e+02
1.335000000000002096e+01 7.999999997622235242e+02 1.599051954214034197e+02
1.350000000000002132e+01 7.999999997622235242e+02 1.599051954214034197e+02
1.365000000000002167e+01 7.999999997622235242e+02 1.599051954214034197e+02
1.380000000000002203e+01 7.999999997622235242e+02 1.599051954214034197e+02
1.395000000000002238e+01 7.999999997622235242e+02 1.599051954214034197e+02
1.410000000000002274e+01 7.999999997622235242e+02 1.599051954214034197e+02
1.425000000000002309e+01 7.999999997622235242e+02 1.599051954214034197e+02
1.440000000000002345e+01 7.999999997622235242e+02 1.599051954214034197e+02
1.455000000000002380e+01 7.999999997622235242e+02 1.599051954214034197e+02
1.470000000000002416e+01 7.999999997622235242e+02 1.599051954214034197e+02
1.485000000000002451e+01 7.999999997622235242e+02 1.599051954214034197e+02
1.500000000000002487e+01 7.999999997622235242e+02 1.599051954214034197e+02
1.515000000000002522e+01 7.999999997622235242e+02 1.599051954214034197e+02
1.530000000000002558e+01 7.999999997622235242e+02 1.599051954214034197e+02
1.545000000000002593e+01 7.999999997622235242e+02 1.599051954214034197e+02
1.560000000000002629e+01 7.999999997622235242e+02 1.599051954214034197e+02
1.575000000000002665e+01 7.999999997622235242e+02 1.599051954214034197e+02
1.590000000000002700e+01 7.999999997622235242e+02 1.599051954214034197e+02
