1.499999999999999944e-01 7.999568263768210272e+02 1.799987620971157298e+02
2.999999999999999889e-01 7.999568263768210272e+02 1.799987620971157298e+02
4.499999999999999556e-01 7.999568263768210272e+02 1.799987620971157298e+02
5.999999999999999778e-01 7.999568263768210272e+02 1.799987620971157298e+02
7.500000000000000000e-01 7.999568263768210272e+02 1.799987620971157298e+02
9.000000000000000222e-01 7.999568263768210272e+02 1.799987620971157298e+02
1.050000000000000044e+00 7.999568263768210272e+02 1.799987620971157298e+02
1.199999999999999956e+00 7.999568263768210272e+02 1.799987620971157298e+02
1.349999999999999867e+00 7.999568263768210272e+02 1.799987620971157298e+02
1.499999999999999778e+00 7.999568263768210272e+02 1.799987620971157298e+02
1.649999999999999689e+00 7.999568263768210272e+02 1.799987620971157298e+02
1.799999999999999600e+00 7.999568263768210272e+02 1.799987620971157298e+02
1.949999999999999512e+00 7.999568263768210272e+02 1.799987620971157298e+02
2.099999999999999645e+00 7.999828718569866624e+02 1.799987626261387277e+02
2.249999999999999556e+00 7.999828718569866624e+02 1.799987626261387277e+02
2.399999999999999467e+00 7.999828718569866624e+02 1.799987626261387277e+02
2.549999999999999378e+00 7.999828718569866624e+02 1.799987626261387277e+02
2.699999999999999289e+00 7.999828718569866624e+02 1.799987626261387277e+02
2.849999999999999201e+00 7.999828718569866624e+02 1.799987626261387277e+02
2.999999999999999112e+00 7.999828718569866624e+02 1.799987626261387277e+02
3.149999999999999023e+00 7.999828718569866624e+02 1.799987626261387277e+02
3.299999999999998934e+00 7.999828718569866624e+02 1.799987626261387277e+02
3.449999999999998845e+00 7.999828718569866624e+02 1.799987626261387277e+02
3.599999999999998757e+00 7.999828718569866624e+02 1.799987626261387277e+02
3.749999999999998668e+00 7.999828718569866624e+02 1.799987626261387277e+02
3.899999999999998579e+00 7.999828718569866624e+02 1.799987626261387277e+02
4.049999999999998934e+00 4.752036581410624194e+02 1.799987636283330232e+02
4.199999999999999289e+00 2.796688925859902497e+02 1.799987658767015262e+02
4.349999999999999645e+00 1.210906503315449072e+02 1.799987753858113990e+02
4.500000000000000000e+00 5.909327658107708459e+01 1.799987941564115772e+02
4.650000000000000355e+00 2.851685617871187262e+01 1.799988327399819070e+02
4.800000000000000711e+00 1.436872936536133949e+01 1.799989083396446858e+02
4.950000000000001066e+00 7.687465995500858185e+00 1.799990409430012619e+02
5.100000000000001421e+00 4.549938948945566608e+00 1.799992371110957663e+02
5.250000000000001776e+00 3.073876084697772626e+00 1.799994689085393134e+02
5.400000000000002132e+00 2.379802693732301577e+00 1.799996773462104898e+02
5.550000000000002487e+00 2.053382102407169896e+00 1.799998239759945022e+02
5.700000000000002842e+00 1.899874234853115240e+00 1.799999105184810446e+02
5.850000000000003197e+00 1.827682247526979609e+00 1.799999562504750656e+02
6.000000000000003553e+00 1.793732305454085463e+00 1.799999790162495970e+02
6.150000000000003908e+00 1.777767672622672990e+00 1.799999900417770391e+02
6.300000000000004263e+00 1.770262869848949094e+00 1.799999952963474925e+02
6.450000000000004619e+00 1.766740067480071730e+00 1.799999977814613032e+02
6.600000000000004974e+00 1.765097344987680117e+00 1.799999989555512343e+02
6.750000000000005329e+00 1.764354553121904701e+00 1.799999995085424587e+02
6.900000000000005684e+00 1.764068496679072950e+00 1.799999997686214499e+02
7.050000000000006040e+00 1.764068496679072950e+00 1.799999998911722514e+02
7.200000000000006395e+00 1.764354553269413373e+00 1.799999999488219089e+02
7.350000000000006750e+00 1.765097345267946594e+00 1.799999999759193372e+02
7.500000000000007105e+00 1.766740068114359019e+00 1.799999999886844080e+02
7.650000000000007461e+00 1.770262871279783212e+00 1.799999999946882383e+02
7.800000000000007816e+00 1.777767675676102499e+00 1.799999999975101446e+02
7.950000000000008171e+00 1.793732312032972231e+00 1.799999999988391153e+02
8.100000000000008527e+00 1.827682261510801709e+00 1.799999999994640518e+02
8.250000000000008882e+00 1.899874264664617840e+00 1.799999999997568523e+02
8.400000000000009237e+00 2.053382165762144496e+00 1.799999999998936744e+02
8.550000000000009592e+00 2.379802828466722531e+00 1.799999999999558327e+02
8.700000000000009948e+00 3.073876371122736373e+00 1.799999999999821512e+02
8.850000000000010303e+00 4.549939557986746763e+00 1.799999999999918998e+02
9.000000000000010658e+00 7.687467289657128333e+00 1.799999999999945715e+02
9.150000000000011013e+00 1.436873212261371791e+01 1.799999999999950546e+02
9.300000000000011369e+00 2.851686200748846289e+01 1.799999999999947420e+02
9.450000000000011724e+00 5.909328926612958099e+01 1.799999999999948841e+02
9.600000000000012079e+00 1.210906755652590050e+02 1.799999999999948841e+02
9.750000000000012434e+00 2.796689623500431026e+02 1.799999999999947136e+02
9.900000000000012790e+00 4.752037266754396683e+02 1.799999999999946851e+02
1.005000000000001315e+01 7.999832973946884067e+02 1.799999999999946851e+02
1.020000000000001350e+01 7.999832973946884067e+02 1.799999999999946851e+02
1.035000000000001386e+01 7.999832973946884067e+02 1.799999999999946851e+02
1.050000000000001421e+01 7.999832973946884067e+02 1.799999999999946851e+02
1.065000000000001457e+01 7.999832973946884067e+02 1.799999999999946851e+02
1.080000000000001492e+01 7.999832973946884067e+02 1.799999999999946851e+02
1.095000000000001528e+01 7.999832973946884067e+02 1.799999999999946851e+02
1.110000000000001563e+01 7.999832973946884067e+02 1.799999999999946851e+02
1.125000000000001599e+01 7.999832973946884067e+02 1.799999999999946851e+02
1.140000000000001634e+01 7.999832973946884067e+02 1.799999999999946851e+02
1.155000000000001670e+01 7.999832973946884067e+02 1.799999999999946851e+02
1.170000000000001705e+01 7.999832973946884067e+02 1.799999999999946851e+02
1.185000000000001741e+01 7.999832973946884067e+02 1.799999999999946851e+02
1.200000000000001776e+01 7.999832973946884067e+02 1.799999999999946851e+02
1.215000000000001812e+01 7.999832973946884067e+02 1.799999999999946851e+02
1.230000000000001847e+01 7.999832973946884067e+02 1.799999999999946851e+02
1.245000000000001883e+01 7.999832973946884067e+02 1.799999999999946851e+02
1.260000000000001918e+01 7.999832973946884067e+02 1.799999999999946851e+02
1.275000000000001954e+01 7.999832973946884067e+02 1.799999999999946851e+02
1.290000000000001990e+01 7.999832973946884067e+02 1.799999999999946851e+02
1.305000000000002025e+01 7.999578990009620156e+02 1.799999999999946567e+02
1.320000000000002061e+01 7.999578990009620156e+02 1.799999999999946567e+02
1.335000000000002096e+01 7.999578990009620156e+02 1.799999999999946567e+02
1.350000000000002132e+01 7.999578990009620156e+02 1.799999999999946567e+02
1.365000000000002167e+01 7.999578990009620156e+02 1.799999999999946567e+02
1.380000000000002203e+01 7.999578990009620156e+02 1.799999999999946567e+02
1.395000000000002238e+01 7.999578990009620156e+02 1.799999999999946567e+02
1.410000000000002274e+01 7.999578990009620156e+02 1.799999999999946567e+02
1.425000000000002309e+01 7.999578990009620156e+02 1.799999999999946567e+02
1.440000000000002345e+01 7.999578990009620156e+02 1.799999999999946567e+02
1.455000000000002380e+01 7.999578990009620156e+02 1.799999999999946567e+02
1.470000000000002416e+01 7.999578990009620156e+02 1.799999999999946567e+02
1.485000000000002451e+01 7.999578990009620156e+02 1.799999999999946567e+02
1.500000000000002487e+01 7.999578990009620156e+02 1.799999999999946567e+02
1.515000000000002522e+01 7.999578990009620156e+02 1.799999999999946567e+02
1.530000000000002558e+01 7.999578990009620156e+02 1.799999999999946567e+02
1.545000000000002593e+01 7.999578990009620156e+02 1.799999999999946567e+02
1.560000000000002629e+01 7.999578990009620156e+02 1.799999999999946567e+02
1.575000000000002665e+01 7.999578990009620156e+02 1.799999999999946567e+02
1.590000000000002700e+01 7.999578990009620156e+02 1.799999999999946567e+02
