1.499999999999999944e-01 7.998147723043701944e+02 9.645284571035972476e-12
2.999999999999999889e-01 7.998147723043701944e+02 9.645284571035972476e-12
4.499999999999999556e-01 7.998147723043701944e+02 9.645284571035972476e-12
5.999999999999999778e-01 7.998147723043701944e+02 9.645284571035972476e-12
7.500000000000000000e-01 7.998147723043701944e+02 9.645284571035972476e-12
9.000000000000000222e-01 7.998147723043701944e+02 9.645284571035972476e-12
1.050000000000000044e+00 7.998147723043701944e+02 9.645284571035972476e-12
1.199999999999999956e+00 7.998147723043701944e+02 9.645284571035972476e-12
1.349999999999999867e+00 7.998147723043701944e+02 9.645284571035972476e-12
1.499999999999999778e+00 7.998147723043701944e+02 9.645284571035972476e-12
1.649999999999999689e+00 7.998147723043701944e+02 9.645284571035972476e-12
1.799999999999999600e+00 7.998147723043701944e+02 9.645284571035972476e-12
1.949999999999999512e+00 7.998147723043701944e+02 9.645284571035972476e-12
2.099999999999999645e+00 7.999109774602038669e+02 9.634071318487258395e-12
2.249999999999999556e+00 7.999109774602038669e+02 9.634071318487258395e-12
2.399999999999999467e+00 7.999109774602038669e+02 9.634071318487258395e-12
2.549999999999999378e+00 7.999109774602038669e+02 9.634071318487258395e-12
2.699999999999999289e+00 7.999109774602038669e+02 9.634071318487258395e-12
2.849999999999999201e+00 7.999109774602038669e+02 9.634071318487258395e-12
2.999999999999999112e+00 7.999109774602038669e+02 9.634071318487258395e-12
3.149999999999999023e+00 7.999109774602038669e+02 9.634071318487258395e-12
3.299999999999998934e+00 7.999109774602038669e+02 9.634071318487258395e-12
3.449999999999998845e+00 7.999109774602038669e+02 9.634071318487258395e-12
3.599999999999998757e+00 7.999109774602038669e+02 9.634071318487258395e-12
3.749999999999998668e+00 7.999109774602038669e+02 9.634071318487258395e-12
3.899999999999998579e+00 7.999109774602038669e+02 9.634071318487258395e-12
4.049999999999998934e+00 4.505994464890891891e+02 9.602874051495291496e-12
4.199999999999999289e+00 2.291038557921720269e+02 9.622969088241006830e-12
4.349999999999999645e+00 8.133246118687407034e+01 9.529155242660181102e-12
4.500000000000000000e+00 3.273175232854231353e+01 9.480416451879136730e-12
4.650000000000000355e+00 1.258455719711460219e+01 9.771183862028465228e-12
4.800000000000000711e+00 4.871632152540740890e+00 9.626743846524732362e-12
4.950000000000001066e+00 1.839837040923782752e+00 1.007138816788710756e-11
5.100000000000001421e+00 6.588292436716756129e-01 1.138189542615464234e-11
5.250000000000001776e+00 1.973479540704374813e-01 1.555133799513441772e-11
5.400000000000002132e+00 1.721497100152191706e-02 8.884426527799860196e-11
5.550000000000002487e+00 5.312317127845744835e-02 1.799999999999725162e+02
5.700000000000002842e+00 8.058529924801405286e-02 1.799999999999657803e+02
5.850000000000003197e+00 9.130780255736681283e-02 1.799999999999265583e+02
6.000000000000003553e+00 9.549431532786911703e-02 1.799999999998216822e+02
6.150000000000003908e+00 9.712892760171598638e-02 1.799999999995519318e+02
6.300000000000004263e+00 9.776719384899479337e-02 1.799999999988610284e+02
6.450000000000004619e+00 9.801651442239744938e-02 1.799999999970899864e+02
6.600000000000004974e+00 9.811415147441948648e-02 1.799999999925590259e+02
6.750000000000005329e+00 9.815302154356686515e-02 1.799999999809619737e+02
6.900000000000005684e+00 9.817011296036071144e-02 1.799999999512405395e+02
7.050000000000006040e+00 9.818169203708748682e-02 1.799999998752106762e+02
7.200000000000006395e+00 9.819877755353445536e-02 1.799999996806464253e+02
7.350000000000006750e+00 9.823762874157182523e-02 1.799999991822732568e+02
7.500000000000007105e+00 9.833521741074946476e-02 1.799999979090354145e+02
7.650000000000007461e+00 9.858441289679831243e-02 1.799999946615253066e+02
7.800000000000007816e+00 9.922235840122084483e-02 1.799999864129785294e+02
7.950000000000008171e+00 1.008561512348933320e-01 1.799999657862084632e+02
8.100000000000008527e+00 1.050405644259626570e-01 1.799999159155008783e+02
8.250000000000008882e+00 1.157576899231571588e-01 1.799998045514668661e+02
8.400000000000009237e+00 1.432060434149207140e-01 1.799995956214933699e+02
8.550000000000009592e+00 2.135089083469665638e-01 1.799993057585614906e+02
8.700000000000009948e+00 3.935515633005479685e-01 1.799990352570115419e+02
8.850000000000010303e+00 8.548015922871172734e-01 1.799988629464351106e+02
9.000000000000010658e+00 2.035217950126366304e+00 1.799987781421233421e+02
9.150000000000011013e+00 5.065501932341959446e+00 1.799987409102012634e+02
9.300000000000011369e+00 1.277459541129953635e+01 1.799987266834455113e+02
9.450000000000011724e+00 3.291211906195562875e+01 1.799987214821925647e+02
9.600000000000012079e+00 8.148974386037568252e+01 1.799987189469713371e+02
9.750000000000012434e+00 2.292069449873905000e+02 1.799987188962970777e+02
9.900000000000012790e+00 4.506209047322375341e+02 1.799987191673766063e+02
1.005000000000001315e+01 7.999101005161958255e+02 1.799987190118180820e+02
1.020000000000001350e+01 7.999101005161958255e+02 1.799987190118180820e+02
1.035000000000001386e+01 7.999101005161958255e+02 1.799987190118180820e+02
1.050000000000001421e+01 7.999101005161958255e+02 1.799987190118180820e+02
1.065000000000001457e+01 7.999101005161958255e+02 1.799987190118180820e+02
1.080000000000001492e+01 7.999101005161958255e+02 1.799987190118180820e+02
1.095000000000001528e+01 7.999101005161958255e+02 1.799987190118180820e+02
1.110000000000001563e+01 7.999101005161958255e+02 1.799987190118180820e+02
1.125000000000001599e+01 7.999101005161958255e+02 1.799987190118180820e+02
1.140000000000001634e+01 7.999101005161958255e+02 1.799987190118180820e+02
1.155000000000001670e+01 7.999101005161958255e+02 1.799987190118180820e+02
1.170000000000001705e+01 7.999101005161958255e+02 1.799987190118180820e+02
1.185000000000001741e+01 7.999101005161958255e+02 1.799987190118180820e+02
1.200000000000001776e+01 7.999101005161958255e+02 1.799987190118180820e+02
1.215000000000001812e+01 7.999101005161958255e+02 1.799987190118180820e+02
1.230000000000001847e+01 7.999101005161958255e+02 1.799987190118180820e+02
1.245000000000001883e+01 7.999101005161958255e+02 1.799987190118180820e+02
1.260000000000001918e+01 7.999101005161958255e+02 1.799987190118180820e+02
1.275000000000001954e+01 7.999101005161958255e+02 1.799987190118180820e+02
1.290000000000001990e+01 7.999101005161958255e+02 1.799987190118180820e+02
1.305000000000002025e+01 7.998129343058259337e+02 1.799987195729634379e+02
1.320000000000002061e+01 7.998129343058259337e+02 1.799987195729634379e+02
1.335000000000002096e+01 7.998129343058259337e+02 1.799987195729634379e+02
1.350000000000002132e+01 7.998129343058259337e+02 1.799987195729634379e+02
1.365000000000002167e+01 7.998129343058259337e+02 1.799987195729634379e+02
1.380000000000002203e+01 7.998129343058259337e+02 1.799987195729634379e+02
1.395000000000002238e+01 7.998129343058259337e+02 1.799987195729634379e+02
1.410000000000002274e+01 7.998129343058259337e+02 1.799987195729634379e+02
1.425000000000002309e+01 7.998129343058259337e+02 1.799987195729634379e+02
1.440000000000002345e+01 7.998129343058259337e+02 1.799987195729634379e+02
1.455000000000002380e+01 7.998129343058259337e+02 1.799987195729634379e+02
1.470000000000002416e+01 7.998129343058259337e+02 1.799987195729634379e+02
1.485000000000002451e+01 7.998129343058259337e+02 1.799987195729634379e+02
1.500000000000002487e+01 7.998129343058259337e+02 1.799987195729634379e+02
1.515000000000002522e+01 7.998129343058259337e+02 1.799987195729634379e+02
1.530000000000002558e+01 7.998129343058259337e+02 1.799987195729634379e+02
1.545000000000002593e+01 7.998129343058259337e+02 1.799987195729634379e+02
1.560000000000002629e+01 7.998129343058259337e+02 1.799987195729634379e+02
1.575000000000002665e+01 7.998129343058259337e+02 1.799987195729634379e+02
1.590000000000002700e+01 7.998129343058259337e+02 1.799987195729634379e+02
