1.499999999999999944e-01 7.999765996575348481e+02 2.199743459319059014e-05
2.999999999999999889e-01 7.999765996575348481e+02 2.199743459319059014e-05
4.499999999999999556e-01 7.999765996575348481e+02 2.199743459319059014e-05
5.999999999999999778e-01 7.999765996575348481e+02 2.199743459319059014e-05
7.500000000000000000e-01 7.999765996575348481e+02 2.199743459319059014e-05
9.000000000000000222e-01 7.999765996575348481e+02 2.199743459319059014e-05
1.050000000000000044e+00 7.999765996575348481e+02 2.199743459319059014e-05
1.199999999999999956e+00 7.999765996575348481e+02 2.199743459319059014e-05
1.349999999999999867e+00 7.999765996575348481e+02 2.199743459319059014e-05
1.499999999999999778e+00 7.999765996575348481e+02 2.199743459319059014e-05
1.649999999999999689e+00 7.999765996575348481e+02 2.199743459319059014e-05
1.799999999999999600e+00 7.999765996575348481e+02 2.199743459319059014e-05
1.949999999999999512e+00 7.999765996575348481e+02 2.199743459319059014e-05
2.099999999999999645e+00 7.999914232232516724e+02 2.198632971350811260e-05
2.249999999999999556e+00 7.999914232232516724e+02 2.198632971350811260e-05
2.399999999999999467e+00 7.999914232232516724e+02 2.198632971350811260e-05
2.549999999999999378e+00 7.999914232232516724e+02 2.198632971350811260e-05
2.699999999999999289e+00 7.999914232232516724e+02 2.198632971350811260e-05
2.849999999999999201e+00 7.999914232232516724e+02 2.198632971350811260e-05
2.999999999999999112e+00 7.999914232232516724e+02 2.198632971350811260e-05
3.149999999999999023e+00 7.999914232232516724e+02 2.198632971350811260e-05
3.299999999999998934e+00 7.999914232232516724e+02 2.198632971350811260e-05
3.449999999999998845e+00 7.999914232232516724e+02 2.198632971350811260e-05
3.599999999999998757e+00 7.999914232232516724e+02 2.198632971350811260e-05
3.749999999999998668e+00 7.999914232232516724e+02 2.198632971350811260e-05
3.899999999999998579e+00 7.999914232232516724e+02 2.198632971350811260e-05
4.049999999999998934e+00 4.825077954711139228e+02 2.200491848269869877e-05
4.199999999999999289e+00 2.987719645976658853e+02 2.207708754531356732e-05
4.349999999999999645e+00 1.381724060681546291e+02 2.218649620866486316e-05
4.500000000000000000e+00 7.094327700432813799e+01 2.238602635284969722e-05
4.650000000000000355e+00 3.525003792830764127e+01 2.283235580113895935e-05
4.800000000000000711e+00 1.734592486630191033e+01 2.367470591857490092e-05
4.950000000000001066e+00 8.195209799044555155e+00 2.552053749871330268e-05
5.100000000000001421e+00 3.539109281871091639e+00 3.016161527313876434e-05
5.250000000000001776e+00 1.166563520666500153e+00 4.662465438021179409e-05
5.400000000000002132e+00 4.193364630918949842e-02 1.799993390678616265e+02
5.550000000000002487e+00 6.575679010301200833e-01 1.799999784908111735e+02
5.700000000000002842e+00 9.711755905526615607e-01 1.799999925790846191e+02
5.850000000000003197e+00 1.130931991519389612e+00 1.799999967528025593e+02
6.000000000000003553e+00 1.212317479171986179e+00 1.799999984541246363e+02
6.150000000000003908e+00 1.253784966422472280e+00 1.799999992383461631e+02
6.300000000000004263e+00 1.274926946182915799e+00 1.799999996183326232e+02
6.450000000000004619e+00 1.285732568091759731e+00 1.799999998068631442e+02
6.600000000000004974e+00 1.291307268010427833e+00 1.799999999020112114e+02
6.750000000000005329e+00 1.294284978810708253e+00 1.799999999501842751e+02
6.900000000000005684e+00 1.296072608703866536e+00 1.799999999746128765e+02
7.050000000000006040e+00 1.297514776945547510e+00 1.799999999870782688e+02
7.200000000000006395e+00 1.299292879017571067e+00 1.799999999934246375e+02
7.350000000000006750e+00 1.302247032505931656e+00 1.799999999966520647e+02
7.500000000000007105e+00 1.307773015856582788e+00 1.799999999983012344e+02
7.650000000000007461e+00 1.318481745986218812e+00 1.799999999991413517e+02
7.800000000000007816e+00 1.339432885930307293e+00 1.799999999995687574e+02
7.950000000000008171e+00 1.380525443131887187e+00 1.799999999997866382e+02
8.100000000000008527e+00 1.461174862703245481e+00 1.799999999998971703e+02
8.250000000000008882e+00 1.619486661387696813e+00 1.799999999999524505e+02
8.400000000000009237e+00 1.930260140425502868e+00 1.799999999999791953e+02
8.550000000000009592e+00 2.540337114467831725e+00 1.799999999999915019e+02
8.700000000000009948e+00 3.737950076612960970e+00 1.799999999999961062e+02
8.850000000000010303e+00 6.089225135326266525e+00 1.799999999999975557e+02
9.000000000000010658e+00 1.070394199996277251e+01 1.799999999999978115e+02
9.150000000000011013e+00 1.977479501486325830e+01 1.799999999999978968e+02
9.300000000000011369e+00 3.752756688579441402e+01 1.799999999999979252e+02
9.450000000000011724e+00 7.294185718085937253e+01 1.799999999999979536e+02
9.600000000000012079e+00 1.396980636565400289e+02 1.799999999999979821e+02
9.750000000000012434e+00 2.995424583316142275e+02 1.799999999999979821e+02
9.900000000000012790e+00 4.826015103103042065e+02 1.799999999999980105e+02
1.005000000000001315e+01 7.999915180368283245e+02 1.799999999999979536e+02
1.020000000000001350e+01 7.999915180368283245e+02 1.799999999999979536e+02
1.035000000000001386e+01 7.999915180368283245e+02 1.799999999999979536e+02
1.050000000000001421e+01 7.999915180368283245e+02 1.799999999999979536e+02
1.065000000000001457e+01 7.999915180368283245e+02 1.799999999999979536e+02
1.080000000000001492e+01 7.999915180368283245e+02 1.799999999999979536e+02
1.095000000000001528e+01 7.999915180368283245e+02 1.799999999999979536e+02
1.110000000000001563e+01 7.999915180368283245e+02 1.799999999999979536e+02
1.125000000000001599e+01 7.999915180368283245e+02 1.799999999999979536e+02
1.140000000000001634e+01 7.999915180368283245e+02 1.799999999999979536e+02
1.155000000000001670e+01 7.999915180368283245e+02 1.799999999999979536e+02
1.170000000000001705e+01 7.999915180368283245e+02 1.799999999999979536e+02
1.185000000000001741e+01 7.999915180368283245e+02 1.799999999999979536e+02
1.200000000000001776e+01 7.999915180368283245e+02 1.799999999999979536e+02
1.215000000000001812e+01 7.999915180368283245e+02 1.799999999999979536e+02
1.230000000000001847e+01 7.999915180368283245e+02 1.799999999999979536e+02
1.245000000000001883e+01 7.999915180368283245e+02 1.799999999999979536e+02
1.260000000000001918e+01 7.999915180368283245e+02 1.799999999999979536e+02
1.275000000000001954e+01 7.999915180368283245e+02 1.799999999999979536e+02
1.290000000000001990e+01 7.999915180368283245e+02 1.799999999999979536e+02
1.305000000000002025e+01 7.999768457904989418e+02 1.799999999999979821e+02
1.320000000000002061e+01 7.999768457904989418e+02 1.799999999999979821e+02
1.335000000000002096e+01 7.999768457904989418e+02 1.799999999999979821e+02
1.350000000000002132e+01 7.999768457904989418e+02 1.799999999999979821e+02
1.365000000000002167e+01 7.999768457904989418e+02 1.799999999999979821e+02
1.380000000000002203e+01 7.999768457904989418e+02 1.799999999999979821e+02
1.395000000000002238e+01 7.999768457904989418e+02 1.799999999999979821e+02
1.410000000000002274e+01 7.999768457904989418e+02 1.799999999999979821e+02
1.425000000000002309e+01 7.999768457904989418e+02 1.799999999999979821e+02
1.440000000000002345e+01 7.999768457904989418e+02 1.799999999999979821e+02
1.455000000000002380e+01 7.999768457904989418e+02 1.799999999999979821e+02
1.470000000000002416e+01 7.999768457904989418e+02 1.799999999999979821e+02
1.485000000000002451e+01 7.999768457904989418e+02 1.799999999999979821e+02
1.500000000000002487e+01 7.999768457904989418e+02 1.799999999999979821e+02
1.515000000000002522e+01 7.999768457904989418e+02 1.799999999999979821e+02
1.530000000000002558e+01 7.999768457904989418e+02 1.799999999999979821e+02
1.545000000000002593e+01 7.999768457904989418e+02 1.799999999999979821e+02
1.560000000000002629e+01 7.999768457904989418e+02 1.799999999999979821e+02
1.575000000000002665e+01 7.999768457904989418e+02 1.799999999999979821e+02
1.590000000000002700e+01 7.999768457904989418e+02 1.799999999999979821e+02
