1.499999999999999944e-01 7.999999916445020745e+02 3.302168541876882557e+01
2.999999999999999889e-01 7.999999916445020745e+02 3.302168541876882557e+01
4.499999999999999556e-01 7.999999916445020745e+02 3.302168541876882557e+01
5.999999999999999778e-01 7.999999916445020745e+02 3.302168541876882557e+01
7.500000000000000000e-01 7.999999916445020745e+02 3.302168541876882557e+01
9.000000000000000222e-01 7.999999916445020745e+02 3.302168541876882557e+01
1.050000000000000044e+00 7.999999916445020745e+02 3.302168541876882557e+01
1.199999999999999956e+00 7.999999916445020745e+02 3.302168541876882557e+01
1.349999999999999867e+00 7.999999916445020745e+02 3.302168541876882557e+01
1.499999999999999778e+00 7.999999916445020745e+02 3.302168541876882557e+01
1.649999999999999689e+00 7.999999916445020745e+02 3.302168541876882557e+01
1.799999999999999600e+00 7.999999916445020745e+02 3.302168541876882557e+01
1.949999999999999512e+00 7.999999916445020745e+02 3.302168541876882557e+01
2.099999999999999645e+00 7.999999988823029753e+02 3.307851833548362919e+01
2.249999999999999556e+00 7.999999988823029753e+02 3.307851833548362919e+01
2.399999999999999467e+00 7.999999988823029753e+02 3.307851833548362919e+01
2.549999999999999378e+00 7.999999988823029753e+02 3.307851833548362919e+01
2.699999999999999289e+00 7.999999988823029753e+02 3.307851833548362919e+01
2.849999999999999201e+00 7.999999988823029753e+02 3.307851833548362919e+01
2.999999999999999112e+00 7.999999988823029753e+02 3.307851833548362919e+01
3.149999999999999023e+00 7.999999988823029753e+02 3.307851833548362919e+01
3.299999999999998934e+00 7.999999988823029753e+02 3.307851833548362919e+01
3.449999999999998845e+00 7.999999988823029753e+02 3.307851833548362919e+01
3.599999999999998757e+00 7.999999988823029753e+02 3.307851833548362919e+01
3.749999999999998668e+00 7.999999988823029753e+02 3.307851833548362919e+01
3.899999999999998579e+00 7.999999988823029753e+02 3.307851833548362919e+01
4.049999999999998934e+00 5.157284211455537388e+02 3.337396790804523050e+01
4.199999999999999289e+00 4.679048717537928610e+02 3.468827302628621112e+01
4.349999999999999645e+00 4.137898011325456764e+02 3.734757005433083776e+01
4.500000000000000000e+00 4.026259250190308308e+02 4.023542867888316010e+01
4.650000000000000355e+00 3.984166047640611055e+02 4.328626672547522958e+01
4.800000000000000711e+00 3.971593083940359747e+02 4.635228176319637328e+01
4.950000000000001066e+00 3.967564852088647740e+02 4.941054196324543568e+01
5.100000000000001421e+00 3.966398376933723284e+02 5.244764752090177495e+01
5.250000000000001776e+00 3.966142730716053961e+02 5.545949476035515602e+01
5.400000000000002132e+00 3.966184966162797991e+02 5.844392967735466016e+01
5.550000000000002487e+00 3.966325382981968914e+02 6.139966921412145950e+01
5.700000000000002842e+00 3.966499427140248031e+02 6.432573925048777141e+01
5.850000000000003197e+00 3.966685824768046587e+02 6.722132603604117662e+01
6.000000000000003553e+00 3.966877280460146835e+02 7.008572600087073567e+01
6.150000000000003908e+00 3.967071014709221686e+02 7.291833183119565831e+01
6.300000000000004263e+00 3.967265722483713262e+02 7.571862167864856019e+01
6.450000000000004619e+00 3.967460593346104361e+02 7.848615840336420035e+01
6.600000000000004974e+00 3.967655000030164274e+02 8.122058990010199864e+01
6.750000000000005329e+00 3.967848398365186426e+02 8.392164207177509638e+01
6.900000000000005684e+00 3.968040293580622802e+02 8.658911897668374991e+01
7.050000000000006040e+00 3.968230232572038290e+02 8.922290305991512582e+01
7.200000000000006395e+00 3.968417800977798606e+02 9.182294742019244893e+01
7.350000000000006750e+00 3.968602620828427234e+02 9.438927562800515148e+01
7.500000000000007105e+00 3.968784354966708179e+02 9.692198164607246724e+01
7.650000000000007461e+00 3.968962715978588562e+02 9.942122154158792569e+01
7.800000000000007816e+00 3.969137493798580181e+02 1.018872131347692118e+02
7.950000000000008171e+00 3.969308652496748664e+02 1.043202357080066918e+02
8.100000000000008527e+00 3.969476628048490738e+02 1.067206210608581074e+02
8.250000000000008882e+00 3.969643258385622175e+02 1.090887520601806528e+02
8.400000000000009237e+00 3.969814695610140802e+02 1.114250588028682500e+02
8.550000000000009592e+00 3.970010505397186762e+02 1.137299987201584059e+02
8.700000000000009948e+00 3.970291959818195551e+02 1.160040197847788193e+02
8.850000000000010303e+00 3.970851325082373364e+02 1.182474599589108664e+02
9.000000000000010658e+00 3.972283173460160128e+02 1.204601521846551293e+02
9.150000000000011013e+00 3.976494945238676451e+02 1.226406932984226330e+02
9.300000000000011369e+00 3.989065431971617954e+02 1.247815542535511923e+02
9.450000000000011724e+00 4.030773282431671873e+02 1.268689686839228443e+02
9.600000000000012079e+00 4.141330101481761972e+02 1.288076899174509435e+02
9.750000000000012434e+00 4.680264045754624931e+02 1.305569177290996663e+02
9.900000000000012790e+00 5.157326397821548198e+02 1.314056955292097939e+02
1.005000000000001315e+01 7.999999988690753980e+02 1.315891553675072885e+02
1.020000000000001350e+01 7.999999988690753980e+02 1.315891553675072885e+02
1.035000000000001386e+01 7.999999988690753980e+02 1.315891553675072885e+02
1.050000000000001421e+01 7.999999988690753980e+02 1.315891553675072885e+02
1.065000000000001457e+01 7.999999988690753980e+02 1.315891553675072885e+02
1.080000000000001492e+01 7.999999988690753980e+02 1.315891553675072885e+02
1.095000000000001528e+01 7.999999988690753980e+02 1.315891553675072885e+02
1.110000000000001563e+01 7.999999988690753980e+02 1.315891553675072885e+02
1.125000000000001599e+01 7.999999988690753980e+02 1.315891553675072885e+02
1.140000000000001634e+01 7.999999988690753980e+02 1.315891553675072885e+02
1.155000000000001670e+01 7.999999988690753980e+02 1.315891553675072885e+02
1.170000000000001705e+01 7.999999988690753980e+02 1.315891553675072885e+02
1.185000000000001741e+01 7.999999988690753980e+02 1.315891553675072885e+02
1.200000000000001776e+01 7.999999988690753980e+02 1.315891553675072885e+02
1.215000000000001812e+01 7.999999988690753980e+02 1.315891553675072885e+02
1.230000000000001847e+01 7.999999988690753980e+02 1.315891553675072885e+02
1.245000000000001883e+01 7.999999988690753980e+02 1.315891553675072885e+02
1.260000000000001918e+01 7.999999988690753980e+02 1.315891553675072885e+02
1.275000000000001954e+01 7.999999988690753980e+02 1.315891553675072885e+02
1.290000000000001990e+01 7.999999988690753980e+02 1.315891553675072885e+02
1.305000000000002025e+01 7.999999915436768561e+02 1.316251392119806383e+02
1.320000000000002061e+01 7.999999915436768561e+02 1.316251392119806383e+02
1.335000000000002096e+01 7.999999915436768561e+02 1.316251392119806383e+02
1.350000000000002132e+01 7.999999915436768561e+02 1.316251392119806383e+02
1.365000000000002167e+01 7.999999915436768561e+02 1.316251392119806383e+02
1.380000000000002203e+01 7.999999915436768561e+02 1.316251392119806383e+02
1.395000000000002238e+01 7.999999915436768561e+02 1.316251392119806383e+02
1.410000000000002274e+01 7.999999915436768561e+02 1.316251392119806383e+02
1.425000000000002309e+01 7.999999915436768561e+02 1.316251392119806383e+02
1.440000000000002345e+01 7.999999915436768561e+02 1.316251392119806383e+02
1.455000000000002380e+01 7.999999915436768561e+02 1.316251392119806383e+02
1.470000000000002416e+01 7.999999915436768561e+02 1.316251392119806383e+02
1.485000000000002451e+01 7.999999915436768561e+02 1.316251392119806383e+02
1.500000000000002487e+01 7.999999915436768561e+02 1.316251392119806383e+02
1.515000000000002522e+01 7.999999915436768561e+02 1.316251392119806383e+02
1.530000000000002558e+01 7.999999915436768561e+02 1.316251392119806383e+02
1.545000000000002593e+01 7.999999915436768561e+02 1.316251392119806383e+02
1.560000000000002629e+01 7.999999915436768561e+02 1.316251392119806383e+02
1.575000000000002665e+01 7.999999915436768561e+02 1.316251392119806383e+02
1.590000000000002700e+01 7.999999915436768561e+02 1.316251392119806383e+02
