1.499999999999999944e-01 7.994471262915928946e+02 7.742305685454198283e-10
2.999999999999999889e-01 7.994471262915928946e+02 7.742305685454198283e-10
4.499999999999999556e-01 7.994471262915928946e+02 7.742305685454198283e-10
5.999999999999999778e-01 7.994471262915928946e+02 7.742305685454198283e-10
7.500000000000000000e-01 7.994471262915928946e+02 7.742305685454198283e-10
9.000000000000000222e-01 7.994471262915928946e+02 7.742305685454198283e-10
1.050000000000000044e+00 7.994471262915928946e+02 7.742305685454198283e-10
1.199999999999999956e+00 7.994471262915928946e+02 7.742305685454198283e-10
1.349999999999999867e+00 7.994471262915928946e+02 7.742305685454198283e-10
1.499999999999999778e+00 7.994471262915928946e+02 7.742305685454198283e-10
1.649999999999999689e+00 7.994471262915928946e+02 7.742305685454198283e-10
1.799999999999999600e+00 7.994471262915928946e+02 7.742305685454198283e-10
1.949999999999999512e+00 7.994471262915928946e+02 7.742305685454198283e-10
2.099999999999999645e+00 7.996944180005963290e+02 7.730597273436501382e-10
2.249999999999999556e+00 7.996944180005963290e+02 7.730597273436501382e-10
2.399999999999999467e+00 7.996944180005963290e+02 7.730597273436501382e-10
2.549999999999999378e+00 7.996944180005963290e+02 7.730597273436501382e-10
2.699999999999999289e+00 7.996944180005963290e+02 7.730597273436501382e-10
2.849999999999999201e+00 7.996944180005963290e+02 7.730597273436501382e-10
2.999999999999999112e+00 7.996944180005963290e+02 7.730597273436501382e-10
3.149999999999999023e+00 7.996944180005963290e+02 7.730597273436501382e-10
3.299999999999998934e+00 7.996944180005963290e+02 7.730597273436501382e-10
3.449999999999998845e+00 7.996944180005963290e+02 7.730597273436501382e-10
3.599999999999998757e+00 7.996944180005963290e+02 7.730597273436501382e-10
3.749999999999998668e+00 7.996944180005963290e+02 7.730597273436501382e-10
3.899999999999998579e+00 7.996944180005963290e+02 7.730597273436501382e-10
4.049999999999998934e+00 4.244078768611746000e+02 7.735383444895660432e-10
4.199999999999999289e+00 1.915479661420104947e+02 7.769630494536272636e-10
4.349999999999999645e+00 5.855828330491385714e+01 7.789489053777742811e-10
4.500000000000000000e+00 2.060284793315561913e+01 7.827812842364778589e-10
4.650000000000000355e+00 6.793316937081613105e+00 7.981713068261342414e-10
4.800000000000000711e+00 2.216211878976253047e+00 8.355505176638189369e-10
4.950000000000001066e+00 6.474061224944307469e-01 9.695224623129661268e-10
5.100000000000001421e+00 1.164821144516281493e-01 1.838424190658827229e-09
5.250000000000001776e+00 6.405740617537958315e-02 1.799999999988647517e+02
5.400000000000002132e+00 1.253387666447451920e-01 1.799999999998027818e+02
5.550000000000002487e+00 1.461539397919295880e-01 1.799999999999422471e+02
5.700000000000002842e+00 1.532223250019342231e-01 1.799999999999811280e+02
5.850000000000003197e+00 1.556228289700811729e-01 1.799999999999932072e+02
6.000000000000003553e+00 1.564380378877103794e-01 1.799999999999965610e+02
6.150000000000003908e+00 1.567148861754503741e-01 1.799999999999957083e+02
6.300000000000004263e+00 1.568089065508502244e-01 1.799999999999891145e+02
6.450000000000004619e+00 1.568408404082219931e-01 1.799999999999684519e+02
6.600000000000004974e+00 1.568517005866851832e-01 1.799999999999075726e+02
6.750000000000005329e+00 1.568554317300367984e-01 1.799999999997284874e+02
6.900000000000005684e+00 1.568568261000109487e-01 1.799999999991997868e+02
7.050000000000006040e+00 1.568576750419197197e-01 1.799999999976473646e+02
7.200000000000006395e+00 1.568590691758799949e-01 1.799999999930813317e+02
7.350000000000006750e+00 1.568627977230789838e-01 1.799999999796191332e+02
7.500000000000007105e+00 1.568736501130842953e-01 1.799999999400715183e+02
7.650000000000007461e+00 1.569055622571795539e-01 1.799999998238075705e+02
7.800000000000007816e+00 1.569995172567359987e-01 1.799999994812760917e+02
7.950000000000008171e+00 1.572761739012094040e-01 1.799999984772987034e+02
8.100000000000008527e+00 1.580908178016215970e-01 1.799999955453583595e+02
8.250000000000008882e+00 1.604896583439767710e-01 1.799999870734132230e+02
8.400000000000009237e+00 1.675531457940451219e-01 1.799999635905309390e+02
8.550000000000009592e+00 1.883538979034256045e-01 1.799999047526875131e+02
8.700000000000009948e+00 2.495927961724646593e-01 1.799997882822466693e+02
8.850000000000010303e+00 4.300072824307790142e-01 1.799996385227435667e+02
9.000000000000010658e+00 9.605633905404715733e-01 1.799995245089586433e+02
9.150000000000011013e+00 2.528286137659591759e+00 1.799994667516183711e+02
9.300000000000011369e+00 7.102221199555955877e+00 1.799994447722109214e+02
9.450000000000011724e+00 2.090245576054390497e+01 1.799994372868614789e+02
9.600000000000012079e+00 5.883180281876632733e+01 1.799994342380022658e+02
9.750000000000012434e+00 1.917483679911786112e+02 1.799994340921052469e+02
9.900000000000012790e+00 4.244638567084531360e+02 1.799994343459840991e+02
1.005000000000001315e+01 7.996929771092769670e+02 1.799994341875951136e+02
1.020000000000001350e+01 7.996929771092769670e+02 1.799994341875951136e+02
1.035000000000001386e+01 7.996929771092769670e+02 1.799994341875951136e+02
1.050000000000001421e+01 7.996929771092769670e+02 1.799994341875951136e+02
1.065000000000001457e+01 7.996929771092769670e+02 1.799994341875951136e+02
1.080000000000001492e+01 7.996929771092769670e+02 1.799994341875951136e+02
1.095000000000001528e+01 7.996929771092769670e+02 1.799994341875951136e+02
1.110000000000001563e+01 7.996929771092769670e+02 1.799994341875951136e+02
1.125000000000001599e+01 7.996929771092769670e+02 1.799994341875951136e+02
1.140000000000001634e+01 7.996929771092769670e+02 1.799994341875951136e+02
1.155000000000001670e+01 7.996929771092769670e+02 1.799994341875951136e+02
1.170000000000001705e+01 7.996929771092769670e+02 1.799994341875951136e+02
1.185000000000001741e+01 7.996929771092769670e+02 1.799994341875951136e+02
1.200000000000001776e+01 7.996929771092769670e+02 1.799994341875951136e+02
1.215000000000001812e+01 7.996929771092769670e+02 1.799994341875951136e+02
1.230000000000001847e+01 7.996929771092769670e+02 1.799994341875951136e+02
1.245000000000001883e+01 7.996929771092769670e+02 1.799994341875951136e+02
1.260000000000001918e+01 7.996929771092769670e+02 1.799994341875951136e+02
1.275000000000001954e+01 7.996929771092769670e+02 1.799994341875951136e+02
1.290000000000001990e+01 7.996929771092769670e+02 1.799994341875951136e+02
1.305000000000002025e+01 7.994444423938365389e+02 1.799994347431031940e+02
1.320000000000002061e+01 7.994444423938365389e+02 1.799994347431031940e+02
1.335000000000002096e+01 7.994444423938365389e+02 1.799994347431031940e+02
1.350000000000002132e+01 7.994444423938365389e+02 1.799994347431031940e+02
1.365000000000002167e+01 7.994444423938365389e+02 1.799994347431031940e+02
1.380000000000002203e+01 7.994444423938365389e+02 1.799994347431031940e+02
1.395000000000002238e+01 7.994444423938365389e+02 1.799994347431031940e+02
1.410000000000002274e+01 7.994444423938365389e+02 1.799994347431031940e+02
1.425000000000002309e+01 7.994444423938365389e+02 1.799994347431031940e+02
1.440000000000002345e+01 7.994444423938365389e+02 1.799994347431031940e+02
1.455000000000002380e+01 7.994444423938365389e+02 1.799994347431031940e+02
1.470000000000002416e+01 7.994444423938365389e+02 1.799994347431031940e+02
1.485000000000002451e+01 7.994444423938365389e+02 1.799994347431031940e+02
1.500000000000002487e+01 7.994444423938365389e+02 1.799994347431031940e+02
1.515000000000002522e+01 7.994444423938365389e+02 1.799994347431031940e+02
1.530000000000002558e+01 7.994444423938365389e+02 1.799994347431031940e+02
1.545000000000002593e+01 7.994444423938365389e+02 1.799994347431031940e+02
1.560000000000002629e+01 7.994444423938365389e+02 1.799994347431031940e+02
1.575000000000002665e+01 7.994444423938365389e+02 1.799994347431031940e+02
1.590000000000002700e+01 7.994444423938365389e+02 1.799994347431031940e+02
