1.499999999999999944e-01 7.999998916510896834e+02 1.696303759653082821e+01
2.999999999999999889e-01 7.999998916510896834e+02 1.696303759653082821e+01
4.499999999999999556e-01 7.999998916510896834e+02 1.696303759653082821e+01
5.999999999999999778e-01 7.999998916510896834e+02 1.696303759653082821e+01
7.500000000000000000e-01 7.999998916510896834e+02 1.696303759653082821e+01
9.000000000000000222e-01 7.999998916510896834e+02 1.696303759653082821e+01
1.050000000000000044e+00 7.999998916510896834e+02 1.696303759653082821e+01
1.199999999999999956e+00 7.999998916510896834e+02 1.696303759653082821e+01
1.349999999999999867e+00 7.999998916510896834e+02 1.696303759653082821e+01
1.499999999999999778e+00 7.999998916510896834e+02 1.696303759653082821e+01
1.649999999999999689e+00 7.999998916510896834e+02 1.696303759653082821e+01
1.799999999999999600e+00 7.999998916510896834e+02 1.696303759653082821e+01
1.949999999999999512e+00 7.999998916510896834e+02 1.696303759653082821e+01
2.099999999999999645e+00 7.999999801808440907e+02 1.699722673952761198e+01
2.249999999999999556e+00 7.999999801808440907e+02 1.699722673952761198e+01
2.399999999999999467e+00 7.999999801808440907e+02 1.699722673952761198e+01
2.549999999999999378e+00 7.999999801808440907e+02 1.699722673952761198e+01
2.699999999999999289e+00 7.999999801808440907e+02 1.699722673952761198e+01
2.849999999999999201e+00 7.999999801808440907e+02 1.699722673952761198e+01
2.999999999999999112e+00 7.999999801808440907e+02 1.699722673952761198e+01
3.149999999999999023e+00 7.999999801808440907e+02 1.699722673952761198e+01
3.299999999999998934e+00 7.999999801808440907e+02 1.699722673952761198e+01
3.449999999999998845e+00 7.999999801808440907e+02 1.699722673952761198e+01
3.599999999999998757e+00 7.999999801808440907e+02 1.699722673952761198e+01
3.749999999999998668e+00 7.999999801808440907e+02 1.699722673952761198e+01
3.899999999999998579e+00 7.999999801808440907e+02 1.699722673952761198e+01
4.049999999999998934e+00 5.119931784808488260e+02 1.717654203133123758e+01
4.199999999999999289e+00 4.376308253591657831e+02 1.803147457442998913e+01
4.349999999999999645e+00 3.567083368193004276e+02 2.001044642066818824e+01
4.500000000000000000e+00 3.322320521300404152e+02 2.245733224284250795e+01
4.650000000000000355e+00 3.204683338432532196e+02 2.525292904501515778e+01
4.800000000000000711e+00 3.153910800985731271e+02 2.818777546834098402e+01
4.950000000000001066e+00 3.130843163370229263e+02 3.118752052833083610e+01
5.100000000000001421e+00 3.120486484784537424e+02 3.420843940767861824e+01
5.250000000000001776e+00 3.115866241954094562e+02 3.723095777579471388e+01
5.400000000000002132e+00 3.113868502508462370e+02 4.024522523146441699e+01
5.550000000000002487e+00 3.113071787253152820e+02 4.324623798413396258e+01
5.700000000000002842e+00 3.112828473845727331e+02 4.623119024492054763e+01
5.850000000000003197e+00 3.112842490149813557e+02 4.919831782892133987e+01
6.000000000000003553e+00 3.112978220456687950e+02 5.214636142722790169e+01
6.150000000000003908e+00 3.113173271219305320e+02 5.507432565187244933e+01
6.300000000000004263e+00 3.113398682099654025e+02 5.798136593839105046e+01
6.450000000000004619e+00 3.113640761427363941e+02 6.086674036181685921e+01
6.600000000000004974e+00 3.113892800407039658e+02 6.372978919921764174e+01
6.750000000000005329e+00 3.114151297140619477e+02 6.656992146992618586e+01
6.900000000000005684e+00 3.114414245092590363e+02 6.938661194346929051e+01
7.050000000000006040e+00 3.114680381833117053e+02 7.217940085025904295e+01
7.200000000000006395e+00 3.114948902982251298e+02 7.494788852467621609e+01
7.350000000000006750e+00 3.115219454234573959e+02 7.769173584736932980e+01
7.500000000000007105e+00 3.115492401645788050e+02 8.041066466810923430e+01
7.650000000000007461e+00 3.115769548484151983e+02 8.310445068191987161e+01
7.800000000000007816e+00 3.116055765934418105e+02 8.577292036045209045e+01
7.950000000000008171e+00 3.116362609933935914e+02 8.841594350499495647e+01
8.100000000000008527e+00 3.116716282409730638e+02 9.103340857073153813e+01
8.250000000000008882e+00 3.117175150609410821e+02 9.362518285726122258e+01
8.400000000000009237e+00 3.117868312461762912e+02 9.619102521329782007e+01
8.550000000000009592e+00 3.119080579192426512e+02 9.873038788016097556e+01
8.700000000000009948e+00 3.121439616255482292e+02 1.012419977835692038e+02
8.850000000000010303e+00 3.126331916273969682e+02 1.037229673579399218e+02
9.000000000000010658e+00 3.136812191259099905e+02 1.061667594661640663e+02
9.150000000000011013e+00 3.159762989081598334e+02 1.085594935740501938e+02
9.300000000000011369e+00 3.210049860605743675e+02 1.108690447234928342e+02
9.450000000000011724e+00 3.326706199770052876e+02 1.130404128491733360e+02
9.600000000000012079e+00 3.569971770687848789e+02 1.149175268024742422e+02
9.750000000000012434e+00 4.377266847390096700e+02 1.164142564910229254e+02
9.900000000000012790e+00 5.119974965011882659e+02 1.170516181879788178e+02
1.005000000000001315e+01 7.999999798142027885e+02 1.171809560125077354e+02
1.020000000000001350e+01 7.999999798142027885e+02 1.171809560125077354e+02
1.035000000000001386e+01 7.999999798142027885e+02 1.171809560125077354e+02
1.050000000000001421e+01 7.999999798142027885e+02 1.171809560125077354e+02
1.065000000000001457e+01 7.999999798142027885e+02 1.171809560125077354e+02
1.080000000000001492e+01 7.999999798142027885e+02 1.171809560125077354e+02
1.095000000000001528e+01 7.999999798142027885e+02 1.171809560125077354e+02
1.110000000000001563e+01 7.999999798142027885e+02 1.171809560125077354e+02
1.125000000000001599e+01 7.999999798142027885e+02 1.171809560125077354e+02
1.140000000000001634e+01 7.999999798142027885e+02 1.171809560125077354e+02
1.155000000000001670e+01 7.999999798142027885e+02 1.171809560125077354e+02
1.170000000000001705e+01 7.999999798142027885e+02 1.171809560125077354e+02
1.185000000000001741e+01 7.999999798142027885e+02 1.171809560125077354e+02
1.200000000000001776e+01 7.999999798142027885e+02 1.171809560125077354e+02
1.215000000000001812e+01 7.999999798142027885e+02 1.171809560125077354e+02
1.230000000000001847e+01 7.999999798142027885e+02 1.171809560125077354e+02
1.245000000000001883e+01 7.999999798142027885e+02 1.171809560125077354e+02
1.260000000000001918e+01 7.999999798142027885e+02 1.171809560125077354e+02
1.275000000000001954e+01 7.999999798142027885e+02 1.171809560125077354e+02
1.290000000000001990e+01 7.999999798142027885e+02 1.171809560125077354e+02
1.305000000000002025e+01 7.999998896344985724e+02 1.172060413223929061e+02
1.320000000000002061e+01 7.999998896344985724e+02 1.172060413223929061e+02
1.335000000000002096e+01 7.999998896344985724e+02 1.172060413223929061e+02
1.350000000000002132e+01 7.999998896344985724e+02 1.172060413223929061e+02
1.365000000000002167e+01 7.999998896344985724e+02 1.172060413223929061e+02
1.380000000000002203e+01 7.999998896344985724e+02 1.172060413223929061e+02
1.395000000000002238e+01 7.999998896344985724e+02 1.172060413223929061e+02
1.410000000000002274e+01 7.999998896344985724e+02 1.172060413223929061e+02
1.425000000000002309e+01 7.999998896344985724e+02 1.172060413223929061e+02
1.440000000000002345e+01 7.999998896344985724e+02 1.172060413223929061e+02
1.455000000000002380e+01 7.999998896344985724e+02 1.172060413223929061e+02
1.470000000000002416e+01 7.999998896344985724e+02 1.172060413223929061e+02
1.485000000000002451e+01 7.999998896344985724e+02 1.172060413223929061e+02
1.500000000000002487e+01 7.999998896344985724e+02 1.172060413223929061e+02
1.515000000000002522e+01 7.999998896344985724e+02 1.172060413223929061e+02
1.530000000000002558e+01 7.999998896344985724e+02 1.172060413223929061e+02
1.545000000000002593e+01 7.999998896344985724e+02 1.172060413223929061e+02
1.560000000000002629e+01 7.999998896344985724e+02 1.172060413223929061e+02
1.575000000000002665e+01 7.999998896344985724e+02 1.172060413223929061e+02
1.590000000000002700e+01 7.999998896344985724e+02 1.172060413223929061e+02
