1.499999999999999944e-01 7.999995750168279756e+02 8.328676163916807695e+01
2.999999999999999889e-01 7.999995750168279756e+02 8.328676163916807695e+01
4.499999999999999556e-01 7.999995750168279756e+02 8.328676163916807695e+01
5.999999999999999778e-01 7.999995750168279756e+02 8.328676163916807695e+01
7.500000000000000000e-01 7.999995750168279756e+02 8.328676163916807695e+01
9.000000000000000222e-01 7.999995750168279756e+02 8.328676163916807695e+01
1.050000000000000044e+00 7.999995750168279756e+02 8.328676163916807695e+01
1.199999999999999956e+00 7.999995750168279756e+02 8.328676163916807695e+01
1.349999999999999867e+00 7.999995750168279756e+02 8.328676163916807695e+01
1.499999999999999778e+00 7.999995750168279756e+02 8.328676163916807695e+01
1.649999999999999689e+00 7.999995750168279756e+02 8.328676163916807695e+01
1.799999999999999600e+00 7.999995750168279756e+02 8.328676163916807695e+01
1.949999999999999512e+00 7.999995750168279756e+02 8.328676163916807695e+01
2.099999999999999645e+00 7.999999078898018752e+02 8.332165450350991875e+01
2.249999999999999556e+00 7.999999078898018752e+02 8.332165450350991875e+01
2.399999999999999467e+00 7.999999078898018752e+02 8.332165450350991875e+01
2.549999999999999378e+00 7.999999078898018752e+02 8.332165450350991875e+01
2.699999999999999289e+00 7.999999078898018752e+02 8.332165450350991875e+01
2.849999999999999201e+00 7.999999078898018752e+02 8.332165450350991875e+01
2.999999999999999112e+00 7.999999078898018752e+02 8.332165450350991875e+01
3.149999999999999023e+00 7.999999078898018752e+02 8.332165450350991875e+01
3.299999999999998934e+00 7.999999078898018752e+02 8.332165450350991875e+01
3.449999999999998845e+00 7.999999078898018752e+02 8.332165450350991875e+01
3.599999999999998757e+00 7.999999078898018752e+02 8.332165450350991875e+01
3.749999999999998668e+00 7.999999078898018752e+02 8.332165450350991875e+01
3.899999999999998579e+00 7.999999078898018752e+02 8.332165450350991875e+01
4.049999999999998934e+00 5.084546892594403857e+02 8.351596197175763336e+01
4.199999999999999289e+00 4.133491354583697444e+02 8.439162336907801887e+01
4.349999999999999645e+00 3.105150594346773687e+02 8.656900077516496594e+01
4.500000000000000000e+00 2.714594887871968467e+02 8.952625890194299529e+01
4.650000000000000355e+00 2.491387857585982317e+02 9.316867102409334223e+01
4.800000000000000711e+00 2.369659668728822908e+02 9.716706216353109937e+01
4.950000000000001066e+00 2.300562751213023489e+02 1.013306900971858084e+02
5.100000000000001421e+00 2.261817814420124364e+02 1.055146352045930769e+02
5.250000000000001776e+00 2.240697518637307439e+02 1.096311262637312183e+02
5.400000000000002132e+00 2.229931640562685971e+02 1.136284128857560347e+02
5.550000000000002487e+00 2.225219215223830815e+02 1.174789536119747595e+02
5.700000000000002842e+00 2.223993453958406974e+02 1.211701196563020915e+02
5.850000000000003197e+00 2.224717010828118191e+02 1.246982826126946122e+02
6.000000000000003553e+00 2.226472329534564381e+02 1.280650932024123563e+02
6.150000000000003908e+00 2.228716706196460677e+02 1.312752211071175452e+02
6.300000000000004263e+00 2.231134266469134388e+02 1.343349968226332862e+02
6.450000000000004619e+00 2.233546074453020367e+02 1.372516119194942803e+02
6.600000000000004974e+00 2.235855585220350008e+02 1.400326492923398973e+02
6.750000000000005329e+00 2.238015740213089373e+02 1.426858048259192913e+02
6.900000000000005684e+00 2.240009432080443048e+02 1.452187288341135627e+02
7.050000000000006040e+00 2.241838395303378775e+02 1.476389340421460474e+02
7.200000000000006395e+00 2.243517685816827623e+02 1.499537382708259372e+02
7.350000000000006750e+00 2.245074348404487523e+02 1.521702314188679281e+02
7.500000000000007105e+00 2.246549984412941399e+02 1.542952503530395632e+02
7.650000000000007461e+00 2.248008007694205332e+02 1.563353495314454449e+02
7.800000000000007816e+00 2.249547724838455736e+02 1.582967631782777573e+02
7.950000000000008171e+00 2.251329381738901532e+02 1.601853420880732415e+02
8.100000000000008527e+00 2.253617589502138117e+02 1.620064430910619251e+02
8.250000000000008882e+00 2.256856137819259800e+02 1.637647438606330184e+02
8.400000000000009237e+00 2.261797007387426106e+02 1.654639282112057117e+02
8.550000000000009592e+00 2.269724175764636698e+02 1.671061576676010532e+02
8.700000000000009948e+00 2.282845374692302585e+02 1.686912002140963125e+02
8.850000000000010303e+00 2.304994155560663671e+02 1.702150403293685770e+02
9.000000000000010658e+00 2.342896810102804750e+02 1.716676483897452954e+02
9.150000000000011013e+00 2.408761820877842865e+02 1.730301784810235688e+02
9.300000000000011369e+00 2.524556752059601479e+02 1.742696667846513492e+02
9.450000000000011724e+00 2.739330191362982987e+02 1.753427942094038485e+02
9.600000000000012079e+00 3.120047361006494384e+02 1.761728716086925317e+02
9.750000000000012434e+00 4.138321362175330478e+02 1.767490721190966383e+02
9.900000000000012790e+00 5.084802149602950863e+02 1.769665377633654089e+02
1.005000000000001315e+01 7.999999102434845781e+02 1.770083889416359568e+02
1.020000000000001350e+01 7.999999102434845781e+02 1.770083889416359568e+02
1.035000000000001386e+01 7.999999102434845781e+02 1.770083889416359568e+02
1.050000000000001421e+01 7.999999102434845781e+02 1.770083889416359568e+02
1.065000000000001457e+01 7.999999102434845781e+02 1.770083889416359568e+02
1.080000000000001492e+01 7.999999102434845781e+02 1.770083889416359568e+02
1.095000000000001528e+01 7.999999102434845781e+02 1.770083889416359568e+02
1.110000000000001563e+01 7.999999102434845781e+02 1.770083889416359568e+02
1.125000000000001599e+01 7.999999102434845781e+02 1.770083889416359568e+02
1.140000000000001634e+01 7.999999102434845781e+02 1.770083889416359568e+02
1.155000000000001670e+01 7.999999102434845781e+02 1.770083889416359568e+02
1.170000000000001705e+01 7.999999102434845781e+02 1.770083889416359568e+02
1.185000000000001741e+01 7.999999102434845781e+02 1.770083889416359568e+02
1.200000000000001776e+01 7.999999102434845781e+02 1.770083889416359568e+02
1.215000000000001812e+01 7.999999102434845781e+02 1.770083889416359568e+02
1.230000000000001847e+01 7.999999102434845781e+02 1.770083889416359568e+02
1.245000000000001883e+01 7.999999102434845781e+02 1.770083889416359568e+02
1.260000000000001918e+01 7.999999102434845781e+02 1.770083889416359568e+02
1.275000000000001954e+01 7.999999102434845781e+02 1.770083889416359568e+02
1.290000000000001990e+01 7.999999102434845781e+02 1.770083889416359568e+02
1.305000000000002025e+01 7.999995856924832651e+02 1.770164159297268611e+02
1.320000000000002061e+01 7.999995856924832651e+02 1.770164159297268611e+02
1.335000000000002096e+01 7.999995856924832651e+02 1.770164159297268611e+02
1.350000000000002132e+01 7.999995856924832651e+02 1.770164159297268611e+02
1.365000000000002167e+01 7.999995856924832651e+02 1.770164159297268611e+02
1.380000000000002203e+01 7.999995856924832651e+02 1.770164159297268611e+02
1.395000000000002238e+01 7.999995856924832651e+02 1.770164159297268611e+02
1.410000000000002274e+01 7.999995856924832651e+02 1.770164159297268611e+02
1.425000000000002309e+01 7.999995856924832651e+02 1.770164159297268611e+02
1.440000000000002345e+01 7.999995856924832651e+02 1.770164159297268611e+02
1.455000000000002380e+01 7.999995856924832651e+02 1.770164159297268611e+02
1.470000000000002416e+01 7.999995856924832651e+02 1.770164159297268611e+02
1.485000000000002451e+01 7.999995856924832651e+02 1.770164159297268611e+02
1.500000000000002487e+01 7.999995856924832651e+02 1.770164159297268611e+02
1.515000000000002522e+01 7.999995856924832651e+02 1.770164159297268611e+02
1.530000000000002558e+01 7.999995856924832651e+02 1.770164159297268611e+02
1.545000000000002593e+01 7.999995856924832651e+02 1.770164159297268611e+02
1.560000000000002629e+01 7.999995856924832651e+02 1.770164159297268611e+02
1.575000000000002665e+01 7.999995856924832651e+02 1.770164159297268611e+02
1.590000000000002700e+01 7.999995856924832651e+02 1.770164159297268611e+02
