1.499999999999999944e-01 7.999998892614746637e+02 1.799990813958042111e+02
2.999999999999999889e-01 7.999998892614746637e+02 1.799990813958042111e+02
4.499999999999999556e-01 7.999998892614746637e+02 1.799990813958042111e+02
5.999999999999999778e-01 7.999998892614746637e+02 1.799990813958042111e+02
7.500000000000000000e-01 7.999998892614746637e+02 1.799990813958042111e+02
9.000000000000000222e-01 7.999998892614746637e+02 1.799990813958042111e+02
1.050000000000000044e+00 7.999998892614746637e+02 1.799990813958042111e+02
1.199999999999999956e+00 7.999998892614746637e+02 1.799990813958042111e+02
1.349999999999999867e+00 7.999998892614746637e+02 1.799990813958042111e+02
1.499999999999999778e+00 7.999998892614746637e+02 1.799990813958042111e+02
1.649999999999999689e+00 7.999998892614746637e+02 1.799990813958042111e+02
1.799999999999999600e+00 7.999998892614746637e+02 1.799990813958042111e+02
1.949999999999999512e+00 7.999998892614746637e+02 1.799990813958042111e+02
2.099999999999999645e+00 7.999999797521543314e+02 1.799990823635251047e+02
2.249999999999999556e+00 7.999999797521543314e+02 1.799990823635251047e+02
2.399999999999999467e+00 7.999999797521543314e+02 1.799990823635251047e+02
2.549999999999999378e+00 7.999999797521543314e+02 1.799990823635251047e+02
2.699999999999999289e+00 7.999999797521543314e+02 1.799990823635251047e+02
2.849999999999999201e+00 7.999999797521543314e+02 1.799990823635251047e+02
2.999999999999999112e+00 7.999999797521543314e+02 1.799990823635251047e+02
3.149999999999999023e+00 7.999999797521543314e+02 1.799990823635251047e+02
3.299999999999998934e+00 7.999999797521543314e+02 1.799990823635251047e+02
3.449999999999998845e+00 7.999999797521543314e+02 1.799990823635251047e+02
3.599999999999998757e+00 7.999999797521543314e+02 1.799990823635251047e+02
3.749999999999998668e+00 7.999999797521543314e+02 1.799990823635251047e+02
3.899999999999998579e+00 7.999999797521543314e+02 1.799990823635251047e+02
4.049999999999998934e+00 5.120141943328751495e+02 1.799990854999741146e+02
4.199999999999999289e+00 4.380333974557589158e+02 1.799990984120812527e+02
4.349999999999999645e+00 3.578581983452495479e+02 1.799991288004057708e+02
4.500000000000000000e+00 3.339539517249664300e+02 1.799991642983577833e+02
4.650000000000000355e+00 3.226021428440834597e+02 1.799992020716742047e+02
4.800000000000000711e+00 3.177826589096168277e+02 1.799992408231245236e+02
4.950000000000001066e+00 3.156222983380288838e+02 1.799992787149863034e+02
5.100000000000001421e+00 3.146614401969018786e+02 1.799993145297965782e+02
5.250000000000001776e+00 3.142312603228820080e+02 1.799993496575384029e+02
5.400000000000002132e+00 3.140387046226999814e+02 1.799993832958167275e+02
5.550000000000002487e+00 3.139524367942483423e+02 1.799994148460904739e+02
5.700000000000002842e+00 3.139137838563938203e+02 1.799994456729288004e+02
5.850000000000003197e+00 3.138964627825051821e+02 1.799994751711066101e+02
6.000000000000003553e+00 3.138887007154371531e+02 1.799995028674763944e+02
6.150000000000003908e+00 3.138852223761464302e+02 1.799995299387369698e+02
6.300000000000004263e+00 3.138836639752924498e+02 1.799995558779473299e+02
6.450000000000004619e+00 3.138829664877113714e+02 1.799995802907091047e+02
6.600000000000004974e+00 3.138826559357078736e+02 1.799996041751343796e+02
6.750000000000005329e+00 3.138825212846943487e+02 1.799996271050237056e+02
6.900000000000005684e+00 3.138824710332403924e+02 1.799996487534062339e+02
7.050000000000006040e+00 3.138824710332476684e+02 1.799996699598723069e+02
7.200000000000006395e+00 3.138825212847168018e+02 1.799996903693298407e+02
7.350000000000006750e+00 3.138826559357455608e+02 1.799997097150178433e+02
7.500000000000007105e+00 3.138829664877645200e+02 1.799997286958221139e+02
7.650000000000007461e+00 3.138836639753616851e+02 1.799997470201047349e+02
7.800000000000007816e+00 3.138852223762332301e+02 1.799997644755387682e+02
7.950000000000008171e+00 3.138887007155422566e+02 1.799997816350987137e+02
8.100000000000008527e+00 3.138964627826313745e+02 1.799997982640938119e+02
8.250000000000008882e+00 3.139137838565455922e+02 1.799998141994912544e+02
8.400000000000009237e+00 3.139524367944337655e+02 1.799998298993032790e+02
8.550000000000009592e+00 3.140387046229369048e+02 1.799998451779464403e+02
8.700000000000009948e+00 3.142312603232081756e+02 1.799998599119819289e+02
8.850000000000010303e+00 3.146614401973999406e+02 1.799998744408964626e+02
9.000000000000010658e+00 3.156222983388828425e+02 1.799998885945518623e+02
9.150000000000011013e+00 3.177826589112502234e+02 1.799999022242355124e+02
9.300000000000011369e+00 3.226021428474193158e+02 1.799999154130096599e+02
9.450000000000011724e+00 3.339539517325885640e+02 1.799999277678722081e+02
9.600000000000012079e+00 3.578581983607363100e+02 1.799999383751012090e+02
9.750000000000012434e+00 4.380333975136379081e+02 1.799999469186577414e+02
9.900000000000012790e+00 5.120141943735892482e+02 1.799999505762993977e+02
1.005000000000001315e+01 7.999999805110721809e+02 1.799999513086403624e+02
1.020000000000001350e+01 7.999999805110721809e+02 1.799999513086403624e+02
1.035000000000001386e+01 7.999999805110721809e+02 1.799999513086403624e+02
1.050000000000001421e+01 7.999999805110721809e+02 1.799999513086403624e+02
1.065000000000001457e+01 7.999999805110721809e+02 1.799999513086403624e+02
1.080000000000001492e+01 7.999999805110721809e+02 1.799999513086403624e+02
1.095000000000001528e+01 7.999999805110721809e+02 1.799999513086403624e+02
1.110000000000001563e+01 7.999999805110721809e+02 1.799999513086403624e+02
1.125000000000001599e+01 7.999999805110721809e+02 1.799999513086403624e+02
1.140000000000001634e+01 7.999999805110721809e+02 1.799999513086403624e+02
1.155000000000001670e+01 7.999999805110721809e+02 1.799999513086403624e+02
1.170000000000001705e+01 7.999999805110721809e+02 1.799999513086403624e+02
1.185000000000001741e+01 7.999999805110721809e+02 1.799999513086403624e+02
1.200000000000001776e+01 7.999999805110721809e+02 1.799999513086403624e+02
1.215000000000001812e+01 7.999999805110721809e+02 1.799999513086403624e+02
1.230000000000001847e+01 7.999999805110721809e+02 1.799999513086403624e+02
1.245000000000001883e+01 7.999999805110721809e+02 1.799999513086403624e+02
1.260000000000001918e+01 7.999999805110721809e+02 1.799999513086403624e+02
1.275000000000001954e+01 7.999999805110721809e+02 1.799999513086403624e+02
1.290000000000001990e+01 7.999999805110721809e+02 1.799999513086403624e+02
1.305000000000002025e+01 7.999998934121111915e+02 1.799999514825882727e+02
1.320000000000002061e+01 7.999998934121111915e+02 1.799999514825882727e+02
1.335000000000002096e+01 7.999998934121111915e+02 1.799999514825882727e+02
1.350000000000002132e+01 7.999998934121111915e+02 1.799999514825882727e+02
1.365000000000002167e+01 7.999998934121111915e+02 1.799999514825882727e+02
1.380000000000002203e+01 7.999998934121111915e+02 1.799999514825882727e+02
1.395000000000002238e+01 7.999998934121111915e+02 1.799999514825882727e+02
1.410000000000002274e+01 7.999998934121111915e+02 1.799999514825882727e+02
1.425000000000002309e+01 7.999998934121111915e+02 1.799999514825882727e+02
1.440000000000002345e+01 7.999998934121111915e+02 1.799999514825882727e+02
1.455000000000002380e+01 7.999998934121111915e+02 1.799999514825882727e+02
1.470000000000002416e+01 7.999998934121111915e+02 1.799999514825882727e+02
1.485000000000002451e+01 7.999998934121111915e+02 1.799999514825882727e+02
1.500000000000002487e+01 7.999998934121111915e+02 1.799999514825882727e+02
1.515000000000002522e+01 7.999998934121111915e+02 1.799999514825882727e+02
1.530000000000002558e+01 7.999998934121111915e+02 1.799999514825882727e+02
1.545000000000002593e+01 7.999998934121111915e+02 1.799999514825882727e+02
1.560000000000002629e+01 7.999998934121111915e+02 1.799999514825882727e+02
1.575000000000002665e+01 7.999998934121111915e+02 1.799999514825882727e+02
1.590000000000002700e+01 7.999998934121111915e+02 1.799999514825882727e+02
