1.499999999999999944e-01 7.999429783854523066e+02 1.799989564516584437e+02
2.999999999999999889e-01 7.999429783854523066e+02 1.799989564516584437e+02
4.499999999999999556e-01 7.999429783854523066e+02 1.799989564516584437e+02
5.999999999999999778e-01 7.999429783854523066e+02 1.799989564516584437e+02
7.500000000000000000e-01 7.999429783854523066e+02 1.799989564516584437e+02
9.000000000000000222e-01 7.999429783854523066e+02 1.799989564516584437e+02
1.050000000000000044e+00 7.999429783854523066e+02 1.799989564516584437e+02
1.199999999999999956e+00 7.999429783854523066e+02 1.799989564516584437e+02
1.349999999999999867e+00 7.999429783854523066e+02 1.799989564516584437e+02
1.499999999999999778e+00 7.999429783854523066e+02 1.799989564516584437e+02
1.649999999999999689e+00 7.999429783854523066e+02 1.799989564516584437e+02
1.799999999999999600e+00 7.999429783854523066e+02 1.799989564516584437e+02
1.949999999999999512e+00 7.999429783854523066e+02 1.799989564516584437e+02
2.099999999999999645e+00 7.999765365437166338e+02 1.799989569588031202e+02
2.249999999999999556e+00 7.999765365437166338e+02 1.799989569588031202e+02
2.399999999999999467e+00 7.999765365437166338e+02 1.799989569588031202e+02
2.549999999999999378e+00 7.999765365437166338e+02 1.799989569588031202e+02
2.699999999999999289e+00 7.999765365437166338e+02 1.799989569588031202e+02
2.849999999999999201e+00 7.999765365437166338e+02 1.799989569588031202e+02
2.999999999999999112e+00 7.999765365437166338e+02 1.799989569588031202e+02
3.149999999999999023e+00 7.999765365437166338e+02 1.799989569588031202e+02
3.299999999999998934e+00 7.999765365437166338e+02 1.799989569588031202e+02
3.449999999999998845e+00 7.999765365437166338e+02 1.799989569588031202e+02
3.599999999999998757e+00 7.999765365437166338e+02 1.799989569588031202e+02
3.749999999999998668e+00 7.999765365437166338e+02 1.799989569588031202e+02
3.899999999999998579e+00 7.999765365437166338e+02 1.799989569588031202e+02
4.049999999999998934e+00 4.713275543098624212e+02 1.799989577896101025e+02
4.199999999999999289e+00 2.703187040072598961e+02 1.799989595407894001e+02
4.349999999999999645e+00 1.129713390467202743e+02 1.799989677813692879e+02
4.500000000000000000e+00 5.335782337646094931e+01 1.799989845498138550e+02
4.650000000000000355e+00 2.491490825271801413e+01 1.799990200515330230e+02
4.800000000000000711e+00 1.222132697135952739e+01 1.799990913902730085e+02
4.950000000000001066e+00 6.434860660887899542e+00 1.799992174478904587e+02
5.100000000000001421e+00 3.813311618086729027e+00 1.799994000185046445e+02
5.250000000000001776e+00 2.623251104104866727e+00 1.799996042225023132e+02
5.400000000000002132e+00 2.083334883915711089e+00 1.799997738367227669e+02
5.550000000000002487e+00 1.838334861035804124e+00 1.799998835736177512e+02
5.700000000000002842e+00 1.727166269285646649e+00 1.799999437626783561e+02
5.850000000000003197e+00 1.676722771518541322e+00 1.799999737106864188e+02
6.000000000000003553e+00 1.653834033198990028e+00 1.799999878927195027e+02
6.150000000000003908e+00 1.643448747487951778e+00 1.799999944707732311e+02
6.300000000000004263e+00 1.638737743177415496e+00 1.799999974835218666e+02
6.450000000000004619e+00 1.636603146616550930e+00 1.799999988553908281e+02
6.600000000000004974e+00 1.635641285359071162e+00 1.799999994802498691e+02
6.750000000000005329e+00 1.635219656852541448e+00 1.799999997640670131e+02
6.900000000000005684e+00 1.635061005700038095e+00 1.799999998928163620e+02
7.050000000000006040e+00 1.635061005729539829e+00 1.799999999513581770e+02
7.200000000000006395e+00 1.635219656955797518e+00 1.799999999779275583e+02
7.350000000000006750e+00 1.635641285624586772e+00 1.799999999899760041e+02
7.500000000000007105e+00 1.636603147147582149e+00 1.799999999954536349e+02
7.650000000000007461e+00 1.638737744431239207e+00 1.799999999979393124e+02
7.800000000000007816e+00 1.643448750172609607e+00 1.799999999990665458e+02
7.950000000000008171e+00 1.653834039114087773e+00 1.799999999995789040e+02
8.100000000000008527e+00 1.676722784499304453e+00 1.799999999998114788e+02
8.250000000000008882e+00 1.727166297887578139e+00 1.799999999999169233e+02
8.400000000000009237e+00 1.838334924066259646e+00 1.799999999999643876e+02
8.550000000000009592e+00 2.083335022927883529e+00 1.799999999999853912e+02
8.700000000000009948e+00 2.623251410332869682e+00 1.799999999999943157e+02
8.850000000000010303e+00 3.813312293042159240e+00 1.799999999999973852e+02
9.000000000000010658e+00 6.434862147377039321e+00 1.799999999999982947e+02
9.150000000000011013e+00 1.222133025432728104e+01 1.799999999999980389e+02
9.300000000000011369e+00 2.491491544128670199e+01 1.799999999999982379e+02
9.450000000000011724e+00 5.335783959502882823e+01 1.799999999999982947e+02
9.600000000000012079e+00 1.129713723733464548e+02 1.799999999999982094e+02
9.750000000000012434e+00 2.703187986878689344e+02 1.799999999999979252e+02
9.900000000000012790e+00 4.713276510851295598e+02 1.799999999999979252e+02
1.005000000000001315e+01 7.999771092958535519e+02 1.799999999999978968e+02
1.020000000000001350e+01 7.999771092958535519e+02 1.799999999999978968e+02
1.035000000000001386e+01 7.999771092958535519e+02 1.799999999999978968e+02
1.050000000000001421e+01 7.999771092958535519e+02 1.799999999999978968e+02
1.065000000000001457e+01 7.999771092958535519e+02 1.799999999999978968e+02
1.080000000000001492e+01 7.999771092958535519e+02 1.799999999999978968e+02
1.095000000000001528e+01 7.999771092958535519e+02 1.799999999999978968e+02
1.110000000000001563e+01 7.999771092958535519e+02 1.799999999999978968e+02
1.125000000000001599e+01 7.999771092958535519e+02 1.799999999999978968e+02
1.140000000000001634e+01 7.999771092958535519e+02 1.799999999999978968e+02
1.155000000000001670e+01 7.999771092958535519e+02 1.799999999999978968e+02
1.170000000000001705e+01 7.999771092958535519e+02 1.799999999999978968e+02
1.185000000000001741e+01 7.999771092958535519e+02 1.799999999999978968e+02
1.200000000000001776e+01 7.999771092958535519e+02 1.799999999999978968e+02
1.215000000000001812e+01 7.999771092958535519e+02 1.799999999999978968e+02
1.230000000000001847e+01 7.999771092958535519e+02 1.799999999999978968e+02
1.245000000000001883e+01 7.999771092958535519e+02 1.799999999999978968e+02
1.260000000000001918e+01 7.999771092958535519e+02 1.799999999999978968e+02
1.275000000000001954e+01 7.999771092958535519e+02 1.799999999999978968e+02
1.290000000000001990e+01 7.999771092958535519e+02 1.799999999999978968e+02
1.305000000000002025e+01 7.999443703111228388e+02 1.799999999999978968e+02
1.320000000000002061e+01 7.999443703111228388e+02 1.799999999999978968e+02
1.335000000000002096e+01 7.999443703111228388e+02 1.799999999999978968e+02
1.350000000000002132e+01 7.999443703111228388e+02 1.799999999999978968e+02
1.365000000000002167e+01 7.999443703111228388e+02 1.799999999999978968e+02
1.380000000000002203e+01 7.999443703111228388e+02 1.799999999999978968e+02
1.395000000000002238e+01 7.999443703111228388e+02 1.799999999999978968e+02
1.410000000000002274e+01 7.999443703111228388e+02 1.799999999999978968e+02
1.425000000000002309e+01 7.999443703111228388e+02 1.799999999999978968e+02
1.440000000000002345e+01 7.999443703111228388e+02 1.799999999999978968e+02
1.455000000000002380e+01 7.999443703111228388e+02 1.799999999999978968e+02
1.470000000000002416e+01 7.999443703111228388e+02 1.799999999999978968e+02
1.485000000000002451e+01 7.999443703111228388e+02 1.799999999999978968e+02
1.500000000000002487e+01 7.999443703111228388e+02 1.799999999999978968e+02
1.515000000000002522e+01 7.999443703111228388e+02 1.799999999999978968e+02
1.530000000000002558e+01 7.999443703111228388e+02 1.799999999999978968e+02
1.545000000000002593e+01 7.999443703111228388e+02 1.799999999999978968e+02
1.560000000000002629e+01 7.999443703111228388e+02 1.799999999999978968e+02
1.575000000000002665e+01 7.999443703111228388e+02 1.799999999999978968e+02
1.590000000000002700e+01 7.999443703111228388e+02 1.799999999999978968e+02
