1.499999999999999944e-01 7.998137184560326887e+02 1.799996035094495994e+02
2.999999999999999889e-01 7.998137184560326887e+02 1.799996035094495994e+02
4.499999999999999556e-01 7.998137184560326887e+02 1.799996035094495994e+02
5.999999999999999778e-01 7.998137184560326887e+02 1.799996035094495994e+02
7.500000000000000000e-01 7.998137184560326887e+02 1.799996035094495994e+02
9.000000000000000222e-01 7.998137184560326887e+02 1.799996035094495994e+02
1.050000000000000044e+00 7.998137184560326887e+02 1.799996035094495994e+02
1.199999999999999956e+00 7.998137184560326887e+02 1.799996035094495994e+02
1.349999999999999867e+00 7.998137184560326887e+02 1.799996035094495994e+02
1.499999999999999778e+00 7.998137184560326887e+02 1.799996035094495994e+02
1.649999999999999689e+00 7.998137184560326887e+02 1.799996035094495994e+02
1.799999999999999600e+00 7.998137184560326887e+02 1.799996035094495994e+02
1.949999999999999512e+00 7.998137184560326887e+02 1.799996035094495994e+02
2.099999999999999645e+00 7.999105194858917685e+02 1.799996039540789070e+02
2.249999999999999556e+00 7.999105194858917685e+02 1.799996039540789070e+02
2.399999999999999467e+00 7.999105194858917685e+02 1.799996039540789070e+02
2.549999999999999378e+00 7.999105194858917685e+02 1.799996039540789070e+02
2.699999999999999289e+00 7.999105194858917685e+02 1.799996039540789070e+02
2.849999999999999201e+00 7.999105194858917685e+02 1.799996039540789070e+02
2.999999999999999112e+00 7.999105194858917685e+02 1.799996039540789070e+02
3.149999999999999023e+00 7.999105194858917685e+02 1.799996039540789070e+02
3.299999999999998934e+00 7.999105194858917685e+02 1.799996039540789070e+02
3.449999999999998845e+00 7.999105194858917685e+02 1.799996039540789070e+02
3.599999999999998757e+00 7.999105194858917685e+02 1.799996039540789070e+02
3.749999999999998668e+00 7.999105194858917685e+02 1.799996039540789070e+02
3.899999999999998579e+00 7.999105194858917685e+02 1.799996039540789070e+02
4.049999999999998934e+00 4.507639088974032120e+02 1.799996042546863180e+02
4.199999999999999289e+00 2.298890105221713327e+02 1.799996044966020463e+02
4.349999999999999645e+00 8.252966291496800011e+01 1.799996085985460752e+02
4.500000000000000000e+00 3.410484311315161676e+01 1.799996181012768943e+02
4.650000000000000355e+00 1.403147578157060948e+01 1.799996404370010339e+02
4.800000000000000711e+00 6.347861499342378977e+00 1.799996884961620935e+02
4.950000000000001066e+00 3.327651182555797504e+00 1.799997682280367997e+02
5.100000000000001421e+00 2.151187560389189457e+00 1.799998595738628921e+02
5.250000000000001776e+00 1.691487044551791996e+00 1.799999302661046556e+02
5.400000000000002132e+00 1.512051171137272831e+00 1.799999695338326262e+02
5.550000000000002487e+00 1.441985876223071728e+00 1.799999874928173824e+02
5.700000000000002842e+00 1.414630524736338657e+00 1.799999950211375790e+02
5.850000000000003197e+00 1.403949810073214621e+00 1.799999980408360614e+02
6.000000000000003553e+00 1.399779663257106677e+00 1.799999992306807428e+02
6.150000000000003908e+00 1.398151489751541021e+00 1.799999996992111164e+02
6.300000000000004263e+00 1.397515831708346923e+00 1.799999998824807790e+02
6.450000000000004619e+00 1.397267759471333193e+00 1.799999999539817850e+02
6.600000000000004974e+00 1.397171193347020335e+00 1.799999999820275036e+02
6.750000000000005329e+00 1.397134235373783895e+00 1.799999999929808894e+02
6.900000000000005684e+00 1.397121714277176352e+00 1.799999999972519333e+02
7.050000000000006040e+00 1.397121714291927219e+00 1.799999999989269099e+02
7.200000000000006395e+00 1.397134235418036496e+00 1.799999999995809219e+02
7.350000000000006750e+00 1.397171193435525538e+00 1.799999999998359215e+02
7.500000000000007105e+00 1.397267759736848802e+00 1.799999999999358806e+02
7.650000000000007461e+00 1.397515832283630743e+00 1.799999999999749321e+02
7.800000000000007816e+00 1.398151491226627741e+00 1.799999999999902514e+02
7.950000000000008171e+00 1.399779666959574342e+00 1.799999999999963052e+02
8.100000000000008527e+00 1.403949819558022227e+00 1.799999999999984084e+02
8.250000000000008882e+00 1.414630549104771262e+00 1.799999999999994316e+02
8.400000000000009237e+00 1.441985938751997764e+00 1.799999999999997726e+02
8.550000000000009592e+00 1.512051331346441430e+00 1.799999999999998010e+02
8.700000000000009948e+00 1.691487454832412141e+00 1.799999999999997726e+02
8.850000000000010303e+00 2.151188611698245268e+00 1.799999999999996874e+02
9.000000000000010658e+00 3.327653872332177798e+00 1.799999999999993747e+02
9.150000000000011013e+00 6.347868409998277173e+00 1.799999999999992042e+02
9.300000000000011369e+00 1.403149332248320391e+01 1.799999999999990621e+02
9.450000000000011724e+00 3.410488925274959371e+01 1.799999999999992895e+02
9.600000000000012079e+00 8.252977193413209989e+01 1.799999999999990905e+02
9.750000000000012434e+00 2.298893623744994841e+02 1.799999999999990337e+02
9.900000000000012790e+00 4.507643432465571323e+02 1.799999999999990621e+02
1.005000000000001315e+01 7.999126391797024098e+02 1.799999999999990337e+02
1.020000000000001350e+01 7.999126391797024098e+02 1.799999999999990337e+02
1.035000000000001386e+01 7.999126391797024098e+02 1.799999999999990337e+02
1.050000000000001421e+01 7.999126391797024098e+02 1.799999999999990337e+02
1.065000000000001457e+01 7.999126391797024098e+02 1.799999999999990337e+02
1.080000000000001492e+01 7.999126391797024098e+02 1.799999999999990337e+02
1.095000000000001528e+01 7.999126391797024098e+02 1.799999999999990337e+02
1.110000000000001563e+01 7.999126391797024098e+02 1.799999999999990337e+02
1.125000000000001599e+01 7.999126391797024098e+02 1.799999999999990337e+02
1.140000000000001634e+01 7.999126391797024098e+02 1.799999999999990337e+02
1.155000000000001670e+01 7.999126391797024098e+02 1.799999999999990337e+02
1.170000000000001705e+01 7.999126391797024098e+02 1.799999999999990337e+02
1.185000000000001741e+01 7.999126391797024098e+02 1.799999999999990337e+02
1.200000000000001776e+01 7.999126391797024098e+02 1.799999999999990337e+02
1.215000000000001812e+01 7.999126391797024098e+02 1.799999999999990337e+02
1.230000000000001847e+01 7.999126391797024098e+02 1.799999999999990337e+02
1.245000000000001883e+01 7.999126391797024098e+02 1.799999999999990337e+02
1.260000000000001918e+01 7.999126391797024098e+02 1.799999999999990337e+02
1.275000000000001954e+01 7.999126391797024098e+02 1.799999999999990337e+02
1.290000000000001990e+01 7.999126391797024098e+02 1.799999999999990337e+02
1.305000000000002025e+01 7.998181313197094369e+02 1.799999999999990052e+02
1.320000000000002061e+01 7.998181313197094369e+02 1.799999999999990052e+02
1.335000000000002096e+01 7.998181313197094369e+02 1.799999999999990052e+02
1.350000000000002132e+01 7.998181313197094369e+02 1.799999999999990052e+02
1.365000000000002167e+01 7.998181313197094369e+02 1.799999999999990052e+02
1.380000000000002203e+01 7.998181313197094369e+02 1.799999999999990052e+02
1.395000000000002238e+01 7.998181313197094369e+02 1.799999999999990052e+02
1.410000000000002274e+01 7.998181313197094369e+02 1.799999999999990052e+02
1.425000000000002309e+01 7.998181313197094369e+02 1.799999999999990052e+02
1.440000000000002345e+01 7.998181313197094369e+02 1.799999999999990052e+02
1.455000000000002380e+01 7.998181313197094369e+02 1.799999999999990052e+02
1.470000000000002416e+01 7.998181313197094369e+02 1.799999999999990052e+02
1.485000000000002451e+01 7.998181313197094369e+02 1.799999999999990052e+02
1.500000000000002487e+01 7.998181313197094369e+02 1.799999999999990052e+02
1.515000000000002522e+01 7.998181313197094369e+02 1.799999999999990052e+02
1.530000000000002558e+01 7.998181313197094369e+02 1.799999999999990052e+02
1.545000000000002593e+01 7.998181313197094369e+02 1.799999999999990052e+02
1.560000000000002629e+01 7.998181313197094369e+02 1.799999999999990052e+02
1.575000000000002665e+01 7.998181313197094369e+02 1.799999999999990052e+02
1.590000000000002700e+01 7.998181313197094369e+02 1.799999999999990052e+02
