1.499999999999999944e-01 7.999999915748122703e+02 5.369071916155362345e+01
2.999999999999999889e-01 7.999999915748122703e+02 5.369071916155362345e+01
4.499999999999999556e-01 7.999999915748122703e+02 5.369071916155362345e+01
5.999999999999999778e-01 7.999999915748122703e+02 5.369071916155362345e+01
7.500000000000000000e-01 7.999999915748122703e+02 5.369071916155362345e+01
9.000000000000000222e-01 7.999999915748122703e+02 5.369071916155362345e+01
1.050000000000000044e+00 7.999999915748122703e+02 5.369071916155362345e+01
1.199999999999999956e+00 7.999999915748122703e+02 5.369071916155362345e+01
1.349999999999999867e+00 7.999999915748122703e+02 5.369071916155362345e+01
1.499999999999999778e+00 7.999999915748122703e+02 5.369071916155362345e+01
1.649999999999999689e+00 7.999999915748122703e+02 5.369071916155362345e+01
1.799999999999999600e+00 7.999999915748122703e+02 5.369071916155362345e+01
1.949999999999999512e+00 7.999999915748122703e+02 5.369071916155362345e+01
2.099999999999999645e+00 7.999999988728569633e+02 5.375735493524358333e+01
2.249999999999999556e+00 7.999999988728569633e+02 5.375735493524358333e+01
2.399999999999999467e+00 7.999999988728569633e+02 5.375735493524358333e+01
2.549999999999999378e+00 7.999999988728569633e+02 5.375735493524358333e+01
2.699999999999999289e+00 7.999999988728569633e+02 5.375735493524358333e+01
2.849999999999999201e+00 7.999999988728569633e+02 5.375735493524358333e+01
2.999999999999999112e+00 7.999999988728569633e+02 5.375735493524358333e+01
3.149999999999999023e+00 7.999999988728569633e+02 5.375735493524358333e+01
3.299999999999998934e+00 7.999999988728569633e+02 5.375735493524358333e+01
3.449999999999998845e+00 7.999999988728569633e+02 5.375735493524358333e+01
3.599999999999998757e+00 7.999999988728569633e+02 5.375735493524358333e+01
3.749999999999998668e+00 7.999999988728569633e+02 5.375735493524358333e+01
3.899999999999998579e+00 7.999999988728569633e+02 5.375735493524358333e+01
4.049999999999998934e+00 5.157273367950838292e+02 5.410591770174788451e+01
4.199999999999999289e+00 4.678612987144369981e+02 5.563500671108837992e+01
4.349999999999999645e+00 4.136607135010964953e+02 5.870835012026631006e+01
4.500000000000000000e+00 4.024575739481704773e+02 6.202117125092552641e+01
4.650000000000000355e+00 3.982419582337057591e+02 6.549690575501709588e+01
4.800000000000000711e+00 3.969951427010257134e+02 6.896442125231197906e+01
4.950000000000001066e+00 3.966105456357101957e+02 7.239745924550284428e+01
5.100000000000001421e+00 3.965148244732479839e+02 7.578091803211853517e+01
5.250000000000001776e+00 3.965108131209283329e+02 7.911050481065385043e+01
5.400000000000002132e+00 3.965363173315096788e+02 8.238426558881940309e+01
5.550000000000002487e+00 3.965709894195261995e+02 8.560133828190072336e+01
5.700000000000002842e+00 3.966081982238277419e+02 8.876130244028892946e+01
5.850000000000003197e+00 3.966457242072372651e+02 9.186400041287647866e+01
6.000000000000003553e+00 3.966827831390953065e+02 9.490947219712505500e+01
6.150000000000003908e+00 3.967190629462646712e+02 9.789793095135874523e+01
6.300000000000004263e+00 3.967544129518874456e+02 1.008297416008067557e+02
6.450000000000004619e+00 3.967887428994943093e+02 1.037054119541395494e+02
6.600000000000004974e+00 3.968219901846163111e+02 1.065255848885371392e+02
6.750000000000005329e+00 3.968541086124650406e+02 1.092910228215123709e+02
6.900000000000005684e+00 3.968850639175043398e+02 1.120026008786921068e+02
7.050000000000006040e+00 3.969148319972042032e+02 1.146613001590260410e+02
7.200000000000006395e+00 3.969433976684551340e+02 1.172681934672789197e+02
7.350000000000006750e+00 3.969707535275671262e+02 1.198244394518837197e+02
7.500000000000007105e+00 3.969968995381414629e+02 1.223312769045122650e+02
7.650000000000007461e+00 3.970218431345617773e+02 1.247900120018667423e+02
7.800000000000007816e+00 3.970456012433709247e+02 1.272020136141685498e+02
7.950000000000008171e+00 3.970682091529820923e+02 1.295687087219070577e+02
8.100000000000008527e+00 3.970897493260371220e+02 1.318915709800405125e+02
8.250000000000008882e+00 3.971104428246021030e+02 1.341721162010888122e+02
8.400000000000009237e+00 3.971309369560023015e+02 1.364118955950395389e+02
8.550000000000009592e+00 3.971532064350246856e+02 1.386124757805491754e+02
8.700000000000009948e+00 3.971833599182542116e+02 1.407754021299331271e+02
8.850000000000010303e+00 3.972405108073255064e+02 1.429021024216690705e+02
9.000000000000010658e+00 3.973837638608132465e+02 1.449935172278011919e+02
9.150000000000011013e+00 3.978029440094498455e+02 1.470494157955124024e+02
9.300000000000011369e+00 3.990537715047914276e+02 1.490638165644266735e+02
9.450000000000011724e+00 4.032094280612148509e+02 1.510249029014489963e+02
9.600000000000012079e+00 4.142350160829575998e+02 1.528444936259281235e+02
9.750000000000012434e+00 4.680655864922069895e+02 1.544854488998965394e+02
9.900000000000012790e+00 5.157344510800306807e+02 1.552816849559121977e+02
1.005000000000001315e+01 7.999999988793180137e+02 1.554537977883637723e+02
1.020000000000001350e+01 7.999999988793180137e+02 1.554537977883637723e+02
1.035000000000001386e+01 7.999999988793180137e+02 1.554537977883637723e+02
1.050000000000001421e+01 7.999999988793180137e+02 1.554537977883637723e+02
1.065000000000001457e+01 7.999999988793180137e+02 1.554537977883637723e+02
1.080000000000001492e+01 7.999999988793180137e+02 1.554537977883637723e+02
1.095000000000001528e+01 7.999999988793180137e+02 1.554537977883637723e+02
1.110000000000001563e+01 7.999999988793180137e+02 1.554537977883637723e+02
1.125000000000001599e+01 7.999999988793180137e+02 1.554537977883637723e+02
1.140000000000001634e+01 7.999999988793180137e+02 1.554537977883637723e+02
1.155000000000001670e+01 7.999999988793180137e+02 1.554537977883637723e+02
1.170000000000001705e+01 7.999999988793180137e+02 1.554537977883637723e+02
1.185000000000001741e+01 7.999999988793180137e+02 1.554537977883637723e+02
1.200000000000001776e+01 7.999999988793180137e+02 1.554537977883637723e+02
1.215000000000001812e+01 7.999999988793180137e+02 1.554537977883637723e+02
1.230000000000001847e+01 7.999999988793180137e+02 1.554537977883637723e+02
1.245000000000001883e+01 7.999999988793180137e+02 1.554537977883637723e+02
1.260000000000001918e+01 7.999999988793180137e+02 1.554537977883637723e+02
1.275000000000001954e+01 7.999999988793180137e+02 1.554537977883637723e+02
1.290000000000001990e+01 7.999999988793180137e+02 1.554537977883637723e+02
1.305000000000002025e+01 7.999999916198579513e+02 1.554875412406502164e+02
1.320000000000002061e+01 7.999999916198579513e+02 1.554875412406502164e+02
1.335000000000002096e+01 7.999999916198579513e+02 1.554875412406502164e+02
1.350000000000002132e+01 7.999999916198579513e+02 1.554875412406502164e+02
1.365000000000002167e+01 7.999999916198579513e+02 1.554875412406502164e+02
1.380000000000002203e+01 7.999999916198579513e+02 1.554875412406502164e+02
1.395000000000002238e+01 7.999999916198579513e+02 1.554875412406502164e+02
1.410000000000002274e+01 7.999999916198579513e+02 1.554875412406502164e+02
1.425000000000002309e+01 7.999999916198579513e+02 1.554875412406502164e+02
1.440000000000002345e+01 7.999999916198579513e+02 1.554875412406502164e+02
1.455000000000002380e+01 7.999999916198579513e+02 1.554875412406502164e+02
1.470000000000002416e+01 7.999999916198579513e+02 1.554875412406502164e+02
1.485000000000002451e+01 7.999999916198579513e+02 1.554875412406502164e+02
1.500000000000002487e+01 7.999999916198579513e+02 1.554875412406502164e+02
1.515000000000002522e+01 7.999999916198579513e+02 1.554875412406502164e+02
1.530000000000002558e+01 7.999999916198579513e+02 1.554875412406502164e+02
1.545000000000002593e+01 7.999999916198579513e+02 1.554875412406502164e+02
1.560000000000002629e+01 7.999999916198579513e+02 1.554875412406502164e+02
1.575000000000002665e+01 7.999999916198579513e+02 1.554875412406502164e+02
1.590000000000002700e+01 7.999999916198579513e+02 1.554875412406502164e+02
