1.499999999999999944e-01 7.995269817575453999e+02 1.799992905640471577e+02
2.999999999999999889e-01 7.995269817575453999e+02 1.799992905640471577e+02
4.499999999999999556e-01 7.995269817575453999e+02 1.799992905640471577e+02
5.999999999999999778e-01 7.995269817575453999e+02 1.799992905640471577e+02
7.500000000000000000e-01 7.995269817575453999e+02 1.799992905640471577e+02
9.000000000000000222e-01 7.995269817575453999e+02 1.799992905640471577e+02
1.050000000000000044e+00 7.995269817575453999e+02 1.799992905640471577e+02
1.199999999999999956e+00 7.995269817575453999e+02 1.799992905640471577e+02
1.349999999999999867e+00 7.995269817575453999e+02 1.799992905640471577e+02
1.499999999999999778e+00 7.995269817575453999e+02 1.799992905640471577e+02
1.649999999999999689e+00 7.995269817575453999e+02 1.799992905640471577e+02
1.799999999999999600e+00 7.995269817575453999e+02 1.799992905640471577e+02
1.949999999999999512e+00 7.995269817575453999e+02 1.799992905640471577e+02
2.099999999999999645e+00 7.997439859685503052e+02 1.799992910322313833e+02
2.249999999999999556e+00 7.997439859685503052e+02 1.799992910322313833e+02
2.399999999999999467e+00 7.997439859685503052e+02 1.799992910322313833e+02
2.549999999999999378e+00 7.997439859685503052e+02 1.799992910322313833e+02
2.699999999999999289e+00 7.997439859685503052e+02 1.799992910322313833e+02
2.849999999999999201e+00 7.997439859685503052e+02 1.799992910322313833e+02
2.999999999999999112e+00 7.997439859685503052e+02 1.799992910322313833e+02
3.149999999999999023e+00 7.997439859685503052e+02 1.799992910322313833e+02
3.299999999999998934e+00 7.997439859685503052e+02 1.799992910322313833e+02
3.449999999999998845e+00 7.997439859685503052e+02 1.799992910322313833e+02
3.599999999999998757e+00 7.997439859685503052e+02 1.799992910322313833e+02
3.749999999999998668e+00 7.997439859685503052e+02 1.799992910322313833e+02
3.899999999999998579e+00 7.997439859685503052e+02 1.799992910322313833e+02
4.049999999999998934e+00 4.289899628541144239e+02 1.799992915462908911e+02
4.199999999999999289e+00 1.977603721774762562e+02 1.799992923830753284e+02
4.349999999999999645e+00 6.254634147940111433e+01 1.799992991218452119e+02
4.500000000000000000e+00 2.312445292839195332e+01 1.799993163633818938e+02
4.650000000000000355e+00 8.497320116307363946e+00 1.799993625734223883e+02
4.800000000000000711e+00 3.542687159847830003e+00 1.799994670017869396e+02
4.950000000000001066e+00 1.809136313714475364e+00 1.799996386695776209e+02
5.100000000000001421e+00 1.209877117682140124e+00 1.799998122026375142e+02
5.250000000000001776e+00 1.001790842947457350e+00 1.799999213535939475e+02
5.400000000000002132e+00 9.296557047996998335e-01 1.799999706021992267e+02
5.550000000000002487e+00 9.046338092499013328e-01 1.799999895070363038e+02
5.700000000000002842e+00 8.959563373156811394e-01 1.799999963252415682e+02
5.850000000000003197e+00 8.929467735222829106e-01 1.799999987211290033e+02
6.000000000000003553e+00 8.919030153173821418e-01 1.799999995552814198e+02
6.150000000000003908e+00 8.915410221625279519e-01 1.799999998456877677e+02
6.300000000000004263e+00 8.914154797739684000e-01 1.799999999464696430e+02
6.450000000000004619e+00 8.913719475162338313e-01 1.799999999814060914e+02
6.600000000000004974e+00 8.913568729560097381e-01 1.799999999935506594e+02
6.750000000000005329e+00 8.913517114800697527e-01 1.799999999977630409e+02
6.900000000000005684e+00 8.913501136071317887e-01 1.799999999992230073e+02
7.050000000000006040e+00 8.913501135776300544e-01 1.799999999997304201e+02
7.200000000000006395e+00 8.913517114800697527e-01 1.799999999999066063e+02
7.350000000000006750e+00 8.913568729855114725e-01 1.799999999999674287e+02
7.500000000000007105e+00 8.913719476047390344e-01 1.799999999999888018e+02
7.650000000000007461e+00 8.914154800394840095e-01 1.799999999999960778e+02
7.800000000000007816e+00 8.915410228705695772e-01 1.799999999999986642e+02
7.950000000000008171e+00 8.919030174415070178e-01 1.799999999999995168e+02
8.100000000000008527e+00 8.929467795701384603e-01 1.799999999999998010e+02
8.250000000000008882e+00 8.959563547512061632e-01 1.799999999999999432e+02
8.400000000000009237e+00 9.046338596978671376e-01 1.799999999999999716e+02
8.550000000000009592e+00 9.296558503022538389e-01 1.799999999999998579e+02
8.700000000000009948e+00 1.001791262226106483e+00 1.799999999999995737e+02
8.850000000000010303e+00 1.209878327518765673e+00 1.799999999999988631e+02
9.000000000000010658e+00 1.809139796394219957e+00 1.799999999999976126e+02
9.150000000000011013e+00 3.542697244174931370e+00 1.799999999999967599e+02
9.300000000000011369e+00 8.497348864973105265e+00 1.799999999999960494e+02
9.450000000000011724e+00 2.312453837788936895e+01 1.799999999999955378e+02
9.600000000000012079e+00 6.254656726472298089e+01 1.799999999999955094e+02
9.750000000000012434e+00 1.977611851879816811e+02 1.799999999999953673e+02
9.900000000000012790e+00 4.289911470970413916e+02 1.799999999999953388e+02
1.005000000000001315e+01 7.997490447357100720e+02 1.799999999999953673e+02
1.020000000000001350e+01 7.997490447357100720e+02 1.799999999999953673e+02
1.035000000000001386e+01 7.997490447357100720e+02 1.799999999999953673e+02
1.050000000000001421e+01 7.997490447357100720e+02 1.799999999999953673e+02
1.065000000000001457e+01 7.997490447357100720e+02 1.799999999999953673e+02
1.080000000000001492e+01 7.997490447357100720e+02 1.799999999999953673e+02
1.095000000000001528e+01 7.997490447357100720e+02 1.799999999999953673e+02
1.110000000000001563e+01 7.997490447357100720e+02 1.799999999999953673e+02
1.125000000000001599e+01 7.997490447357100720e+02 1.799999999999953673e+02
1.140000000000001634e+01 7.997490447357100720e+02 1.799999999999953673e+02
1.155000000000001670e+01 7.997490447357100720e+02 1.799999999999953673e+02
1.170000000000001705e+01 7.997490447357100720e+02 1.799999999999953673e+02
1.185000000000001741e+01 7.997490447357100720e+02 1.799999999999953673e+02
1.200000000000001776e+01 7.997490447357100720e+02 1.799999999999953673e+02
1.215000000000001812e+01 7.997490447357100720e+02 1.799999999999953673e+02
1.230000000000001847e+01 7.997490447357100720e+02 1.799999999999953673e+02
1.245000000000001883e+01 7.997490447357100720e+02 1.799999999999953673e+02
1.260000000000001918e+01 7.997490447357100720e+02 1.799999999999953673e+02
1.275000000000001954e+01 7.997490447357100720e+02 1.799999999999953673e+02
1.290000000000001990e+01 7.997490447357100720e+02 1.799999999999953673e+02
1.305000000000002025e+01 7.995363287467454256e+02 1.799999999999955094e+02
1.320000000000002061e+01 7.995363287467454256e+02 1.799999999999955094e+02
1.335000000000002096e+01 7.995363287467454256e+02 1.799999999999955094e+02
1.350000000000002132e+01 7.995363287467454256e+02 1.799999999999955094e+02
1.365000000000002167e+01 7.995363287467454256e+02 1.799999999999955094e+02
1.380000000000002203e+01 7.995363287467454256e+02 1.799999999999955094e+02
1.395000000000002238e+01 7.995363287467454256e+02 1.799999999999955094e+02
1.410000000000002274e+01 7.995363287467454256e+02 1.799999999999955094e+02
1.425000000000002309e+01 7.995363287467454256e+02 1.799999999999955094e+02
1.440000000000002345e+01 7.995363287467454256e+02 1.799999999999955094e+02
1.455000000000002380e+01 7.995363287467454256e+02 1.799999999999955094e+02
1.470000000000002416e+01 7.995363287467454256e+02 1.799999999999955094e+02
1.485000000000002451e+01 7.995363287467454256e+02 1.799999999999955094e+02
1.500000000000002487e+01 7.995363287467454256e+02 1.799999999999955094e+02
1.515000000000002522e+01 7.995363287467454256e+02 1.799999999999955094e+02
1.530000000000002558e+01 7.995363287467454256e+02 1.799999999999955094e+02
1.545000000000002593e+01 7.995363287467454256e+02 1.799999999999955094e+02
1.560000000000002629e+01 7.995363287467454256e+02 1.799999999999955094e+02
1.575000000000002665e+01 7.995363287467454256e+02 1.799999999999955094e+02
1.590000000000002700e+01 7.995363287467454256e+02 1.799999999999955094e+02
