1.499999999999999944e-01 7.998797041821820812e+02 1.799995124064764127e+02
2.999999999999999889e-01 7.998797041821820812e+02 1.799995124064764127e+02
4.499999999999999556e-01 7.998797041821820812e+02 1.799995124064764127e+02
5.999999999999999778e-01 7.998797041821820812e+02 1.799995124064764127e+02
7.500000000000000000e-01 7.998797041821820812e+02 1.799995124064764127e+02
9.000000000000000222e-01 7.998797041821820812e+02 1.799995124064764127e+02
1.050000000000000044e+00 7.998797041821820812e+02 1.799995124064764127e+02
1.199999999999999956e+00 7.998797041821820812e+02 1.799995124064764127e+02
1.349999999999999867e+00 7.998797041821820812e+02 1.799995124064764127e+02
1.499999999999999778e+00 7.998797041821820812e+02 1.799995124064764127e+02
1.649999999999999689e+00 7.998797041821820812e+02 1.799995124064764127e+02
1.799999999999999600e+00 7.998797041821820812e+02 1.799995124064764127e+02
1.949999999999999512e+00 7.998797041821820812e+02 1.799995124064764127e+02
2.099999999999999645e+00 7.999454121229312022e+02 1.799995128586139685e+02
2.249999999999999556e+00 7.999454121229312022e+02 1.799995128586139685e+02
2.399999999999999467e+00 7.999454121229312022e+02 1.799995128586139685e+02
2.549999999999999378e+00 7.999454121229312022e+02 1.799995128586139685e+02
2.699999999999999289e+00 7.999454121229312022e+02 1.799995128586139685e+02
2.849999999999999201e+00 7.999454121229312022e+02 1.799995128586139685e+02
2.999999999999999112e+00 7.999454121229312022e+02 1.799995128586139685e+02
3.149999999999999023e+00 7.999454121229312022e+02 1.799995128586139685e+02
3.299999999999998934e+00 7.999454121229312022e+02 1.799995128586139685e+02
3.449999999999998845e+00 7.999454121229312022e+02 1.799995128586139685e+02
3.599999999999998757e+00 7.999454121229312022e+02 1.799995128586139685e+02
3.749999999999998668e+00 7.999454121229312022e+02 1.799995128586139685e+02
3.899999999999998579e+00 7.999454121229312022e+02 1.799995128586139685e+02
4.049999999999998934e+00 4.591915992230614165e+02 1.799995132338216877e+02
4.199999999999999289e+00 2.449164767343023641e+02 1.799995136902519164e+02
4.349999999999999645e+00 9.306045476135645345e+01 1.799995183198336122e+02
4.500000000000000000e+00 4.039356516506909855e+01 1.799995285572313719e+02
4.650000000000000355e+00 1.739923372666863344e+01 1.799995516382662117e+02
4.800000000000000711e+00 8.083762487542010433e+00 1.799996004866831072e+02
4.950000000000001066e+00 4.217050966830271364e+00 1.799996842392750409e+02
5.100000000000001421e+00 2.624653924187043685e+00 1.799997901081776490e+02
5.250000000000001776e+00 1.967139123077885188e+00 1.799998844280234209e+02
5.400000000000002132e+00 1.695878341413674661e+00 1.799999446679113930e+02
5.550000000000002487e+00 1.583936361622761524e+00 1.799999754988811560e+02
5.700000000000002842e+00 1.537745240236489508e+00 1.799999895837940755e+02
5.850000000000003197e+00 1.518684604075701827e+00 1.799999956469425797e+02
6.000000000000003553e+00 1.510819387935498526e+00 1.799999981902990100e+02
6.150000000000003908e+00 1.507573913965586598e+00 1.799999992514698590e+02
6.300000000000004263e+00 1.506234846910160741e+00 1.799999996907826585e+02
6.450000000000004619e+00 1.505682673892749790e+00 1.799999998720675762e+02
6.600000000000004974e+00 1.505455756906940223e+00 1.799999999471901617e+02
6.750000000000005329e+00 1.505364384680973444e+00 1.799999999782023679e+02
6.900000000000005684e+00 1.505332166426882168e+00 1.799999999909848327e+02
7.050000000000006040e+00 1.505332166412131301e+00 1.799999999962792003e+02
7.200000000000006395e+00 1.505364384739976913e+00 1.799999999984642614e+02
7.350000000000006750e+00 1.505455757039698028e+00 1.799999999993650022e+02
7.500000000000007105e+00 1.505682674187767134e+00 1.799999999997378666e+02
7.650000000000007461e+00 1.506234847662454968e+00 1.799999999998917133e+02
7.800000000000007816e+00 1.507573915779943263e+00 1.799999999999552927e+02
7.950000000000008171e+00 1.510819392390260418e+00 1.799999999999816112e+02
8.100000000000008527e+00 1.518684614961841817e+00 1.799999999999924114e+02
8.250000000000008882e+00 1.537745266566787450e+00 1.799999999999966462e+02
8.400000000000009237e+00 1.583936425405511272e+00 1.799999999999980673e+02
8.550000000000009592e+00 1.695878496017513726e+00 1.799999999999982094e+02
8.700000000000009948e+00 1.967139497676157589e+00 1.799999999999971010e+02
8.850000000000010303e+00 2.624654832279929906e+00 1.799999999999947988e+02
9.000000000000010658e+00 4.217053165520781022e+00 1.799999999999922409e+02
9.150000000000011013e+00 8.083767830354048556e+00 1.799999999999902514e+02
9.300000000000011369e+00 1.739924657082582726e+01 1.799999999999889155e+02
9.450000000000011724e+00 4.039359708616697020e+01 1.799999999999884892e+02
9.600000000000012079e+00 9.306052637553450779e+01 1.799999999999880913e+02
9.750000000000012434e+00 2.449166968353269738e+02 1.799999999999880345e+02
9.900000000000012790e+00 4.591918517921699845e+02 1.799999999999880629e+02
1.005000000000001315e+01 7.999467324253947709e+02 1.799999999999880060e+02
1.020000000000001350e+01 7.999467324253947709e+02 1.799999999999880060e+02
1.035000000000001386e+01 7.999467324253947709e+02 1.799999999999880060e+02
1.050000000000001421e+01 7.999467324253947709e+02 1.799999999999880060e+02
1.065000000000001457e+01 7.999467324253947709e+02 1.799999999999880060e+02
1.080000000000001492e+01 7.999467324253947709e+02 1.799999999999880060e+02
1.095000000000001528e+01 7.999467324253947709e+02 1.799999999999880060e+02
1.110000000000001563e+01 7.999467324253947709e+02 1.799999999999880060e+02
1.125000000000001599e+01 7.999467324253947709e+02 1.799999999999880060e+02
1.140000000000001634e+01 7.999467324253947709e+02 1.799999999999880060e+02
1.155000000000001670e+01 7.999467324253947709e+02 1.799999999999880060e+02
1.170000000000001705e+01 7.999467324253947709e+02 1.799999999999880060e+02
1.185000000000001741e+01 7.999467324253947709e+02 1.799999999999880060e+02
1.200000000000001776e+01 7.999467324253947709e+02 1.799999999999880060e+02
1.215000000000001812e+01 7.999467324253947709e+02 1.799999999999880060e+02
1.230000000000001847e+01 7.999467324253947709e+02 1.799999999999880060e+02
1.245000000000001883e+01 7.999467324253947709e+02 1.799999999999880060e+02
1.260000000000001918e+01 7.999467324253947709e+02 1.799999999999880060e+02
1.275000000000001954e+01 7.999467324253947709e+02 1.799999999999880060e+02
1.290000000000001990e+01 7.999467324253947709e+02 1.799999999999880060e+02
1.305000000000002025e+01 7.998826137717267102e+02 1.799999999999880345e+02
1.320000000000002061e+01 7.998826137717267102e+02 1.799999999999880345e+02
1.335000000000002096e+01 7.998826137717267102e+02 1.799999999999880345e+02
1.350000000000002132e+01 7.998826137717267102e+02 1.799999999999880345e+02
1.365000000000002167e+01 7.998826137717267102e+02 1.799999999999880345e+02
1.380000000000002203e+01 7.998826137717267102e+02 1.799999999999880345e+02
1.395000000000002238e+01 7.998826137717267102e+02 1.799999999999880345e+02
1.410000000000002274e+01 7.998826137717267102e+02 1.799999999999880345e+02
1.425000000000002309e+01 7.998826137717267102e+02 1.799999999999880345e+02
1.440000000000002345e+01 7.998826137717267102e+02 1.799999999999880345e+02
1.455000000000002380e+01 7.998826137717267102e+02 1.799999999999880345e+02
1.470000000000002416e+01 7.998826137717267102e+02 1.799999999999880345e+02
1.485000000000002451e+01 7.998826137717267102e+02 1.799999999999880345e+02
1.500000000000002487e+01 7.998826137717267102e+02 1.799999999999880345e+02
1.515000000000002522e+01 7.998826137717267102e+02 1.799999999999880345e+02
1.530000000000002558e+01 7.998826137717267102e+02 1.799999999999880345e+02
1.545000000000002593e+01 7.998826137717267102e+02 1.799999999999880345e+02
1.560000000000002629e+01 7.998826137717267102e+02 1.799999999999880345e+02
1.575000000000002665e+01 7.998826137717267102e+02 1.799999999999880345e+02
1.590000000000002700e+01 7.998826137717267102e+02 1.799999999999880345e+02
