1.499999999999999944e-01 7.999978240387308688e+02 9.687061093410775925e-05
2.999999999999999889e-01 7.999978240387308688e+02 9.687061093410775925e-05
4.499999999999999556e-01 7.999978240387308688e+02 9.687061093410775925e-05
5.999999999999999778e-01 7.999978240387308688e+02 9.687061093410775925e-05
7.500000000000000000e-01 7.999978240387308688e+02 9.687061093410775925e-05
9.000000000000000222e-01 7.999978240387308688e+02 9.687061093410775925e-05
1.050000000000000044e+00 7.999978240387308688e+02 9.687061093410775925e-05
1.199999999999999956e+00 7.999978240387308688e+02 9.687061093410775925e-05
1.349999999999999867e+00 7.999978240387308688e+02 9.687061093410775925e-05
1.499999999999999778e+00 7.999978240387308688e+02 9.687061093410775925e-05
1.649999999999999689e+00 7.999978240387308688e+02 9.687061093410775925e-05
1.799999999999999600e+00 7.999978240387308688e+02 9.687061093410775925e-05
1.949999999999999512e+00 7.999978240387308688e+02 9.687061093410775925e-05
2.099999999999999645e+00 7.999994163001829293e+02 9.683458785458842755e-05
2.249999999999999556e+00 7.999994163001829293e+02 9.683458785458842755e-05
2.399999999999999467e+00 7.999994163001829293e+02 9.683458785458842755e-05
2.549999999999999378e+00 7.999994163001829293e+02 9.683458785458842755e-05
2.699999999999999289e+00 7.999994163001829293e+02 9.683458785458842755e-05
2.849999999999999201e+00 7.999994163001829293e+02 9.683458785458842755e-05
2.999999999999999112e+00 7.999994163001829293e+02 9.683458785458842755e-05
3.149999999999999023e+00 7.999994163001829293e+02 9.683458785458842755e-05
3.299999999999998934e+00 7.999994163001829293e+02 9.683458785458842755e-05
3.449999999999998845e+00 7.999994163001829293e+02 9.683458785458842755e-05
3.599999999999998757e+00 7.999994163001829293e+02 9.683458785458842755e-05
3.749999999999998668e+00 7.999994163001829293e+02 9.683458785458842755e-05
3.899999999999998579e+00 7.999994163001829293e+02 9.683458785458842755e-05
4.049999999999998934e+00 5.014494585562994189e+02 9.694717713271128190e-05
4.199999999999999289e+00 3.717013242508310213e+02 9.738980430218369122e-05
4.349999999999999645e+00 2.325253097530253399e+02 9.815153234793427828e-05
4.500000000000000000e+00 1.648388857914613652e+02 9.926992312370153115e-05
4.650000000000000355e+00 1.181703614571370906e+02 1.010807202641572644e-04
4.800000000000000711e+00 8.580491280448464408e+01 1.034542692742723702e-04
4.950000000000001066e+00 6.225891745203715288e+01 1.068264091871329313e-04
5.100000000000001421e+00 4.483951960561509509e+01 1.118198938966363798e-04
5.250000000000001776e+00 3.180765524863086569e+01 1.189671399793867934e-04
5.400000000000002132e+00 2.200199405927134322e+01 1.299680104037692630e-04
5.550000000000002487e+00 1.459845111952213159e+01 1.483195016670491029e-04
5.700000000000002842e+00 8.995216940674794159e+00 1.820683581112980676e-04
5.850000000000003197e+00 4.744396907849221634e+00 2.611274255519546728e-04
6.000000000000003553e+00 1.508883072059433061e+00 6.219602757940867477e-04
6.150000000000003908e+00 9.671130087269830256e-01 1.799992659551755594e+02
6.300000000000004263e+00 2.879197305526105310e+00 1.799998134955872899e+02
6.450000000000004619e+00 4.378494910342084268e+00 1.799999071113258537e+02
6.600000000000004974e+00 5.583618132513890941e+00 1.799999449088429628e+02
6.750000000000005329e+00 6.590013658674145347e+00 1.799999646985215804e+02
6.900000000000005684e+00 7.477481311974706557e+00 1.799999764405887959e+02
7.050000000000006040e+00 8.316472909554178727e+00 1.799999839825682102e+02
7.200000000000006395e+00 9.173672046936680147e+00 1.799999890212020262e+02
7.350000000000006750e+00 1.011729865745736845e+01 1.799999924641743121e+02
7.500000000000007105e+00 1.122256576004302531e+01 1.799999948650911108e+02
7.650000000000007461e+00 1.257773857390692029e+01 1.799999965378071920e+02
7.800000000000007816e+00 1.429131413797583150e+01 1.799999976949928850e+02
7.950000000000008171e+00 1.650096849956002742e+01 1.799999984924342868e+02
8.100000000000008527e+00 1.938514156380426101e+01 1.799999990313220906e+02
8.250000000000008882e+00 2.317851591267209699e+01 1.799999993878550981e+02
8.400000000000009237e+00 2.819333882053121343e+01 1.799999996202953412e+02
8.550000000000009592e+00 3.484987511374328761e+01 1.799999997680816080e+02
8.700000000000009948e+00 4.372189116744439730e+01 1.799999998598818536e+02
8.850000000000010303e+00 5.560945010747349926e+01 1.799999999160392861e+02
9.000000000000010658e+00 7.166113391608571703e+01 1.799999999495638576e+02
9.150000000000011013e+00 9.362461403259824522e+01 1.799999999690905099e+02
9.300000000000011369e+00 1.242362073885766307e+02 1.799999999802073773e+02
9.450000000000011724e+00 1.690635468569503814e+02 1.799999999863003666e+02
9.600000000000012079e+00 2.349837741596562921e+02 1.799999999893713891e+02
9.750000000000012434e+00 3.725501517494395216e+02 1.799999999908563382e+02
9.900000000000012790e+00 5.015074476095207956e+02 1.799999999912937199e+02
1.005000000000001315e+01 7.999994241723444475e+02 1.799999999913676163e+02
1.020000000000001350e+01 7.999994241723444475e+02 1.799999999913676163e+02
1.035000000000001386e+01 7.999994241723444475e+02 1.799999999913676163e+02
1.050000000000001421e+01 7.999994241723444475e+02 1.799999999913676163e+02
1.065000000000001457e+01 7.999994241723444475e+02 1.799999999913676163e+02
1.080000000000001492e+01 7.999994241723444475e+02 1.799999999913676163e+02
1.095000000000001528e+01 7.999994241723444475e+02 1.799999999913676163e+02
1.110000000000001563e+01 7.999994241723444475e+02 1.799999999913676163e+02
1.125000000000001599e+01 7.999994241723444475e+02 1.799999999913676163e+02
1.140000000000001634e+01 7.999994241723444475e+02 1.799999999913676163e+02
1.155000000000001670e+01 7.999994241723444475e+02 1.799999999913676163e+02
1.170000000000001705e+01 7.999994241723444475e+02 1.799999999913676163e+02
1.185000000000001741e+01 7.999994241723444475e+02 1.799999999913676163e+02
1.200000000000001776e+01 7.999994241723444475e+02 1.799999999913676163e+02
1.215000000000001812e+01 7.999994241723444475e+02 1.799999999913676163e+02
1.230000000000001847e+01 7.999994241723444475e+02 1.799999999913676163e+02
1.245000000000001883e+01 7.999994241723444475e+02 1.799999999913676163e+02
1.260000000000001918e+01 7.999994241723444475e+02 1.799999999913676163e+02
1.275000000000001954e+01 7.999994241723444475e+02 1.799999999913676163e+02
1.290000000000001990e+01 7.999994241723444475e+02 1.799999999913676163e+02
1.305000000000002025e+01 7.999978520235761152e+02 1.799999999913886484e+02
1.320000000000002061e+01 7.999978520235761152e+02 1.799999999913886484e+02
1.335000000000002096e+01 7.999978520235761152e+02 1.799999999913886484e+02
1.350000000000002132e+01 7.999978520235761152e+02 1.799999999913886484e+02
1.365000000000002167e+01 7.999978520235761152e+02 1.799999999913886484e+02
1.380000000000002203e+01 7.999978520235761152e+02 1.799999999913886484e+02
1.395000000000002238e+01 7.999978520235761152e+02 1.799999999913886484e+02
1.410000000000002274e+01 7.999978520235761152e+02 1.799999999913886484e+02
1.425000000000002309e+01 7.999978520235761152e+02 1.799999999913886484e+02
1.440000000000002345e+01 7.999978520235761152e+02 1.799999999913886484e+02
1.455000000000002380e+01 7.999978520235761152e+02 1.799999999913886484e+02
1.470000000000002416e+01 7.999978520235761152e+02 1.799999999913886484e+02
1.485000000000002451e+01 7.999978520235761152e+02 1.799999999913886484e+02
1.500000000000002487e+01 7.999978520235761152e+02 1.799999999913886484e+02
1.515000000000002522e+01 7.999978520235761152e+02 1.799999999913886484e+02
1.530000000000002558e+01 7.999978520235761152e+02 1.799999999913886484e+02
1.545000000000002593e+01 7.999978520235761152e+02 1.799999999913886484e+02
1.560000000000002629e+01 7.999978520235761152e+02 1.799999999913886484e+02
1.575000000000002665e+01 7.999978520235761152e+02 1.799999999913886484e+02
1.590000000000002700e+01 7.999978520235761152e+02 1.799999999913886484e+02
