1.499999999999999944e-01 7.999432088988245368e+02 9.277753235570340706e-05
2.999999999999999889e-01 7.999432088988245368e+02 9.277753235570340706e-05
4.499999999999999556e-01 7.999432088988245368e+02 9.277753235570340706e-05
5.999999999999999778e-01 7.999432088988245368e+02 9.277753235570340706e-05
7.500000000000000000e-01 7.999432088988245368e+02 9.277753235570340706e-05
9.000000000000000222e-01 7.999432088988245368e+02 9.277753235570340706e-05
1.050000000000000044e+00 7.999432088988245368e+02 9.277753235570340706e-05
1.199999999999999956e+00 7.999432088988245368e+02 9.277753235570340706e-05
1.349999999999999867e+00 7.999432088988245368e+02 9.277753235570340706e-05
1.499999999999999778e+00 7.999432088988245368e+02 9.277753235570340706e-05
1.649999999999999689e+00 7.999432088988245368e+02 9.277753235570340706e-05
1.799999999999999600e+00 7.999432088988245368e+02 9.277753235570340706e-05
1.949999999999999512e+00 7.999432088988245368e+02 9.277753235570340706e-05
2.099999999999999645e+00 7.999766156185609134e+02 9.271601803906293071e-05
2.249999999999999556e+00 7.999766156185609134e+02 9.271601803906293071e-05
2.399999999999999467e+00 7.999766156185609134e+02 9.271601803906293071e-05
2.549999999999999378e+00 7.999766156185609134e+02 9.271601803906293071e-05
2.699999999999999289e+00 7.999766156185609134e+02 9.271601803906293071e-05
2.849999999999999201e+00 7.999766156185609134e+02 9.271601803906293071e-05
2.999999999999999112e+00 7.999766156185609134e+02 9.271601803906293071e-05
3.149999999999999023e+00 7.999766156185609134e+02 9.271601803906293071e-05
3.299999999999998934e+00 7.999766156185609134e+02 9.271601803906293071e-05
3.449999999999998845e+00 7.999766156185609134e+02 9.271601803906293071e-05
3.599999999999998757e+00 7.999766156185609134e+02 9.271601803906293071e-05
3.749999999999998668e+00 7.999766156185609134e+02 9.271601803906293071e-05
3.899999999999998579e+00 7.999766156185609134e+02 9.271601803906293071e-05
4.049999999999998934e+00 4.711790895973600755e+02 9.278928671541120110e-05
4.199999999999999289e+00 2.693479511744135380e+02 9.309622099196168676e-05
4.349999999999999645e+00 1.112663172699883063e+02 9.350854837220090587e-05
4.500000000000000000e+00 5.126604376299316357e+01 9.433120876212175432e-05
4.650000000000000355e+00 2.262765384262504043e+01 9.641828282935804850e-05
4.800000000000000711e+00 9.842016795831035836e+00 1.008384473992762764e-04
4.950000000000001066e+00 4.012880850168230040e+00 1.121701145676556877e-04
5.100000000000001421e+00 1.371790136041823871e+00 1.492392250124208175e-04
5.250000000000001776e+00 1.728153998947163927e-01 5.376444503605304348e-04
5.400000000000002132e+00 3.711580458294747586e-01 1.799998863776976066e+02
5.550000000000002487e+00 6.180030922944297345e-01 1.799999689707465791e+02
5.700000000000002842e+00 7.300104300211955888e-01 1.799999880774431915e+02
5.850000000000003197e+00 7.808353544436386073e-01 1.799999949408874329e+02
6.000000000000003553e+00 8.038979870045750431e-01 1.799999977655273540e+02
6.150000000000003908e+00 8.143635464628573573e-01 1.799999989988635321e+02
6.300000000000004263e+00 8.191137978157030375e-01 1.799999995482450004e+02
6.450000000000004619e+00 8.212723370253911526e-01 1.799999997951189812e+02
6.600000000000004974e+00 8.222585416242509382e-01 1.799999999071212358e+02
6.750000000000005329e+00 8.227209043407697209e-01 1.799999999578683401e+02
6.900000000000005684e+00 8.229634583668712366e-01 1.799999999808475764e+02
7.050000000000006040e+00 8.231456982506415443e-01 1.799999999913090392e+02
7.200000000000006395e+00 8.233874588275966744e-01 1.799999999960567152e+02
7.350000000000006750e+00 8.238477128486465517e-01 1.799999999982079260e+02
7.500000000000007105e+00 8.248291069537003750e-01 1.799999999991876507e+02
7.650000000000007461e+00 8.269769708427929800e-01 1.799999999996320810e+02
7.800000000000007816e+00 8.317036623465696721e-01 1.799999999998333919e+02
7.950000000000008171e+00 8.421172859190733107e-01 1.799999999999246825e+02
8.100000000000008527e+00 8.650654590080080197e-01 1.799999999999657234e+02
8.250000000000008882e+00 9.156381526584596031e-01 1.799999999999831459e+02
8.400000000000009237e+00 1.027089712196868732e+00 1.799999999999888871e+02
8.550000000000009592e+00 1.272710363874409722e+00 1.799999999999880913e+02
8.700000000000009948e+00 1.813987636873520159e+00 1.799999999999841691e+02
8.850000000000010303e+00 3.007030551856146872e+00 1.799999999999795932e+02
9.000000000000010658e+00 5.635100275038780637e+00 1.799999999999761826e+02
9.150000000000011013e+00 1.143576761271587827e+01 1.799999999999743068e+02
9.300000000000011369e+00 2.415990947970002267e+01 1.799999999999731415e+02
9.450000000000011724e+00 5.266756766873321993e+01 1.799999999999726583e+02
9.600000000000012079e+00 1.124089186597870480e+02 1.799999999999725731e+02
9.750000000000012434e+00 2.699986538479854516e+02 1.799999999999725731e+02
9.900000000000012790e+00 4.712786350427719526e+02 1.799999999999724878e+02
1.005000000000001315e+01 7.999767945009141386e+02 1.799999999999725162e+02
1.020000000000001350e+01 7.999767945009141386e+02 1.799999999999725162e+02
1.035000000000001386e+01 7.999767945009141386e+02 1.799999999999725162e+02
1.050000000000001421e+01 7.999767945009141386e+02 1.799999999999725162e+02
1.065000000000001457e+01 7.999767945009141386e+02 1.799999999999725162e+02
1.080000000000001492e+01 7.999767945009141386e+02 1.799999999999725162e+02
1.095000000000001528e+01 7.999767945009141386e+02 1.799999999999725162e+02
1.110000000000001563e+01 7.999767945009141386e+02 1.799999999999725162e+02
1.125000000000001599e+01 7.999767945009141386e+02 1.799999999999725162e+02
1.140000000000001634e+01 7.999767945009141386e+02 1.799999999999725162e+02
1.155000000000001670e+01 7.999767945009141386e+02 1.799999999999725162e+02
1.170000000000001705e+01 7.999767945009141386e+02 1.799999999999725162e+02
1.185000000000001741e+01 7.999767945009141386e+02 1.799999999999725162e+02
1.200000000000001776e+01 7.999767945009141386e+02 1.799999999999725162e+02
1.215000000000001812e+01 7.999767945009141386e+02 1.799999999999725162e+02
1.230000000000001847e+01 7.999767945009141386e+02 1.799999999999725162e+02
1.245000000000001883e+01 7.999767945009141386e+02 1.799999999999725162e+02
1.260000000000001918e+01 7.999767945009141386e+02 1.799999999999725162e+02
1.275000000000001954e+01 7.999767945009141386e+02 1.799999999999725162e+02
1.290000000000001990e+01 7.999767945009141386e+02 1.799999999999725162e+02
1.305000000000002025e+01 7.999436178329270888e+02 1.799999999999726583e+02
1.320000000000002061e+01 7.999436178329270888e+02 1.799999999999726583e+02
1.335000000000002096e+01 7.999436178329270888e+02 1.799999999999726583e+02
1.350000000000002132e+01 7.999436178329270888e+02 1.799999999999726583e+02
1.365000000000002167e+01 7.999436178329270888e+02 1.799999999999726583e+02
1.380000000000002203e+01 7.999436178329270888e+02 1.799999999999726583e+02
1.395000000000002238e+01 7.999436178329270888e+02 1.799999999999726583e+02
1.410000000000002274e+01 7.999436178329270888e+02 1.799999999999726583e+02
1.425000000000002309e+01 7.999436178329270888e+02 1.799999999999726583e+02
1.440000000000002345e+01 7.999436178329270888e+02 1.799999999999726583e+02
1.455000000000002380e+01 7.999436178329270888e+02 1.799999999999726583e+02
1.470000000000002416e+01 7.999436178329270888e+02 1.799999999999726583e+02
1.485000000000002451e+01 7.999436178329270888e+02 1.799999999999726583e+02
1.500000000000002487e+01 7.999436178329270888e+02 1.799999999999726583e+02
1.515000000000002522e+01 7.999436178329270888e+02 1.799999999999726583e+02
1.530000000000002558e+01 7.999436178329270888e+02 1.799999999999726583e+02
1.545000000000002593e+01 7.999436178329270888e+02 1.799999999999726583e+02
1.560000000000002629e+01 7.999436178329270888e+02 1.799999999999726583e+02
1.575000000000002665e+01 7.999436178329270888e+02 1.799999999999726583e+02
1.590000000000002700e+01 7.999436178329270888e+02 1.799999999999726583e+02
