1.499999999999999944e-01 7.995306176916704999e+02 9.716227822309519979e-12
2.999999999999999889e-01 7.995306176916704999e+02 9.716227822309519979e-12
4.499999999999999556e-01 7.995306176916704999e+02 9.716227822309519979e-12
5.999999999999999778e-01 7.995306176916704999e+02 9.716227822309519979e-12
7.500000000000000000e-01 7.995306176916704999e+02 9.716227822309519979e-12
9.000000000000000222e-01 7.995306176916704999e+02 9.716227822309519979e-12
1.050000000000000044e+00 7.995306176916704999e+02 9.716227822309519979e-12
1.199999999999999956e+00 7.995306176916704999e+02 9.716227822309519979e-12
1.349999999999999867e+00 7.995306176916704999e+02 9.716227822309519979e-12
1.499999999999999778e+00 7.995306176916704999e+02 9.716227822309519979e-12
1.649999999999999689e+00 7.995306176916704999e+02 9.716227822309519979e-12
1.799999999999999600e+00 7.995306176916704999e+02 9.716227822309519979e-12
1.949999999999999512e+00 7.995306176916704999e+02 9.716227822309519979e-12
2.099999999999999645e+00 7.997458484664030038e+02 9.727663119463159092e-12
2.249999999999999556e+00 7.997458484664030038e+02 9.727663119463159092e-12
2.399999999999999467e+00 7.997458484664030038e+02 9.727663119463159092e-12
2.549999999999999378e+00 7.997458484664030038e+02 9.727663119463159092e-12
2.699999999999999289e+00 7.997458484664030038e+02 9.727663119463159092e-12
2.849999999999999201e+00 7.997458484664030038e+02 9.727663119463159092e-12
2.999999999999999112e+00 7.997458484664030038e+02 9.727663119463159092e-12
3.149999999999999023e+00 7.997458484664030038e+02 9.727663119463159092e-12
3.299999999999998934e+00 7.997458484664030038e+02 9.727663119463159092e-12
3.449999999999998845e+00 7.997458484664030038e+02 9.727663119463159092e-12
3.599999999999998757e+00 7.997458484664030038e+02 9.727663119463159092e-12
3.749999999999998668e+00 7.997458484664030038e+02 9.727663119463159092e-12
3.899999999999998579e+00 7.997458484664030038e+02 9.727663119463159092e-12
4.049999999999998934e+00 4.288288435654071122e+02 9.677258994145176985e-12
4.199999999999999289e+00 1.971596044584992455e+02 9.832024083777923806e-12
4.349999999999999645e+00 6.171382864987131711e+01 9.790057653447092889e-12
4.500000000000000000e+00 2.220698712156469412e+01 9.791500943379105593e-12
4.650000000000000355e+00 7.548810231640814550e+00 9.856560012622139766e-12
4.800000000000000711e+00 2.583338638198625858e+00 9.831691016870536259e-12
4.950000000000001066e+00 8.459991220648248600e-01 1.050737274965740653e-11
5.100000000000001421e+00 2.454233669122913852e-01 1.243349867507959061e-11
5.250000000000001776e+00 3.687944882403826341e-02 2.892963646417001655e-11
5.400000000000002132e+00 3.541464853333309293e-02 1.799999999999893419e+02
5.550000000000002487e+00 6.049175905718584545e-02 1.799999999999973568e+02
5.700000000000002842e+00 6.918840776779688895e-02 1.799999999999980673e+02
5.850000000000003197e+00 7.220463299381663091e-02 1.799999999999961631e+02
6.000000000000003553e+00 7.325070501974551007e-02 1.799999999999896829e+02
6.150000000000003908e+00 7.361350413248146651e-02 1.799999999999706972e+02
6.300000000000004263e+00 7.373933162580215139e-02 1.799999999999160138e+02
6.450000000000004619e+00 7.378297955983725842e-02 1.799999999997581028e+02
6.600000000000004974e+00 7.379814061914657941e-02 1.799999999993031281e+02
6.750000000000005329e+00 7.380346556419681292e-02 1.799999999979917504e+02
6.900000000000005684e+00 7.380550472407776397e-02 1.799999999942083093e+02
7.050000000000006040e+00 7.380676645425410243e-02 1.799999999833108859e+02
7.200000000000006395e+00 7.380880561413505347e-02 1.799999999519098992e+02
7.350000000000006750e+00 7.381412961512978654e-02 1.799999998613239711e+02
7.500000000000007105e+00 7.382928453807835467e-02 1.799999996004733589e+02
7.650000000000007461e+00 7.387291736722545465e-02 1.799999988494028571e+02
7.800000000000007816e+00 7.399870332210412016e-02 1.799999966874595430e+02
7.950000000000008171e+00 7.436138017965276958e-02 1.799999905011244152e+02
8.100000000000008527e+00 7.540710337707423605e-02 1.799999730076523292e+02
8.250000000000008882e+00 7.842231987979175756e-02 1.799999251499177717e+02
8.400000000000009237e+00 8.711606089946144493e-02 1.799998058390058873e+02
8.550000000000009592e+00 1.121847877384425374e-01 1.799995655138110635e+02
8.700000000000009948e+00 1.844547105486071814e-01 1.799992379999873151e+02
8.850000000000010303e+00 3.929289323234570475e-01 1.799989689539921187e+02
9.000000000000010658e+00 9.933038908832827474e-01 1.799988255369176500e+02
9.150000000000011013e+00 2.730064717582664002e+00 1.799987653479069252e+02
9.300000000000011369e+00 7.693878500283432231e+00 1.799987439656745494e+02
9.450000000000011724e+00 2.234729929727411957e+01 1.799987367896325452e+02
9.600000000000012079e+00 6.184111370892819082e+01 1.799987338171538340e+02
9.750000000000012434e+00 1.972512367021918749e+02 1.799987336868439343e+02
9.900000000000012790e+00 4.288530518185514779e+02 1.799987339437784613e+02
1.005000000000001315e+01 7.997436164768813569e+02 1.799987337855783380e+02
1.020000000000001350e+01 7.997436164768813569e+02 1.799987337855783380e+02
1.035000000000001386e+01 7.997436164768813569e+02 1.799987337855783380e+02
1.050000000000001421e+01 7.997436164768813569e+02 1.799987337855783380e+02
1.065000000000001457e+01 7.997436164768813569e+02 1.799987337855783380e+02
1.080000000000001492e+01 7.997436164768813569e+02 1.799987337855783380e+02
1.095000000000001528e+01 7.997436164768813569e+02 1.799987337855783380e+02
1.110000000000001563e+01 7.997436164768813569e+02 1.799987337855783380e+02
1.125000000000001599e+01 7.997436164768813569e+02 1.799987337855783380e+02
1.140000000000001634e+01 7.997436164768813569e+02 1.799987337855783380e+02
1.155000000000001670e+01 7.997436164768813569e+02 1.799987337855783380e+02
1.170000000000001705e+01 7.997436164768813569e+02 1.799987337855783380e+02
1.185000000000001741e+01 7.997436164768813569e+02 1.799987337855783380e+02
1.200000000000001776e+01 7.997436164768813569e+02 1.799987337855783380e+02
1.215000000000001812e+01 7.997436164768813569e+02 1.799987337855783380e+02
1.230000000000001847e+01 7.997436164768813569e+02 1.799987337855783380e+02
1.245000000000001883e+01 7.997436164768813569e+02 1.799987337855783380e+02
1.260000000000001918e+01 7.997436164768813569e+02 1.799987337855783380e+02
1.275000000000001954e+01 7.997436164768813569e+02 1.799987337855783380e+02
1.290000000000001990e+01 7.997436164768813569e+02 1.799987337855783380e+02
1.305000000000002025e+01 7.995264653475173873e+02 1.799987343426751067e+02
1.320000000000002061e+01 7.995264653475173873e+02 1.799987343426751067e+02
1.335000000000002096e+01 7.995264653475173873e+02 1.799987343426751067e+02
1.350000000000002132e+01 7.995264653475173873e+02 1.799987343426751067e+02
1.365000000000002167e+01 7.995264653475173873e+02 1.799987343426751067e+02
1.380000000000002203e+01 7.995264653475173873e+02 1.799987343426751067e+02
1.395000000000002238e+01 7.995264653475173873e+02 1.799987343426751067e+02
1.410000000000002274e+01 7.995264653475173873e+02 1.799987343426751067e+02
1.425000000000002309e+01 7.995264653475173873e+02 1.799987343426751067e+02
1.440000000000002345e+01 7.995264653475173873e+02 1.799987343426751067e+02
1.455000000000002380e+01 7.995264653475173873e+02 1.799987343426751067e+02
1.470000000000002416e+01 7.995264653475173873e+02 1.799987343426751067e+02
1.485000000000002451e+01 7.995264653475173873e+02 1.799987343426751067e+02
1.500000000000002487e+01 7.995264653475173873e+02 1.799987343426751067e+02
1.515000000000002522e+01 7.995264653475173873e+02 1.799987343426751067e+02
1.530000000000002558e+01 7.995264653475173873e+02 1.799987343426751067e+02
1.545000000000002593e+01 7.995264653475173873e+02 1.799987343426751067e+02
1.560000000000002629e+01 7.995264653475173873e+02 1.799987343426751067e+02
1.575000000000002665e+01 7.995264653475173873e+02 1.799987343426751067e+02
1.590000000000002700e+01 7.995264653475173873e+02 1.799987343426751067e+02
