1.499999999999999944e-01 7.997210521064973818e+02 1.759976610434113695e+02
2.999999999999999889e-01 7.997210521064973818e+02 1.759976610434113695e+02
4.499999999999999556e-01 7.997210521064973818e+02 1.759976610434113695e+02
5.999999999999999778e-01 7.997210521064973818e+02 1.759976610434113695e+02
7.500000000000000000e-01 7.997210521064973818e+02 1.759976610434113695e+02
9.000000000000000222e-01 7.997210521064973818e+02 1.759976610434113695e+02
1.050000000000000044e+00 7.997210521064973818e+02 1.759976610434113695e+02
1.199999999999999956e+00 7.997210521064973818e+02 1.759976610434113695e+02
1.349999999999999867e+00 7.997210521064973818e+02 1.759976610434113695e+02
1.499999999999999778e+00 7.997210521064973818e+02 1.759976610434113695e+02
1.649999999999999689e+00 7.997210521064973818e+02 1.759976610434113695e+02
1.799999999999999600e+00 7.997210521064973818e+02 1.759976610434113695e+02
1.949999999999999512e+00 7.997210521064973818e+02 1.759976610434113695e+02
2.099999999999999645e+00 7.998589304837718146e+02 1.759982022315314509e+02
2.249999999999999556e+00 7.998589304837718146e+02 1.759982022315314509e+02
2.399999999999999467e+00 7.998589304837718146e+02 1.759982022315314509e+02
2.549999999999999378e+00 7.998589304837718146e+02 1.759982022315314509e+02
2.699999999999999289e+00 7.998589304837718146e+02 1.759982022315314509e+02
2.849999999999999201e+00 7.998589304837718146e+02 1.759982022315314509e+02
2.999999999999999112e+00 7.998589304837718146e+02 1.759982022315314509e+02
3.149999999999999023e+00 7.998589304837718146e+02 1.759982022315314509e+02
3.299999999999998934e+00 7.998589304837718146e+02 1.759982022315314509e+02
3.449999999999998845e+00 7.998589304837718146e+02 1.759982022315314509e+02
3.599999999999998757e+00 7.998589304837718146e+02 1.759982022315314509e+02
3.749999999999998668e+00 7.998589304837718146e+02 1.759982022315314509e+02
3.899999999999998579e+00 7.998589304837718146e+02 1.759982022315314509e+02
4.049999999999998934e+00 4.420918337593209344e+02 1.760011215214290985e+02
4.199999999999999289e+00 2.159500402771428753e+02 1.760089407212099104e+02
4.349999999999999645e+00 7.327872356473490356e+01 1.760383999592139617e+02
4.500000000000000000e+00 2.868376441827469847e+01 1.761092471419680976e+02
4.650000000000000355e+00 1.105036682493101807e+01 1.762943484645525984e+02
4.800000000000000711e+00 4.641786174210011495e+00 1.767115372426405884e+02
4.950000000000001066e+00 2.244821959744996320e+00 1.774798060968775815e+02
5.100000000000001421e+00 1.357662678891585983e+00 1.784522146974577481e+02
5.250000000000001776e+00 1.028199710645992582e+00 1.792414445769263409e+02
5.400000000000002132e+00 9.059989910340959796e-01 1.796803758283862180e+02
5.550000000000002487e+00 8.606414273904192669e-01 1.798750669114067762e+02
5.700000000000002842e+00 8.438053949859636305e-01 1.799526908842754835e+02
5.850000000000003197e+00 8.375551533196130549e-01 1.799823047613231779e+02
6.000000000000003553e+00 8.352347577709906545e-01 1.799934111998725825e+02
6.150000000000003908e+00 8.343732981288098927e-01 1.799975512841934346e+02
6.300000000000004263e+00 8.340534873798333138e-01 1.799990905287145040e+02
6.450000000000004619e+00 8.339347914587733612e-01 1.799996622499838566e+02
6.600000000000004974e+00 8.338908241094600271e-01 1.799998745986136157e+02
6.750000000000005329e+00 8.338747695016195394e-01 1.799999534419533802e+02
6.900000000000005684e+00 8.338695329142638002e-01 1.799999827121065152e+02
7.050000000000006040e+00 8.338695384605898653e-01 1.799999935816095444e+02
7.200000000000006395e+00 8.338747919229376748e-01 1.799999976170910827e+02
7.350000000000006750e+00 8.338908873906802910e-01 1.799999991152029395e+02
7.500000000000007105e+00 8.339349628933518943e-01 1.799999996715233124e+02
7.650000000000007461e+00 8.340539496720111856e-01 1.799999998780654380e+02
7.800000000000007816e+00 8.343745429544924264e-01 1.799999999547410994e+02
7.950000000000008171e+00 8.352381072504044823e-01 1.799999999832142805e+02
8.100000000000008527e+00 8.375641501980339854e-01 1.799999999937853943e+02
8.250000000000008882e+00 8.438294483105437394e-01 1.799999999977094944e+02
8.400000000000009237e+00 8.607049441525305156e-01 1.799999999991660218e+02
8.550000000000009592e+00 9.061614920154283936e-01 1.799999999997054942e+02
8.700000000000009948e+00 1.028585238071912045e+00 1.799999999999025420e+02
8.850000000000010303e+00 1.358448733531503194e+00 1.799999999999706404e+02
9.000000000000010658e+00 2.246100019957367522e+00 1.799999999999902229e+02
9.150000000000011013e+00 4.643447516825318644e+00 1.799999999999940314e+02
9.300000000000011369e+00 1.105222058951119379e+01 1.799999999999942872e+02
9.450000000000011724e+00 2.868566268233526984e+01 1.799999999999940883e+02
9.600000000000012079e+00 7.328052452834947417e+01 1.799999999999940599e+02
9.750000000000012434e+00 2.159516403786874719e+02 1.799999999999938609e+02
9.900000000000012790e+00 4.420926978634057036e+02 1.799999999999938325e+02
1.005000000000001315e+01 7.998616670539041706e+02 1.799999999999938609e+02
1.020000000000001350e+01 7.998616670539041706e+02 1.799999999999938609e+02
1.035000000000001386e+01 7.998616670539041706e+02 1.799999999999938609e+02
1.050000000000001421e+01 7.998616670539041706e+02 1.799999999999938609e+02
1.065000000000001457e+01 7.998616670539041706e+02 1.799999999999938609e+02
1.080000000000001492e+01 7.998616670539041706e+02 1.799999999999938609e+02
1.095000000000001528e+01 7.998616670539041706e+02 1.799999999999938609e+02
1.110000000000001563e+01 7.998616670539041706e+02 1.799999999999938609e+02
1.125000000000001599e+01 7.998616670539041706e+02 1.799999999999938609e+02
1.140000000000001634e+01 7.998616670539041706e+02 1.799999999999938609e+02
1.155000000000001670e+01 7.998616670539041706e+02 1.799999999999938609e+02
1.170000000000001705e+01 7.998616670539041706e+02 1.799999999999938609e+02
1.185000000000001741e+01 7.998616670539041706e+02 1.799999999999938609e+02
1.200000000000001776e+01 7.998616670539041706e+02 1.799999999999938609e+02
1.215000000000001812e+01 7.998616670539041706e+02 1.799999999999938609e+02
1.230000000000001847e+01 7.998616670539041706e+02 1.799999999999938609e+02
1.245000000000001883e+01 7.998616670539041706e+02 1.799999999999938609e+02
1.260000000000001918e+01 7.998616670539041706e+02 1.799999999999938609e+02
1.275000000000001954e+01 7.998616670539041706e+02 1.799999999999938609e+02
1.290000000000001990e+01 7.998616670539041706e+02 1.799999999999938609e+02
1.305000000000002025e+01 7.997264632318931490e+02 1.799999999999938325e+02
1.320000000000002061e+01 7.997264632318931490e+02 1.799999999999938325e+02
1.335000000000002096e+01 7.997264632318931490e+02 1.799999999999938325e+02
1.350000000000002132e+01 7.997264632318931490e+02 1.799999999999938325e+02
1.365000000000002167e+01 7.997264632318931490e+02 1.799999999999938325e+02
1.380000000000002203e+01 7.997264632318931490e+02 1.799999999999938325e+02
1.395000000000002238e+01 7.997264632318931490e+02 1.799999999999938325e+02
1.410000000000002274e+01 7.997264632318931490e+02 1.799999999999938325e+02
1.425000000000002309e+01 7.997264632318931490e+02 1.799999999999938325e+02
1.440000000000002345e+01 7.997264632318931490e+02 1.799999999999938325e+02
1.455000000000002380e+01 7.997264632318931490e+02 1.799999999999938325e+02
1.470000000000002416e+01 7.997264632318931490e+02 1.799999999999938325e+02
1.485000000000002451e+01 7.997264632318931490e+02 1.799999999999938325e+02
1.500000000000002487e+01 7.997264632318931490e+02 1.799999999999938325e+02
1.515000000000002522e+01 7.997264632318931490e+02 1.799999999999938325e+02
1.530000000000002558e+01 7.997264632318931490e+02 1.799999999999938325e+02
1.545000000000002593e+01 7.997264632318931490e+02 1.799999999999938325e+02
1.560000000000002629e+01 7.997264632318931490e+02 1.799999999999938325e+02
1.575000000000002665e+01 7.997264632318931490e+02 1.799999999999938325e+02
1.590000000000002700e+01 7.997264632318931490e+02 1.799999999999938325e+02
