1.499999999999999944e-01 7.999919217252813723e+02 1.799990142358156220e+02
2.999999999999999889e-01 7.999919217252813723e+02 1.799990142358156220e+02
4.499999999999999556e-01 7.999919217252813723e+02 1.799990142358156220e+02
5.999999999999999778e-01 7.999919217252813723e+02 1.799990142358156220e+02
7.500000000000000000e-01 7.999919217252813723e+02 1.799990142358156220e+02
9.000000000000000222e-01 7.999919217252813723e+02 1.799990142358156220e+02
1.050000000000000044e+00 7.999919217252813723e+02 1.799990142358156220e+02
1.199999999999999956e+00 7.999919217252813723e+02 1.799990142358156220e+02
1.349999999999999867e+00 7.999919217252813723e+02 1.799990142358156220e+02
1.499999999999999778e+00 7.999919217252813723e+02 1.799990142358156220e+02
1.649999999999999689e+00 7.999919217252813723e+02 1.799990142358156220e+02
1.799999999999999600e+00 7.999919217252813723e+02 1.799990142358156220e+02
1.949999999999999512e+00 7.999919217252813723e+02 1.799990142358156220e+02
2.099999999999999645e+00 7.999974288040668853e+02 1.799990147632949800e+02
2.249999999999999556e+00 7.999974288040668853e+02 1.799990147632949800e+02
2.399999999999999467e+00 7.999974288040668853e+02 1.799990147632949800e+02
2.549999999999999378e+00 7.999974288040668853e+02 1.799990147632949800e+02
2.699999999999999289e+00 7.999974288040668853e+02 1.799990147632949800e+02
2.849999999999999201e+00 7.999974288040668853e+02 1.799990147632949800e+02
2.999999999999999112e+00 7.999974288040668853e+02 1.799990147632949800e+02
3.149999999999999023e+00 7.999974288040668853e+02 1.799990147632949800e+02
3.299999999999998934e+00 7.999974288040668853e+02 1.799990147632949800e+02
3.449999999999998845e+00 7.999974288040668853e+02 1.799990147632949800e+02
3.599999999999998757e+00 7.999974288040668853e+02 1.799990147632949800e+02
3.749999999999998668e+00 7.999974288040668853e+02 1.799990147632949800e+02
3.899999999999998579e+00 7.999974288040668853e+02 1.799990147632949800e+02
4.049999999999998934e+00 4.928057138780997093e+02 1.799990156819466165e+02
4.199999999999999289e+00 3.339234540281940440e+02 1.799990178726215504e+02
4.349999999999999645e+00 1.788589493241055095e+02 1.799990261632163708e+02
4.500000000000000000e+00 1.076324388967979928e+02 1.799990399800657599e+02
4.650000000000000355e+00 6.476528379897894183e+01 1.799990627544393362e+02
4.800000000000000711e+00 3.995400431287383469e+01 1.799991005092402361e+02
4.950000000000001066e+00 2.527836559555902340e+01 1.799991581745413214e+02
5.100000000000001421e+00 1.660493718129091789e+01 1.799992397447823294e+02
5.250000000000001776e+00 1.146860049772517698e+01 1.799993475710595874e+02
5.400000000000002132e+00 8.426195068963096446e+00 1.799994736082738314e+02
5.550000000000002487e+00 6.623639127086683231e+00 1.799996026273960865e+02
5.700000000000002842e+00 5.555612741976325708e+00 1.799997191420634977e+02
5.850000000000003197e+00 4.922828101572491732e+00 1.799998120973396851e+02
6.000000000000003553e+00 4.548010068199857869e+00 1.799998793026154544e+02
6.150000000000003908e+00 4.326165933630335303e+00 1.799999247772317972e+02
6.300000000000004263e+00 4.195157967376843544e+00 1.799999540126647162e+02
6.450000000000004619e+00 4.118292764644507997e+00 1.799999722000567601e+02
6.600000000000004974e+00 4.074042004803018813e+00 1.799999833401736851e+02
6.750000000000005329e+00 4.050012145570548228e+00 1.799999900648456617e+02
6.900000000000005684e+00 4.039473067369769410e+00 1.799999940887242644e+02
7.050000000000006040e+00 4.039473067620534152e+00 1.799999964955799214e+02
7.200000000000006395e+00 4.050012146389221357e+00 1.799999979278591127e+02
7.350000000000006750e+00 4.074042006432989638e+00 1.799999987775686066e+02
7.500000000000007105e+00 4.118292767535677967e+00 1.799999992830868223e+02
7.650000000000007461e+00 4.195157972311008621e+00 1.799999995827767805e+02
7.800000000000007816e+00 4.326165941994077002e+00 1.799999997599038295e+02
7.950000000000008171e+00 4.548010082331188642e+00 1.799999998646068775e+02
8.100000000000008527e+00 4.922828125417268552e+00 1.799999999258463674e+02
8.250000000000008882e+00 5.555612782227754565e+00 1.799999999610066084e+02
8.400000000000009237e+00 6.623639194944360042e+00 1.799999999806094877e+02
8.550000000000009592e+00 8.426195183411387291e+00 1.799999999909608448e+02
8.700000000000009948e+00 1.146860069075318123e+01 1.799999999960544415e+02
8.850000000000010303e+00 1.660493750701219184e+01 1.799999999983781436e+02
9.000000000000010658e+00 2.527836614545844185e+01 1.799999999993605968e+02
9.150000000000011013e+00 3.995400524412650611e+01 1.799999999997510542e+02
9.300000000000011369e+00 6.476528537431346422e+01 1.799999999998991882e+02
9.450000000000011724e+00 1.076324416496654521e+02 1.799999999999535873e+02
9.600000000000012079e+00 1.788589538610070235e+02 1.799999999999722036e+02
9.750000000000012434e+00 3.339234650948033618e+02 1.799999999999783711e+02
9.900000000000012790e+00 4.928057228459542785e+02 1.799999999999797069e+02
1.005000000000001315e+01 7.999975041123688015e+02 1.799999999999799059e+02
1.020000000000001350e+01 7.999975041123688015e+02 1.799999999999799059e+02
1.035000000000001386e+01 7.999975041123688015e+02 1.799999999999799059e+02
1.050000000000001421e+01 7.999975041123688015e+02 1.799999999999799059e+02
1.065000000000001457e+01 7.999975041123688015e+02 1.799999999999799059e+02
1.080000000000001492e+01 7.999975041123688015e+02 1.799999999999799059e+02
1.095000000000001528e+01 7.999975041123688015e+02 1.799999999999799059e+02
1.110000000000001563e+01 7.999975041123688015e+02 1.799999999999799059e+02
1.125000000000001599e+01 7.999975041123688015e+02 1.799999999999799059e+02
1.140000000000001634e+01 7.999975041123688015e+02 1.799999999999799059e+02
1.155000000000001670e+01 7.999975041123688015e+02 1.799999999999799059e+02
1.170000000000001705e+01 7.999975041123688015e+02 1.799999999999799059e+02
1.185000000000001741e+01 7.999975041123688015e+02 1.799999999999799059e+02
1.200000000000001776e+01 7.999975041123688015e+02 1.799999999999799059e+02
1.215000000000001812e+01 7.999975041123688015e+02 1.799999999999799059e+02
1.230000000000001847e+01 7.999975041123688015e+02 1.799999999999799059e+02
1.245000000000001883e+01 7.999975041123688015e+02 1.799999999999799059e+02
1.260000000000001918e+01 7.999975041123688015e+02 1.799999999999799059e+02
1.275000000000001954e+01 7.999975041123688015e+02 1.799999999999799059e+02
1.290000000000001990e+01 7.999975041123688015e+02 1.799999999999799059e+02
1.305000000000002025e+01 7.999921583316387341e+02 1.799999999999800195e+02
1.320000000000002061e+01 7.999921583316387341e+02 1.799999999999800195e+02
1.335000000000002096e+01 7.999921583316387341e+02 1.799999999999800195e+02
1.350000000000002132e+01 7.999921583316387341e+02 1.799999999999800195e+02
1.365000000000002167e+01 7.999921583316387341e+02 1.799999999999800195e+02
1.380000000000002203e+01 7.999921583316387341e+02 1.799999999999800195e+02
1.395000000000002238e+01 7.999921583316387341e+02 1.799999999999800195e+02
1.410000000000002274e+01 7.999921583316387341e+02 1.799999999999800195e+02
1.425000000000002309e+01 7.999921583316387341e+02 1.799999999999800195e+02
1.440000000000002345e+01 7.999921583316387341e+02 1.799999999999800195e+02
1.455000000000002380e+01 7.999921583316387341e+02 1.799999999999800195e+02
1.470000000000002416e+01 7.999921583316387341e+02 1.799999999999800195e+02
1.485000000000002451e+01 7.999921583316387341e+02 1.799999999999800195e+02
1.500000000000002487e+01 7.999921583316387341e+02 1.799999999999800195e+02
1.515000000000002522e+01 7.999921583316387341e+02 1.799999999999800195e+02
1.530000000000002558e+01 7.999921583316387341e+02 1.799999999999800195e+02
1.545000000000002593e+01 7.999921583316387341e+02 1.799999999999800195e+02
1.560000000000002629e+01 7.999921583316387341e+02 1.799999999999800195e+02
1.575000000000002665e+01 7.999921583316387341e+02 1.799999999999800195e+02
1.590000000000002700e+01 7.999921583316387341e+02 1.799999999999800195e+02
