1.499999999999999944e-01 7.999572203301216859e+02 1.076926167797864764e-06
2.999999999999999889e-01 7.999572203301216859e+02 1.076926167797864764e-06
4.499999999999999556e-01 7.999572203301216859e+02 1.076926167797864764e-06
5.999999999999999778e-01 7.999572203301216859e+02 1.076926167797864764e-06
7.500000000000000000e-01 7.999572203301216859e+02 1.076926167797864764e-06
9.000000000000000222e-01 7.999572203301216859e+02 1.076926167797864764e-06
1.050000000000000044e+00 7.999572203301216859e+02 1.076926167797864764e-06
1.199999999999999956e+00 7.999572203301216859e+02 1.076926167797864764e-06
1.349999999999999867e+00 7.999572203301216859e+02 1.076926167797864764e-06
1.499999999999999778e+00 7.999572203301216859e+02 1.076926167797864764e-06
1.649999999999999689e+00 7.999572203301216859e+02 1.076926167797864764e-06
1.799999999999999600e+00 7.999572203301216859e+02 1.076926167797864764e-06
1.949999999999999512e+00 7.999572203301216859e+02 1.076926167797864764e-06
2.099999999999999645e+00 7.999830185564258045e+02 1.075607798828315254e-06
2.249999999999999556e+00 7.999830185564258045e+02 1.075607798828315254e-06
2.399999999999999467e+00 7.999830185564258045e+02 1.075607798828315254e-06
2.549999999999999378e+00 7.999830185564258045e+02 1.075607798828315254e-06
2.699999999999999289e+00 7.999830185564258045e+02 1.075607798828315254e-06
2.849999999999999201e+00 7.999830185564258045e+02 1.075607798828315254e-06
2.999999999999999112e+00 7.999830185564258045e+02 1.075607798828315254e-06
3.149999999999999023e+00 7.999830185564258045e+02 1.075607798828315254e-06
3.299999999999998934e+00 7.999830185564258045e+02 1.075607798828315254e-06
3.449999999999998845e+00 7.999830185564258045e+02 1.075607798828315254e-06
3.599999999999998757e+00 7.999830185564258045e+02 1.075607798828315254e-06
3.749999999999998668e+00 7.999830185564258045e+02 1.075607798828315254e-06
3.899999999999998579e+00 7.999830185564258045e+02 1.075607798828315254e-06
4.049999999999998934e+00 4.750884534592046293e+02 1.076471982774940273e-06
4.199999999999999289e+00 2.788588151229742493e+02 1.080938710207313136e-06
4.349999999999999645e+00 1.196149436288220045e+02 1.083810270530172204e-06
4.500000000000000000e+00 5.724780025014918294e+01 1.088815809624499309e-06
4.650000000000000355e+00 2.647541390789712779e+01 1.103065789820334430e-06
4.800000000000000711e+00 1.223088570135995923e+01 1.125666018286786141e-06
4.950000000000001066e+00 5.503101052774084678e+00 1.176404982095036189e-06
5.100000000000001421e+00 2.343426947608634237e+00 1.304305887406265185e-06
5.250000000000001776e+00 8.568733888157566980e-01 1.678301767449319470e-06
5.400000000000002132e+00 1.578443858020364132e-01 4.287063745112007496e-06
5.550000000000002487e+00 1.709145034321863932e-01 1.799999981306891641e+02
5.700000000000002842e+00 3.255252765841305518e-01 1.799999995377858113e+02
5.850000000000003197e+00 3.982378336814917930e-01 1.799999998215069752e+02
6.000000000000003553e+00 4.324345183334799003e-01 1.799999999209918826e+02
6.150000000000003908e+00 4.485183617437087378e-01 1.799999999612648196e+02
6.300000000000004263e+00 4.560855485309502910e-01 1.799999999760378273e+02
6.450000000000004619e+00 4.596509342047738755e-01 1.799999999760359231e+02
6.600000000000004974e+00 4.613417552480996164e-01 1.799999999618183324e+02
6.750000000000005329e+00 4.621668165059418243e-01 1.799999999249801590e+02
6.900000000000005684e+00 4.626183789620199605e-01 1.799999998433597739e+02
7.050000000000006040e+00 4.629658608922682106e-01 1.799999996691225022e+02
7.200000000000006395e+00 4.634165823719058608e-01 1.799999992990936732e+02
7.350000000000006750e+00 4.642394600293755502e-01 1.799999985121855559e+02
7.500000000000007105e+00 4.659254522288165390e-01 1.799999968540658131e+02
7.650000000000007461e+00 4.694804823218419187e-01 1.799999933741997609e+02
7.800000000000007816e+00 4.770256086561630582e-01 1.799999861306391438e+02
7.950000000000008171e+00 4.930625261946488536e-01 1.799999715232845858e+02
8.100000000000008527e+00 5.271594261273548909e-01 1.799999434745855638e+02
8.250000000000008882e+00 5.996598266941646216e-01 1.799998943123673314e+02
8.400000000000009237e+00 7.538195897215018704e-01 1.799998215752613930e+02
8.550000000000009592e+00 1.081619966336859306e+00 1.799997360971798628e+02
8.700000000000009948e+00 1.778613100624113486e+00 1.799996586705710797e+02
8.850000000000010303e+00 3.260847641265954167e+00 1.799996048665034891e+02
9.000000000000010658e+00 6.411384639673286756e+00 1.799995735768678458e+02
9.150000000000011013e+00 1.311993693422943608e+01 1.799995565060010279e+02
9.300000000000011369e+00 2.732453400771905905e+01 1.799995489451435446e+02
9.450000000000011724e+00 5.801560292866662394e+01 1.799995457411360746e+02
9.600000000000012079e+00 1.202290718445397744e+02 1.799995436917083964e+02
9.750000000000012434e+00 2.791960314583457716e+02 1.799995437295863496e+02
9.900000000000012790e+00 4.751364035409137614e+02 1.799995440178199715e+02
1.005000000000001315e+01 7.999829549398900781e+02 1.799995438676031654e+02
1.020000000000001350e+01 7.999829549398900781e+02 1.799995438676031654e+02
1.035000000000001386e+01 7.999829549398900781e+02 1.799995438676031654e+02
1.050000000000001421e+01 7.999829549398900781e+02 1.799995438676031654e+02
1.065000000000001457e+01 7.999829549398900781e+02 1.799995438676031654e+02
1.080000000000001492e+01 7.999829549398900781e+02 1.799995438676031654e+02
1.095000000000001528e+01 7.999829549398900781e+02 1.799995438676031654e+02
1.110000000000001563e+01 7.999829549398900781e+02 1.799995438676031654e+02
1.125000000000001599e+01 7.999829549398900781e+02 1.799995438676031654e+02
1.140000000000001634e+01 7.999829549398900781e+02 1.799995438676031654e+02
1.155000000000001670e+01 7.999829549398900781e+02 1.799995438676031654e+02
1.170000000000001705e+01 7.999829549398900781e+02 1.799995438676031654e+02
1.185000000000001741e+01 7.999829549398900781e+02 1.799995438676031654e+02
1.200000000000001776e+01 7.999829549398900781e+02 1.799995438676031654e+02
1.215000000000001812e+01 7.999829549398900781e+02 1.799995438676031654e+02
1.230000000000001847e+01 7.999829549398900781e+02 1.799995438676031654e+02
1.245000000000001883e+01 7.999829549398900781e+02 1.799995438676031654e+02
1.260000000000001918e+01 7.999829549398900781e+02 1.799995438676031654e+02
1.275000000000001954e+01 7.999829549398900781e+02 1.799995438676031654e+02
1.290000000000001990e+01 7.999829549398900781e+02 1.799995438676031654e+02
1.305000000000002025e+01 7.999570499665117040e+02 1.799995444330979524e+02
1.320000000000002061e+01 7.999570499665117040e+02 1.799995444330979524e+02
1.335000000000002096e+01 7.999570499665117040e+02 1.799995444330979524e+02
1.350000000000002132e+01 7.999570499665117040e+02 1.799995444330979524e+02
1.365000000000002167e+01 7.999570499665117040e+02 1.799995444330979524e+02
1.380000000000002203e+01 7.999570499665117040e+02 1.799995444330979524e+02
1.395000000000002238e+01 7.999570499665117040e+02 1.799995444330979524e+02
1.410000000000002274e+01 7.999570499665117040e+02 1.799995444330979524e+02
1.425000000000002309e+01 7.999570499665117040e+02 1.799995444330979524e+02
1.440000000000002345e+01 7.999570499665117040e+02 1.799995444330979524e+02
1.455000000000002380e+01 7.999570499665117040e+02 1.799995444330979524e+02
1.470000000000002416e+01 7.999570499665117040e+02 1.799995444330979524e+02
1.485000000000002451e+01 7.999570499665117040e+02 1.799995444330979524e+02
1.500000000000002487e+01 7.999570499665117040e+02 1.799995444330979524e+02
1.515000000000002522e+01 7.999570499665117040e+02 1.799995444330979524e+02
1.530000000000002558e+01 7.999570499665117040e+02 1.799995444330979524e+02
1.545000000000002593e+01 7.999570499665117040e+02 1.799995444330979524e+02
1.560000000000002629e+01 7.999570499665117040e+02 1.799995444330979524e+02
1.575000000000002665e+01 7.999570499665117040e+02 1.799995444330979524e+02
1.590000000000002700e+01 7.999570499665117040e+02 1.799995444330979524e+02
