1.499999999999999944e-01 7.999831548494178151e+02 1.799985229834279039e+02
2.999999999999999889e-01 7.999831548494178151e+02 1.799985229834279039e+02
4.499999999999999556e-01 7.999831548494178151e+02 1.799985229834279039e+02
5.999999999999999778e-01 7.999831548494178151e+02 1.799985229834279039e+02
7.500000000000000000e-01 7.999831548494178151e+02 1.799985229834279039e+02
9.000000000000000222e-01 7.999831548494178151e+02 1.799985229834279039e+02
1.050000000000000044e+00 7.999831548494178151e+02 1.799985229834279039e+02
1.199999999999999956e+00 7.999831548494178151e+02 1.799985229834279039e+02
1.349999999999999867e+00 7.999831548494178151e+02 1.799985229834279039e+02
1.499999999999999778e+00 7.999831548494178151e+02 1.799985229834279039e+02
1.649999999999999689e+00 7.999831548494178151e+02 1.799985229834279039e+02
1.799999999999999600e+00 7.999831548494178151e+02 1.799985229834279039e+02
1.949999999999999512e+00 7.999831548494178151e+02 1.799985229834279039e+02
2.099999999999999645e+00 7.999940948075980032e+02 1.799985235538537438e+02
2.249999999999999556e+00 7.999940948075980032e+02 1.799985235538537438e+02
2.399999999999999467e+00 7.999940948075980032e+02 1.799985235538537438e+02
2.549999999999999378e+00 7.999940948075980032e+02 1.799985235538537438e+02
2.699999999999999289e+00 7.999940948075980032e+02 1.799985235538537438e+02
2.849999999999999201e+00 7.999940948075980032e+02 1.799985235538537438e+02
2.999999999999999112e+00 7.999940948075980032e+02 1.799985235538537438e+02
3.149999999999999023e+00 7.999940948075980032e+02 1.799985235538537438e+02
3.299999999999998934e+00 7.999940948075980032e+02 1.799985235538537438e+02
3.449999999999998845e+00 7.999940948075980032e+02 1.799985235538537438e+02
3.599999999999998757e+00 7.999940948075980032e+02 1.799985235538537438e+02
3.749999999999998668e+00 7.999940948075980032e+02 1.799985235538537438e+02
3.899999999999998579e+00 7.999940948075980032e+02 1.799985235538537438e+02
4.049999999999998934e+00 4.861652389810659542e+02 1.799985248352153349e+02
4.199999999999999289e+00 3.106375299149619877e+02 1.799985279717905939e+02
4.349999999999999645e+00 1.515549637875359679e+02 1.799985392348137623e+02
4.500000000000000000e+00 8.293673103934335700e+01 1.799985593692812529e+02
4.650000000000000355e+00 4.506511713521155826e+01 1.799985963156250079e+02
4.800000000000000711e+00 2.522325201252987625e+01 1.799986622129266323e+02
4.950000000000001066e+00 1.462629276678614332e+01 1.799987709621281340e+02
5.100000000000001421e+00 8.986503644478425201e+00 1.799989329247454748e+02
5.250000000000001776e+00 5.980419293695355520e+00 1.799991452998384034e+02
5.400000000000002132e+00 4.378475992428661812e+00 1.799993776894999939e+02
5.550000000000002487e+00 3.524686871262971977e+00 1.799995876292753678e+02
5.700000000000002842e+00 3.069646692823184253e+00 1.799997475894529657e+02
5.850000000000003197e+00 2.827127339372552228e+00 1.799998539038914487e+02
6.000000000000003553e+00 2.697883122811191470e+00 1.799999183336167050e+02
6.150000000000003908e+00 2.629024223794260706e+00 1.799999553253908857e+02
6.300000000000004263e+00 2.592372270721057248e+00 1.799999758483386927e+02
6.450000000000004619e+00 2.572928651467179861e+00 1.799999870192591231e+02
6.600000000000004974e+00 2.562736723309512854e+00 1.799999930527591800e+02
6.750000000000005329e+00 2.557625790301415236e+00 1.799999962891920973e+02
6.900000000000005684e+00 2.555504380411036891e+00 1.799999980188755160e+02
7.050000000000006040e+00 2.555504380514292961e+00 1.799999989439101000e+02
7.200000000000006395e+00 2.557625790655436049e+00 1.799999994374906578e+02
7.350000000000006750e+00 2.562736724076557948e+00 1.799999997005352554e+02
7.500000000000007105e+00 2.572928652927515714e+00 1.799999998409947750e+02
7.650000000000007461e+00 2.592372273494220281e+00 1.799999999158735307e+02
7.800000000000007816e+00 2.629024229030818560e+00 1.799999999557487058e+02
7.950000000000008171e+00 2.697883132664770756e+00 1.799999999770116972e+02
8.100000000000008527e+00 2.827127357877515124e+00 1.799999999883037276e+02
8.250000000000008882e+00 3.069646727539350195e+00 1.799999999942503734e+02
8.400000000000009237e+00 3.524686936343798038e+00 1.799999999973252898e+02
8.550000000000009592e+00 4.378476114514214146e+00 1.799999999988436912e+02
8.700000000000009948e+00 5.980419522584561776e+00 1.799999999995369535e+02
8.850000000000010303e+00 8.986504073724972841e+00 1.799999999998211422e+02
9.000000000000010658e+00 1.462629357163033461e+01 1.799999999999247393e+02
9.150000000000011013e+00 2.522325352528477893e+01 1.799999999999585611e+02
9.300000000000011369e+00 4.506511996484228888e+01 1.799999999999687361e+02
9.450000000000011724e+00 8.293673648471771287e+01 1.799999999999713225e+02
9.600000000000012079e+00 1.515549735083947667e+02 1.799999999999717772e+02
9.750000000000012434e+00 3.106375547077802821e+02 1.799999999999718625e+02
9.900000000000012790e+00 4.861652606116053335e+02 1.799999999999718341e+02
1.005000000000001315e+01 7.999942535737316121e+02 1.799999999999718341e+02
1.020000000000001350e+01 7.999942535737316121e+02 1.799999999999718341e+02
1.035000000000001386e+01 7.999942535737316121e+02 1.799999999999718341e+02
1.050000000000001421e+01 7.999942535737316121e+02 1.799999999999718341e+02
1.065000000000001457e+01 7.999942535737316121e+02 1.799999999999718341e+02
1.080000000000001492e+01 7.999942535737316121e+02 1.799999999999718341e+02
1.095000000000001528e+01 7.999942535737316121e+02 1.799999999999718341e+02
1.110000000000001563e+01 7.999942535737316121e+02 1.799999999999718341e+02
1.125000000000001599e+01 7.999942535737316121e+02 1.799999999999718341e+02
1.140000000000001634e+01 7.999942535737316121e+02 1.799999999999718341e+02
1.155000000000001670e+01 7.999942535737316121e+02 1.799999999999718341e+02
1.170000000000001705e+01 7.999942535737316121e+02 1.799999999999718341e+02
1.185000000000001741e+01 7.999942535737316121e+02 1.799999999999718341e+02
1.200000000000001776e+01 7.999942535737316121e+02 1.799999999999718341e+02
1.215000000000001812e+01 7.999942535737316121e+02 1.799999999999718341e+02
1.230000000000001847e+01 7.999942535737316121e+02 1.799999999999718341e+02
1.245000000000001883e+01 7.999942535737316121e+02 1.799999999999718341e+02
1.260000000000001918e+01 7.999942535737316121e+02 1.799999999999718341e+02
1.275000000000001954e+01 7.999942535737316121e+02 1.799999999999718341e+02
1.290000000000001990e+01 7.999942535737316121e+02 1.799999999999718341e+02
1.305000000000002025e+01 7.999836077460541901e+02 1.799999999999719194e+02
1.320000000000002061e+01 7.999836077460541901e+02 1.799999999999719194e+02
1.335000000000002096e+01 7.999836077460541901e+02 1.799999999999719194e+02
1.350000000000002132e+01 7.999836077460541901e+02 1.799999999999719194e+02
1.365000000000002167e+01 7.999836077460541901e+02 1.799999999999719194e+02
1.380000000000002203e+01 7.999836077460541901e+02 1.799999999999719194e+02
1.395000000000002238e+01 7.999836077460541901e+02 1.799999999999719194e+02
1.410000000000002274e+01 7.999836077460541901e+02 1.799999999999719194e+02
1.425000000000002309e+01 7.999836077460541901e+02 1.799999999999719194e+02
1.440000000000002345e+01 7.999836077460541901e+02 1.799999999999719194e+02
1.455000000000002380e+01 7.999836077460541901e+02 1.799999999999719194e+02
1.470000000000002416e+01 7.999836077460541901e+02 1.799999999999719194e+02
1.485000000000002451e+01 7.999836077460541901e+02 1.799999999999719194e+02
1.500000000000002487e+01 7.999836077460541901e+02 1.799999999999719194e+02
1.515000000000002522e+01 7.999836077460541901e+02 1.799999999999719194e+02
1.530000000000002558e+01 7.999836077460541901e+02 1.799999999999719194e+02
1.545000000000002593e+01 7.999836077460541901e+02 1.799999999999719194e+02
1.560000000000002629e+01 7.999836077460541901e+02 1.799999999999719194e+02
1.575000000000002665e+01 7.999836077460541901e+02 1.799999999999719194e+02
1.590000000000002700e+01 7.999836077460541901e+02 1.799999999999719194e+02
