1.499999999999999944e-01 7.999997780154272959e+02 1.799995944319916816e+02
2.999999999999999889e-01 7.999997780154272959e+02 1.799995944319916816e+02
4.499999999999999556e-01 7.999997780154272959e+02 1.799995944319916816e+02
5.999999999999999778e-01 7.999997780154272959e+02 1.799995944319916816e+02
7.500000000000000000e-01 7.999997780154272959e+02 1.799995944319916816e+02
9.000000000000000222e-01 7.999997780154272959e+02 1.799995944319916816e+02
1.050000000000000044e+00 7.999997780154272959e+02 1.799995944319916816e+02
1.199999999999999956e+00 7.999997780154272959e+02 1.799995944319916816e+02
1.349999999999999867e+00 7.999997780154272959e+02 1.799995944319916816e+02
1.499999999999999778e+00 7.999997780154272959e+02 1.799995944319916816e+02
1.649999999999999689e+00 7.999997780154272959e+02 1.799995944319916816e+02
1.799999999999999600e+00 7.999997780154272959e+02 1.799995944319916816e+02
1.949999999999999512e+00 7.999997780154272959e+02 1.799995944319916816e+02
2.099999999999999645e+00 7.999999556829538960e+02 1.799995950482206126e+02
2.249999999999999556e+00 7.999999556829538960e+02 1.799995950482206126e+02
2.399999999999999467e+00 7.999999556829538960e+02 1.799995950482206126e+02
2.549999999999999378e+00 7.999999556829538960e+02 1.799995950482206126e+02
2.699999999999999289e+00 7.999999556829538960e+02 1.799995950482206126e+02
2.849999999999999201e+00 7.999999556829538960e+02 1.799995950482206126e+02
2.999999999999999112e+00 7.999999556829538960e+02 1.799995950482206126e+02
3.149999999999999023e+00 7.999999556829538960e+02 1.799995950482206126e+02
3.299999999999998934e+00 7.999999556829538960e+02 1.799995950482206126e+02
3.449999999999998845e+00 7.999999556829538960e+02 1.799995950482206126e+02
3.599999999999998757e+00 7.999999556829538960e+02 1.799995950482206126e+02
3.749999999999998668e+00 7.999999556829538960e+02 1.799995950482206126e+02
3.899999999999998579e+00 7.999999556829538960e+02 1.799995950482206126e+02
4.049999999999998934e+00 5.103663704540991830e+02 1.799995962702197119e+02
4.199999999999999289e+00 4.264783980254986773e+02 1.799996010168061389e+02
4.349999999999999645e+00 3.361284789797185226e+02 1.799996141039639781e+02
4.500000000000000000e+00 3.059926222430361236e+02 1.799996301955475531e+02
4.650000000000000355e+00 2.904671407248059154e+02 1.799996474773137436e+02
4.800000000000000711e+00 2.830806151811034397e+02 1.799996660779129343e+02
4.950000000000001066e+00 2.793835931381557884e+02 1.799996844426400173e+02
5.100000000000001421e+00 2.775340283450711922e+02 1.799997014721765822e+02
5.250000000000001776e+00 2.766020086559733500e+02 1.799997185298256852e+02
5.400000000000002132e+00 2.761316426310946213e+02 1.799997347918256594e+02
5.550000000000002487e+00 2.758939364042845455e+02 1.799997496461645596e+02
5.700000000000002842e+00 2.757737460574672355e+02 1.799997643838108843e+02
5.850000000000003197e+00 2.757129564450593762e+02 1.799997783869824843e+02
6.000000000000003553e+00 2.756822072151290399e+02 1.799997911815055716e+02
6.150000000000003908e+00 2.756666545532256691e+02 1.799998038632828354e+02
6.300000000000004263e+00 2.756587926598246554e+02 1.799998159253710242e+02
6.450000000000004619e+00 2.756548278498535183e+02 1.799998269801814956e+02
6.600000000000004974e+00 2.756528470722727775e+02 1.799998379401042712e+02
6.750000000000005329e+00 2.756518946195573108e+02 1.799998483862633805e+02
6.900000000000005684e+00 2.756515109495827573e+02 1.799998580026615969e+02
7.050000000000006040e+00 2.756515109495850311e+02 1.799998675412929856e+02
7.200000000000006395e+00 2.756518946195650415e+02 1.799998766587921466e+02
7.350000000000006750e+00 2.756528470722863631e+02 1.799998851015276387e+02
7.500000000000007105e+00 2.756548278498734703e+02 1.799998934816111102e+02
7.650000000000007461e+00 2.756587926598523381e+02 1.799999015215310862e+02
7.800000000000007816e+00 2.756666545532644932e+02 1.799999090228352259e+02
7.950000000000008171e+00 2.756822072151846896e+02 1.799999164744274083e+02
8.100000000000008527e+00 2.757129564451428223e+02 1.799999236565365379e+02
8.250000000000008882e+00 2.757737460576004764e+02 1.799999304195539480e+02
8.400000000000009237e+00 2.758939364045094749e+02 1.799999371411393270e+02
8.550000000000009592e+00 2.761316426314950832e+02 1.799999436501308310e+02
8.700000000000009948e+00 2.766020086567153839e+02 1.799999498356173149e+02
8.850000000000010303e+00 2.775340283464838080e+02 1.799999559633583317e+02
9.000000000000010658e+00 2.793835931408968349e+02 1.799999618841827953e+02
9.150000000000011013e+00 2.830806151865279503e+02 1.799999674817712219e+02
9.300000000000011369e+00 2.904671407356027544e+02 1.799999728390279188e+02
9.450000000000011724e+00 3.059926222660916437e+02 1.799999777131231156e+02
9.600000000000012079e+00 3.361284790239446352e+02 1.799999816990874706e+02
9.750000000000012434e+00 4.264783981757796596e+02 1.799999847451256869e+02
9.900000000000012790e+00 5.103663705613834054e+02 1.799999859826455406e+02
1.005000000000001315e+01 7.999999574469229628e+02 1.799999862210462709e+02
1.020000000000001350e+01 7.999999574469229628e+02 1.799999862210462709e+02
1.035000000000001386e+01 7.999999574469229628e+02 1.799999862210462709e+02
1.050000000000001421e+01 7.999999574469229628e+02 1.799999862210462709e+02
1.065000000000001457e+01 7.999999574469229628e+02 1.799999862210462709e+02
1.080000000000001492e+01 7.999999574469229628e+02 1.799999862210462709e+02
1.095000000000001528e+01 7.999999574469229628e+02 1.799999862210462709e+02
1.110000000000001563e+01 7.999999574469229628e+02 1.799999862210462709e+02
1.125000000000001599e+01 7.999999574469229628e+02 1.799999862210462709e+02
1.140000000000001634e+01 7.999999574469229628e+02 1.799999862210462709e+02
1.155000000000001670e+01 7.999999574469229628e+02 1.799999862210462709e+02
1.170000000000001705e+01 7.999999574469229628e+02 1.799999862210462709e+02
1.185000000000001741e+01 7.999999574469229628e+02 1.799999862210462709e+02
1.200000000000001776e+01 7.999999574469229628e+02 1.799999862210462709e+02
1.215000000000001812e+01 7.999999574469229628e+02 1.799999862210462709e+02
1.230000000000001847e+01 7.999999574469229628e+02 1.799999862210462709e+02
1.245000000000001883e+01 7.999999574469229628e+02 1.799999862210462709e+02
1.260000000000001918e+01 7.999999574469229628e+02 1.799999862210462709e+02
1.275000000000001954e+01 7.999999574469229628e+02 1.799999862210462709e+02
1.290000000000001990e+01 7.999999574469229628e+02 1.799999862210462709e+02
1.305000000000002025e+01 7.999997868511677552e+02 1.799999862875021961e+02
1.320000000000002061e+01 7.999997868511677552e+02 1.799999862875021961e+02
1.335000000000002096e+01 7.999997868511677552e+02 1.799999862875021961e+02
1.350000000000002132e+01 7.999997868511677552e+02 1.799999862875021961e+02
1.365000000000002167e+01 7.999997868511677552e+02 1.799999862875021961e+02
1.380000000000002203e+01 7.999997868511677552e+02 1.799999862875021961e+02
1.395000000000002238e+01 7.999997868511677552e+02 1.799999862875021961e+02
1.410000000000002274e+01 7.999997868511677552e+02 1.799999862875021961e+02
1.425000000000002309e+01 7.999997868511677552e+02 1.799999862875021961e+02
1.440000000000002345e+01 7.999997868511677552e+02 1.799999862875021961e+02
1.455000000000002380e+01 7.999997868511677552e+02 1.799999862875021961e+02
1.470000000000002416e+01 7.999997868511677552e+02 1.799999862875021961e+02
1.485000000000002451e+01 7.999997868511677552e+02 1.799999862875021961e+02
1.500000000000002487e+01 7.999997868511677552e+02 1.799999862875021961e+02
1.515000000000002522e+01 7.999997868511677552e+02 1.799999862875021961e+02
1.530000000000002558e+01 7.999997868511677552e+02 1.799999862875021961e+02
1.545000000000002593e+01 7.999997868511677552e+02 1.799999862875021961e+02
1.560000000000002629e+01 7.999997868511677552e+02 1.799999862875021961e+02
1.575000000000002665e+01 7.999997868511677552e+02 1.799999862875021961e+02
1.590000000000002700e+01 7.999997868511677552e+02 1.799999862875021961e+02
