1.499999999999999944e-01 7.996014504383590520e+02 8.319051342509098390e-05
2.999999999999999889e-01 7.996014504383590520e+02 8.319051342509098390e-05
4.499999999999999556e-01 7.996014504383590520e+02 8.319051342509098390e-05
5.999999999999999778e-01 7.996014504383590520e+02 8.319051342509098390e-05
7.500000000000000000e-01 7.996014504383590520e+02 8.319051342509098390e-05
9.000000000000000222e-01 7.996014504383590520e+02 8.319051342509098390e-05
1.050000000000000044e+00 7.996014504383590520e+02 8.319051342509098390e-05
1.199999999999999956e+00 7.996014504383590520e+02 8.319051342509098390e-05
1.349999999999999867e+00 7.996014504383590520e+02 8.319051342509098390e-05
1.499999999999999778e+00 7.996014504383590520e+02 8.319051342509098390e-05
1.649999999999999689e+00 7.996014504383590520e+02 8.319051342509098390e-05
1.799999999999999600e+00 7.996014504383590520e+02 8.319051342509098390e-05
1.949999999999999512e+00 7.996014504383590520e+02 8.319051342509098390e-05
2.099999999999999645e+00 7.997887694494642119e+02 8.312937507004569682e-05
2.249999999999999556e+00 7.997887694494642119e+02 8.312937507004569682e-05
2.399999999999999467e+00 7.997887694494642119e+02 8.312937507004569682e-05
2.549999999999999378e+00 7.997887694494642119e+02 8.312937507004569682e-05
2.699999999999999289e+00 7.997887694494642119e+02 8.312937507004569682e-05
2.849999999999999201e+00 7.997887694494642119e+02 8.312937507004569682e-05
2.999999999999999112e+00 7.997887694494642119e+02 8.312937507004569682e-05
3.149999999999999023e+00 7.997887694494642119e+02 8.312937507004569682e-05
3.299999999999998934e+00 7.997887694494642119e+02 8.312937507004569682e-05
3.449999999999998845e+00 7.997887694494642119e+02 8.312937507004569682e-05
3.599999999999998757e+00 7.997887694494642119e+02 8.312937507004569682e-05
3.749999999999998668e+00 7.997887694494642119e+02 8.312937507004569682e-05
3.899999999999998579e+00 7.997887694494642119e+02 8.312937507004569682e-05
4.049999999999998934e+00 4.331700421408444868e+02 8.318763559789221773e-05
4.199999999999999289e+00 2.027549051371177029e+02 8.344976417884453213e-05
4.349999999999999645e+00 6.473045490480740227e+01 8.384071890554789519e-05
4.500000000000000000e+00 2.354940799525027018e+01 8.483121826707851199e-05
4.650000000000000355e+00 7.956026832875572552e+00 8.803596565554183684e-05
4.800000000000000711e+00 2.552901316413510813e+00 9.773058989803740104e-05
4.950000000000001066e+00 6.215528204537577039e-01 1.420558539623195671e-04
5.100000000000001421e+00 6.095499104230839293e-02 1.799994851495299031e+02
5.250000000000001776e+00 3.031542748367428430e-01 1.799999633092156444e+02
5.400000000000002132e+00 3.889708220985994558e-01 1.799999898615058100e+02
5.550000000000002487e+00 4.193946291834436124e-01 1.799999966601389758e+02
5.700000000000002842e+00 4.301782961965727736e-01 1.799999988456430913e+02
5.850000000000003197e+00 4.340008381634561374e-01 1.799999995943712179e+02
6.000000000000003553e+00 4.353557970656538600e-01 1.799999998563683903e+02
6.150000000000003908e+00 4.358360894907491456e-01 1.799999999491368499e+02
6.300000000000004263e+00 4.360063423478095501e-01 1.799999999819754350e+02
6.450000000000004619e+00 4.360667046074695463e-01 1.799999999935984647e+02
6.600000000000004974e+00 4.360881379715237927e-01 1.799999999977306970e+02
6.750000000000005329e+00 4.360958399303171973e-01 1.799999999991954951e+02
6.900000000000005684e+00 4.360988647431440768e-01 1.799999999997142481e+02
7.050000000000006040e+00 4.361007684310607146e-01 1.799999999998987903e+02
7.200000000000006395e+00 4.361037884646066232e-01 1.799999999999641886e+02
7.350000000000006750e+00 4.361114753185120207e-01 1.799999999999872102e+02
7.500000000000007105e+00 4.361328660230583409e-01 1.799999999999955662e+02
7.650000000000007461e+00 4.361931072076004057e-01 1.799999999999983800e+02
7.800000000000007816e+00 4.363630178445419006e-01 1.799999999999993463e+02
7.950000000000008171e+00 4.368423459759469551e-01 1.799999999999997442e+02
8.100000000000008527e+00 4.381945839921854713e-01 1.799999999999998295e+02
8.250000000000008882e+00 4.420094501978155677e-01 1.799999999999995453e+02
8.400000000000009237e+00 4.527714634689345985e-01 1.799999999999988063e+02
8.550000000000009592e+00 4.831341824334458579e-01 1.799999999999971578e+02
8.700000000000009948e+00 5.687784122478660720e-01 1.799999999999934914e+02
8.850000000000010303e+00 8.104916100666059720e-01 1.799999999999871250e+02
9.000000000000010658e+00 1.491629324686272184e+00 1.799999999999801048e+02
9.150000000000011013e+00 3.419115608862227873e+00 1.799999999999755858e+02
9.300000000000011369e+00 8.811420226620832352e+00 1.799999999999735678e+02
9.450000000000011724e+00 2.437447765000150213e+01 1.799999999999727152e+02
9.600000000000012079e+00 6.547447001483116935e+01 1.799999999999726867e+02
9.750000000000012434e+00 2.032835807994076163e+02 1.799999999999721183e+02
9.900000000000012790e+00 4.333061238395084729e+02 1.799999999999722036e+02
1.005000000000001315e+01 7.997900663549063438e+02 1.799999999999721183e+02
1.020000000000001350e+01 7.997900663549063438e+02 1.799999999999721183e+02
1.035000000000001386e+01 7.997900663549063438e+02 1.799999999999721183e+02
1.050000000000001421e+01 7.997900663549063438e+02 1.799999999999721183e+02
1.065000000000001457e+01 7.997900663549063438e+02 1.799999999999721183e+02
1.080000000000001492e+01 7.997900663549063438e+02 1.799999999999721183e+02
1.095000000000001528e+01 7.997900663549063438e+02 1.799999999999721183e+02
1.110000000000001563e+01 7.997900663549063438e+02 1.799999999999721183e+02
1.125000000000001599e+01 7.997900663549063438e+02 1.799999999999721183e+02
1.140000000000001634e+01 7.997900663549063438e+02 1.799999999999721183e+02
1.155000000000001670e+01 7.997900663549063438e+02 1.799999999999721183e+02
1.170000000000001705e+01 7.997900663549063438e+02 1.799999999999721183e+02
1.185000000000001741e+01 7.997900663549063438e+02 1.799999999999721183e+02
1.200000000000001776e+01 7.997900663549063438e+02 1.799999999999721183e+02
1.215000000000001812e+01 7.997900663549063438e+02 1.799999999999721183e+02
1.230000000000001847e+01 7.997900663549063438e+02 1.799999999999721183e+02
1.245000000000001883e+01 7.997900663549063438e+02 1.799999999999721183e+02
1.260000000000001918e+01 7.997900663549063438e+02 1.799999999999721183e+02
1.275000000000001954e+01 7.997900663549063438e+02 1.799999999999721183e+02
1.290000000000001990e+01 7.997900663549063438e+02 1.799999999999721183e+02
1.305000000000002025e+01 7.996037530820462962e+02 1.799999999999722320e+02
1.320000000000002061e+01 7.996037530820462962e+02 1.799999999999722320e+02
1.335000000000002096e+01 7.996037530820462962e+02 1.799999999999722320e+02
1.350000000000002132e+01 7.996037530820462962e+02 1.799999999999722320e+02
1.365000000000002167e+01 7.996037530820462962e+02 1.799999999999722320e+02
1.380000000000002203e+01 7.996037530820462962e+02 1.799999999999722320e+02
1.395000000000002238e+01 7.996037530820462962e+02 1.799999999999722320e+02
1.410000000000002274e+01 7.996037530820462962e+02 1.799999999999722320e+02
1.425000000000002309e+01 7.996037530820462962e+02 1.799999999999722320e+02
1.440000000000002345e+01 7.996037530820462962e+02 1.799999999999722320e+02
1.455000000000002380e+01 7.996037530820462962e+02 1.799999999999722320e+02
1.470000000000002416e+01 7.996037530820462962e+02 1.799999999999722320e+02
1.485000000000002451e+01 7.996037530820462962e+02 1.799999999999722320e+02
1.500000000000002487e+01 7.996037530820462962e+02 1.799999999999722320e+02
1.515000000000002522e+01 7.996037530820462962e+02 1.799999999999722320e+02
1.530000000000002558e+01 7.996037530820462962e+02 1.799999999999722320e+02
1.545000000000002593e+01 7.996037530820462962e+02 1.799999999999722320e+02
1.560000000000002629e+01 7.996037530820462962e+02 1.799999999999722320e+02
1.575000000000002665e+01 7.996037530820462962e+02 1.799999999999722320e+02
1.590000000000002700e+01 7.996037530820462962e+02 1.799999999999722320e+02
