1.499999999999999944e-01 7.999831916530010858e+02 1.799992302191577664e+02
2.999999999999999889e-01 7.999831916530010858e+02 1.799992302191577664e+02
4.499999999999999556e-01 7.999831916530010858e+02 1.799992302191577664e+02
5.999999999999999778e-01 7.999831916530010858e+02 1.799992302191577664e+02
7.500000000000000000e-01 7.999831916530010858e+02 1.799992302191577664e+02
9.000000000000000222e-01 7.999831916530010858e+02 1.799992302191577664e+02
1.050000000000000044e+00 7.999831916530010858e+02 1.799992302191577664e+02
1.199999999999999956e+00 7.999831916530010858e+02 1.799992302191577664e+02
1.349999999999999867e+00 7.999831916530010858e+02 1.799992302191577664e+02
1.499999999999999778e+00 7.999831916530010858e+02 1.799992302191577664e+02
1.649999999999999689e+00 7.999831916530010858e+02 1.799992302191577664e+02
1.799999999999999600e+00 7.999831916530010858e+02 1.799992302191577664e+02
1.949999999999999512e+00 7.999831916530010858e+02 1.799992302191577664e+02
2.099999999999999645e+00 7.999941080315691124e+02 1.799992307097747926e+02
2.249999999999999556e+00 7.999941080315691124e+02 1.799992307097747926e+02
2.399999999999999467e+00 7.999941080315691124e+02 1.799992307097747926e+02
2.549999999999999378e+00 7.999941080315691124e+02 1.799992307097747926e+02
2.699999999999999289e+00 7.999941080315691124e+02 1.799992307097747926e+02
2.849999999999999201e+00 7.999941080315691124e+02 1.799992307097747926e+02
2.999999999999999112e+00 7.999941080315691124e+02 1.799992307097747926e+02
3.149999999999999023e+00 7.999941080315691124e+02 1.799992307097747926e+02
3.299999999999998934e+00 7.999941080315691124e+02 1.799992307097747926e+02
3.449999999999998845e+00 7.999941080315691124e+02 1.799992307097747926e+02
3.599999999999998757e+00 7.999941080315691124e+02 1.799992307097747926e+02
3.749999999999998668e+00 7.999941080315691124e+02 1.799992307097747926e+02
3.899999999999998579e+00 7.999941080315691124e+02 1.799992307097747926e+02
4.049999999999998934e+00 4.861738827310387592e+02 1.799992313774010313e+02
4.199999999999999289e+00 3.107147367886637994e+02 1.799992327446666422e+02
4.349999999999999645e+00 1.517154707302735801e+02 1.799992391935952867e+02
4.500000000000000000e+00 8.315330624490835021e+01 1.799992507918011881e+02
4.650000000000000355e+00 4.531711769702661741e+01 1.799992716454700883e+02
4.800000000000000711e+00 2.549576782939894315e+01 1.799993093409958647e+02
4.950000000000001066e+00 1.491031572325789156e+01 1.799993707703845871e+02
5.100000000000001421e+00 9.276848624980971181e+00 1.799994601088866943e+02
5.250000000000001776e+00 6.274202951312794596e+00 1.799995744372135391e+02
5.400000000000002132e+00 4.674119551554937857e+00 1.799996954464829457e+02
5.550000000000002487e+00 3.821333463315809809e+00 1.799998011373234874e+02
5.700000000000002842e+00 3.366833344407538675e+00 1.799998796652160706e+02
5.850000000000003197e+00 3.124604512081589291e+00 1.799999308705612009e+02
6.000000000000003553e+00 2.995516488625099782e+00 1.799999615057690221e+02
6.150000000000003908e+00 2.926741514615443407e+00 1.799999789946884050e+02
6.300000000000004263e+00 2.890134601655745428e+00 1.799999886592519260e+02
6.450000000000004619e+00 2.870715065847718961e+00 1.799999939049199327e+02
6.600000000000004974e+00 2.860535855327213994e+00 1.799999967388672246e+02
6.750000000000005329e+00 2.855431340369804616e+00 1.799999982582308178e+02
6.900000000000005684e+00 2.853312606323612499e+00 1.799999990694862788e+02
7.050000000000006040e+00 2.853312606434244003e+00 1.799999995038999714e+02
7.200000000000006395e+00 2.855431340760702597e+00 1.799999997357022892e+02
7.350000000000006750e+00 2.860535856116385389e+00 1.799999998591593737e+02
7.500000000000007105e+00 2.870715067367058282e+00 1.799999999251775193e+02
7.650000000000007461e+00 2.890134604554290831e+00 1.799999999603765275e+02
7.800000000000007816e+00 2.926741520080639702e+00 1.799999999791117204e+02
7.950000000000008171e+00 2.995516498840075315e+00 1.799999999891185780e+02
8.100000000000008527e+00 3.124604531257716644e+00 1.799999999944373315e+02
8.250000000000008882e+00 3.366833380362777461e+00 1.799999999972423836e+02
8.400000000000009237e+00 3.821333530778900922e+00 1.799999999987016963e+02
8.550000000000009592e+00 4.674119678124753818e+00 1.799999999994295479e+02
8.700000000000009948e+00 6.274203188750128390e+00 1.799999999997667715e+02
8.850000000000010303e+00 9.276849070497725336e+00 1.799999999999077431e+02
9.000000000000010658e+00 1.491031655897564789e+01 1.799999999999598685e+02
9.150000000000011013e+00 2.549576940066408071e+01 1.799999999999767795e+02
9.300000000000011369e+00 4.531712063675044533e+01 1.799999999999816112e+02
9.450000000000011724e+00 8.315331190336775080e+01 1.799999999999827764e+02
9.600000000000012079e+00 1.517154808334207132e+02 1.799999999999830607e+02
9.750000000000012434e+00 3.107147625657449908e+02 1.799999999999830322e+02
9.900000000000012790e+00 4.861739052246149981e+02 1.799999999999831459e+02
1.005000000000001315e+01 7.999942731771835724e+02 1.799999999999830607e+02
1.020000000000001350e+01 7.999942731771835724e+02 1.799999999999830607e+02
1.035000000000001386e+01 7.999942731771835724e+02 1.799999999999830607e+02
1.050000000000001421e+01 7.999942731771835724e+02 1.799999999999830607e+02
1.065000000000001457e+01 7.999942731771835724e+02 1.799999999999830607e+02
1.080000000000001492e+01 7.999942731771835724e+02 1.799999999999830607e+02
1.095000000000001528e+01 7.999942731771835724e+02 1.799999999999830607e+02
1.110000000000001563e+01 7.999942731771835724e+02 1.799999999999830607e+02
1.125000000000001599e+01 7.999942731771835724e+02 1.799999999999830607e+02
1.140000000000001634e+01 7.999942731771835724e+02 1.799999999999830607e+02
1.155000000000001670e+01 7.999942731771835724e+02 1.799999999999830607e+02
1.170000000000001705e+01 7.999942731771835724e+02 1.799999999999830607e+02
1.185000000000001741e+01 7.999942731771835724e+02 1.799999999999830607e+02
1.200000000000001776e+01 7.999942731771835724e+02 1.799999999999830607e+02
1.215000000000001812e+01 7.999942731771835724e+02 1.799999999999830607e+02
1.230000000000001847e+01 7.999942731771835724e+02 1.799999999999830607e+02
1.245000000000001883e+01 7.999942731771835724e+02 1.799999999999830607e+02
1.260000000000001918e+01 7.999942731771835724e+02 1.799999999999830607e+02
1.275000000000001954e+01 7.999942731771835724e+02 1.799999999999830607e+02
1.290000000000001990e+01 7.999942731771835724e+02 1.799999999999830607e+02
1.305000000000002025e+01 7.999836627735195407e+02 1.799999999999831459e+02
1.320000000000002061e+01 7.999836627735195407e+02 1.799999999999831459e+02
1.335000000000002096e+01 7.999836627735195407e+02 1.799999999999831459e+02
1.350000000000002132e+01 7.999836627735195407e+02 1.799999999999831459e+02
1.365000000000002167e+01 7.999836627735195407e+02 1.799999999999831459e+02
1.380000000000002203e+01 7.999836627735195407e+02 1.799999999999831459e+02
1.395000000000002238e+01 7.999836627735195407e+02 1.799999999999831459e+02
1.410000000000002274e+01 7.999836627735195407e+02 1.799999999999831459e+02
1.425000000000002309e+01 7.999836627735195407e+02 1.799999999999831459e+02
1.440000000000002345e+01 7.999836627735195407e+02 1.799999999999831459e+02
1.455000000000002380e+01 7.999836627735195407e+02 1.799999999999831459e+02
1.470000000000002416e+01 7.999836627735195407e+02 1.799999999999831459e+02
1.485000000000002451e+01 7.999836627735195407e+02 1.799999999999831459e+02
1.500000000000002487e+01 7.999836627735195407e+02 1.799999999999831459e+02
1.515000000000002522e+01 7.999836627735195407e+02 1.799999999999831459e+02
1.530000000000002558e+01 7.999836627735195407e+02 1.799999999999831459e+02
1.545000000000002593e+01 7.999836627735195407e+02 1.799999999999831459e+02
1.560000000000002629e+01 7.999836627735195407e+02 1.799999999999831459e+02
1.575000000000002665e+01 7.999836627735195407e+02 1.799999999999831459e+02
1.590000000000002700e+01 7.999836627735195407e+02 1.799999999999831459e+02
