1.499999999999999944e-01 7.999919799371272120e+02 5.234423249178554727e-06
2.999999999999999889e-01 7.999919799371272120e+02 5.234423249178554727e-06
4.499999999999999556e-01 7.999919799371272120e+02 5.234423249178554727e-06
5.999999999999999778e-01 7.999919799371272120e+02 5.234423249178554727e-06
7.500000000000000000e-01 7.999919799371272120e+02 5.234423249178554727e-06
9.000000000000000222e-01 7.999919799371272120e+02 5.234423249178554727e-06
1.050000000000000044e+00 7.999919799371272120e+02 5.234423249178554727e-06
1.199999999999999956e+00 7.999919799371272120e+02 5.234423249178554727e-06
1.349999999999999867e+00 7.999919799371272120e+02 5.234423249178554727e-06
1.499999999999999778e+00 7.999919799371272120e+02 5.234423249178554727e-06
1.649999999999999689e+00 7.999919799371272120e+02 5.234423249178554727e-06
1.799999999999999600e+00 7.999919799371272120e+02 5.234423249178554727e-06
1.949999999999999512e+00 7.999919799371272120e+02 5.234423249178554727e-06
2.099999999999999645e+00 7.999974454683257363e+02 5.230046927873210905e-06
2.249999999999999556e+00 7.999974454683257363e+02 5.230046927873210905e-06
2.399999999999999467e+00 7.999974454683257363e+02 5.230046927873210905e-06
2.549999999999999378e+00 7.999974454683257363e+02 5.230046927873210905e-06
2.699999999999999289e+00 7.999974454683257363e+02 5.230046927873210905e-06
2.849999999999999201e+00 7.999974454683257363e+02 5.230046927873210905e-06
2.999999999999999112e+00 7.999974454683257363e+02 5.230046927873210905e-06
3.149999999999999023e+00 7.999974454683257363e+02 5.230046927873210905e-06
3.299999999999998934e+00 7.999974454683257363e+02 5.230046927873210905e-06
3.449999999999998845e+00 7.999974454683257363e+02 5.230046927873210905e-06
3.599999999999998757e+00 7.999974454683257363e+02 5.230046927873210905e-06
3.749999999999998668e+00 7.999974454683257363e+02 5.230046927873210905e-06
3.899999999999998579e+00 7.999974454683257363e+02 5.230046927873210905e-06
4.049999999999998934e+00 4.927111409276515133e+02 5.234935360531878246e-06
4.199999999999999289e+00 3.329095614319300580e+02 5.256331283787218922e-06
4.349999999999999645e+00 1.765018241150486062e+02 5.278797097774123870e-06
4.500000000000000000e+00 1.042137143008270499e+02 5.313515017979497657e-06
4.650000000000000355e+00 6.056579642976431899e+01 5.386351476843742603e-06
4.800000000000000711e+00 3.523326924699004081e+01 5.487935349601791302e-06
4.950000000000001066e+00 2.022469555474230418e+01 5.665920947861557977e-06
5.100000000000001421e+00 1.134477970103419864e+01 6.004637430390147301e-06
5.250000000000001776e+00 6.082491834016387600e+00 6.642214981256167050e-06
5.400000000000002132e+00 2.964008743684217961e+00 8.084448484879658281e-06
5.550000000000002487e+00 1.115729885384951103e+00 1.276866279276145377e-05
5.700000000000002842e+00 2.024818545032758266e-02 4.173071723708732250e-04
5.850000000000003197e+00 6.291110045507366522e-01 1.799999920337930064e+02
6.000000000000003553e+00 1.014129326031763867e+00 1.799999970619452370e+02
6.150000000000003908e+00 1.242591457243975128e+00 1.799999985777963332e+02
6.300000000000004263e+00 1.378455656703920340e+00 1.799999992396102755e+02
6.450000000000004619e+00 1.459757749783051395e+00 1.799999995730950957e+02
6.600000000000004974e+00 1.509258820766717690e+00 1.799999997550868329e+02
6.750000000000005329e+00 1.540817107356161841e+00 1.799999998576882660e+02
6.900000000000005684e+00 1.563267643611084168e+00 1.799999999165625013e+02
7.050000000000006040e+00 1.582895678280380025e+00 1.799999999510528994e+02
7.200000000000006395e+00 1.605196282723653667e+00 1.799999999712509009e+02
7.350000000000006750e+00 1.636412752364890366e+00 1.799999999830323532e+02
7.500000000000007105e+00 1.685284495610517297e+00 1.799999999898998340e+02
7.650000000000007461e+00 1.765493763554133011e+00 1.799999999937549262e+02
7.800000000000007816e+00 1.899496263544165231e+00 1.799999999957224759e+02
7.950000000000008171e+00 2.124808243456925538e+00 1.799999999964903168e+02
8.100000000000008527e+00 2.504510664824465493e+00 1.799999999964627193e+02
8.250000000000008882e+00 3.144913095024023164e+00 1.799999999959444779e+02
8.400000000000009237e+00 4.225326908019496841e+00 1.799999999952320024e+02
8.550000000000009592e+00 6.048313908967827501e+00 1.799999999945268598e+02
8.700000000000009948e+00 9.124498648715068327e+00 1.799999999939297197e+02
8.850000000000010303e+00 1.431647564730112521e+01 1.799999999935135975e+02
9.000000000000010658e+00 2.308071526309939969e+01 1.799999999932407491e+02
9.150000000000011013e+00 3.790218802679238053e+01 1.799999999930519152e+02
9.300000000000011369e+00 6.294098499742630537e+01 1.799999999929587489e+02
9.450000000000011724e+00 1.061479638195170594e+02 1.799999999929121373e+02
9.600000000000012079e+00 1.778356117536365559e+02 1.799999999928713237e+02
9.750000000000012434e+00 3.334832058963175427e+02 1.799999999928732279e+02
9.900000000000012790e+00 4.927646057416777694e+02 1.799999999928805039e+02
1.005000000000001315e+01 7.999974535395183466e+02 1.799999999928771501e+02
1.020000000000001350e+01 7.999974535395183466e+02 1.799999999928771501e+02
1.035000000000001386e+01 7.999974535395183466e+02 1.799999999928771501e+02
1.050000000000001421e+01 7.999974535395183466e+02 1.799999999928771501e+02
1.065000000000001457e+01 7.999974535395183466e+02 1.799999999928771501e+02
1.080000000000001492e+01 7.999974535395183466e+02 1.799999999928771501e+02
1.095000000000001528e+01 7.999974535395183466e+02 1.799999999928771501e+02
1.110000000000001563e+01 7.999974535395183466e+02 1.799999999928771501e+02
1.125000000000001599e+01 7.999974535395183466e+02 1.799999999928771501e+02
1.140000000000001634e+01 7.999974535395183466e+02 1.799999999928771501e+02
1.155000000000001670e+01 7.999974535395183466e+02 1.799999999928771501e+02
1.170000000000001705e+01 7.999974535395183466e+02 1.799999999928771501e+02
1.185000000000001741e+01 7.999974535395183466e+02 1.799999999928771501e+02
1.200000000000001776e+01 7.999974535395183466e+02 1.799999999928771501e+02
1.215000000000001812e+01 7.999974535395183466e+02 1.799999999928771501e+02
1.230000000000001847e+01 7.999974535395183466e+02 1.799999999928771501e+02
1.245000000000001883e+01 7.999974535395183466e+02 1.799999999928771501e+02
1.260000000000001918e+01 7.999974535395183466e+02 1.799999999928771501e+02
1.275000000000001954e+01 7.999974535395183466e+02 1.799999999928771501e+02
1.290000000000001990e+01 7.999974535395183466e+02 1.799999999928771501e+02
1.305000000000002025e+01 7.999920019757680620e+02 1.799999999928905936e+02
1.320000000000002061e+01 7.999920019757680620e+02 1.799999999928905936e+02
1.335000000000002096e+01 7.999920019757680620e+02 1.799999999928905936e+02
1.350000000000002132e+01 7.999920019757680620e+02 1.799999999928905936e+02
1.365000000000002167e+01 7.999920019757680620e+02 1.799999999928905936e+02
1.380000000000002203e+01 7.999920019757680620e+02 1.799999999928905936e+02
1.395000000000002238e+01 7.999920019757680620e+02 1.799999999928905936e+02
1.410000000000002274e+01 7.999920019757680620e+02 1.799999999928905936e+02
1.425000000000002309e+01 7.999920019757680620e+02 1.799999999928905936e+02
1.440000000000002345e+01 7.999920019757680620e+02 1.799999999928905936e+02
1.455000000000002380e+01 7.999920019757680620e+02 1.799999999928905936e+02
1.470000000000002416e+01 7.999920019757680620e+02 1.799999999928905936e+02
1.485000000000002451e+01 7.999920019757680620e+02 1.799999999928905936e+02
1.500000000000002487e+01 7.999920019757680620e+02 1.799999999928905936e+02
1.515000000000002522e+01 7.999920019757680620e+02 1.799999999928905936e+02
1.530000000000002558e+01 7.999920019757680620e+02 1.799999999928905936e+02
1.545000000000002593e+01 7.999920019757680620e+02 1.799999999928905936e+02
1.560000000000002629e+01 7.999920019757680620e+02 1.799999999928905936e+02
1.575000000000002665e+01 7.999920019757680620e+02 1.799999999928905936e+02
1.590000000000002700e+01 7.999920019757680620e+02 1.799999999928905936e+02
