1.499999999999999944e-01 7.999567400189241653e+02 1.785700246731936716e+02
2.999999999999999889e-01 7.999567400189241653e+02 1.785700246731936716e+02
4.499999999999999556e-01 7.999567400189241653e+02 1.785700246731936716e+02
5.999999999999999778e-01 7.999567400189241653e+02 1.785700246731936716e+02
7.500000000000000000e-01 7.999567400189241653e+02 1.785700246731936716e+02
9.000000000000000222e-01 7.999567400189241653e+02 1.785700246731936716e+02
1.050000000000000044e+00 7.999567400189241653e+02 1.785700246731936716e+02
1.199999999999999956e+00 7.999567400189241653e+02 1.785700246731936716e+02
1.349999999999999867e+00 7.999567400189241653e+02 1.785700246731936716e+02
1.499999999999999778e+00 7.999567400189241653e+02 1.785700246731936716e+02
1.649999999999999689e+00 7.999567400189241653e+02 1.785700246731936716e+02
1.799999999999999600e+00 7.999567400189241653e+02 1.785700246731936716e+02
1.949999999999999512e+00 7.999567400189241653e+02 1.785700246731936716e+02
2.099999999999999645e+00 7.999828367245239633e+02 1.785702719893705250e+02
2.249999999999999556e+00 7.999828367245239633e+02 1.785702719893705250e+02
2.399999999999999467e+00 7.999828367245239633e+02 1.785702719893705250e+02
2.549999999999999378e+00 7.999828367245239633e+02 1.785702719893705250e+02
2.699999999999999289e+00 7.999828367245239633e+02 1.785702719893705250e+02
2.849999999999999201e+00 7.999828367245239633e+02 1.785702719893705250e+02
2.999999999999999112e+00 7.999828367245239633e+02 1.785702719893705250e+02
3.149999999999999023e+00 7.999828367245239633e+02 1.785702719893705250e+02
3.299999999999998934e+00 7.999828367245239633e+02 1.785702719893705250e+02
3.449999999999998845e+00 7.999828367245239633e+02 1.785702719893705250e+02
3.599999999999998757e+00 7.999828367245239633e+02 1.785702719893705250e+02
3.749999999999998668e+00 7.999828367245239633e+02 1.785702719893705250e+02
3.899999999999998579e+00 7.999828367245239633e+02 1.785702719893705250e+02
4.049999999999998934e+00 4.751932887367441367e+02 1.785714281872845675e+02
4.199999999999999289e+00 2.795960417206648003e+02 1.785745357168877661e+02
4.349999999999999645e+00 1.209578943498341914e+02 1.785844151839883409e+02
4.500000000000000000e+00 5.892719358745526392e+01 1.786038032315766202e+02
4.650000000000000355e+00 2.833307944307847492e+01 1.786444979924148697e+02
4.800000000000000711e+00 1.417624463573355342e+01 1.787234781295574351e+02
4.950000000000001066e+00 7.490801526413143563e+00 1.788646312816431703e+02
5.100000000000001421e+00 4.351329202723022149e+00 1.790804771519946144e+02
5.250000000000001776e+00 2.874397361097834391e+00 1.793453971024125906e+02
5.400000000000002132e+00 2.179954235567521437e+00 1.795940672371826849e+02
5.550000000000002487e+00 1.853380399267962275e+00 1.797754114904578273e+02
5.700000000000002842e+00 1.699808103392456360e+00 1.798848329291041068e+02
5.850000000000003197e+00 1.627587989673287439e+00 1.799434334430370654e+02
6.000000000000003553e+00 1.593625325567472828e+00 1.799728247356103168e+02
6.150000000000003908e+00 1.577654803186817389e+00 1.799870900519310339e+02
6.300000000000004263e+00 1.570147240334080152e+00 1.799938993989814264e+02
6.450000000000004619e+00 1.566623139770882744e+00 1.799971238979927648e+02
6.600000000000004974e+00 1.564979812433932693e+00 1.799986459440398505e+02
6.750000000000005329e+00 1.564236754551018294e+00 1.799993628826997565e+02
6.900000000000005684e+00 1.563950615827849333e+00 1.799997002531179362e+02
7.050000000000006040e+00 1.563950669771770663e+00 1.799998590285421756e+02
7.200000000000006395e+00 1.564236948569174501e+00 1.799999337130201127e+02
7.350000000000006750e+00 1.564980262114119114e+00 1.799999688342393540e+02
7.500000000000007105e+00 1.566624112457816409e+00 1.799999853580706031e+02
7.650000000000007461e+00 1.570149312196633673e+00 1.799999931293367581e+02
7.800000000000007816e+00 1.577659191422299045e+00 1.799999967835099710e+02
7.950000000000008171e+00 1.593634564478122684e+00 1.799999985024439582e+02
8.100000000000008527e+00 1.627607223594537800e+00 1.799999993103979818e+02
8.250000000000008882e+00 1.699847254996655010e+00 1.799999996894054277e+02
8.400000000000009237e+00 1.853456713852949633e+00 1.799999998660328231e+02
8.550000000000009592e+00 2.180092062906055617e+00 1.799999999464338885e+02
8.700000000000009948e+00 2.874619165160183343e+00 1.799999999808891573e+02
8.850000000000010303e+00 4.351639444967972281e+00 1.799999999940600901e+02
9.000000000000010658e+00 7.491181294097451371e+00 1.799999999983738803e+02
9.150000000000011013e+00 1.417666372837056343e+01 1.799999999995919779e+02
9.300000000000011369e+00 2.833350721138732098e+01 1.799999999998997851e+02
9.450000000000011724e+00 5.892759889671094697e+01 1.799999999999728004e+02
9.600000000000012079e+00 1.209582372953717169e+02 1.799999999999890008e+02
9.750000000000012434e+00 2.795962849082645789e+02 1.799999999999928662e+02
9.900000000000012790e+00 4.751933796690202030e+02 1.799999999999934630e+02
1.005000000000001315e+01 7.999832451618311779e+02 1.799999999999935483e+02
1.020000000000001350e+01 7.999832451618311779e+02 1.799999999999935483e+02
1.035000000000001386e+01 7.999832451618311779e+02 1.799999999999935483e+02
1.050000000000001421e+01 7.999832451618311779e+02 1.799999999999935483e+02
1.065000000000001457e+01 7.999832451618311779e+02 1.799999999999935483e+02
1.080000000000001492e+01 7.999832451618311779e+02 1.799999999999935483e+02
1.095000000000001528e+01 7.999832451618311779e+02 1.799999999999935483e+02
1.110000000000001563e+01 7.999832451618311779e+02 1.799999999999935483e+02
1.125000000000001599e+01 7.999832451618311779e+02 1.799999999999935483e+02
1.140000000000001634e+01 7.999832451618311779e+02 1.799999999999935483e+02
1.155000000000001670e+01 7.999832451618311779e+02 1.799999999999935483e+02
1.170000000000001705e+01 7.999832451618311779e+02 1.799999999999935483e+02
1.185000000000001741e+01 7.999832451618311779e+02 1.799999999999935483e+02
1.200000000000001776e+01 7.999832451618311779e+02 1.799999999999935483e+02
1.215000000000001812e+01 7.999832451618311779e+02 1.799999999999935483e+02
1.230000000000001847e+01 7.999832451618311779e+02 1.799999999999935483e+02
1.245000000000001883e+01 7.999832451618311779e+02 1.799999999999935483e+02
1.260000000000001918e+01 7.999832451618311779e+02 1.799999999999935483e+02
1.275000000000001954e+01 7.999832451618311779e+02 1.799999999999935483e+02
1.290000000000001990e+01 7.999832451618311779e+02 1.799999999999935483e+02
1.305000000000002025e+01 7.999577694817434121e+02 1.799999999999935767e+02
1.320000000000002061e+01 7.999577694817434121e+02 1.799999999999935767e+02
1.335000000000002096e+01 7.999577694817434121e+02 1.799999999999935767e+02
1.350000000000002132e+01 7.999577694817434121e+02 1.799999999999935767e+02
1.365000000000002167e+01 7.999577694817434121e+02 1.799999999999935767e+02
1.380000000000002203e+01 7.999577694817434121e+02 1.799999999999935767e+02
1.395000000000002238e+01 7.999577694817434121e+02 1.799999999999935767e+02
1.410000000000002274e+01 7.999577694817434121e+02 1.799999999999935767e+02
1.425000000000002309e+01 7.999577694817434121e+02 1.799999999999935767e+02
1.440000000000002345e+01 7.999577694817434121e+02 1.799999999999935767e+02
1.455000000000002380e+01 7.999577694817434121e+02 1.799999999999935767e+02
1.470000000000002416e+01 7.999577694817434121e+02 1.799999999999935767e+02
1.485000000000002451e+01 7.999577694817434121e+02 1.799999999999935767e+02
1.500000000000002487e+01 7.999577694817434121e+02 1.799999999999935767e+02
1.515000000000002522e+01 7.999577694817434121e+02 1.799999999999935767e+02
1.530000000000002558e+01 7.999577694817434121e+02 1.799999999999935767e+02
1.545000000000002593e+01 7.999577694817434121e+02 1.799999999999935767e+02
1.560000000000002629e+01 7.999577694817434121e+02 1.799999999999935767e+02
1.575000000000002665e+01 7.999577694817434121e+02 1.799999999999935767e+02
1.590000000000002700e+01 7.999577694817434121e+02 1.799999999999935767e+02
