1.499999999999999944e-01 7.996653012297369969e+02 3.872695405743309394e-04
2.999999999999999889e-01 7.996653012297369969e+02 3.872695405743309394e-04
4.499999999999999556e-01 7.996653012297369969e+02 3.872695405743309394e-04
5.999999999999999778e-01 7.996653012297369969e+02 3.872695405743309394e-04
7.500000000000000000e-01 7.996653012297369969e+02 3.872695405743309394e-04
9.000000000000000222e-01 7.996653012297369969e+02 3.872695405743309394e-04
1.050000000000000044e+00 7.996653012297369969e+02 3.872695405743309394e-04
1.199999999999999956e+00 7.996653012297369969e+02 3.872695405743309394e-04
1.349999999999999867e+00 7.996653012297369969e+02 3.872695405743309394e-04
1.499999999999999778e+00 7.996653012297369969e+02 3.872695405743309394e-04
1.649999999999999689e+00 7.996653012297369969e+02 3.872695405743309394e-04
1.799999999999999600e+00 7.996653012297369969e+02 3.872695405743309394e-04
1.949999999999999512e+00 7.996653012297369969e+02 3.872695405743309394e-04
2.099999999999999645e+00 7.998265661358567513e+02 3.871412746031532848e-04
2.249999999999999556e+00 7.998265661358567513e+02 3.871412746031532848e-04
2.399999999999999467e+00 7.998265661358567513e+02 3.871412746031532848e-04
2.549999999999999378e+00 7.998265661358567513e+02 3.871412746031532848e-04
2.699999999999999289e+00 7.998265661358567513e+02 3.871412746031532848e-04
2.849999999999999201e+00 7.998265661358567513e+02 3.871412746031532848e-04
2.999999999999999112e+00 7.998265661358567513e+02 3.871412746031532848e-04
3.149999999999999023e+00 7.998265661358567513e+02 3.871412746031532848e-04
3.299999999999998934e+00 7.998265661358567513e+02 3.871412746031532848e-04
3.449999999999998845e+00 7.998265661358567513e+02 3.871412746031532848e-04
3.599999999999998757e+00 7.998265661358567513e+02 3.871412746031532848e-04
3.749999999999998668e+00 7.998265661358567513e+02 3.871412746031532848e-04
3.899999999999998579e+00 7.998265661358567513e+02 3.871412746031532848e-04
4.049999999999998934e+00 4.375324298294474943e+02 3.874183689349663950e-04
4.199999999999999289e+00 2.087452449264224015e+02 3.884267918274897369e-04
4.349999999999999645e+00 6.818140437358326267e+01 3.907625850199103468e-04
4.500000000000000000e+00 2.525459989695273322e+01 3.966925912234353646e-04
4.650000000000000355e+00 8.651983925829846100e+00 4.151168397148463640e-04
4.800000000000000711e+00 2.762569368972435768e+00 4.735602384176029744e-04
4.950000000000001066e+00 6.100113877630519710e-01 7.764333630441155876e-04
5.100000000000001421e+00 1.682689482636305911e-01 1.799989777158791355e+02
5.250000000000001776e+00 4.507643879042007029e-01 1.799998616465547627e+02
5.400000000000002132e+00 5.531584118626824420e-01 1.799999591136377433e+02
5.550000000000002487e+00 5.902912832402762433e-01 1.799999860931256421e+02
5.700000000000002842e+00 6.037549299337570119e-01 1.799999950694553945e+02
5.850000000000003197e+00 6.086369062651328932e-01 1.799999982264185974e+02
6.000000000000003553e+00 6.104070903961655858e-01 1.799999993580958630e+02
6.150000000000003908e+00 6.110489598672756983e-01 1.799999997674754013e+02
6.300000000000004263e+00 6.112817081364028127e-01 1.799999999157133743e+02
6.450000000000004619e+00 6.113661239861585273e-01 1.799999999694102257e+02
6.600000000000004974e+00 6.113967932811874562e-01 1.799999999889078310e+02
6.750000000000005329e+00 6.114080798777195014e-01 1.799999999959777881e+02
6.900000000000005684e+00 6.114126305792524363e-01 1.799999999985398631e+02
7.050000000000006040e+00 6.114155439935302638e-01 1.799999999994703330e+02
7.200000000000006395e+00 6.114200845464665690e-01 1.799999999998080114e+02
7.350000000000006750e+00 6.114313398711601621e-01 1.799999999999303384e+02
7.500000000000007105e+00 6.114619210740102062e-01 1.799999999999746763e+02
7.650000000000007461e+00 6.115460938884780262e-01 1.799999999999907629e+02
7.800000000000007816e+00 6.117781717011894216e-01 1.799999999999965894e+02
7.950000000000008171e+00 6.124181919445845779e-01 1.799999999999987210e+02
8.100000000000008527e+00 6.141832764058108296e-01 1.799999999999995737e+02
8.250000000000008882e+00 6.190511881393376825e-01 1.799999999999995168e+02
8.400000000000009237e+00 6.324760470145065483e-01 1.799999999999994884e+02
8.550000000000009592e+00 6.695019487024183036e-01 1.799999999999989200e+02
8.700000000000009948e+00 7.716010013692198299e-01 1.799999999999973284e+02
8.850000000000010303e+00 1.053283064031859340e+00 1.799999999999946851e+02
9.000000000000010658e+00 1.829322406731677120e+00 1.799999999999915588e+02
9.150000000000011013e+00 3.975706708873403272e+00 1.799999999999893419e+02
9.300000000000011369e+00 9.848222056855689743e+00 1.799999999999881197e+02
9.450000000000011724e+00 2.640461489419947583e+01 1.799999999999877218e+02
9.600000000000012079e+00 6.921105472885487586e+01 1.799999999999874376e+02
9.750000000000012434e+00 2.094641025848165157e+02 1.799999999999874660e+02
9.900000000000012790e+00 4.377089742875829188e+02 1.799999999999874376e+02
1.005000000000001315e+01 7.998287152835772531e+02 1.799999999999874376e+02
1.020000000000001350e+01 7.998287152835772531e+02 1.799999999999874376e+02
1.035000000000001386e+01 7.998287152835772531e+02 1.799999999999874376e+02
1.050000000000001421e+01 7.998287152835772531e+02 1.799999999999874376e+02
1.065000000000001457e+01 7.998287152835772531e+02 1.799999999999874376e+02
1.080000000000001492e+01 7.998287152835772531e+02 1.799999999999874376e+02
1.095000000000001528e+01 7.998287152835772531e+02 1.799999999999874376e+02
1.110000000000001563e+01 7.998287152835772531e+02 1.799999999999874376e+02
1.125000000000001599e+01 7.998287152835772531e+02 1.799999999999874376e+02
1.140000000000001634e+01 7.998287152835772531e+02 1.799999999999874376e+02
1.155000000000001670e+01 7.998287152835772531e+02 1.799999999999874376e+02
1.170000000000001705e+01 7.998287152835772531e+02 1.799999999999874376e+02
1.185000000000001741e+01 7.998287152835772531e+02 1.799999999999874376e+02
1.200000000000001776e+01 7.998287152835772531e+02 1.799999999999874376e+02
1.215000000000001812e+01 7.998287152835772531e+02 1.799999999999874376e+02
1.230000000000001847e+01 7.998287152835772531e+02 1.799999999999874376e+02
1.245000000000001883e+01 7.998287152835772531e+02 1.799999999999874376e+02
1.260000000000001918e+01 7.998287152835772531e+02 1.799999999999874376e+02
1.275000000000001954e+01 7.998287152835772531e+02 1.799999999999874376e+02
1.290000000000001990e+01 7.998287152835772531e+02 1.799999999999874376e+02
1.305000000000002025e+01 7.996692849503162961e+02 1.799999999999874092e+02
1.320000000000002061e+01 7.996692849503162961e+02 1.799999999999874092e+02
1.335000000000002096e+01 7.996692849503162961e+02 1.799999999999874092e+02
1.350000000000002132e+01 7.996692849503162961e+02 1.799999999999874092e+02
1.365000000000002167e+01 7.996692849503162961e+02 1.799999999999874092e+02
1.380000000000002203e+01 7.996692849503162961e+02 1.799999999999874092e+02
1.395000000000002238e+01 7.996692849503162961e+02 1.799999999999874092e+02
1.410000000000002274e+01 7.996692849503162961e+02 1.799999999999874092e+02
1.425000000000002309e+01 7.996692849503162961e+02 1.799999999999874092e+02
1.440000000000002345e+01 7.996692849503162961e+02 1.799999999999874092e+02
1.455000000000002380e+01 7.996692849503162961e+02 1.799999999999874092e+02
1.470000000000002416e+01 7.996692849503162961e+02 1.799999999999874092e+02
1.485000000000002451e+01 7.996692849503162961e+02 1.799999999999874092e+02
1.500000000000002487e+01 7.996692849503162961e+02 1.799999999999874092e+02
1.515000000000002522e+01 7.996692849503162961e+02 1.799999999999874092e+02
1.530000000000002558e+01 7.996692849503162961e+02 1.799999999999874092e+02
1.545000000000002593e+01 7.996692849503162961e+02 1.799999999999874092e+02
1.560000000000002629e+01 7.996692849503162961e+02 1.799999999999874092e+02
1.575000000000002665e+01 7.996692849503162961e+02 1.799999999999874092e+02
1.590000000000002700e+01 7.996692849503162961e+02 1.799999999999874092e+02
