1.499999999999999944e-01 7.999882163587949435e+02 2.817598794380149485e-04
2.999999999999999889e-01 7.999882163587949435e+02 2.817598794380149485e-04
4.499999999999999556e-01 7.999882163587949435e+02 2.817598794380149485e-04
5.999999999999999778e-01 7.999882163587949435e+02 2.817598794380149485e-04
7.500000000000000000e-01 7.999882163587949435e+02 2.817598794380149485e-04
9.000000000000000222e-01 7.999882163587949435e+02 2.817598794380149485e-04
1.050000000000000044e+00 7.999882163587949435e+02 2.817598794380149485e-04
1.199999999999999956e+00 7.999882163587949435e+02 2.817598794380149485e-04
1.349999999999999867e+00 7.999882163587949435e+02 2.817598794380149485e-04
1.499999999999999778e+00 7.999882163587949435e+02 2.817598794380149485e-04
1.649999999999999689e+00 7.999882163587949435e+02 2.817598794380149485e-04
1.799999999999999600e+00 7.999882163587949435e+02 2.817598794380149485e-04
1.949999999999999512e+00 7.999882163587949435e+02 2.817598794380149485e-04
2.099999999999999645e+00 7.999960543515978770e+02 2.816955293745149191e-04
2.249999999999999556e+00 7.999960543515978770e+02 2.816955293745149191e-04
2.399999999999999467e+00 7.999960543515978770e+02 2.816955293745149191e-04
2.549999999999999378e+00 7.999960543515978770e+02 2.816955293745149191e-04
2.699999999999999289e+00 7.999960543515978770e+02 2.816955293745149191e-04
2.849999999999999201e+00 7.999960543515978770e+02 2.816955293745149191e-04
2.999999999999999112e+00 7.999960543515978770e+02 2.816955293745149191e-04
3.149999999999999023e+00 7.999960543515978770e+02 2.816955293745149191e-04
3.299999999999998934e+00 7.999960543515978770e+02 2.816955293745149191e-04
3.449999999999998845e+00 7.999960543515978770e+02 2.816955293745149191e-04
3.599999999999998757e+00 7.999960543515978770e+02 2.816955293745149191e-04
3.749999999999998668e+00 7.999960543515978770e+02 2.816955293745149191e-04
3.899999999999998579e+00 7.999960543515978770e+02 2.816955293745149191e-04
4.049999999999998934e+00 4.894400795521093528e+02 2.819487840994838734e-04
4.199999999999999289e+00 3.208355096378363100e+02 2.828267838203002427e-04
4.349999999999999645e+00 1.617832569130645766e+02 2.845250802506749110e-04
4.500000000000000000e+00 9.052265064690760710e+01 2.874627764387627238e-04
4.650000000000000355e+00 4.939287526985292232e+01 2.932975995352249399e-04
4.800000000000000711e+00 2.674078739836637197e+01 3.037355342754288756e-04
4.950000000000001066e+00 1.402730402131939869e+01 3.243410835691573624e-04
5.100000000000001421e+00 6.912007559585816807e+00 3.692312453856816390e-04
5.250000000000001776e+00 2.924539327877369033e+00 4.890700940782810591e-04
5.400000000000002132e+00 6.903825908889871243e-01 1.161124800131085877e-03
5.550000000000002487e+00 5.615005977066402920e-01 1.799991991917993914e+02
5.700000000000002842e+00 1.262969675718863982e+00 1.799998004638531199e+02
5.850000000000003197e+00 1.656040603503896591e+00 1.799999147139188267e+02
6.000000000000003553e+00 1.876328605516846437e+00 1.799999577770942949e+02
6.150000000000003908e+00 1.999838475404629889e+00 1.799999777978095494e+02
6.300000000000004263e+00 2.069184679320414944e+00 1.799999879738943207e+02
6.450000000000004619e+00 2.108293865409081036e+00 1.799999933793550042e+02
6.600000000000004974e+00 2.130660010890721878e+00 1.799999963284400053e+02
6.750000000000005329e+00 2.144000205600036679e+00 1.799999979550943294e+02
6.900000000000005684e+00 2.152917283098020107e+00 1.799999988577061458e+02
7.050000000000006040e+00 2.160487950027857096e+00 1.799999993620500049e+02
7.200000000000006395e+00 2.169324355755946954e+00 1.799999996439202903e+02
7.350000000000006750e+00 2.182475376951117596e+00 1.799999998014683342e+02
7.500000000000007105e+00 2.204478591698034506e+00 1.799999998898444460e+02
7.650000000000007461e+00 2.242925917630600452e+00 1.799999999393219809e+02
7.800000000000007816e+00 2.311083132011674479e+00 1.799999999669672377e+02
7.950000000000008171e+00 2.432467165834367506e+00 1.799999999824100598e+02
8.100000000000008527e+00 2.648960672353268819e+00 1.799999999909459518e+02
8.250000000000008882e+00 3.035264543261078529e+00 1.799999999955650480e+02
8.400000000000009237e+00 3.724676096503486633e+00 1.799999999979707752e+02
8.550000000000009592e+00 4.955104884213625382e+00 1.799999999991402149e+02
8.700000000000009948e+00 7.151178785270396077e+00 1.799999999996598490e+02
8.850000000000010303e+00 1.107133408639656835e+01 1.799999999998696865e+02
9.000000000000010658e+00 1.806856085618944618e+01 1.799999999999475335e+02
9.150000000000011013e+00 3.057767103250200336e+01 1.799999999999743068e+02
9.300000000000011369e+00 5.288478204275186556e+01 1.799999999999830038e+02
9.450000000000011724e+00 9.345428313557341937e+01 1.799999999999860165e+02
9.600000000000012079e+00 1.638859240913158999e+02 1.799999999999868407e+02
9.750000000000012434e+00 3.217948372967981072e+02 1.799999999999871818e+02
9.900000000000012790e+00 4.895382324335946009e+02 1.799999999999872102e+02
1.005000000000001315e+01 7.999961234794511711e+02 1.799999999999872102e+02
1.020000000000001350e+01 7.999961234794511711e+02 1.799999999999872102e+02
1.035000000000001386e+01 7.999961234794511711e+02 1.799999999999872102e+02
1.050000000000001421e+01 7.999961234794511711e+02 1.799999999999872102e+02
1.065000000000001457e+01 7.999961234794511711e+02 1.799999999999872102e+02
1.080000000000001492e+01 7.999961234794511711e+02 1.799999999999872102e+02
1.095000000000001528e+01 7.999961234794511711e+02 1.799999999999872102e+02
1.110000000000001563e+01 7.999961234794511711e+02 1.799999999999872102e+02
1.125000000000001599e+01 7.999961234794511711e+02 1.799999999999872102e+02
1.140000000000001634e+01 7.999961234794511711e+02 1.799999999999872102e+02
1.155000000000001670e+01 7.999961234794511711e+02 1.799999999999872102e+02
1.170000000000001705e+01 7.999961234794511711e+02 1.799999999999872102e+02
1.185000000000001741e+01 7.999961234794511711e+02 1.799999999999872102e+02
1.200000000000001776e+01 7.999961234794511711e+02 1.799999999999872102e+02
1.215000000000001812e+01 7.999961234794511711e+02 1.799999999999872102e+02
1.230000000000001847e+01 7.999961234794511711e+02 1.799999999999872102e+02
1.245000000000001883e+01 7.999961234794511711e+02 1.799999999999872102e+02
1.260000000000001918e+01 7.999961234794511711e+02 1.799999999999872102e+02
1.275000000000001954e+01 7.999961234794511711e+02 1.799999999999872102e+02
1.290000000000001990e+01 7.999961234794511711e+02 1.799999999999872102e+02
1.305000000000002025e+01 7.999884148836540589e+02 1.799999999999872102e+02
1.320000000000002061e+01 7.999884148836540589e+02 1.799999999999872102e+02
1.335000000000002096e+01 7.999884148836540589e+02 1.799999999999872102e+02
1.350000000000002132e+01 7.999884148836540589e+02 1.799999999999872102e+02
1.365000000000002167e+01 7.999884148836540589e+02 1.799999999999872102e+02
1.380000000000002203e+01 7.999884148836540589e+02 1.799999999999872102e+02
1.395000000000002238e+01 7.999884148836540589e+02 1.799999999999872102e+02
1.410000000000002274e+01 7.999884148836540589e+02 1.799999999999872102e+02
1.425000000000002309e+01 7.999884148836540589e+02 1.799999999999872102e+02
1.440000000000002345e+01 7.999884148836540589e+02 1.799999999999872102e+02
1.455000000000002380e+01 7.999884148836540589e+02 1.799999999999872102e+02
1.470000000000002416e+01 7.999884148836540589e+02 1.799999999999872102e+02
1.485000000000002451e+01 7.999884148836540589e+02 1.799999999999872102e+02
1.500000000000002487e+01 7.999884148836540589e+02 1.799999999999872102e+02
1.515000000000002522e+01 7.999884148836540589e+02 1.799999999999872102e+02
1.530000000000002558e+01 7.999884148836540589e+02 1.799999999999872102e+02
1.545000000000002593e+01 7.999884148836540589e+02 1.799999999999872102e+02
1.560000000000002629e+01 7.999884148836540589e+02 1.799999999999872102e+02
1.575000000000002665e+01 7.999884148836540589e+02 1.799999999999872102e+02
1.590000000000002700e+01 7.999884148836540589e+02 1.799999999999872102e+02
