1.499999999999999944e-01 7.998799368415664048e+02 5.991276993266847484e-05
2.999999999999999889e-01 7.998799368415664048e+02 5.991276993266847484e-05
4.499999999999999556e-01 7.998799368415664048e+02 5.991276993266847484e-05
5.999999999999999778e-01 7.998799368415664048e+02 5.991276993266847484e-05
7.500000000000000000e-01 7.998799368415664048e+02 5.991276993266847484e-05
9.000000000000000222e-01 7.998799368415664048e+02 5.991276993266847484e-05
1.050000000000000044e+00 7.998799368415664048e+02 5.991276993266847484e-05
1.199999999999999956e+00 7.998799368415664048e+02 5.991276993266847484e-05
1.349999999999999867e+00 7.998799368415664048e+02 5.991276993266847484e-05
1.499999999999999778e+00 7.998799368415664048e+02 5.991276993266847484e-05
1.649999999999999689e+00 7.998799368415664048e+02 5.991276993266847484e-05
1.799999999999999600e+00 7.998799368415664048e+02 5.991276993266847484e-05
1.949999999999999512e+00 7.998799368415664048e+02 5.991276993266847484e-05
2.099999999999999645e+00 7.999454810550492994e+02 5.985982821987700930e-05
2.249999999999999556e+00 7.999454810550492994e+02 5.985982821987700930e-05
2.399999999999999467e+00 7.999454810550492994e+02 5.985982821987700930e-05
2.549999999999999378e+00 7.999454810550492994e+02 5.985982821987700930e-05
2.699999999999999289e+00 7.999454810550492994e+02 5.985982821987700930e-05
2.849999999999999201e+00 7.999454810550492994e+02 5.985982821987700930e-05
2.999999999999999112e+00 7.999454810550492994e+02 5.985982821987700930e-05
3.149999999999999023e+00 7.999454810550492994e+02 5.985982821987700930e-05
3.299999999999998934e+00 7.999454810550492994e+02 5.985982821987700930e-05
3.449999999999998845e+00 7.999454810550492994e+02 5.985982821987700930e-05
3.599999999999998757e+00 7.999454810550492994e+02 5.985982821987700930e-05
3.749999999999998668e+00 7.999454810550492994e+02 5.985982821987700930e-05
3.899999999999998579e+00 7.999454810550492994e+02 5.985982821987700930e-05
4.049999999999998934e+00 4.590103024203282871e+02 5.990468736727372345e-05
4.199999999999999289e+00 2.439439534787547927e+02 6.011428015173514439e-05
4.349999999999999645e+00 9.150221248803991614e+01 6.034344310756889485e-05
4.500000000000000000e+00 3.856585372013194757e+01 6.083361930075970037e-05
4.650000000000000355e+00 1.545065387186820871e+01 6.223038685770898581e-05
4.800000000000000711e+00 6.084170455572575520e+00 6.542740544868141939e-05
4.950000000000001066e+00 2.196103832369601605e+00 7.473966049298397252e-05
5.100000000000001421e+00 5.948457332045791190e-01 1.141966162222507464e-04
5.250000000000001776e+00 6.633913922905776417e-02 1.799995774055088305e+02
5.400000000000002132e+00 3.391179367812355849e-01 1.799999658773720626e+02
5.550000000000002487e+00 4.516875748217898945e-01 1.799999894011627077e+02
5.700000000000002842e+00 4.981381673104579022e-01 1.799999960332757780e+02
5.850000000000003197e+00 5.173060789021519668e-01 1.799999984234148656e+02
6.000000000000003553e+00 5.252156900783120363e-01 1.799999993575551684e+02
6.150000000000003908e+00 5.284796453212265988e-01 1.799999997364706701e+02
6.300000000000004263e+00 5.298266697909639333e-01 1.799999998915057802e+02
6.450000000000004619e+00 5.303829035156013560e-01 1.799999999551604617e+02
6.600000000000004974e+00 5.306133689995249370e-01 1.799999999815005935e+02
6.750000000000005329e+00 5.307107404769340064e-01 1.799999999923658436e+02
6.900000000000005684e+00 5.307564220245239994e-01 1.799999999968414102e+02
7.050000000000006040e+00 5.307886044635097278e-01 1.799999999986953014e+02
7.200000000000006395e+00 5.308341929036259899e-01 1.799999999994591064e+02
7.350000000000006750e+00 5.309313002815088112e-01 1.799999999997702105e+02
7.500000000000007105e+00 5.311611102368942738e-01 1.799999999998904343e+02
7.650000000000007461e+00 5.317157485077359524e-01 1.799999999999192823e+02
7.800000000000007816e+00 5.330589039430151388e-01 1.799999999998806004e+02
7.950000000000008171e+00 5.363134821186577028e-01 1.799999999997444888e+02
8.100000000000008527e+00 5.442003689938701427e-01 1.799999999994037694e+02
8.250000000000008882e+00 5.633132115860917111e-01 1.799999999986082457e+02
8.400000000000009237e+00 6.096303589976059811e-01 1.799999999968946724e+02
8.550000000000009592e+00 7.218766500342894687e-01 1.799999999936649999e+02
8.700000000000009948e+00 9.938721234648255631e-01 1.799999999888430011e+02
8.850000000000010303e+00 1.653160045632176889e+00 1.799999999837922360e+02
9.000000000000010658e+00 3.249830609869476916e+00 1.799999999800864430e+02
9.150000000000011013e+00 7.126823374561205071e+00 1.799999999779584243e+02
9.300000000000011369e+00 1.646681214591598064e+01 1.799999999770206784e+02
9.450000000000011724e+00 3.951914201326859200e+01 1.799999999766468193e+02
9.600000000000012079e+00 9.231514322750966528e+01 1.799999999764452809e+02
9.750000000000012434e+00 2.444515070448380527e+02 1.799999999764435472e+02
9.900000000000012790e+00 4.591049633563742418e+02 1.799999999764673078e+02
1.005000000000001315e+01 7.999456776658780655e+02 1.799999999764541769e+02
1.020000000000001350e+01 7.999456776658780655e+02 1.799999999764541769e+02
1.035000000000001386e+01 7.999456776658780655e+02 1.799999999764541769e+02
1.050000000000001421e+01 7.999456776658780655e+02 1.799999999764541769e+02
1.065000000000001457e+01 7.999456776658780655e+02 1.799999999764541769e+02
1.080000000000001492e+01 7.999456776658780655e+02 1.799999999764541769e+02
1.095000000000001528e+01 7.999456776658780655e+02 1.799999999764541769e+02
1.110000000000001563e+01 7.999456776658780655e+02 1.799999999764541769e+02
1.125000000000001599e+01 7.999456776658780655e+02 1.799999999764541769e+02
1.140000000000001634e+01 7.999456776658780655e+02 1.799999999764541769e+02
1.155000000000001670e+01 7.999456776658780655e+02 1.799999999764541769e+02
1.170000000000001705e+01 7.999456776658780655e+02 1.799999999764541769e+02
1.185000000000001741e+01 7.999456776658780655e+02 1.799999999764541769e+02
1.200000000000001776e+01 7.999456776658780655e+02 1.799999999764541769e+02
1.215000000000001812e+01 7.999456776658780655e+02 1.799999999764541769e+02
1.230000000000001847e+01 7.999456776658780655e+02 1.799999999764541769e+02
1.245000000000001883e+01 7.999456776658780655e+02 1.799999999764541769e+02
1.260000000000001918e+01 7.999456776658780655e+02 1.799999999764541769e+02
1.275000000000001954e+01 7.999456776658780655e+02 1.799999999764541769e+02
1.290000000000001990e+01 7.999456776658780655e+02 1.799999999764541769e+02
1.305000000000002025e+01 7.998803278446278000e+02 1.799999999765024938e+02
1.320000000000002061e+01 7.998803278446278000e+02 1.799999999765024938e+02
1.335000000000002096e+01 7.998803278446278000e+02 1.799999999765024938e+02
1.350000000000002132e+01 7.998803278446278000e+02 1.799999999765024938e+02
1.365000000000002167e+01 7.998803278446278000e+02 1.799999999765024938e+02
1.380000000000002203e+01 7.998803278446278000e+02 1.799999999765024938e+02
1.395000000000002238e+01 7.998803278446278000e+02 1.799999999765024938e+02
1.410000000000002274e+01 7.998803278446278000e+02 1.799999999765024938e+02
1.425000000000002309e+01 7.998803278446278000e+02 1.799999999765024938e+02
1.440000000000002345e+01 7.998803278446278000e+02 1.799999999765024938e+02
1.455000000000002380e+01 7.998803278446278000e+02 1.799999999765024938e+02
1.470000000000002416e+01 7.998803278446278000e+02 1.799999999765024938e+02
1.485000000000002451e+01 7.998803278446278000e+02 1.799999999765024938e+02
1.500000000000002487e+01 7.998803278446278000e+02 1.799999999765024938e+02
1.515000000000002522e+01 7.998803278446278000e+02 1.799999999765024938e+02
1.530000000000002558e+01 7.998803278446278000e+02 1.799999999765024938e+02
1.545000000000002593e+01 7.998803278446278000e+02 1.799999999765024938e+02
1.560000000000002629e+01 7.998803278446278000e+02 1.799999999765024938e+02
1.575000000000002665e+01 7.998803278446278000e+02 1.799999999765024938e+02
1.590000000000002700e+01 7.998803278446278000e+02 1.799999999765024938e+02
