1.499999999999999944e-01 7.999992297325781010e+02 1.719005079889868739e+02
2.999999999999999889e-01 7.999992297325781010e+02 1.719005079889868739e+02
4.499999999999999556e-01 7.999992297325781010e+02 1.719005079889868739e+02
5.999999999999999778e-01 7.999992297325781010e+02 1.719005079889868739e+02
7.500000000000000000e-01 7.999992297325781010e+02 1.719005079889868739e+02
9.000000000000000222e-01 7.999992297325781010e+02 1.719005079889868739e+02
1.050000000000000044e+00 7.999992297325781010e+02 1.719005079889868739e+02
1.199999999999999956e+00 7.999992297325781010e+02 1.719005079889868739e+02
1.349999999999999867e+00 7.999992297325781010e+02 1.719005079889868739e+02
1.499999999999999778e+00 7.999992297325781010e+02 1.719005079889868739e+02
1.649999999999999689e+00 7.999992297325781010e+02 1.719005079889868739e+02
1.799999999999999600e+00 7.999992297325781010e+02 1.719005079889868739e+02
1.949999999999999512e+00 7.999992297325781010e+02 1.719005079889868739e+02
2.099999999999999645e+00 7.999998199717392708e+02 1.719036658610881716e+02
2.249999999999999556e+00 7.999998199717392708e+02 1.719036658610881716e+02
2.399999999999999467e+00 7.999998199717392708e+02 1.719036658610881716e+02
2.549999999999999378e+00 7.999998199717392708e+02 1.719036658610881716e+02
2.699999999999999289e+00 7.999998199717392708e+02 1.719036658610881716e+02
2.849999999999999201e+00 7.999998199717392708e+02 1.719036658610881716e+02
2.999999999999999112e+00 7.999998199717392708e+02 1.719036658610881716e+02
3.149999999999999023e+00 7.999998199717392708e+02 1.719036658610881716e+02
3.299999999999998934e+00 7.999998199717392708e+02 1.719036658610881716e+02
3.449999999999998845e+00 7.999998199717392708e+02 1.719036658610881716e+02
3.599999999999998757e+00 7.999998199717392708e+02 1.719036658610881716e+02
3.749999999999998668e+00 7.999998199717392708e+02 1.719036658610881716e+02
3.899999999999998579e+00 7.999998199717392708e+02 1.719036658610881716e+02
4.049999999999998934e+00 5.063846520582243897e+02 1.719205566716108251e+02
4.199999999999999289e+00 4.006642912286833393e+02 1.719901196763722737e+02
4.349999999999999645e+00 2.870303760354045721e+02 1.721664981160357115e+02
4.500000000000000000e+00 2.400158533648571506e+02 1.724141629993723086e+02
4.650000000000000355e+00 2.111762892088169110e+02 1.727318181165064175e+02
4.800000000000000711e+00 1.937643041715482752e+02 1.730944677229606725e+02
4.950000000000001066e+00 1.826205991340975459e+02 1.734833530474105885e+02
5.100000000000001421e+00 1.753417262022115608e+02 1.738815062504388038e+02
5.250000000000001776e+00 1.705047416983257165e+02 1.742783728753503567e+02
5.400000000000002132e+00 1.672571007892043156e+02 1.746654124182757357e+02
5.550000000000002487e+00 1.650614750785904050e+02 1.750372455424060263e+02
5.700000000000002842e+00 1.635707948230062811e+02 1.753920231077715357e+02
5.850000000000003197e+00 1.625564933892874251e+02 1.757279995678230762e+02
6.000000000000003553e+00 1.618661672711535857e+02 1.760445349032674471e+02
6.150000000000003908e+00 1.613974210868884427e+02 1.763426942281274421e+02
6.300000000000004263e+00 1.610812467571866478e+02 1.766228071789923035e+02
6.450000000000004619e+00 1.608712464477792423e+02 1.768855201830191106e+02
6.600000000000004974e+00 1.607365922850424340e+02 1.771324419899624445e+02
6.750000000000005329e+00 1.606574300680937029e+02 1.773643447932008996e+02
6.900000000000005684e+00 1.606219486310273510e+02 1.775820847850181963e+02
7.050000000000006040e+00 1.606246538290926367e+02 1.777871544063731335e+02
7.200000000000006395e+00 1.606655639405084059e+02 1.779803177072214453e+02
7.350000000000006750e+00 1.607502027859955547e+02 1.781623537448075467e+02
7.500000000000007105e+00 1.608903983995936642e+02 1.783344830088731214e+02
7.650000000000007461e+00 1.611060033891229466e+02 1.784973302095620511e+02
7.800000000000007816e+00 1.614278084153619659e+02 1.786514962296632234e+02
7.950000000000008171e+00 1.619021275153396573e+02 1.787978576677368778e+02
8.100000000000008527e+00 1.625978300386182127e+02 1.789367868388314093e+02
8.250000000000008882e+00 1.636170955910196199e+02 1.790685617961096909e+02
8.400000000000009237e+00 1.651120247612061007e+02 1.791935370710294819e+02
8.550000000000009592e+00 1.673107994923094282e+02 1.793115613908090893e+02
8.700000000000009948e+00 1.705600252268284009e+02 1.794222297383972489e+02
8.850000000000010303e+00 1.753965292234101412e+02 1.795249355128712239e+02
9.000000000000010658e+00 1.826724128677179522e+02 1.796184708394201834e+02
9.150000000000011013e+00 1.938103555878130351e+02 1.797012458150770726e+02
9.300000000000011369e+00 2.112138929811611376e+02 1.797713481124338273e+02
9.450000000000011724e+00 2.400429657017111253e+02 1.798270477970849015e+02
9.600000000000012079e+00 2.870463452402314033e+02 1.798661711512707768e+02
9.750000000000012434e+00 4.006695495351238492e+02 1.798907902076272762e+02
9.900000000000012790e+00 5.063849570062086514e+02 1.798994116359279190e+02
1.005000000000001315e+01 7.999998257052602639e+02 1.799010192089168072e+02
1.020000000000001350e+01 7.999998257052602639e+02 1.799010192089168072e+02
1.035000000000001386e+01 7.999998257052602639e+02 1.799010192089168072e+02
1.050000000000001421e+01 7.999998257052602639e+02 1.799010192089168072e+02
1.065000000000001457e+01 7.999998257052602639e+02 1.799010192089168072e+02
1.080000000000001492e+01 7.999998257052602639e+02 1.799010192089168072e+02
1.095000000000001528e+01 7.999998257052602639e+02 1.799010192089168072e+02
1.110000000000001563e+01 7.999998257052602639e+02 1.799010192089168072e+02
1.125000000000001599e+01 7.999998257052602639e+02 1.799010192089168072e+02
1.140000000000001634e+01 7.999998257052602639e+02 1.799010192089168072e+02
1.155000000000001670e+01 7.999998257052602639e+02 1.799010192089168072e+02
1.170000000000001705e+01 7.999998257052602639e+02 1.799010192089168072e+02
1.185000000000001741e+01 7.999998257052602639e+02 1.799010192089168072e+02
1.200000000000001776e+01 7.999998257052602639e+02 1.799010192089168072e+02
1.215000000000001812e+01 7.999998257052602639e+02 1.799010192089168072e+02
1.230000000000001847e+01 7.999998257052602639e+02 1.799010192089168072e+02
1.245000000000001883e+01 7.999998257052602639e+02 1.799010192089168072e+02
1.260000000000001918e+01 7.999998257052602639e+02 1.799010192089168072e+02
1.275000000000001954e+01 7.999998257052602639e+02 1.799010192089168072e+02
1.290000000000001990e+01 7.999998257052602639e+02 1.799010192089168072e+02
1.305000000000002025e+01 7.999992542606320285e+02 1.799013310959617797e+02
1.320000000000002061e+01 7.999992542606320285e+02 1.799013310959617797e+02
1.335000000000002096e+01 7.999992542606320285e+02 1.799013310959617797e+02
1.350000000000002132e+01 7.999992542606320285e+02 1.799013310959617797e+02
1.365000000000002167e+01 7.999992542606320285e+02 1.799013310959617797e+02
1.380000000000002203e+01 7.999992542606320285e+02 1.799013310959617797e+02
1.395000000000002238e+01 7.999992542606320285e+02 1.799013310959617797e+02
1.410000000000002274e+01 7.999992542606320285e+02 1.799013310959617797e+02
1.425000000000002309e+01 7.999992542606320285e+02 1.799013310959617797e+02
1.440000000000002345e+01 7.999992542606320285e+02 1.799013310959617797e+02
1.455000000000002380e+01 7.999992542606320285e+02 1.799013310959617797e+02
1.470000000000002416e+01 7.999992542606320285e+02 1.799013310959617797e+02
1.485000000000002451e+01 7.999992542606320285e+02 1.799013310959617797e+02
1.500000000000002487e+01 7.999992542606320285e+02 1.799013310959617797e+02
1.515000000000002522e+01 7.999992542606320285e+02 1.799013310959617797e+02
1.530000000000002558e+01 7.999992542606320285e+02 1.799013310959617797e+02
1.545000000000002593e+01 7.999992542606320285e+02 1.799013310959617797e+02
1.560000000000002629e+01 7.999992542606320285e+02 1.799013310959617797e+02
1.575000000000002665e+01 7.999992542606320285e+02 1.799013310959617797e+02
1.590000000000002700e+01 7.999992542606320285e+02 1.799013310959617797e+02
