1.499999999999999944e-01 7.997714967350538018e+02 9.239488553947072802e-05
2.999999999999999889e-01 7.997714967350538018e+02 9.239488553947072802e-05
4.499999999999999556e-01 7.997714967350538018e+02 9.239488553947072802e-05
5.999999999999999778e-01 7.997714967350538018e+02 9.239488553947072802e-05
7.500000000000000000e-01 7.997714967350538018e+02 9.239488553947072802e-05
9.000000000000000222e-01 7.997714967350538018e+02 9.239488553947072802e-05
1.050000000000000044e+00 7.997714967350538018e+02 9.239488553947072802e-05
1.199999999999999956e+00 7.997714967350538018e+02 9.239488553947072802e-05
1.349999999999999867e+00 7.997714967350538018e+02 9.239488553947072802e-05
1.499999999999999778e+00 7.997714967350538018e+02 9.239488553947072802e-05
1.649999999999999689e+00 7.997714967350538018e+02 9.239488553947072802e-05
1.799999999999999600e+00 7.997714967350538018e+02 9.239488553947072802e-05
1.949999999999999512e+00 7.997714967350538018e+02 9.239488553947072802e-05
2.099999999999999645e+00 7.998872343387780575e+02 9.232896960620351479e-05
2.249999999999999556e+00 7.998872343387780575e+02 9.232896960620351479e-05
2.399999999999999467e+00 7.998872343387780575e+02 9.232896960620351479e-05
2.549999999999999378e+00 7.998872343387780575e+02 9.232896960620351479e-05
2.699999999999999289e+00 7.998872343387780575e+02 9.232896960620351479e-05
2.849999999999999201e+00 7.998872343387780575e+02 9.232896960620351479e-05
2.999999999999999112e+00 7.998872343387780575e+02 9.232896960620351479e-05
3.149999999999999023e+00 7.998872343387780575e+02 9.232896960620351479e-05
3.299999999999998934e+00 7.998872343387780575e+02 9.232896960620351479e-05
3.449999999999998845e+00 7.998872343387780575e+02 9.232896960620351479e-05
3.599999999999998757e+00 7.998872343387780575e+02 9.232896960620351479e-05
3.749999999999998668e+00 7.998872343387780575e+02 9.232896960620351479e-05
3.899999999999998579e+00 7.998872343387780575e+02 9.232896960620351479e-05
4.049999999999998934e+00 4.462516442333692339e+02 9.239573546182544561e-05
4.199999999999999289e+00 2.218721749304720277e+02 9.268937072615113237e-05
4.349999999999999645e+00 7.639176270342822761e+01 9.311029871561515847e-05
4.500000000000000000e+00 2.974560474534078836e+01 9.410471609760939771e-05
4.650000000000000355e+00 1.087019851186648012e+01 9.709740488539342351e-05
4.800000000000000711e+00 3.832887041177272636e+00 1.052093591953351392e-04
4.950000000000001066e+00 1.135872125504818086e+00 1.349281530667045814e-04
5.100000000000001421e+00 1.121586402332468424e-01 5.212905546858603856e-04
5.250000000000001776e+00 2.777225552356412663e-01 1.799999198927099542e+02
5.400000000000002132e+00 4.260345535064971045e-01 1.799999801250469034e+02
5.550000000000002487e+00 4.824759926028718837e-01 1.799999933082385724e+02
5.700000000000002842e+00 5.039522059792034270e-01 1.799999975617825783e+02
5.850000000000003197e+00 5.121244077269011541e-01 1.799999990868801660e+02
6.000000000000003553e+00 5.152340703150457557e-01 1.799999996539227141e+02
6.150000000000003908e+00 5.164173653512307283e-01 1.799999998685927949e+02
6.300000000000004263e+00 5.168676551614908021e-01 1.799999999500331000e+02
6.450000000000004619e+00 5.170390629524490578e-01 1.799999999809535893e+02
6.600000000000004974e+00 5.171044555528396813e-01 1.799999999927523788e+02
6.750000000000005329e+00 5.171297822607812122e-01 1.799999999972417868e+02
6.900000000000005684e+00 5.171405855008970320e-01 1.799999999989481125e+02
7.050000000000006040e+00 5.171477603817038471e-01 1.799999999995996802e+02
7.200000000000006395e+00 5.171585429116021260e-01 1.799999999998476312e+02
7.350000000000006750e+00 5.171838074298875654e-01 1.799999999999417639e+02
7.500000000000007105e+00 5.172490333454788924e-01 1.799999999999779448e+02
7.650000000000007461e+00 5.174200019736190370e-01 1.799999999999914451e+02
7.800000000000007816e+00 5.178691370269916661e-01 1.799999999999966462e+02
7.950000000000008171e+00 5.190493974557739421e-01 1.799999999999985221e+02
8.100000000000008527e+00 5.221510853120889806e-01 1.799999999999990621e+02
8.250000000000008882e+00 5.303023289686734643e-01 1.799999999999990905e+02
8.400000000000009237e+00 5.517234665011301331e-01 1.799999999999982947e+02
8.550000000000009592e+00 6.080201729207601602e-01 1.799999999999960210e+02
8.700000000000009948e+00 7.559518816511285877e-01 1.799999999999913598e+02
8.850000000000010303e+00 1.144833969377089034e+00 1.799999999999851923e+02
9.000000000000010658e+00 2.165925107520990878e+00 1.799999999999793374e+02
9.150000000000011013e+00 4.856061540647701236e+00 1.799999999999756994e+02
9.300000000000011369e+00 1.187545897724761801e+01 1.799999999999741362e+02
9.450000000000011724e+00 3.070435652964460971e+01 1.799999999999734825e+02
9.600000000000012079e+00 7.723604899602081275e+01 1.799999999999732267e+02
9.750000000000012434e+00 2.224386578552949914e+02 1.799999999999730562e+02
9.900000000000012790e+00 4.463771639042125230e+02 1.799999999999729994e+02
1.005000000000001315e+01 7.998879751830110081e+02 1.799999999999729994e+02
1.020000000000001350e+01 7.998879751830110081e+02 1.799999999999729994e+02
1.035000000000001386e+01 7.998879751830110081e+02 1.799999999999729994e+02
1.050000000000001421e+01 7.998879751830110081e+02 1.799999999999729994e+02
1.065000000000001457e+01 7.998879751830110081e+02 1.799999999999729994e+02
1.080000000000001492e+01 7.998879751830110081e+02 1.799999999999729994e+02
1.095000000000001528e+01 7.998879751830110081e+02 1.799999999999729994e+02
1.110000000000001563e+01 7.998879751830110081e+02 1.799999999999729994e+02
1.125000000000001599e+01 7.998879751830110081e+02 1.799999999999729994e+02
1.140000000000001634e+01 7.998879751830110081e+02 1.799999999999729994e+02
1.155000000000001670e+01 7.998879751830110081e+02 1.799999999999729994e+02
1.170000000000001705e+01 7.998879751830110081e+02 1.799999999999729994e+02
1.185000000000001741e+01 7.998879751830110081e+02 1.799999999999729994e+02
1.200000000000001776e+01 7.998879751830110081e+02 1.799999999999729994e+02
1.215000000000001812e+01 7.998879751830110081e+02 1.799999999999729994e+02
1.230000000000001847e+01 7.998879751830110081e+02 1.799999999999729994e+02
1.245000000000001883e+01 7.998879751830110081e+02 1.799999999999729994e+02
1.260000000000001918e+01 7.998879751830110081e+02 1.799999999999729994e+02
1.275000000000001954e+01 7.998879751830110081e+02 1.799999999999729994e+02
1.290000000000001990e+01 7.998879751830110081e+02 1.799999999999729994e+02
1.305000000000002025e+01 7.997729092433798996e+02 1.799999999999731415e+02
1.320000000000002061e+01 7.997729092433798996e+02 1.799999999999731415e+02
1.335000000000002096e+01 7.997729092433798996e+02 1.799999999999731415e+02
1.350000000000002132e+01 7.997729092433798996e+02 1.799999999999731415e+02
1.365000000000002167e+01 7.997729092433798996e+02 1.799999999999731415e+02
1.380000000000002203e+01 7.997729092433798996e+02 1.799999999999731415e+02
1.395000000000002238e+01 7.997729092433798996e+02 1.799999999999731415e+02
1.410000000000002274e+01 7.997729092433798996e+02 1.799999999999731415e+02
1.425000000000002309e+01 7.997729092433798996e+02 1.799999999999731415e+02
1.440000000000002345e+01 7.997729092433798996e+02 1.799999999999731415e+02
1.455000000000002380e+01 7.997729092433798996e+02 1.799999999999731415e+02
1.470000000000002416e+01 7.997729092433798996e+02 1.799999999999731415e+02
1.485000000000002451e+01 7.997729092433798996e+02 1.799999999999731415e+02
1.500000000000002487e+01 7.997729092433798996e+02 1.799999999999731415e+02
1.515000000000002522e+01 7.997729092433798996e+02 1.799999999999731415e+02
1.530000000000002558e+01 7.997729092433798996e+02 1.799999999999731415e+02
1.545000000000002593e+01 7.997729092433798996e+02 1.799999999999731415e+02
1.560000000000002629e+01 7.997729092433798996e+02 1.799999999999731415e+02
1.575000000000002665e+01 7.997729092433798996e+02 1.799999999999731415e+02
1.590000000000002700e+01 7.997729092433798996e+02 1.799999999999731415e+02
