1.499999999999999944e-01 7.999998905820572190e+02 1.799997012049280727e+02
2.999999999999999889e-01 7.999998905820572190e+02 1.799997012049280727e+02
4.499999999999999556e-01 7.999998905820572190e+02 1.799997012049280727e+02
5.999999999999999778e-01 7.999998905820572190e+02 1.799997012049280727e+02
7.500000000000000000e-01 7.999998905820572190e+02 1.799997012049280727e+02
9.000000000000000222e-01 7.999998905820572190e+02 1.799997012049280727e+02
1.050000000000000044e+00 7.999998905820572190e+02 1.799997012049280727e+02
1.199999999999999956e+00 7.999998905820572190e+02 1.799997012049280727e+02
1.349999999999999867e+00 7.999998905820572190e+02 1.799997012049280727e+02
1.499999999999999778e+00 7.999998905820572190e+02 1.799997012049280727e+02
1.649999999999999689e+00 7.999998905820572190e+02 1.799997012049280727e+02
1.799999999999999600e+00 7.999998905820572190e+02 1.799997012049280727e+02
1.949999999999999512e+00 7.999998905820572190e+02 1.799997012049280727e+02
2.099999999999999645e+00 7.999999799959232405e+02 1.799997017790154814e+02
2.249999999999999556e+00 7.999999799959232405e+02 1.799997017790154814e+02
2.399999999999999467e+00 7.999999799959232405e+02 1.799997017790154814e+02
2.549999999999999378e+00 7.999999799959232405e+02 1.799997017790154814e+02
2.699999999999999289e+00 7.999999799959232405e+02 1.799997017790154814e+02
2.849999999999999201e+00 7.999999799959232405e+02 1.799997017790154814e+02
2.999999999999999112e+00 7.999999799959232405e+02 1.799997017790154814e+02
3.149999999999999023e+00 7.999999799959232405e+02 1.799997017790154814e+02
3.299999999999998934e+00 7.999999799959232405e+02 1.799997017790154814e+02
3.449999999999998845e+00 7.999999799959232405e+02 1.799997017790154814e+02
3.599999999999998757e+00 7.999999799959232405e+02 1.799997017790154814e+02
3.749999999999998668e+00 7.999999799959232405e+02 1.799997017790154814e+02
3.899999999999998579e+00 7.999999799959232405e+02 1.799997017790154814e+02
4.049999999999998934e+00 5.120222065849741284e+02 1.799997027584844886e+02
4.199999999999999289e+00 4.381607734417972324e+02 1.799997064345450895e+02
4.349999999999999645e+00 3.581815208850395038e+02 1.799997165918059920e+02
4.500000000000000000e+00 3.344037870096083225e+02 1.799997284568331963e+02
4.650000000000000355e+00 3.231378814994645836e+02 1.799997404884790342e+02
4.800000000000000711e+00 3.183697326345329657e+02 1.799997534301720350e+02
4.950000000000001066e+00 3.162387850562511176e+02 1.799997660659596477e+02
5.100000000000001421e+00 3.152940284566921036e+02 1.799997774997821978e+02
5.250000000000001776e+00 3.148724045631030322e+02 1.799997892074169670e+02
5.400000000000002132e+00 3.146842872689654200e+02 1.799998004036301609e+02
5.550000000000002487e+00 3.146002801662953630e+02 1.799998104717054161e+02
5.700000000000002842e+00 3.145627620615014166e+02 1.799998207282927751e+02
5.850000000000003197e+00 3.145460040099578691e+02 1.799998305301211872e+02
6.000000000000003553e+00 3.145385185961511070e+02 1.799998393661500984e+02
6.150000000000003908e+00 3.145351751029285197e+02 1.799998483587107785e+02
6.300000000000004263e+00 3.145336819640254475e+02 1.799998569643132100e+02
6.450000000000004619e+00 3.145330158322566376e+02 1.799998647543869765e+02
6.600000000000004974e+00 3.145327201690425909e+02 1.799998726762545687e+02
6.750000000000005329e+00 3.145325923402398871e+02 1.799998802721517848e+02
6.900000000000005684e+00 3.145325447379955790e+02 1.799998871856660685e+02
7.050000000000006040e+00 3.145325447379963748e+02 1.799998942094139238e+02
7.200000000000006395e+00 3.145325923402427861e+02 1.799999009611790086e+02
7.350000000000006750e+00 3.145327201690473089e+02 1.799999071488311131e+02
7.500000000000007105e+00 3.145330158322636862e+02 1.799999134275842039e+02
7.650000000000007461e+00 3.145336819640346562e+02 1.799999194823872131e+02
7.800000000000007816e+00 3.145351751029405136e+02 1.799999250789694543e+02
7.950000000000008171e+00 3.145385185961661705e+02 1.799999307494443315e+02
8.100000000000008527e+00 3.145460040099782759e+02 1.799999362389409612e+02
8.250000000000008882e+00 3.145627620615314868e+02 1.799999413657224068e+02
8.400000000000009237e+00 3.146002801663428841e+02 1.799999465500570182e+02
8.550000000000009592e+00 3.146842872690498893e+02 1.799999515907759644e+02
8.700000000000009948e+00 3.148724045632673665e+02 1.799999563526888835e+02
8.850000000000010303e+00 3.152940284570310041e+02 1.799999611492173415e+02
9.000000000000010658e+00 3.162387850569782017e+02 1.799999658189564400e+02
9.150000000000011013e+00 3.183697326361406681e+02 1.799999702499918612e+02
9.300000000000011369e+00 3.231378815030265059e+02 1.799999746090322503e+02
9.450000000000011724e+00 3.344037870181155654e+02 1.799999786945265043e+02
9.600000000000012079e+00 3.581815209026406137e+02 1.799999821700322968e+02
9.750000000000012434e+00 4.381607735082494059e+02 1.799999850162025723e+02
9.900000000000012790e+00 5.120222066317904819e+02 1.799999862426017216e+02
1.005000000000001315e+01 7.999999808696223909e+02 1.799999864828683087e+02
1.020000000000001350e+01 7.999999808696223909e+02 1.799999864828683087e+02
1.035000000000001386e+01 7.999999808696223909e+02 1.799999864828683087e+02
1.050000000000001421e+01 7.999999808696223909e+02 1.799999864828683087e+02
1.065000000000001457e+01 7.999999808696223909e+02 1.799999864828683087e+02
1.080000000000001492e+01 7.999999808696223909e+02 1.799999864828683087e+02
1.095000000000001528e+01 7.999999808696223909e+02 1.799999864828683087e+02
1.110000000000001563e+01 7.999999808696223909e+02 1.799999864828683087e+02
1.125000000000001599e+01 7.999999808696223909e+02 1.799999864828683087e+02
1.140000000000001634e+01 7.999999808696223909e+02 1.799999864828683087e+02
1.155000000000001670e+01 7.999999808696223909e+02 1.799999864828683087e+02
1.170000000000001705e+01 7.999999808696223909e+02 1.799999864828683087e+02
1.185000000000001741e+01 7.999999808696223909e+02 1.799999864828683087e+02
1.200000000000001776e+01 7.999999808696223909e+02 1.799999864828683087e+02
1.215000000000001812e+01 7.999999808696223909e+02 1.799999864828683087e+02
1.230000000000001847e+01 7.999999808696223909e+02 1.799999864828683087e+02
1.245000000000001883e+01 7.999999808696223909e+02 1.799999864828683087e+02
1.260000000000001918e+01 7.999999808696223909e+02 1.799999864828683087e+02
1.275000000000001954e+01 7.999999808696223909e+02 1.799999864828683087e+02
1.290000000000001990e+01 7.999999808696223909e+02 1.799999864828683087e+02
1.305000000000002025e+01 7.999998953610005401e+02 1.799999865566972233e+02
1.320000000000002061e+01 7.999998953610005401e+02 1.799999865566972233e+02
1.335000000000002096e+01 7.999998953610005401e+02 1.799999865566972233e+02
1.350000000000002132e+01 7.999998953610005401e+02 1.799999865566972233e+02
1.365000000000002167e+01 7.999998953610005401e+02 1.799999865566972233e+02
1.380000000000002203e+01 7.999998953610005401e+02 1.799999865566972233e+02
1.395000000000002238e+01 7.999998953610005401e+02 1.799999865566972233e+02
1.410000000000002274e+01 7.999998953610005401e+02 1.799999865566972233e+02
1.425000000000002309e+01 7.999998953610005401e+02 1.799999865566972233e+02
1.440000000000002345e+01 7.999998953610005401e+02 1.799999865566972233e+02
1.455000000000002380e+01 7.999998953610005401e+02 1.799999865566972233e+02
1.470000000000002416e+01 7.999998953610005401e+02 1.799999865566972233e+02
1.485000000000002451e+01 7.999998953610005401e+02 1.799999865566972233e+02
1.500000000000002487e+01 7.999998953610005401e+02 1.799999865566972233e+02
1.515000000000002522e+01 7.999998953610005401e+02 1.799999865566972233e+02
1.530000000000002558e+01 7.999998953610005401e+02 1.799999865566972233e+02
1.545000000000002593e+01 7.999998953610005401e+02 1.799999865566972233e+02
1.560000000000002629e+01 7.999998953610005401e+02 1.799999865566972233e+02
1.575000000000002665e+01 7.999998953610005401e+02 1.799999865566972233e+02
1.590000000000002700e+01 7.999998953610005401e+02 1.799999865566972233e+02
