1.499999999999999944e-01 7.999999970337877357e+02 1.799995683445989414e+02
2.999999999999999889e-01 7.999999970337877357e+02 1.799995683445989414e+02
4.499999999999999556e-01 7.999999970337877357e+02 1.799995683445989414e+02
5.999999999999999778e-01 7.999999970337877357e+02 1.799995683445989414e+02
7.500000000000000000e-01 7.999999970337877357e+02 1.799995683445989414e+02
9.000000000000000222e-01 7.999999970337877357e+02 1.799995683445989414e+02
1.050000000000000044e+00 7.999999970337877357e+02 1.799995683445989414e+02
1.199999999999999956e+00 7.999999970337877357e+02 1.799995683445989414e+02
1.349999999999999867e+00 7.999999970337877357e+02 1.799995683445989414e+02
1.499999999999999778e+00 7.999999970337877357e+02 1.799995683445989414e+02
1.649999999999999689e+00 7.999999970337877357e+02 1.799995683445989414e+02
1.799999999999999600e+00 7.999999970337877357e+02 1.799995683445989414e+02
1.949999999999999512e+00 7.999999970337877357e+02 1.799995683445989414e+02
2.099999999999999645e+00 7.999999996501892383e+02 1.799995690748735910e+02
2.249999999999999556e+00 7.999999996501892383e+02 1.799995690748735910e+02
2.399999999999999467e+00 7.999999996501892383e+02 1.799995690748735910e+02
2.549999999999999378e+00 7.999999996501892383e+02 1.799995690748735910e+02
2.699999999999999289e+00 7.999999996501892383e+02 1.799995690748735910e+02
2.849999999999999201e+00 7.999999996501892383e+02 1.799995690748735910e+02
2.999999999999999112e+00 7.999999996501892383e+02 1.799995690748735910e+02
3.149999999999999023e+00 7.999999996501892383e+02 1.799995690748735910e+02
3.299999999999998934e+00 7.999999996501892383e+02 1.799995690748735910e+02
3.449999999999998845e+00 7.999999996501892383e+02 1.799995690748735910e+02
3.599999999999998757e+00 7.999999996501892383e+02 1.799995690748735910e+02
3.749999999999998668e+00 7.999999996501892383e+02 1.799995690748735910e+02
3.899999999999998579e+00 7.999999996501892383e+02 1.799995690748735910e+02
4.049999999999998934e+00 5.166051281906450185e+02 1.799995708608921348e+02
4.199999999999999289e+00 4.766897788016412960e+02 1.799995776546131481e+02
4.349999999999999645e+00 4.306607620765426532e+02 1.799995923861835365e+02
4.500000000000000000e+00 4.225727351075789215e+02 1.799996074652597144e+02
4.650000000000000355e+00 4.197603401158673364e+02 1.799996219023683466e+02
4.800000000000000711e+00 4.190270371912245082e+02 1.799996368533353746e+02
4.950000000000001066e+00 4.188120887447909126e+02 1.799996513733901793e+02
5.100000000000001421e+00 4.187520728052875825e+02 1.799996646680093022e+02
5.250000000000001776e+00 4.187349617568046938e+02 1.799996783303310792e+02
5.400000000000002132e+00 4.187301256829875911e+02 1.799996915682328051e+02
5.550000000000002487e+00 4.187287537660688486e+02 1.799997037137569578e+02
5.700000000000002842e+00 4.187283651844475116e+02 1.799997161815453239e+02
5.850000000000003197e+00 4.187282550493613371e+02 1.799997282734301791e+02
6.000000000000003553e+00 4.187282238427047787e+02 1.799997394029628026e+02
6.150000000000003908e+00 4.187282149992836366e+02 1.799997508161268058e+02
6.300000000000004263e+00 4.187282124933461205e+02 1.799997618984141354e+02
6.450000000000004619e+00 4.187282117832551194e+02 1.799997721376923607e+02
6.600000000000004974e+00 4.187282115821314505e+02 1.799997826252447908e+02
6.750000000000005329e+00 4.187282115254773203e+02 1.799997928232135962e+02
6.900000000000005684e+00 4.187282115106165747e+02 1.799998022879609039e+02
7.050000000000006040e+00 4.187282115106170295e+02 1.799998119684416054e+02
7.200000000000006395e+00 4.187282115254789119e+02 1.799998213973479722e+02
7.350000000000006750e+00 4.187282115821344064e+02 1.799998301945012713e+02
7.500000000000007105e+00 4.187282117832589279e+02 1.799998391772953710e+02
7.650000000000007461e+00 4.187282124933511227e+02 1.799998479436691525e+02
7.800000000000007816e+00 4.187282149992900031e+02 1.799998561725849981e+02
7.950000000000008171e+00 4.187282238427125094e+02 1.799998645591565491e+02
8.100000000000008527e+00 4.187282550493700910e+02 1.799998727620042018e+02
8.250000000000008882e+00 4.187283651844578003e+02 1.799998805155774733e+02
8.400000000000009237e+00 4.187287537660806720e+02 1.799998884006036803e+02
8.550000000000009592e+00 4.187301256830007787e+02 1.799998961324786251e+02
8.700000000000009948e+00 4.187349617568193025e+02 1.799999034980249064e+02
8.850000000000010303e+00 4.187520728053037260e+02 1.799999109699059261e+02
9.000000000000010658e+00 4.188120887448095004e+02 1.799999183158843437e+02
9.150000000000011013e+00 4.190270371912473024e+02 1.799999253696944947e+02
9.300000000000011369e+00 4.197603401158992824e+02 1.799999324846183413e+02
9.450000000000011724e+00 4.225727351076437799e+02 1.799999394553534842e+02
9.600000000000012079e+00 4.306607620766833975e+02 1.799999458973649666e+02
9.750000000000012434e+00 4.766897788024100464e+02 1.799999520344115638e+02
9.900000000000012790e+00 5.166051281911375099e+02 1.799999551406064313e+02
1.005000000000001315e+01 7.999999996672852376e+02 1.799999558036438430e+02
1.020000000000001350e+01 7.999999996672852376e+02 1.799999558036438430e+02
1.035000000000001386e+01 7.999999996672852376e+02 1.799999558036438430e+02
1.050000000000001421e+01 7.999999996672852376e+02 1.799999558036438430e+02
1.065000000000001457e+01 7.999999996672852376e+02 1.799999558036438430e+02
1.080000000000001492e+01 7.999999996672852376e+02 1.799999558036438430e+02
1.095000000000001528e+01 7.999999996672852376e+02 1.799999558036438430e+02
1.110000000000001563e+01 7.999999996672852376e+02 1.799999558036438430e+02
1.125000000000001599e+01 7.999999996672852376e+02 1.799999558036438430e+02
1.140000000000001634e+01 7.999999996672852376e+02 1.799999558036438430e+02
1.155000000000001670e+01 7.999999996672852376e+02 1.799999558036438430e+02
1.170000000000001705e+01 7.999999996672852376e+02 1.799999558036438430e+02
1.185000000000001741e+01 7.999999996672852376e+02 1.799999558036438430e+02
1.200000000000001776e+01 7.999999996672852376e+02 1.799999558036438430e+02
1.215000000000001812e+01 7.999999996672852376e+02 1.799999558036438430e+02
1.230000000000001847e+01 7.999999996672852376e+02 1.799999558036438430e+02
1.245000000000001883e+01 7.999999996672852376e+02 1.799999558036438430e+02
1.260000000000001918e+01 7.999999996672852376e+02 1.799999558036438430e+02
1.275000000000001954e+01 7.999999996672852376e+02 1.799999558036438430e+02
1.290000000000001990e+01 7.999999996672852376e+02 1.799999558036438430e+02
1.305000000000002025e+01 7.999999971787526647e+02 1.799999559961504190e+02
1.320000000000002061e+01 7.999999971787526647e+02 1.799999559961504190e+02
1.335000000000002096e+01 7.999999971787526647e+02 1.799999559961504190e+02
1.350000000000002132e+01 7.999999971787526647e+02 1.799999559961504190e+02
1.365000000000002167e+01 7.999999971787526647e+02 1.799999559961504190e+02
1.380000000000002203e+01 7.999999971787526647e+02 1.799999559961504190e+02
1.395000000000002238e+01 7.999999971787526647e+02 1.799999559961504190e+02
1.410000000000002274e+01 7.999999971787526647e+02 1.799999559961504190e+02
1.425000000000002309e+01 7.999999971787526647e+02 1.799999559961504190e+02
1.440000000000002345e+01 7.999999971787526647e+02 1.799999559961504190e+02
1.455000000000002380e+01 7.999999971787526647e+02 1.799999559961504190e+02
1.470000000000002416e+01 7.999999971787526647e+02 1.799999559961504190e+02
1.485000000000002451e+01 7.999999971787526647e+02 1.799999559961504190e+02
1.500000000000002487e+01 7.999999971787526647e+02 1.799999559961504190e+02
1.515000000000002522e+01 7.999999971787526647e+02 1.799999559961504190e+02
1.530000000000002558e+01 7.999999971787526647e+02 1.799999559961504190e+02
1.545000000000002593e+01 7.999999971787526647e+02 1.799999559961504190e+02
1.560000000000002629e+01 7.999999971787526647e+02 1.799999559961504190e+02
1.575000000000002665e+01 7.999999971787526647e+02 1.799999559961504190e+02
1.590000000000002700e+01 7.999999971787526647e+02 1.799999559961504190e+02
