1.499999999999999944e-01 7.998130266730337325e+02 7.356660373214474191e-06
2.999999999999999889e-01 7.998130266730337325e+02 7.356660373214474191e-06
4.499999999999999556e-01 7.998130266730337325e+02 7.356660373214474191e-06
5.999999999999999778e-01 7.998130266730337325e+02 7.356660373214474191e-06
7.500000000000000000e-01 7.998130266730337325e+02 7.356660373214474191e-06
9.000000000000000222e-01 7.998130266730337325e+02 7.356660373214474191e-06
1.050000000000000044e+00 7.998130266730337325e+02 7.356660373214474191e-06
1.199999999999999956e+00 7.998130266730337325e+02 7.356660373214474191e-06
1.349999999999999867e+00 7.998130266730337325e+02 7.356660373214474191e-06
1.499999999999999778e+00 7.998130266730337325e+02 7.356660373214474191e-06
1.649999999999999689e+00 7.998130266730337325e+02 7.356660373214474191e-06
1.799999999999999600e+00 7.998130266730337325e+02 7.356660373214474191e-06
1.949999999999999512e+00 7.998130266730337325e+02 7.356660373214474191e-06
2.099999999999999645e+00 7.999101168070250196e+02 7.354828192696061251e-06
2.249999999999999556e+00 7.999101168070250196e+02 7.354828192696061251e-06
2.399999999999999467e+00 7.999101168070250196e+02 7.354828192696061251e-06
2.549999999999999378e+00 7.999101168070250196e+02 7.354828192696061251e-06
2.699999999999999289e+00 7.999101168070250196e+02 7.354828192696061251e-06
2.849999999999999201e+00 7.999101168070250196e+02 7.354828192696061251e-06
2.999999999999999112e+00 7.999101168070250196e+02 7.354828192696061251e-06
3.149999999999999023e+00 7.999101168070250196e+02 7.354828192696061251e-06
3.299999999999998934e+00 7.999101168070250196e+02 7.354828192696061251e-06
3.449999999999998845e+00 7.999101168070250196e+02 7.354828192696061251e-06
3.599999999999998757e+00 7.999101168070250196e+02 7.354828192696061251e-06
3.749999999999998668e+00 7.999101168070250196e+02 7.354828192696061251e-06
3.899999999999998579e+00 7.999101168070250196e+02 7.354828192696061251e-06
4.049999999999998934e+00 4.505259648541913293e+02 7.360263984401704818e-06
4.199999999999999289e+00 2.287540231645286042e+02 7.379026186193904380e-06
4.349999999999999645e+00 8.079966242797706855e+01 7.423555765551093089e-06
4.500000000000000000e+00 3.212102074075072267e+01 7.529259113625563771e-06
4.650000000000000355e+00 1.194122061815634339e+01 7.831086583864887984e-06
4.800000000000000711e+00 4.215394995551491775e+00 8.693413324101229023e-06
4.950000000000001066e+00 1.178519497154979945e+00 1.212662353777815838e-05
5.100000000000001421e+00 4.473780834814533591e-03 1.799987511171969743e+02
5.250000000000001776e+00 4.667302452641024502e-01 1.799999953263806844e+02
5.400000000000002132e+00 6.471655546725969543e-01 1.799999986838281814e+02
5.550000000000002487e+00 7.176215820774700660e-01 1.799999995361695539e+02
5.700000000000002842e+00 7.451296702384979653e-01 1.799999998255738092e+02
5.850000000000003197e+00 7.558700920457681605e-01 1.799999999328597937e+02
6.000000000000003553e+00 7.600635902074373007e-01 1.799999999739076202e+02
6.150000000000003908e+00 7.617009256683786589e-01 1.799999999898336682e+02
6.300000000000004263e+00 7.623402535945729142e-01 1.799999999960338073e+02
6.450000000000004619e+00 7.625899876347830286e-01 1.799999999984505621e+02
6.600000000000004974e+00 7.626877857957765627e-01 1.799999999993950439e+02
6.750000000000005329e+00 7.627267167270019854e-01 1.799999999997637019e+02
6.900000000000005684e+00 7.627438289720203102e-01 1.799999999999075726e+02
7.050000000000006040e+00 7.627554075177158666e-01 1.799999999999637907e+02
7.200000000000006395e+00 7.627724709668655123e-01 1.799999999999858460e+02
7.350000000000006750e+00 7.628112575166028364e-01 1.799999999999943441e+02
7.500000000000007105e+00 7.629086784094170071e-01 1.799999999999976978e+02
7.650000000000007461e+00 7.631574431996455132e-01 1.799999999999991473e+02
7.800000000000007816e+00 7.637942877288423915e-01 1.799999999999998010e+02
7.950000000000008171e+00 7.654252623208321893e-01 1.800000000000000000e+02
8.100000000000008527e+00 7.696024687692215593e-01 1.799999999999999716e+02
8.250000000000008882e+00 7.803011646214486063e-01 1.799999999999996874e+02
8.400000000000009237e+00 8.077023875584359303e-01 1.799999999999992610e+02
8.550000000000009592e+00 8.778847285829556313e-01 1.799999999999983231e+02
8.700000000000009948e+00 1.057619221104857843e+00 1.799999999999964473e+02
8.850000000000010303e+00 1.518081465823826193e+00 1.799999999999936335e+02
9.000000000000010658e+00 2.696486070952374803e+00 1.799999999999909335e+02
9.150000000000011013e+00 5.721637608468711278e+00 1.799999999999890008e+02
9.300000000000011369e+00 1.341773601861474319e+01 1.799999999999879492e+02
9.450000000000011724e+00 3.352250648351228790e+01 1.799999999999875229e+02
9.600000000000012079e+00 8.202204494351343556e+01 1.799999999999870113e+02
9.750000000000012434e+00 2.295562956147487057e+02 1.799999999999871818e+02
9.900000000000012790e+00 4.506943434732176570e+02 1.799999999999870113e+02
1.005000000000001315e+01 7.999114084805423772e+02 1.799999999999869829e+02
1.020000000000001350e+01 7.999114084805423772e+02 1.799999999999869829e+02
1.035000000000001386e+01 7.999114084805423772e+02 1.799999999999869829e+02
1.050000000000001421e+01 7.999114084805423772e+02 1.799999999999869829e+02
1.065000000000001457e+01 7.999114084805423772e+02 1.799999999999869829e+02
1.080000000000001492e+01 7.999114084805423772e+02 1.799999999999869829e+02
1.095000000000001528e+01 7.999114084805423772e+02 1.799999999999869829e+02
1.110000000000001563e+01 7.999114084805423772e+02 1.799999999999869829e+02
1.125000000000001599e+01 7.999114084805423772e+02 1.799999999999869829e+02
1.140000000000001634e+01 7.999114084805423772e+02 1.799999999999869829e+02
1.155000000000001670e+01 7.999114084805423772e+02 1.799999999999869829e+02
1.170000000000001705e+01 7.999114084805423772e+02 1.799999999999869829e+02
1.185000000000001741e+01 7.999114084805423772e+02 1.799999999999869829e+02
1.200000000000001776e+01 7.999114084805423772e+02 1.799999999999869829e+02
1.215000000000001812e+01 7.999114084805423772e+02 1.799999999999869829e+02
1.230000000000001847e+01 7.999114084805423772e+02 1.799999999999869829e+02
1.245000000000001883e+01 7.999114084805423772e+02 1.799999999999869829e+02
1.260000000000001918e+01 7.999114084805423772e+02 1.799999999999869829e+02
1.275000000000001954e+01 7.999114084805423772e+02 1.799999999999869829e+02
1.290000000000001990e+01 7.999114084805423772e+02 1.799999999999869829e+02
1.305000000000002025e+01 7.998156115673369868e+02 1.799999999999869829e+02
1.320000000000002061e+01 7.998156115673369868e+02 1.799999999999869829e+02
1.335000000000002096e+01 7.998156115673369868e+02 1.799999999999869829e+02
1.350000000000002132e+01 7.998156115673369868e+02 1.799999999999869829e+02
1.365000000000002167e+01 7.998156115673369868e+02 1.799999999999869829e+02
1.380000000000002203e+01 7.998156115673369868e+02 1.799999999999869829e+02
1.395000000000002238e+01 7.998156115673369868e+02 1.799999999999869829e+02
1.410000000000002274e+01 7.998156115673369868e+02 1.799999999999869829e+02
1.425000000000002309e+01 7.998156115673369868e+02 1.799999999999869829e+02
1.440000000000002345e+01 7.998156115673369868e+02 1.799999999999869829e+02
1.455000000000002380e+01 7.998156115673369868e+02 1.799999999999869829e+02
1.470000000000002416e+01 7.998156115673369868e+02 1.799999999999869829e+02
1.485000000000002451e+01 7.998156115673369868e+02 1.799999999999869829e+02
1.500000000000002487e+01 7.998156115673369868e+02 1.799999999999869829e+02
1.515000000000002522e+01 7.998156115673369868e+02 1.799999999999869829e+02
1.530000000000002558e+01 7.998156115673369868e+02 1.799999999999869829e+02
1.545000000000002593e+01 7.998156115673369868e+02 1.799999999999869829e+02
1.560000000000002629e+01 7.998156115673369868e+02 1.799999999999869829e+02
1.575000000000002665e+01 7.998156115673369868e+02 1.799999999999869829e+02
1.590000000000002700e+01 7.998156115673369868e+02 1.799999999999869829e+02
