1.499999999999999944e-01 7.998797214093893899e+02 2.324109623159653637e-04
2.999999999999999889e-01 7.998797214093893899e+02 2.324109623159653637e-04
4.499999999999999556e-01 7.998797214093893899e+02 2.324109623159653637e-04
5.999999999999999778e-01 7.998797214093893899e+02 2.324109623159653637e-04
7.500000000000000000e-01 7.998797214093893899e+02 2.324109623159653637e-04
9.000000000000000222e-01 7.998797214093893899e+02 2.324109623159653637e-04
1.050000000000000044e+00 7.998797214093893899e+02 2.324109623159653637e-04
1.199999999999999956e+00 7.998797214093893899e+02 2.324109623159653637e-04
1.349999999999999867e+00 7.998797214093893899e+02 2.324109623159653637e-04
1.499999999999999778e+00 7.998797214093893899e+02 2.324109623159653637e-04
1.649999999999999689e+00 7.998797214093893899e+02 2.324109623159653637e-04
1.799999999999999600e+00 7.998797214093893899e+02 2.324109623159653637e-04
1.949999999999999512e+00 7.998797214093893899e+02 2.324109623159653637e-04
2.099999999999999645e+00 7.999453807150365492e+02 2.322656658496624615e-04
2.249999999999999556e+00 7.999453807150365492e+02 2.322656658496624615e-04
2.399999999999999467e+00 7.999453807150365492e+02 2.322656658496624615e-04
2.549999999999999378e+00 7.999453807150365492e+02 2.322656658496624615e-04
2.699999999999999289e+00 7.999453807150365492e+02 2.322656658496624615e-04
2.849999999999999201e+00 7.999453807150365492e+02 2.322656658496624615e-04
2.999999999999999112e+00 7.999453807150365492e+02 2.322656658496624615e-04
3.149999999999999023e+00 7.999453807150365492e+02 2.322656658496624615e-04
3.299999999999998934e+00 7.999453807150365492e+02 2.322656658496624615e-04
3.449999999999998845e+00 7.999453807150365492e+02 2.322656658496624615e-04
3.599999999999998757e+00 7.999453807150365492e+02 2.322656658496624615e-04
3.749999999999998668e+00 7.999453807150365492e+02 2.322656658496624615e-04
3.899999999999998579e+00 7.999453807150365492e+02 2.322656658496624615e-04
4.049999999999998934e+00 4.589978583214970627e+02 2.324404763154319653e-04
4.199999999999999289e+00 2.438773002511056802e+02 2.331690904103789208e-04
4.349999999999999645e+00 9.139551402060770613e+01 2.342549921522385503e-04
4.500000000000000000e+00 3.844077103639469328e+01 2.366390333877754770e-04
4.650000000000000355e+00 1.531735050422679834e+01 2.432191340313583083e-04
4.800000000000000711e+00 5.947409150372962472e+00 2.593216820394594890e-04
4.950000000000001066e+00 2.057900089053816828e+00 3.089994787907057727e-04
5.100000000000001421e+00 4.560456506213768080e-01 5.766690798344464852e-04
5.250000000000001776e+00 2.053852988469770935e-01 1.799994715863499835e+02
5.400000000000002132e+00 4.782654992885682077e-01 1.799999063417122898e+02
5.550000000000002487e+00 5.908769071827464359e-01 1.799999686584446579e+02
5.700000000000002842e+00 6.373447020147295916e-01 1.799999880077430987e+02
5.850000000000003197e+00 6.565196974448781475e-01 1.799999951951149342e+02
6.000000000000003553e+00 6.644322258115380464e-01 1.799999980371472930e+02
6.150000000000003908e+00 6.676973821880665128e-01 1.799999991938520907e+02
6.300000000000004263e+00 6.690449011068722029e-01 1.799999996679562457e+02
6.450000000000004619e+00 6.696013383344734393e-01 1.799999998628354945e+02
6.600000000000004974e+00 6.698318873673088092e-01 1.799999999434088807e+02
6.750000000000005329e+00 6.699292921816777380e-01 1.799999999766471035e+02
6.900000000000005684e+00 6.699749853529510801e-01 1.799999999903457990e+02
7.050000000000006040e+00 6.700071673199090583e-01 1.799999999960158448e+02
7.200000000000006395e+00 6.700527431332830020e-01 1.799999999983556904e+02
7.350000000000006750e+00 6.701498145780533378e-01 1.799999999993204653e+02
7.500000000000007105e+00 6.703795361462425717e-01 1.799999999997195914e+02
7.650000000000007461e+00 6.709339595264509626e-01 1.799999999998844089e+02
7.800000000000007816e+00 6.722765947871494063e-01 1.799999999999522231e+02
7.950000000000008171e+00 6.755299150088376336e-01 1.799999999999803890e+02
8.100000000000008527e+00 6.834137594881894984e-01 1.799999999999918430e+02
8.250000000000008882e+00 7.025192447018753228e-01 1.799999999999964757e+02
8.400000000000009237e+00 7.488185995583762633e-01 1.799999999999981242e+02
8.550000000000009592e+00 8.610218650296133092e-01 1.799999999999983231e+02
8.700000000000009948e+00 1.132913318884902765e+00 1.799999999999975273e+02
8.850000000000010303e+00 1.791949851787734360e+00 1.799999999999959073e+02
9.000000000000010658e+00 3.388013691077674139e+00 1.799999999999947704e+02
9.150000000000011013e+00 7.263544808417556453e+00 1.799999999999938609e+02
9.300000000000011369e+00 1.660004334801151060e+01 1.799999999999935767e+02
9.450000000000011724e+00 3.964410649783591367e+01 1.799999999999931504e+02
9.600000000000012079e+00 9.242168313733938589e+01 1.799999999999932356e+02
9.750000000000012434e+00 2.445180161375933494e+02 1.799999999999931219e+02
9.900000000000012790e+00 4.591173868442101593e+02 1.799999999999931788e+02
1.005000000000001315e+01 7.999458296185590598e+02 1.799999999999931219e+02
1.020000000000001350e+01 7.999458296185590598e+02 1.799999999999931219e+02
1.035000000000001386e+01 7.999458296185590598e+02 1.799999999999931219e+02
1.050000000000001421e+01 7.999458296185590598e+02 1.799999999999931219e+02
1.065000000000001457e+01 7.999458296185590598e+02 1.799999999999931219e+02
1.080000000000001492e+01 7.999458296185590598e+02 1.799999999999931219e+02
1.095000000000001528e+01 7.999458296185590598e+02 1.799999999999931219e+02
1.110000000000001563e+01 7.999458296185590598e+02 1.799999999999931219e+02
1.125000000000001599e+01 7.999458296185590598e+02 1.799999999999931219e+02
1.140000000000001634e+01 7.999458296185590598e+02 1.799999999999931219e+02
1.155000000000001670e+01 7.999458296185590598e+02 1.799999999999931219e+02
1.170000000000001705e+01 7.999458296185590598e+02 1.799999999999931219e+02
1.185000000000001741e+01 7.999458296185590598e+02 1.799999999999931219e+02
1.200000000000001776e+01 7.999458296185590598e+02 1.799999999999931219e+02
1.215000000000001812e+01 7.999458296185590598e+02 1.799999999999931219e+02
1.230000000000001847e+01 7.999458296185590598e+02 1.799999999999931219e+02
1.245000000000001883e+01 7.999458296185590598e+02 1.799999999999931219e+02
1.260000000000001918e+01 7.999458296185590598e+02 1.799999999999931219e+02
1.275000000000001954e+01 7.999458296185590598e+02 1.799999999999931219e+02
1.290000000000001990e+01 7.999458296185590598e+02 1.799999999999931219e+02
1.305000000000002025e+01 7.998806571144722284e+02 1.799999999999931504e+02
1.320000000000002061e+01 7.998806571144722284e+02 1.799999999999931504e+02
1.335000000000002096e+01 7.998806571144722284e+02 1.799999999999931504e+02
1.350000000000002132e+01 7.998806571144722284e+02 1.799999999999931504e+02
1.365000000000002167e+01 7.998806571144722284e+02 1.799999999999931504e+02
1.380000000000002203e+01 7.998806571144722284e+02 1.799999999999931504e+02
1.395000000000002238e+01 7.998806571144722284e+02 1.799999999999931504e+02
1.410000000000002274e+01 7.998806571144722284e+02 1.799999999999931504e+02
1.425000000000002309e+01 7.998806571144722284e+02 1.799999999999931504e+02
1.440000000000002345e+01 7.998806571144722284e+02 1.799999999999931504e+02
1.455000000000002380e+01 7.998806571144722284e+02 1.799999999999931504e+02
1.470000000000002416e+01 7.998806571144722284e+02 1.799999999999931504e+02
1.485000000000002451e+01 7.998806571144722284e+02 1.799999999999931504e+02
1.500000000000002487e+01 7.998806571144722284e+02 1.799999999999931504e+02
1.515000000000002522e+01 7.998806571144722284e+02 1.799999999999931504e+02
1.530000000000002558e+01 7.998806571144722284e+02 1.799999999999931504e+02
1.545000000000002593e+01 7.998806571144722284e+02 1.799999999999931504e+02
1.560000000000002629e+01 7.998806571144722284e+02 1.799999999999931504e+02
1.575000000000002665e+01 7.998806571144722284e+02 1.799999999999931504e+02
1.590000000000002700e+01 7.998806571144722284e+02 1.799999999999931504e+02
