1.499999999999999944e-01 7.999569340830593092e+02 1.799993715506951730e+02
2.999999999999999889e-01 7.999569340830593092e+02 1.799993715506951730e+02
4.499999999999999556e-01 7.999569340830593092e+02 1.799993715506951730e+02
5.999999999999999778e-01 7.999569340830593092e+02 1.799993715506951730e+02
7.500000000000000000e-01 7.999569340830593092e+02 1.799993715506951730e+02
9.000000000000000222e-01 7.999569340830593092e+02 1.799993715506951730e+02
1.050000000000000044e+00 7.999569340830593092e+02 1.799993715506951730e+02
1.199999999999999956e+00 7.999569340830593092e+02 1.799993715506951730e+02
1.349999999999999867e+00 7.999569340830593092e+02 1.799993715506951730e+02
1.499999999999999778e+00 7.999569340830593092e+02 1.799993715506951730e+02
1.649999999999999689e+00 7.999569340830593092e+02 1.799993715506951730e+02
1.799999999999999600e+00 7.999569340830593092e+02 1.799993715506951730e+02
1.949999999999999512e+00 7.999569340830593092e+02 1.799993715506951730e+02
2.099999999999999645e+00 7.999829156688356306e+02 1.799993720189481223e+02
2.249999999999999556e+00 7.999829156688356306e+02 1.799993720189481223e+02
2.399999999999999467e+00 7.999829156688356306e+02 1.799993720189481223e+02
2.549999999999999378e+00 7.999829156688356306e+02 1.799993720189481223e+02
2.699999999999999289e+00 7.999829156688356306e+02 1.799993720189481223e+02
2.849999999999999201e+00 7.999829156688356306e+02 1.799993720189481223e+02
2.999999999999999112e+00 7.999829156688356306e+02 1.799993720189481223e+02
3.149999999999999023e+00 7.999829156688356306e+02 1.799993720189481223e+02
3.299999999999998934e+00 7.999829156688356306e+02 1.799993720189481223e+02
3.449999999999998845e+00 7.999829156688356306e+02 1.799993720189481223e+02
3.599999999999998757e+00 7.999829156688356306e+02 1.799993720189481223e+02
3.749999999999998668e+00 7.999829156688356306e+02 1.799993720189481223e+02
3.899999999999998579e+00 7.999829156688356306e+02 1.799993720189481223e+02
4.049999999999998934e+00 4.752165831858789602e+02 1.799993725284753054e+02
4.199999999999999289e+00 2.797596944312369942e+02 1.799993733895124137e+02
4.349999999999999645e+00 1.212561373685151551e+02 1.799993788219981070e+02
4.500000000000000000e+00 5.930033355114774452e+01 1.799993896008798515e+02
4.650000000000000355e+00 2.874600775782778328e+01 1.799994112699329492e+02
4.800000000000000711e+00 1.460878642335420352e+01 1.799994540386393851e+02
4.950000000000001066e+00 7.932805027401833797e+00 1.799995273724693163e+02
5.100000000000001421e+00 4.797802101495975080e+00 1.799996317606042453e+02
5.250000000000001776e+00 3.322939507390572089e+00 1.799997499147477242e+02
5.400000000000002132e+00 2.629435310018266136e+00 1.799998513313607305e+02
5.550000000000002487e+00 2.303284324806611494e+00 1.799999200374677173e+02
5.700000000000002842e+00 2.149904082345557299e+00 1.799999597022343778e+02
5.850000000000003197e+00 2.077772491796110899e+00 1.799999803859469694e+02
6.000000000000003553e+00 2.043851126696239362e+00 1.799999906055547285e+02
6.150000000000003908e+00 2.027900012828098397e+00 1.799999955461104548e+02
6.300000000000004263e+00 2.020401602991711343e+00 1.799999978971230519e+02
6.450000000000004619e+00 2.016881819019033628e+00 1.799999990075097571e+02
6.600000000000004974e+00 2.015240511960854519e+00 1.799999995327542308e+02
6.750000000000005329e+00 2.014498363306643114e+00 1.799999997801275242e+02
6.900000000000005684e+00 2.014212555460176191e+00 1.799999998963932910e+02
7.050000000000006040e+00 2.014212555533930527e+00 1.799999999512636180e+02
7.200000000000006395e+00 2.014498363454151786e+00 1.799999999770778345e+02
7.350000000000006750e+00 2.015240512270622730e+00 1.799999999892043263e+02
7.500000000000007105e+00 2.016881819727075253e+00 1.799999999949256733e+02
7.650000000000007461e+00 2.020401604525801531e+00 1.799999999976173228e+02
7.800000000000007816e+00 2.027900016058538313e+00 1.799999999988814068e+02
7.950000000000008171e+00 2.043851133555392607e+00 1.799999999994778932e+02
8.100000000000008527e+00 2.077772506487974624e+00 1.799999999997582734e+02
8.250000000000008882e+00 2.149904113573143150e+00 1.799999999998894111e+02
8.400000000000009237e+00 2.303284391274019072e+00 1.799999999999507736e+02
8.550000000000009592e+00 2.629435451287321257e+00 1.799999999999786269e+02
8.700000000000009948e+00 3.322939807710852733e+00 1.799999999999900240e+02
8.850000000000010303e+00 4.797802740208524597e+00 1.799999999999940599e+02
9.000000000000010658e+00 7.932806384787696174e+00 1.799999999999947988e+02
9.150000000000011013e+00 1.460878931560098692e+01 1.799999999999947420e+02
9.300000000000011369e+00 2.874601387242271144e+01 1.799999999999942304e+02
9.450000000000011724e+00 5.930034685938704797e+01 1.799999999999940030e+02
9.600000000000012079e+00 1.212561638440192411e+02 1.799999999999939178e+02
9.750000000000012434e+00 2.797597676464199026e+02 1.799999999999938325e+02
9.900000000000012790e+00 4.752166551206482268e+02 1.799999999999938325e+02
1.005000000000001315e+01 7.999833624562411387e+02 1.799999999999938325e+02
1.020000000000001350e+01 7.999833624562411387e+02 1.799999999999938325e+02
1.035000000000001386e+01 7.999833624562411387e+02 1.799999999999938325e+02
1.050000000000001421e+01 7.999833624562411387e+02 1.799999999999938325e+02
1.065000000000001457e+01 7.999833624562411387e+02 1.799999999999938325e+02
1.080000000000001492e+01 7.999833624562411387e+02 1.799999999999938325e+02
1.095000000000001528e+01 7.999833624562411387e+02 1.799999999999938325e+02
1.110000000000001563e+01 7.999833624562411387e+02 1.799999999999938325e+02
1.125000000000001599e+01 7.999833624562411387e+02 1.799999999999938325e+02
1.140000000000001634e+01 7.999833624562411387e+02 1.799999999999938325e+02
1.155000000000001670e+01 7.999833624562411387e+02 1.799999999999938325e+02
1.170000000000001705e+01 7.999833624562411387e+02 1.799999999999938325e+02
1.185000000000001741e+01 7.999833624562411387e+02 1.799999999999938325e+02
1.200000000000001776e+01 7.999833624562411387e+02 1.799999999999938325e+02
1.215000000000001812e+01 7.999833624562411387e+02 1.799999999999938325e+02
1.230000000000001847e+01 7.999833624562411387e+02 1.799999999999938325e+02
1.245000000000001883e+01 7.999833624562411387e+02 1.799999999999938325e+02
1.260000000000001918e+01 7.999833624562411387e+02 1.799999999999938325e+02
1.275000000000001954e+01 7.999833624562411387e+02 1.799999999999938325e+02
1.290000000000001990e+01 7.999833624562411387e+02 1.799999999999938325e+02
1.305000000000002025e+01 7.999580603411990296e+02 1.799999999999938041e+02
1.320000000000002061e+01 7.999580603411990296e+02 1.799999999999938041e+02
1.335000000000002096e+01 7.999580603411990296e+02 1.799999999999938041e+02
1.350000000000002132e+01 7.999580603411990296e+02 1.799999999999938041e+02
1.365000000000002167e+01 7.999580603411990296e+02 1.799999999999938041e+02
1.380000000000002203e+01 7.999580603411990296e+02 1.799999999999938041e+02
1.395000000000002238e+01 7.999580603411990296e+02 1.799999999999938041e+02
1.410000000000002274e+01 7.999580603411990296e+02 1.799999999999938041e+02
1.425000000000002309e+01 7.999580603411990296e+02 1.799999999999938041e+02
1.440000000000002345e+01 7.999580603411990296e+02 1.799999999999938041e+02
1.455000000000002380e+01 7.999580603411990296e+02 1.799999999999938041e+02
1.470000000000002416e+01 7.999580603411990296e+02 1.799999999999938041e+02
1.485000000000002451e+01 7.999580603411990296e+02 1.799999999999938041e+02
1.500000000000002487e+01 7.999580603411990296e+02 1.799999999999938041e+02
1.515000000000002522e+01 7.999580603411990296e+02 1.799999999999938041e+02
1.530000000000002558e+01 7.999580603411990296e+02 1.799999999999938041e+02
1.545000000000002593e+01 7.999580603411990296e+02 1.799999999999938041e+02
1.560000000000002629e+01 7.999580603411990296e+02 1.799999999999938041e+02
1.575000000000002665e+01 7.999580603411990296e+02 1.799999999999938041e+02
1.590000000000002700e+01 7.999580603411990296e+02 1.799999999999938041e+02
