1.499999999999999944e-01 7.995264914472644477e+02 5.259114552916832608e-04
2.999999999999999889e-01 7.995264914472644477e+02 5.259114552916832608e-04
4.499999999999999556e-01 7.995264914472644477e+02 5.259114552916832608e-04
5.999999999999999778e-01 7.995264914472644477e+02 5.259114552916832608e-04
7.500000000000000000e-01 7.995264914472644477e+02 5.259114552916832608e-04
9.000000000000000222e-01 7.995264914472644477e+02 5.259114552916832608e-04
1.050000000000000044e+00 7.995264914472644477e+02 5.259114552916832608e-04
1.199999999999999956e+00 7.995264914472644477e+02 5.259114552916832608e-04
1.349999999999999867e+00 7.995264914472644477e+02 5.259114552916832608e-04
1.499999999999999778e+00 7.995264914472644477e+02 5.259114552916832608e-04
1.649999999999999689e+00 7.995264914472644477e+02 5.259114552916832608e-04
1.799999999999999600e+00 7.995264914472644477e+02 5.259114552916832608e-04
1.949999999999999512e+00 7.995264914472644477e+02 5.259114552916832608e-04
2.099999999999999645e+00 7.997435567281247586e+02 5.258020892064951823e-04
2.249999999999999556e+00 7.997435567281247586e+02 5.258020892064951823e-04
2.399999999999999467e+00 7.997435567281247586e+02 5.258020892064951823e-04
2.549999999999999378e+00 7.997435567281247586e+02 5.258020892064951823e-04
2.699999999999999289e+00 7.997435567281247586e+02 5.258020892064951823e-04
2.849999999999999201e+00 7.997435567281247586e+02 5.258020892064951823e-04
2.999999999999999112e+00 7.997435567281247586e+02 5.258020892064951823e-04
3.149999999999999023e+00 7.997435567281247586e+02 5.258020892064951823e-04
3.299999999999998934e+00 7.997435567281247586e+02 5.258020892064951823e-04
3.449999999999998845e+00 7.997435567281247586e+02 5.258020892064951823e-04
3.599999999999998757e+00 7.997435567281247586e+02 5.258020892064951823e-04
3.749999999999998668e+00 7.997435567281247586e+02 5.258020892064951823e-04
3.899999999999998579e+00 7.997435567281247586e+02 5.258020892064951823e-04
4.049999999999998934e+00 4.287407268221446657e+02 5.261736568606956155e-04
4.199999999999999289e+00 1.968335423421904409e+02 5.274370046424170511e-04
4.349999999999999645e+00 6.126284495246125772e+01 5.309429916902086433e-04
4.500000000000000000e+00 2.171024876079048482e+01 5.402902599402903405e-04
4.650000000000000355e+00 7.035397042911398557e+00 5.708088158323798567e-04
4.800000000000000711e+00 2.064117623932105516e+00 6.782246460809160382e-04
4.950000000000001066e+00 3.247533840010419226e-01 1.492290893488124048e-03
5.100000000000001421e+00 2.765241069876083202e-01 1.799993913188907300e+02
5.250000000000001776e+00 4.853113012749190602e-01 1.799998797435749793e+02
5.400000000000002132e+00 5.576896705135823140e-01 1.799999637007470881e+02
5.550000000000002487e+00 5.827959765438208706e-01 1.799999879449710249e+02
5.700000000000002842e+00 5.915027390980185373e-01 1.799999958804170603e+02
5.850000000000003197e+00 5.945224671829691943e-01 1.799999985784604917e+02
6.000000000000003553e+00 5.955697529692542957e-01 1.799999995075008030e+02
6.150000000000003908e+00 5.959329722456914169e-01 1.799999998292896635e+02
6.300000000000004263e+00 5.960589456545903886e-01 1.799999999408045426e+02
6.450000000000004619e+00 5.961026434465566126e-01 1.799999999794567316e+02
6.600000000000004974e+00 5.961178217938822854e-01 1.799999999928751038e+02
6.750000000000005329e+00 5.961231526392793967e-01 1.799999999975287892e+02
6.900000000000005684e+00 5.961251936872713486e-01 1.799999999991421760e+02
7.050000000000006040e+00 5.961264562434962500e-01 1.799999999997023963e+02
7.200000000000006395e+00 5.961284929842349811e-01 1.799999999998968292e+02
7.350000000000006750e+00 5.961338099638169297e-01 1.799999999999640465e+02
7.500000000000007105e+00 5.961489477167560835e-01 1.799999999999874092e+02
7.650000000000007461e+00 5.961925283868367842e-01 1.799999999999956515e+02
7.800000000000007816e+00 5.963181640598804734e-01 1.799999999999985505e+02
7.950000000000008171e+00 5.966804093660584840e-01 1.799999999999994316e+02
8.100000000000008527e+00 5.977248870592575258e-01 1.799999999999998295e+02
8.250000000000008882e+00 6.007365181571913126e-01 1.799999999999997442e+02
8.400000000000009237e+00 6.094199348088977786e-01 1.799999999999995453e+02
8.550000000000009592e+00 6.344589259647364088e-01 1.799999999999988916e+02
8.700000000000009948e+00 7.066432229115093833e-01 1.799999999999970157e+02
8.850000000000010303e+00 9.148708630834789801e-01 1.799999999999934062e+02
9.000000000000010658e+00 1.514536264882650585e+00 1.799999999999885461e+02
9.150000000000011013e+00 3.249254718895826954e+00 1.799999999999847660e+02
9.300000000000011369e+00 8.207223963894705321e+00 1.799999999999826059e+02
9.450000000000011724e+00 2.284390352390931156e+01 1.799999999999816396e+02
9.600000000000012079e+00 6.229188066630576515e+01 1.799999999999813554e+02
9.750000000000012434e+00 1.975771209364027925e+02 1.799999999999813269e+02
9.900000000000012790e+00 4.289413124738741203e+02 1.799999999999812133e+02
1.005000000000001315e+01 7.997470979870109886e+02 1.799999999999811848e+02
1.020000000000001350e+01 7.997470979870109886e+02 1.799999999999811848e+02
1.035000000000001386e+01 7.997470979870109886e+02 1.799999999999811848e+02
1.050000000000001421e+01 7.997470979870109886e+02 1.799999999999811848e+02
1.065000000000001457e+01 7.997470979870109886e+02 1.799999999999811848e+02
1.080000000000001492e+01 7.997470979870109886e+02 1.799999999999811848e+02
1.095000000000001528e+01 7.997470979870109886e+02 1.799999999999811848e+02
1.110000000000001563e+01 7.997470979870109886e+02 1.799999999999811848e+02
1.125000000000001599e+01 7.997470979870109886e+02 1.799999999999811848e+02
1.140000000000001634e+01 7.997470979870109886e+02 1.799999999999811848e+02
1.155000000000001670e+01 7.997470979870109886e+02 1.799999999999811848e+02
1.170000000000001705e+01 7.997470979870109886e+02 1.799999999999811848e+02
1.185000000000001741e+01 7.997470979870109886e+02 1.799999999999811848e+02
1.200000000000001776e+01 7.997470979870109886e+02 1.799999999999811848e+02
1.215000000000001812e+01 7.997470979870109886e+02 1.799999999999811848e+02
1.230000000000001847e+01 7.997470979870109886e+02 1.799999999999811848e+02
1.245000000000001883e+01 7.997470979870109886e+02 1.799999999999811848e+02
1.260000000000001918e+01 7.997470979870109886e+02 1.799999999999811848e+02
1.275000000000001954e+01 7.997470979870109886e+02 1.799999999999811848e+02
1.290000000000001990e+01 7.997470979870109886e+02 1.799999999999811848e+02
1.305000000000002025e+01 7.995327909872077043e+02 1.799999999999812133e+02
1.320000000000002061e+01 7.995327909872077043e+02 1.799999999999812133e+02
1.335000000000002096e+01 7.995327909872077043e+02 1.799999999999812133e+02
1.350000000000002132e+01 7.995327909872077043e+02 1.799999999999812133e+02
1.365000000000002167e+01 7.995327909872077043e+02 1.799999999999812133e+02
1.380000000000002203e+01 7.995327909872077043e+02 1.799999999999812133e+02
1.395000000000002238e+01 7.995327909872077043e+02 1.799999999999812133e+02
1.410000000000002274e+01 7.995327909872077043e+02 1.799999999999812133e+02
1.425000000000002309e+01 7.995327909872077043e+02 1.799999999999812133e+02
1.440000000000002345e+01 7.995327909872077043e+02 1.799999999999812133e+02
1.455000000000002380e+01 7.995327909872077043e+02 1.799999999999812133e+02
1.470000000000002416e+01 7.995327909872077043e+02 1.799999999999812133e+02
1.485000000000002451e+01 7.995327909872077043e+02 1.799999999999812133e+02
1.500000000000002487e+01 7.995327909872077043e+02 1.799999999999812133e+02
1.515000000000002522e+01 7.995327909872077043e+02 1.799999999999812133e+02
1.530000000000002558e+01 7.995327909872077043e+02 1.799999999999812133e+02
1.545000000000002593e+01 7.995327909872077043e+02 1.799999999999812133e+02
1.560000000000002629e+01 7.995327909872077043e+02 1.799999999999812133e+02
1.575000000000002665e+01 7.995327909872077043e+02 1.799999999999812133e+02
1.590000000000002700e+01 7.995327909872077043e+02 1.799999999999812133e+02
