1.499999999999999944e-01 7.999429878379648926e+02 3.089335898383005485e-04
2.999999999999999889e-01 7.999429878379648926e+02 3.089335898383005485e-04
4.499999999999999556e-01 7.999429878379648926e+02 3.089335898383005485e-04
5.999999999999999778e-01 7.999429878379648926e+02 3.089335898383005485e-04
7.500000000000000000e-01 7.999429878379648926e+02 3.089335898383005485e-04
9.000000000000000222e-01 7.999429878379648926e+02 3.089335898383005485e-04
1.050000000000000044e+00 7.999429878379648926e+02 3.089335898383005485e-04
1.199999999999999956e+00 7.999429878379648926e+02 3.089335898383005485e-04
1.349999999999999867e+00 7.999429878379648926e+02 3.089335898383005485e-04
1.499999999999999778e+00 7.999429878379648926e+02 3.089335898383005485e-04
1.649999999999999689e+00 7.999429878379648926e+02 3.089335898383005485e-04
1.799999999999999600e+00 7.999429878379648926e+02 3.089335898383005485e-04
1.949999999999999512e+00 7.999429878379648926e+02 3.089335898383005485e-04
2.099999999999999645e+00 7.999765222623797172e+02 3.088864890167242194e-04
2.249999999999999556e+00 7.999765222623797172e+02 3.088864890167242194e-04
2.399999999999999467e+00 7.999765222623797172e+02 3.088864890167242194e-04
2.549999999999999378e+00 7.999765222623797172e+02 3.088864890167242194e-04
2.699999999999999289e+00 7.999765222623797172e+02 3.088864890167242194e-04
2.849999999999999201e+00 7.999765222623797172e+02 3.088864890167242194e-04
2.999999999999999112e+00 7.999765222623797172e+02 3.088864890167242194e-04
3.149999999999999023e+00 7.999765222623797172e+02 3.088864890167242194e-04
3.299999999999998934e+00 7.999765222623797172e+02 3.088864890167242194e-04
3.449999999999998845e+00 7.999765222623797172e+02 3.088864890167242194e-04
3.599999999999998757e+00 7.999765222623797172e+02 3.088864890167242194e-04
3.749999999999998668e+00 7.999765222623797172e+02 3.088864890167242194e-04
3.899999999999998579e+00 7.999765222623797172e+02 3.088864890167242194e-04
4.049999999999998934e+00 4.711572211094307363e+02 3.091317007044569465e-04
4.199999999999999289e+00 2.692050369029287253e+02 3.099324552574556080e-04
4.349999999999999645e+00 1.110155077743636269e+02 3.118082860585902338e-04
4.500000000000000000e+00 5.095853804412777066e+01 3.157003489475673774e-04
4.650000000000000355e+00 2.229159449545069549e+01 3.251286316640067398e-04
4.800000000000000711e+00 9.492564947249690022e+00 3.472609619197264408e-04
4.950000000000001066e+00 3.657248598553991314e+00 4.087303597944957900e-04
5.100000000000001421e+00 1.013340391506289961e+00 6.699742907911865331e-04
5.250000000000001776e+00 1.869135422778072098e-01 1.799983518105181588e+02
5.400000000000002132e+00 7.314664235426562300e-01 1.799998088713989546e+02
5.550000000000002487e+00 9.785736939315938798e-01 1.799999351290788354e+02
5.700000000000002842e+00 1.090699645446591148e+00 1.799999735879508478e+02
5.850000000000003197e+00 1.141578212164631623e+00 1.799999885484546951e+02
6.000000000000003553e+00 1.164665101317098106e+00 1.799999949032320785e+02
6.150000000000003908e+00 1.175141628133644645e+00 1.799999977077160054e+02
6.300000000000004263e+00 1.179896836987438746e+00 1.799999989639579780e+02
6.450000000000004619e+00 1.182057614021687186e+00 1.799999995304208937e+02
6.600000000000004974e+00 1.183044822594069956e+00 1.799999997870836523e+02
6.750000000000005329e+00 1.183507621936257692e+00 1.799999999034167217e+02
6.900000000000005684e+00 1.183750335360230110e+00 1.799999999561530046e+02
7.050000000000006040e+00 1.183932564121846553e+00 1.799999999801052297e+02
7.200000000000006395e+00 1.184174136330227611e+00 1.799999999909735777e+02
7.350000000000006750e+00 1.184633902894120183e+00 1.799999999959028969e+02
7.500000000000007105e+00 1.185614192808259304e+00 1.799999999981423571e+02
7.650000000000007461e+00 1.187759615930360724e+00 1.799999999991584048e+02
7.800000000000007816e+00 1.192480939298548037e+00 1.799999999996193765e+02
7.950000000000008171e+00 1.202882768313656925e+00 1.799999999998283897e+02
8.100000000000008527e+00 1.225805033038454894e+00 1.799999999999230340e+02
8.250000000000008882e+00 1.276320820527928390e+00 1.799999999999654392e+02
8.400000000000009237e+00 1.387647403285029668e+00 1.799999999999833449e+02
8.550000000000009592e+00 1.632993635021591672e+00 1.799999999999897398e+02
8.700000000000009948e+00 2.173668615170527119e+00 1.799999999999899103e+02
8.850000000000010303e+00 3.365390787362500191e+00 1.799999999999876081e+02
9.000000000000010658e+00 5.990570782866889488e+00 1.799999999999853060e+02
9.150000000000011013e+00 1.178494031997242786e+01 1.799999999999836291e+02
9.300000000000011369e+00 2.449552012819958691e+01 1.799999999999826343e+02
9.450000000000011724e+00 5.297442909820257029e+01 1.799999999999823217e+02
9.600000000000012079e+00 1.126589827987299373e+02 1.799999999999820091e+02
9.750000000000012434e+00 2.701410047496682409e+02 1.799999999999818385e+02
9.900000000000012790e+00 4.713004292671123494e+02 1.799999999999818385e+02
1.005000000000001315e+01 7.999769349420921571e+02 1.799999999999817533e+02
1.020000000000001350e+01 7.999769349420921571e+02 1.799999999999817533e+02
1.035000000000001386e+01 7.999769349420921571e+02 1.799999999999817533e+02
1.050000000000001421e+01 7.999769349420921571e+02 1.799999999999817533e+02
1.065000000000001457e+01 7.999769349420921571e+02 1.799999999999817533e+02
1.080000000000001492e+01 7.999769349420921571e+02 1.799999999999817533e+02
1.095000000000001528e+01 7.999769349420921571e+02 1.799999999999817533e+02
1.110000000000001563e+01 7.999769349420921571e+02 1.799999999999817533e+02
1.125000000000001599e+01 7.999769349420921571e+02 1.799999999999817533e+02
1.140000000000001634e+01 7.999769349420921571e+02 1.799999999999817533e+02
1.155000000000001670e+01 7.999769349420921571e+02 1.799999999999817533e+02
1.170000000000001705e+01 7.999769349420921571e+02 1.799999999999817533e+02
1.185000000000001741e+01 7.999769349420921571e+02 1.799999999999817533e+02
1.200000000000001776e+01 7.999769349420921571e+02 1.799999999999817533e+02
1.215000000000001812e+01 7.999769349420921571e+02 1.799999999999817533e+02
1.230000000000001847e+01 7.999769349420921571e+02 1.799999999999817533e+02
1.245000000000001883e+01 7.999769349420921571e+02 1.799999999999817533e+02
1.260000000000001918e+01 7.999769349420921571e+02 1.799999999999817533e+02
1.275000000000001954e+01 7.999769349420921571e+02 1.799999999999817533e+02
1.290000000000001990e+01 7.999769349420921571e+02 1.799999999999817533e+02
1.305000000000002025e+01 7.999439535170475892e+02 1.799999999999817817e+02
1.320000000000002061e+01 7.999439535170475892e+02 1.799999999999817817e+02
1.335000000000002096e+01 7.999439535170475892e+02 1.799999999999817817e+02
1.350000000000002132e+01 7.999439535170475892e+02 1.799999999999817817e+02
1.365000000000002167e+01 7.999439535170475892e+02 1.799999999999817817e+02
1.380000000000002203e+01 7.999439535170475892e+02 1.799999999999817817e+02
1.395000000000002238e+01 7.999439535170475892e+02 1.799999999999817817e+02
1.410000000000002274e+01 7.999439535170475892e+02 1.799999999999817817e+02
1.425000000000002309e+01 7.999439535170475892e+02 1.799999999999817817e+02
1.440000000000002345e+01 7.999439535170475892e+02 1.799999999999817817e+02
1.455000000000002380e+01 7.999439535170475892e+02 1.799999999999817817e+02
1.470000000000002416e+01 7.999439535170475892e+02 1.799999999999817817e+02
1.485000000000002451e+01 7.999439535170475892e+02 1.799999999999817817e+02
1.500000000000002487e+01 7.999439535170475892e+02 1.799999999999817817e+02
1.515000000000002522e+01 7.999439535170475892e+02 1.799999999999817817e+02
1.530000000000002558e+01 7.999439535170475892e+02 1.799999999999817817e+02
1.545000000000002593e+01 7.999439535170475892e+02 1.799999999999817817e+02
1.560000000000002629e+01 7.999439535170475892e+02 1.799999999999817817e+02
1.575000000000002665e+01 7.999439535170475892e+02 1.799999999999817817e+02
1.590000000000002700e+01 7.999439535170475892e+02 1.799999999999817817e+02
