1.499999999999999944e-01 7.999992367090706011e+02 1.799995246293406410e+02
2.999999999999999889e-01 7.999992367090706011e+02 1.799995246293406410e+02
4.499999999999999556e-01 7.999992367090706011e+02 1.799995246293406410e+02
5.999999999999999778e-01 7.999992367090706011e+02 1.799995246293406410e+02
7.500000000000000000e-01 7.999992367090706011e+02 1.799995246293406410e+02
9.000000000000000222e-01 7.999992367090706011e+02 1.799995246293406410e+02
1.050000000000000044e+00 7.999992367090706011e+02 1.799995246293406410e+02
1.199999999999999956e+00 7.999992367090706011e+02 1.799995246293406410e+02
1.349999999999999867e+00 7.999992367090706011e+02 1.799995246293406410e+02
1.499999999999999778e+00 7.999992367090706011e+02 1.799995246293406410e+02
1.649999999999999689e+00 7.999992367090706011e+02 1.799995246293406410e+02
1.799999999999999600e+00 7.999992367090706011e+02 1.799995246293406410e+02
1.949999999999999512e+00 7.999992367090706011e+02 1.799995246293406410e+02
2.099999999999999645e+00 7.999998216302285527e+02 1.799995251997565617e+02
2.249999999999999556e+00 7.999998216302285527e+02 1.799995251997565617e+02
2.399999999999999467e+00 7.999998216302285527e+02 1.799995251997565617e+02
2.549999999999999378e+00 7.999998216302285527e+02 1.799995251997565617e+02
2.699999999999999289e+00 7.999998216302285527e+02 1.799995251997565617e+02
2.849999999999999201e+00 7.999998216302285527e+02 1.799995251997565617e+02
2.999999999999999112e+00 7.999998216302285527e+02 1.799995251997565617e+02
3.149999999999999023e+00 7.999998216302285527e+02 1.799995251997565617e+02
3.299999999999998934e+00 7.999998216302285527e+02 1.799995251997565617e+02
3.449999999999998845e+00 7.999998216302285527e+02 1.799995251997565617e+02
3.599999999999998757e+00 7.999998216302285527e+02 1.799995251997565617e+02
3.749999999999998668e+00 7.999998216302285527e+02 1.799995251997565617e+02
3.899999999999998579e+00 7.999998216302285527e+02 1.799995251997565617e+02
4.049999999999998934e+00 5.063976525195640193e+02 1.799995262068172224e+02
4.199999999999999289e+00 4.008583894964359047e+02 1.799995298950449865e+02
4.349999999999999645e+00 2.875732115880304605e+02 1.799995415809039514e+02
4.500000000000000000e+00 2.408998077390499759e+02 1.799995579376563342e+02
4.650000000000000355e+00 2.123946591646561615e+02 1.799995778996703280e+02
4.800000000000000711e+00 1.952864856092980119e+02 1.799996014590012408e+02
4.950000000000001066e+00 1.844084858980340869e+02 1.799996264468422282e+02
5.100000000000001421e+00 1.773541965607913369e+02 1.799996510477544405e+02
5.250000000000001776e+00 1.727019202627653840e+02 1.799996760354815990e+02
5.400000000000002132e+00 1.696026617374523653e+02 1.799997001408010533e+02
5.550000000000002487e+00 1.675238139365145003e+02 1.799997225001252446e+02
5.700000000000002842e+00 1.661233408248136527e+02 1.799997441816710193e+02
5.850000000000003197e+00 1.651774935942037530e+02 1.799997645072960495e+02
6.000000000000003553e+00 1.645381843082090541e+02 1.799997830329802753e+02
6.150000000000003908e+00 1.641066889491683582e+02 1.799998007523251715e+02
6.300000000000004263e+00 1.638169971014750388e+02 1.799998172370576981e+02
6.450000000000004619e+00 1.636250720270779482e+02 1.799998322120408432e+02
6.600000000000004974e+00 1.635018625973646920e+02 1.799998464915689738e+02
6.750000000000005329e+00 1.634287709194728677e+02 1.799998597724658111e+02
6.900000000000005684e+00 1.633947833245152310e+02 1.799998718647498492e+02
7.050000000000006040e+00 1.633947833245919696e+02 1.799998834052862264e+02
7.200000000000006395e+00 1.634287709197123206e+02 1.799998941705763684e+02
7.350000000000006750e+00 1.635018625977991462e+02 1.799999040259082221e+02
7.500000000000007105e+00 1.636250720277654693e+02 1.799999134552335533e+02
7.650000000000007461e+00 1.638169971025096743e+02 1.799999222927812923e+02
7.800000000000007816e+00 1.641066889506932398e+02 1.799999304438276795e+02
7.950000000000008171e+00 1.645381843104387372e+02 1.799999382616321668e+02
8.100000000000008527e+00 1.651774935974586356e+02 1.799999456212981670e+02
8.250000000000008882e+00 1.661233408295726406e+02 1.799999524534569275e+02
8.400000000000009237e+00 1.675238139434965206e+02 1.799999589917211154e+02
8.550000000000009592e+00 1.696026617477500906e+02 1.799999651300007031e+02
8.700000000000009948e+00 1.727019202780591627e+02 1.799999707997139637e+02
8.850000000000010303e+00 1.773541965837275427e+02 1.799999761079589575e+02
9.000000000000010658e+00 1.844084859328953314e+02 1.799999809320885049e+02
9.150000000000011013e+00 1.952864856634469390e+02 1.799999851686711452e+02
9.300000000000011369e+00 2.123946592507820981e+02 1.799999887916848706e+02
9.450000000000011724e+00 2.408998078868177117e+02 1.799999916759067560e+02
9.600000000000012079e+00 2.875732118318854305e+02 1.799999936951456903e+02
9.750000000000012434e+00 4.008583901806433687e+02 1.799999949822155543e+02
9.900000000000012790e+00 5.063976530182428064e+02 1.799999954360168317e+02
1.005000000000001315e+01 7.999998281611683524e+02 1.799999955189282446e+02
1.020000000000001350e+01 7.999998281611683524e+02 1.799999955189282446e+02
1.035000000000001386e+01 7.999998281611683524e+02 1.799999955189282446e+02
1.050000000000001421e+01 7.999998281611683524e+02 1.799999955189282446e+02
1.065000000000001457e+01 7.999998281611683524e+02 1.799999955189282446e+02
1.080000000000001492e+01 7.999998281611683524e+02 1.799999955189282446e+02
1.095000000000001528e+01 7.999998281611683524e+02 1.799999955189282446e+02
1.110000000000001563e+01 7.999998281611683524e+02 1.799999955189282446e+02
1.125000000000001599e+01 7.999998281611683524e+02 1.799999955189282446e+02
1.140000000000001634e+01 7.999998281611683524e+02 1.799999955189282446e+02
1.155000000000001670e+01 7.999998281611683524e+02 1.799999955189282446e+02
1.170000000000001705e+01 7.999998281611683524e+02 1.799999955189282446e+02
1.185000000000001741e+01 7.999998281611683524e+02 1.799999955189282446e+02
1.200000000000001776e+01 7.999998281611683524e+02 1.799999955189282446e+02
1.215000000000001812e+01 7.999998281611683524e+02 1.799999955189282446e+02
1.230000000000001847e+01 7.999998281611683524e+02 1.799999955189282446e+02
1.245000000000001883e+01 7.999998281611683524e+02 1.799999955189282446e+02
1.260000000000001918e+01 7.999998281611683524e+02 1.799999955189282446e+02
1.275000000000001954e+01 7.999998281611683524e+02 1.799999955189282446e+02
1.290000000000001990e+01 7.999998281611683524e+02 1.799999955189282446e+02
1.305000000000002025e+01 7.999992646566693111e+02 1.799999955404161369e+02
1.320000000000002061e+01 7.999992646566693111e+02 1.799999955404161369e+02
1.335000000000002096e+01 7.999992646566693111e+02 1.799999955404161369e+02
1.350000000000002132e+01 7.999992646566693111e+02 1.799999955404161369e+02
1.365000000000002167e+01 7.999992646566693111e+02 1.799999955404161369e+02
1.380000000000002203e+01 7.999992646566693111e+02 1.799999955404161369e+02
1.395000000000002238e+01 7.999992646566693111e+02 1.799999955404161369e+02
1.410000000000002274e+01 7.999992646566693111e+02 1.799999955404161369e+02
1.425000000000002309e+01 7.999992646566693111e+02 1.799999955404161369e+02
1.440000000000002345e+01 7.999992646566693111e+02 1.799999955404161369e+02
1.455000000000002380e+01 7.999992646566693111e+02 1.799999955404161369e+02
1.470000000000002416e+01 7.999992646566693111e+02 1.799999955404161369e+02
1.485000000000002451e+01 7.999992646566693111e+02 1.799999955404161369e+02
1.500000000000002487e+01 7.999992646566693111e+02 1.799999955404161369e+02
1.515000000000002522e+01 7.999992646566693111e+02 1.799999955404161369e+02
1.530000000000002558e+01 7.999992646566693111e+02 1.799999955404161369e+02
1.545000000000002593e+01 7.999992646566693111e+02 1.799999955404161369e+02
1.560000000000002629e+01 7.999992646566693111e+02 1.799999955404161369e+02
1.575000000000002665e+01 7.999992646566693111e+02 1.799999955404161369e+02
1.590000000000002700e+01 7.999992646566693111e+02 1.799999955404161369e+02
