1.499999999999999944e-01 7.996018713017801929e+02 1.799996286053921324e+02
2.999999999999999889e-01 7.996018713017801929e+02 1.799996286053921324e+02
4.499999999999999556e-01 7.996018713017801929e+02 1.799996286053921324e+02
5.999999999999999778e-01 7.996018713017801929e+02 1.799996286053921324e+02
7.500000000000000000e-01 7.996018713017801929e+02 1.799996286053921324e+02
9.000000000000000222e-01 7.996018713017801929e+02 1.799996286053921324e+02
1.050000000000000044e+00 7.996018713017801929e+02 1.799996286053921324e+02
1.199999999999999956e+00 7.996018713017801929e+02 1.799996286053921324e+02
1.349999999999999867e+00 7.996018713017801929e+02 1.799996286053921324e+02
1.499999999999999778e+00 7.996018713017801929e+02 1.799996286053921324e+02
1.649999999999999689e+00 7.996018713017801929e+02 1.799996286053921324e+02
1.799999999999999600e+00 7.996018713017801929e+02 1.799996286053921324e+02
1.949999999999999512e+00 7.996018713017801929e+02 1.799996286053921324e+02
2.099999999999999645e+00 7.997891303918506765e+02 1.799996290479302843e+02
2.249999999999999556e+00 7.997891303918506765e+02 1.799996290479302843e+02
2.399999999999999467e+00 7.997891303918506765e+02 1.799996290479302843e+02
2.549999999999999378e+00 7.997891303918506765e+02 1.799996290479302843e+02
2.699999999999999289e+00 7.997891303918506765e+02 1.799996290479302843e+02
2.849999999999999201e+00 7.997891303918506765e+02 1.799996290479302843e+02
2.999999999999999112e+00 7.997891303918506765e+02 1.799996290479302843e+02
3.149999999999999023e+00 7.997891303918506765e+02 1.799996290479302843e+02
3.299999999999998934e+00 7.997891303918506765e+02 1.799996290479302843e+02
3.449999999999998845e+00 7.997891303918506765e+02 1.799996290479302843e+02
3.599999999999998757e+00 7.997891303918506765e+02 1.799996290479302843e+02
3.749999999999998668e+00 7.997891303918506765e+02 1.799996290479302843e+02
3.899999999999998579e+00 7.997891303918506765e+02 1.799996290479302843e+02
4.049999999999998934e+00 4.334136021281071294e+02 1.799996293227073352e+02
4.199999999999999289e+00 2.037027391123245366e+02 1.799996294890627837e+02
4.349999999999999645e+00 6.606508035812390744e+01 1.799996336322795401e+02
4.500000000000000000e+00 2.502971950915804200e+01 1.799996440344120572e+02
4.650000000000000355e+00 9.490905633837428468e+00 1.799996706126293589e+02
4.800000000000000711e+00 4.107274345250431224e+00 1.799997288640286968e+02
4.950000000000001066e+00 2.182892228094289067e+00 1.799998194489160710e+02
5.100000000000001421e+00 1.502858703873044988e+00 1.799999067153760564e+02
5.250000000000001776e+00 1.261538331309509431e+00 1.799999606106877934e+02
5.400000000000002132e+00 1.176033740638388281e+00 1.799999850187059565e+02
5.550000000000002487e+00 1.145720660643121391e+00 1.799999945336924156e+02
5.700000000000002842e+00 1.134976291297277839e+00 1.799999980436617193e+02
5.850000000000003197e+00 1.131167697012870121e+00 1.799999993040873960e+02
6.000000000000003553e+00 1.129817689239246192e+00 1.799999997523196669e+02
6.150000000000003908e+00 1.129339157271147087e+00 1.799999999121527310e+02
6.300000000000004263e+00 1.129169538642372572e+00 1.799999999688509433e+02
6.450000000000004619e+00 1.129109427619482631e+00 1.799999999889265894e+02
6.600000000000004974e+00 1.129088157282012617e+00 1.799999999960741945e+02
6.750000000000005329e+00 1.129080721871389414e+00 1.799999999986082457e+02
6.900000000000005684e+00 1.129078380554744854e+00 1.799999999995052917e+02
7.050000000000006040e+00 1.129078380554744854e+00 1.799999999998246949e+02
7.200000000000006395e+00 1.129080721959894618e+00 1.799999999999378417e+02
7.350000000000006750e+00 1.129088157341016085e+00 1.799999999999780016e+02
7.500000000000007105e+00 1.129109427766991303e+00 1.799999999999923830e+02
7.650000000000007461e+00 1.129169538996393385e+00 1.799999999999972147e+02
7.800000000000007816e+00 1.129339158215202588e+00 1.799999999999990621e+02
7.950000000000008171e+00 1.129817691776395350e+00 1.799999999999996874e+02
8.100000000000008527e+00 1.131167704152289843e+00 1.799999999999998863e+02
8.250000000000008882e+00 1.134976311210948552e+00 1.799999999999998863e+02
8.400000000000009237e+00 1.145720716814423668e+00 1.799999999999997158e+02
8.550000000000009592e+00 1.176033899092203683e+00 1.799999999999993179e+02
8.700000000000009948e+00 1.261538778349290624e+00 1.799999999999983800e+02
8.850000000000010303e+00 1.502859965691726529e+00 1.799999999999963336e+02
9.000000000000010658e+00 2.182895782640258631e+00 1.799999999999932356e+02
9.150000000000011013e+00 4.107284413366329545e+00 1.799999999999898534e+02
9.300000000000011369e+00 9.490933729788359585e+00 1.799999999999876934e+02
9.450000000000011724e+00 2.502980115719010712e+01 1.799999999999865850e+02
9.600000000000012079e+00 6.606529169140164015e+01 1.799999999999861870e+02
9.750000000000012434e+00 2.037034846739217073e+02 1.799999999999861870e+02
9.900000000000012790e+00 4.334146548709761078e+02 1.799999999999861586e+02
1.005000000000001315e+01 7.997937319764879476e+02 1.799999999999861302e+02
1.020000000000001350e+01 7.997937319764879476e+02 1.799999999999861302e+02
1.035000000000001386e+01 7.997937319764879476e+02 1.799999999999861302e+02
1.050000000000001421e+01 7.997937319764879476e+02 1.799999999999861302e+02
1.065000000000001457e+01 7.997937319764879476e+02 1.799999999999861302e+02
1.080000000000001492e+01 7.997937319764879476e+02 1.799999999999861302e+02
1.095000000000001528e+01 7.997937319764879476e+02 1.799999999999861302e+02
1.110000000000001563e+01 7.997937319764879476e+02 1.799999999999861302e+02
1.125000000000001599e+01 7.997937319764879476e+02 1.799999999999861302e+02
1.140000000000001634e+01 7.997937319764879476e+02 1.799999999999861302e+02
1.155000000000001670e+01 7.997937319764879476e+02 1.799999999999861302e+02
1.170000000000001705e+01 7.997937319764879476e+02 1.799999999999861302e+02
1.185000000000001741e+01 7.997937319764879476e+02 1.799999999999861302e+02
1.200000000000001776e+01 7.997937319764879476e+02 1.799999999999861302e+02
1.215000000000001812e+01 7.997937319764879476e+02 1.799999999999861302e+02
1.230000000000001847e+01 7.997937319764879476e+02 1.799999999999861302e+02
1.245000000000001883e+01 7.997937319764879476e+02 1.799999999999861302e+02
1.260000000000001918e+01 7.997937319764879476e+02 1.799999999999861302e+02
1.275000000000001954e+01 7.997937319764879476e+02 1.799999999999861302e+02
1.290000000000001990e+01 7.997937319764879476e+02 1.799999999999861302e+02
1.305000000000002025e+01 7.996105594714298377e+02 1.799999999999862439e+02
1.320000000000002061e+01 7.996105594714298377e+02 1.799999999999862439e+02
1.335000000000002096e+01 7.996105594714298377e+02 1.799999999999862439e+02
1.350000000000002132e+01 7.996105594714298377e+02 1.799999999999862439e+02
1.365000000000002167e+01 7.996105594714298377e+02 1.799999999999862439e+02
1.380000000000002203e+01 7.996105594714298377e+02 1.799999999999862439e+02
1.395000000000002238e+01 7.996105594714298377e+02 1.799999999999862439e+02
1.410000000000002274e+01 7.996105594714298377e+02 1.799999999999862439e+02
1.425000000000002309e+01 7.996105594714298377e+02 1.799999999999862439e+02
1.440000000000002345e+01 7.996105594714298377e+02 1.799999999999862439e+02
1.455000000000002380e+01 7.996105594714298377e+02 1.799999999999862439e+02
1.470000000000002416e+01 7.996105594714298377e+02 1.799999999999862439e+02
1.485000000000002451e+01 7.996105594714298377e+02 1.799999999999862439e+02
1.500000000000002487e+01 7.996105594714298377e+02 1.799999999999862439e+02
1.515000000000002522e+01 7.996105594714298377e+02 1.799999999999862439e+02
1.530000000000002558e+01 7.996105594714298377e+02 1.799999999999862439e+02
1.545000000000002593e+01 7.996105594714298377e+02 1.799999999999862439e+02
1.560000000000002629e+01 7.996105594714298377e+02 1.799999999999862439e+02
1.575000000000002665e+01 7.996105594714298377e+02 1.799999999999862439e+02
1.590000000000002700e+01 7.996105594714298377e+02 1.799999999999862439e+02
