1.499999999999999944e-01 7.999965259635571329e+02 1.799994986626719538e+02
2.999999999999999889e-01 7.999965259635571329e+02 1.799994986626719538e+02
4.499999999999999556e-01 7.999965259635571329e+02 1.799994986626719538e+02
5.999999999999999778e-01 7.999965259635571329e+02 1.799994986626719538e+02
7.500000000000000000e-01 7.999965259635571329e+02 1.799994986626719538e+02
9.000000000000000222e-01 7.999965259635571329e+02 1.799994986626719538e+02
1.050000000000000044e+00 7.999965259635571329e+02 1.799994986626719538e+02
1.199999999999999956e+00 7.999965259635571329e+02 1.799994986626719538e+02
1.349999999999999867e+00 7.999965259635571329e+02 1.799994986626719538e+02
1.499999999999999778e+00 7.999965259635571329e+02 1.799994986626719538e+02
1.649999999999999689e+00 7.999965259635571329e+02 1.799994986626719538e+02
1.799999999999999600e+00 7.999965259635571329e+02 1.799994986626719538e+02
1.949999999999999512e+00 7.999965259635571329e+02 1.799994986626719538e+02
2.099999999999999645e+00 7.999990100304426051e+02 1.799994991397425963e+02
2.249999999999999556e+00 7.999990100304426051e+02 1.799994991397425963e+02
2.399999999999999467e+00 7.999990100304426051e+02 1.799994991397425963e+02
2.549999999999999378e+00 7.999990100304426051e+02 1.799994991397425963e+02
2.699999999999999289e+00 7.999990100304426051e+02 1.799994991397425963e+02
2.849999999999999201e+00 7.999990100304426051e+02 1.799994991397425963e+02
2.999999999999999112e+00 7.999990100304426051e+02 1.799994991397425963e+02
3.149999999999999023e+00 7.999990100304426051e+02 1.799994991397425963e+02
3.299999999999998934e+00 7.999990100304426051e+02 1.799994991397425963e+02
3.449999999999998845e+00 7.999990100304426051e+02 1.799994991397425963e+02
3.599999999999998757e+00 7.999990100304426051e+02 1.799994991397425963e+02
3.749999999999998668e+00 7.999990100304426051e+02 1.799994991397425963e+02
3.899999999999998579e+00 7.999990100304426051e+02 1.799994991397425963e+02
4.049999999999998934e+00 4.988093365714109382e+02 1.799994996696360658e+02
4.199999999999999289e+00 3.594725822618165125e+02 1.799995008288991869e+02
4.349999999999999645e+00 2.145027953245402443e+02 1.799995062417359293e+02
4.500000000000000000e+00 1.451712912136393072e+02 1.799995146637052983e+02
4.650000000000000355e+00 9.965985288314286095e+01 1.799995267067044438e+02
4.800000000000000711e+00 7.022893432901636857e+01 1.799995451148403731e+02
4.950000000000001066e+00 5.053446368551183809e+01 1.799995701355680069e+02
5.100000000000001421e+00 3.725690843244883865e+01 1.799996017104327564e+02
5.250000000000001776e+00 2.825203279130219158e+01 1.799996414915053720e+02
5.400000000000002132e+00 2.212915433607581406e+01 1.799996873785651417e+02
5.550000000000002487e+00 1.796002452079020273e+01 1.799997362860584076e+02
5.700000000000002842e+00 1.511966127921703418e+01 1.799997859170707386e+02
5.850000000000003197e+00 1.318482808342567836e+01 1.799998322015553072e+02
6.000000000000003553e+00 1.186823880379798268e+01 1.799998723233513545e+02
6.150000000000003908e+00 1.097481518231453990e+01 1.799999056172298424e+02
6.300000000000004263e+00 1.037235044013846874e+01 1.799999317318815315e+02
6.450000000000004619e+00 9.971765616717398473e+00 1.799999513592683797e+02
6.600000000000004974e+00 9.713861788668936015e+00 1.799999658651505285e+02
6.750000000000005329e+00 9.560538042678274451e+00 1.799999762902323539e+02
6.900000000000005684e+00 9.489147899143290488e+00 1.799999836368963884e+02
7.050000000000006040e+00 9.489147899880833847e+00 1.799999888138034692e+02
7.200000000000006395e+00 9.560538045008911467e+00 1.799999924100551141e+02
7.350000000000006750e+00 9.713861792924561200e+00 1.799999948832416123e+02
7.500000000000007105e+00 9.971765623539674550e+00 1.799999965927660242e+02
7.650000000000007461e+00 1.037235045052676696e+01 1.799999977609652433e+02
7.800000000000007816e+00 1.097481519779373116e+01 1.799999985507853353e+02
7.950000000000008171e+00 1.186823882666367069e+01 1.799999990841668307e+02
8.100000000000008527e+00 1.318482811705396784e+01 1.799999994367301213e+02
8.250000000000008882e+00 1.511966132857527967e+01 1.799999996638173627e+02
8.400000000000009237e+00 1.796002459319483435e+01 1.799999998067611386e+02
8.550000000000009592e+00 2.212915444231616746e+01 1.799999998929729372e+02
8.700000000000009948e+00 2.825203294733133319e+01 1.799999999427045054e+02
8.850000000000010303e+00 3.725690866205898999e+01 1.799999999703601645e+02
9.000000000000010658e+00 5.053446402458219211e+01 1.799999999850542736e+02
9.150000000000011013e+00 7.022893483385512070e+01 1.799999999925568659e+02
9.300000000000011369e+00 9.965985364203532981e+01 1.799999999962701054e+02
9.450000000000011724e+00 1.451712924115060730e+02 1.799999999980371683e+02
9.600000000000012079e+00 2.145027971588031050e+02 1.799999999988181969e+02
9.750000000000012434e+00 3.594725866666167917e+02 1.799999999991541983e+02
9.900000000000012790e+00 4.988093399291737455e+02 1.799999999992449773e+02
1.005000000000001315e+01 7.999990430341304091e+02 1.799999999992600692e+02
1.020000000000001350e+01 7.999990430341304091e+02 1.799999999992600692e+02
1.035000000000001386e+01 7.999990430341304091e+02 1.799999999992600692e+02
1.050000000000001421e+01 7.999990430341304091e+02 1.799999999992600692e+02
1.065000000000001457e+01 7.999990430341304091e+02 1.799999999992600692e+02
1.080000000000001492e+01 7.999990430341304091e+02 1.799999999992600692e+02
1.095000000000001528e+01 7.999990430341304091e+02 1.799999999992600692e+02
1.110000000000001563e+01 7.999990430341304091e+02 1.799999999992600692e+02
1.125000000000001599e+01 7.999990430341304091e+02 1.799999999992600692e+02
1.140000000000001634e+01 7.999990430341304091e+02 1.799999999992600692e+02
1.155000000000001670e+01 7.999990430341304091e+02 1.799999999992600692e+02
1.170000000000001705e+01 7.999990430341304091e+02 1.799999999992600692e+02
1.185000000000001741e+01 7.999990430341304091e+02 1.799999999992600692e+02
1.200000000000001776e+01 7.999990430341304091e+02 1.799999999992600692e+02
1.215000000000001812e+01 7.999990430341304091e+02 1.799999999992600692e+02
1.230000000000001847e+01 7.999990430341304091e+02 1.799999999992600692e+02
1.245000000000001883e+01 7.999990430341304091e+02 1.799999999992600692e+02
1.260000000000001918e+01 7.999990430341304091e+02 1.799999999992600692e+02
1.275000000000001954e+01 7.999990430341304091e+02 1.799999999992600692e+02
1.290000000000001990e+01 7.999990430341304091e+02 1.799999999992600692e+02
1.305000000000002025e+01 7.999966417812743202e+02 1.799999999992637925e+02
1.320000000000002061e+01 7.999966417812743202e+02 1.799999999992637925e+02
1.335000000000002096e+01 7.999966417812743202e+02 1.799999999992637925e+02
1.350000000000002132e+01 7.999966417812743202e+02 1.799999999992637925e+02
1.365000000000002167e+01 7.999966417812743202e+02 1.799999999992637925e+02
1.380000000000002203e+01 7.999966417812743202e+02 1.799999999992637925e+02
1.395000000000002238e+01 7.999966417812743202e+02 1.799999999992637925e+02
1.410000000000002274e+01 7.999966417812743202e+02 1.799999999992637925e+02
1.425000000000002309e+01 7.999966417812743202e+02 1.799999999992637925e+02
1.440000000000002345e+01 7.999966417812743202e+02 1.799999999992637925e+02
1.455000000000002380e+01 7.999966417812743202e+02 1.799999999992637925e+02
1.470000000000002416e+01 7.999966417812743202e+02 1.799999999992637925e+02
1.485000000000002451e+01 7.999966417812743202e+02 1.799999999992637925e+02
1.500000000000002487e+01 7.999966417812743202e+02 1.799999999992637925e+02
1.515000000000002522e+01 7.999966417812743202e+02 1.799999999992637925e+02
1.530000000000002558e+01 7.999966417812743202e+02 1.799999999992637925e+02
1.545000000000002593e+01 7.999966417812743202e+02 1.799999999992637925e+02
1.560000000000002629e+01 7.999966417812743202e+02 1.799999999992637925e+02
1.575000000000002665e+01 7.999966417812743202e+02 1.799999999992637925e+02
1.590000000000002700e+01 7.999966417812743202e+02 1.799999999992637925e+02
