1.499999999999999944e-01 7.998798291738285116e+02 1.419255036638755740e-04
2.999999999999999889e-01 7.998798291738285116e+02 1.419255036638755740e-04
4.499999999999999556e-01 7.998798291738285116e+02 1.419255036638755740e-04
5.999999999999999778e-01 7.998798291738285116e+02 1.419255036638755740e-04
7.500000000000000000e-01 7.998798291738285116e+02 1.419255036638755740e-04
9.000000000000000222e-01 7.998798291738285116e+02 1.419255036638755740e-04
1.050000000000000044e+00 7.998798291738285116e+02 1.419255036638755740e-04
1.199999999999999956e+00 7.998798291738285116e+02 1.419255036638755740e-04
1.349999999999999867e+00 7.998798291738285116e+02 1.419255036638755740e-04
1.499999999999999778e+00 7.998798291738285116e+02 1.419255036638755740e-04
1.649999999999999689e+00 7.998798291738285116e+02 1.419255036638755740e-04
1.799999999999999600e+00 7.998798291738285116e+02 1.419255036638755740e-04
1.949999999999999512e+00 7.998798291738285116e+02 1.419255036638755740e-04
2.099999999999999645e+00 7.999454309082252621e+02 1.418184306820613472e-04
2.249999999999999556e+00 7.999454309082252621e+02 1.418184306820613472e-04
2.399999999999999467e+00 7.999454309082252621e+02 1.418184306820613472e-04
2.549999999999999378e+00 7.999454309082252621e+02 1.418184306820613472e-04
2.699999999999999289e+00 7.999454309082252621e+02 1.418184306820613472e-04
2.849999999999999201e+00 7.999454309082252621e+02 1.418184306820613472e-04
2.999999999999999112e+00 7.999454309082252621e+02 1.418184306820613472e-04
3.149999999999999023e+00 7.999454309082252621e+02 1.418184306820613472e-04
3.299999999999998934e+00 7.999454309082252621e+02 1.418184306820613472e-04
3.449999999999998845e+00 7.999454309082252621e+02 1.418184306820613472e-04
3.599999999999998757e+00 7.999454309082252621e+02 1.418184306820613472e-04
3.749999999999998668e+00 7.999454309082252621e+02 1.418184306820613472e-04
3.899999999999998579e+00 7.999454309082252621e+02 1.418184306820613472e-04
4.049999999999998934e+00 4.590040808181749981e+02 1.419249388008303470e-04
4.199999999999999289e+00 2.439106290817824743e+02 1.423956607481402514e-04
4.349999999999999645e+00 9.144886558327253567e+01 1.429986161508578490e-04
4.500000000000000000e+00 3.850331408924775189e+01 1.443068268822678135e-04
4.650000000000000355e+00 1.538400321386521696e+01 1.479682302600870969e-04
4.800000000000000711e+00 6.015790352431508836e+00 1.566547735063483771e-04
4.950000000000001066e+00 2.127002227849914107e+00 1.826827480715387253e-04
5.100000000000001421e+00 5.254458067927316733e-01 3.059432234504555481e-04
5.250000000000001776e+00 1.358621818658320990e-01 1.799995116935931492e+02
5.400000000000002132e+00 4.086917193329782094e-01 1.799999329990600074e+02
5.550000000000002487e+00 5.212822605914197993e-01 1.799999782751632722e+02
5.700000000000002842e+00 5.677414629252552913e-01 1.799999917671451897e+02
5.850000000000003197e+00 5.869129203304055409e-01 1.799999967130226821e+02
6.000000000000003553e+00 5.948239920194282604e-01 1.799999986586564944e+02
6.150000000000003908e+00 5.980885487437035408e-01 1.799999994494041289e+02
6.300000000000004263e+00 5.994358207329923971e-01 1.799999997732616350e+02
6.450000000000004619e+00 5.999921564156238674e-01 1.799999999063126950e+02
6.600000000000004974e+00 6.002226638510137491e-01 1.799999999613470436e+02
6.750000000000005329e+00 6.003200519674010138e-01 1.799999999840492819e+02
6.900000000000005684e+00 6.003657393563344158e-01 1.799999999934036055e+02
7.050000000000006040e+00 6.003979215003028003e-01 1.799999999972776550e+02
7.200000000000006395e+00 6.004435036270479031e-01 1.799999999988764898e+02
7.350000000000006750e+00 6.005405931268796849e-01 1.799999999995353903e+02
7.500000000000007105e+00 6.007703588886670332e-01 1.799999999998081250e+02
7.650000000000007461e+00 6.013248898912024742e-01 1.799999999999207034e+02
7.800000000000007816e+00 6.026677856522155707e-01 1.799999999999669456e+02
7.950000000000008171e+00 6.059217355589225917e-01 1.799999999999853344e+02
8.100000000000008527e+00 6.138071030948140105e-01 1.799999999999913030e+02
8.250000000000008882e+00 6.329162709510001150e-01 1.799999999999903082e+02
8.400000000000009237e+00 6.792245306995141618e-01 1.799999999999821512e+02
8.550000000000009592e+00 7.914493270380376089e-01 1.799999999999646150e+02
8.700000000000009948e+00 1.063392828472672136e+00 1.799999999999364206e+02
8.850000000000010303e+00 1.722555132859781679e+00 1.799999999999053557e+02
9.000000000000010658e+00 3.318922484879422541e+00 1.799999999998815383e+02
9.150000000000011013e+00 7.195184704148211097e+00 1.799999999998672990e+02
9.300000000000011369e+00 1.653342882832584948e+01 1.799999999998608189e+02
9.450000000000011724e+00 3.958162600897170336e+01 1.799999999998582609e+02
9.600000000000012079e+00 9.236841553539296967e+01 1.799999999998566693e+02
9.750000000000012434e+00 2.444847638160559313e+02 1.799999999998567262e+02
9.900000000000012790e+00 4.591111755528729645e+02 1.799999999998569251e+02
1.005000000000001315e+01 7.999457536955742398e+02 1.799999999998566409e+02
1.020000000000001350e+01 7.999457536955742398e+02 1.799999999998566409e+02
1.035000000000001386e+01 7.999457536955742398e+02 1.799999999998566409e+02
1.050000000000001421e+01 7.999457536955742398e+02 1.799999999998566409e+02
1.065000000000001457e+01 7.999457536955742398e+02 1.799999999998566409e+02
1.080000000000001492e+01 7.999457536955742398e+02 1.799999999998566409e+02
1.095000000000001528e+01 7.999457536955742398e+02 1.799999999998566409e+02
1.110000000000001563e+01 7.999457536955742398e+02 1.799999999998566409e+02
1.125000000000001599e+01 7.999457536955742398e+02 1.799999999998566409e+02
1.140000000000001634e+01 7.999457536955742398e+02 1.799999999998566409e+02
1.155000000000001670e+01 7.999457536955742398e+02 1.799999999998566409e+02
1.170000000000001705e+01 7.999457536955742398e+02 1.799999999998566409e+02
1.185000000000001741e+01 7.999457536955742398e+02 1.799999999998566409e+02
1.200000000000001776e+01 7.999457536955742398e+02 1.799999999998566409e+02
1.215000000000001812e+01 7.999457536955742398e+02 1.799999999998566409e+02
1.230000000000001847e+01 7.999457536955742398e+02 1.799999999998566409e+02
1.245000000000001883e+01 7.999457536955742398e+02 1.799999999998566409e+02
1.260000000000001918e+01 7.999457536955742398e+02 1.799999999998566409e+02
1.275000000000001954e+01 7.999457536955742398e+02 1.799999999998566409e+02
1.290000000000001990e+01 7.999457536955742398e+02 1.799999999998566409e+02
1.305000000000002025e+01 7.998804925930950276e+02 1.799999999998569820e+02
1.320000000000002061e+01 7.998804925930950276e+02 1.799999999998569820e+02
1.335000000000002096e+01 7.998804925930950276e+02 1.799999999998569820e+02
1.350000000000002132e+01 7.998804925930950276e+02 1.799999999998569820e+02
1.365000000000002167e+01 7.998804925930950276e+02 1.799999999998569820e+02
1.380000000000002203e+01 7.998804925930950276e+02 1.799999999998569820e+02
1.395000000000002238e+01 7.998804925930950276e+02 1.799999999998569820e+02
1.410000000000002274e+01 7.998804925930950276e+02 1.799999999998569820e+02
1.425000000000002309e+01 7.998804925930950276e+02 1.799999999998569820e+02
1.440000000000002345e+01 7.998804925930950276e+02 1.799999999998569820e+02
1.455000000000002380e+01 7.998804925930950276e+02 1.799999999998569820e+02
1.470000000000002416e+01 7.998804925930950276e+02 1.799999999998569820e+02
1.485000000000002451e+01 7.998804925930950276e+02 1.799999999998569820e+02
1.500000000000002487e+01 7.998804925930950276e+02 1.799999999998569820e+02
1.515000000000002522e+01 7.998804925930950276e+02 1.799999999998569820e+02
1.530000000000002558e+01 7.998804925930950276e+02 1.799999999998569820e+02
1.545000000000002593e+01 7.998804925930950276e+02 1.799999999998569820e+02
1.560000000000002629e+01 7.998804925930950276e+02 1.799999999998569820e+02
1.575000000000002665e+01 7.998804925930950276e+02 1.799999999998569820e+02
1.590000000000002700e+01 7.998804925930950276e+02 1.799999999998569820e+02
