1.499999999999999944e-01 7.999919282792334343e+02 4.578595884097147461e-05
2.999999999999999889e-01 7.999919282792334343e+02 4.578595884097147461e-05
4.499999999999999556e-01 7.999919282792334343e+02 4.578595884097147461e-05
5.999999999999999778e-01 7.999919282792334343e+02 4.578595884097147461e-05
7.500000000000000000e-01 7.999919282792334343e+02 4.578595884097147461e-05
9.000000000000000222e-01 7.999919282792334343e+02 4.578595884097147461e-05
1.050000000000000044e+00 7.999919282792334343e+02 4.578595884097147461e-05
1.199999999999999956e+00 7.999919282792334343e+02 4.578595884097147461e-05
1.349999999999999867e+00 7.999919282792334343e+02 4.578595884097147461e-05
1.499999999999999778e+00 7.999919282792334343e+02 4.578595884097147461e-05
1.649999999999999689e+00 7.999919282792334343e+02 4.578595884097147461e-05
1.799999999999999600e+00 7.999919282792334343e+02 4.578595884097147461e-05
1.949999999999999512e+00 7.999919282792334343e+02 4.578595884097147461e-05
2.099999999999999645e+00 7.999974286029819268e+02 4.577907400193925724e-05
2.249999999999999556e+00 7.999974286029819268e+02 4.577907400193925724e-05
2.399999999999999467e+00 7.999974286029819268e+02 4.577907400193925724e-05
2.549999999999999378e+00 7.999974286029819268e+02 4.577907400193925724e-05
2.699999999999999289e+00 7.999974286029819268e+02 4.577907400193925724e-05
2.849999999999999201e+00 7.999974286029819268e+02 4.577907400193925724e-05
2.999999999999999112e+00 7.999974286029819268e+02 4.577907400193925724e-05
3.149999999999999023e+00 7.999974286029819268e+02 4.577907400193925724e-05
3.299999999999998934e+00 7.999974286029819268e+02 4.577907400193925724e-05
3.449999999999998845e+00 7.999974286029819268e+02 4.577907400193925724e-05
3.599999999999998757e+00 7.999974286029819268e+02 4.577907400193925724e-05
3.749999999999998668e+00 7.999974286029819268e+02 4.577907400193925724e-05
3.899999999999998579e+00 7.999974286029819268e+02 4.577907400193925724e-05
4.049999999999998934e+00 4.926904413069814268e+02 4.582190401303254390e-05
4.199999999999999289e+00 3.326871508000879203e+02 4.596712042748141158e-05
4.349999999999999645e+00 1.759845964441302613e+02 4.626378470162784140e-05
4.500000000000000000e+00 1.034638346178849275e+02 4.675973585843706815e-05
4.650000000000000355e+00 5.964556572493848563e+01 4.768959035250652789e-05
4.800000000000000711e+00 3.420002773569143528e+01 4.927718237046629923e-05
4.950000000000001066e+00 1.911983615805717562e+01 5.221365388374810124e-05
5.100000000000001421e+00 1.019590033438151266e+01 5.807968021442899698e-05
5.250000000000001776e+00 4.907026277100982270e+00 7.153577328566917970e-05
5.400000000000002132e+00 1.772657210904782232e+00 1.173888120514776645e-04
5.550000000000002487e+00 8.505356703471989022e-02 1.799985486720031531e+02
5.700000000000002842e+00 1.186113567810707536e+00 1.799999383066931387e+02
5.850000000000003197e+00 1.838763914317581794e+00 1.799999764092060275e+02
6.000000000000003553e+00 2.225720607753800095e+00 1.799999884388855094e+02
6.150000000000003908e+00 2.455322278799854985e+00 1.799999937875372211e+02
6.300000000000004263e+00 2.591854178195717395e+00 1.799999965113038627e+02
6.450000000000004619e+00 2.673544247462729118e+00 1.799999979937440742e+02
6.600000000000004974e+00 2.723265452666325359e+00 1.799999988324255753e+02
6.750000000000005329e+00 2.754939705897626823e+00 1.799999993158314169e+02
6.900000000000005684e+00 2.777435833535463416e+00 1.799999995974398530e+02
7.050000000000006040e+00 2.797052801204387151e+00 1.799999997630402788e+02
7.200000000000006395e+00 2.819283420143506191e+00 1.799999998606404574e+02
7.350000000000006750e+00 2.850352351153787822e+00 1.799999999182332147e+02
7.500000000000007105e+00 2.898959051356072791e+00 1.799999999523417955e+02
7.650000000000007461e+00 2.978713722575477618e+00 1.799999999725046962e+02
7.800000000000007816e+00 3.111948424011856673e+00 1.799999999843874718e+02
7.950000000000008171e+00 3.335970747959663640e+00 1.799999999913652005e+02
8.100000000000008527e+00 3.713511891928789055e+00 1.799999999953998326e+02
8.250000000000008882e+00 4.350297355378728525e+00 1.799999999976676861e+02
8.400000000000009237e+00 5.424666936415597718e+00 1.799999999988870627e+02
8.550000000000009592e+00 7.237575330272711938e+00 1.799999999995002042e+02
8.700000000000009948e+00 1.029701343831799676e+01 1.799999999997853593e+02
8.850000000000010303e+00 1.546132770801388645e+01 1.799999999999081695e+02
9.000000000000010658e+00 2.418032807806077500e+01 1.799999999999576801e+02
9.150000000000011013e+00 3.892903287854429095e+01 1.799999999999763531e+02
9.300000000000011369e+00 6.385414907449133892e+01 1.799999999999832596e+02
9.450000000000011724e+00 1.068911491631573938e+02 1.799999999999856470e+02
9.600000000000012079e+00 1.783479651344570698e+02 1.799999999999865281e+02
9.750000000000012434e+00 3.337036140926582561e+02 1.799999999999867555e+02
9.900000000000012790e+00 4.927851816217577152e+02 1.799999999999867839e+02
1.005000000000001315e+01 7.999974789532496970e+02 1.799999999999867839e+02
1.020000000000001350e+01 7.999974789532496970e+02 1.799999999999867839e+02
1.035000000000001386e+01 7.999974789532496970e+02 1.799999999999867839e+02
1.050000000000001421e+01 7.999974789532496970e+02 1.799999999999867839e+02
1.065000000000001457e+01 7.999974789532496970e+02 1.799999999999867839e+02
1.080000000000001492e+01 7.999974789532496970e+02 1.799999999999867839e+02
1.095000000000001528e+01 7.999974789532496970e+02 1.799999999999867839e+02
1.110000000000001563e+01 7.999974789532496970e+02 1.799999999999867839e+02
1.125000000000001599e+01 7.999974789532496970e+02 1.799999999999867839e+02
1.140000000000001634e+01 7.999974789532496970e+02 1.799999999999867839e+02
1.155000000000001670e+01 7.999974789532496970e+02 1.799999999999867839e+02
1.170000000000001705e+01 7.999974789532496970e+02 1.799999999999867839e+02
1.185000000000001741e+01 7.999974789532496970e+02 1.799999999999867839e+02
1.200000000000001776e+01 7.999974789532496970e+02 1.799999999999867839e+02
1.215000000000001812e+01 7.999974789532496970e+02 1.799999999999867839e+02
1.230000000000001847e+01 7.999974789532496970e+02 1.799999999999867839e+02
1.245000000000001883e+01 7.999974789532496970e+02 1.799999999999867839e+02
1.260000000000001918e+01 7.999974789532496970e+02 1.799999999999867839e+02
1.275000000000001954e+01 7.999974789532496970e+02 1.799999999999867839e+02
1.290000000000001990e+01 7.999974789532496970e+02 1.799999999999867839e+02
1.305000000000002025e+01 7.999920805396712922e+02 1.799999999999868123e+02
1.320000000000002061e+01 7.999920805396712922e+02 1.799999999999868123e+02
1.335000000000002096e+01 7.999920805396712922e+02 1.799999999999868123e+02
1.350000000000002132e+01 7.999920805396712922e+02 1.799999999999868123e+02
1.365000000000002167e+01 7.999920805396712922e+02 1.799999999999868123e+02
1.380000000000002203e+01 7.999920805396712922e+02 1.799999999999868123e+02
1.395000000000002238e+01 7.999920805396712922e+02 1.799999999999868123e+02
1.410000000000002274e+01 7.999920805396712922e+02 1.799999999999868123e+02
1.425000000000002309e+01 7.999920805396712922e+02 1.799999999999868123e+02
1.440000000000002345e+01 7.999920805396712922e+02 1.799999999999868123e+02
1.455000000000002380e+01 7.999920805396712922e+02 1.799999999999868123e+02
1.470000000000002416e+01 7.999920805396712922e+02 1.799999999999868123e+02
1.485000000000002451e+01 7.999920805396712922e+02 1.799999999999868123e+02
1.500000000000002487e+01 7.999920805396712922e+02 1.799999999999868123e+02
1.515000000000002522e+01 7.999920805396712922e+02 1.799999999999868123e+02
1.530000000000002558e+01 7.999920805396712922e+02 1.799999999999868123e+02
1.545000000000002593e+01 7.999920805396712922e+02 1.799999999999868123e+02
1.560000000000002629e+01 7.999920805396712922e+02 1.799999999999868123e+02
1.575000000000002665e+01 7.999920805396712922e+02 1.799999999999868123e+02
1.590000000000002700e+01 7.999920805396712922e+02 1.799999999999868123e+02
