1.499999999999999944e-01 7.999999783929863497e+02 4.912291123577688268e+01
2.999999999999999889e-01 7.999999783929863497e+02 4.912291123577688268e+01
4.499999999999999556e-01 7.999999783929863497e+02 4.912291123577688268e+01
5.999999999999999778e-01 7.999999783929863497e+02 4.912291123577688268e+01
7.500000000000000000e-01 7.999999783929863497e+02 4.912291123577688268e+01
9.000000000000000222e-01 7.999999783929863497e+02 4.912291123577688268e+01
1.050000000000000044e+00 7.999999783929863497e+02 4.912291123577688268e+01
1.199999999999999956e+00 7.999999783929863497e+02 4.912291123577688268e+01
1.349999999999999867e+00 7.999999783929863497e+02 4.912291123577688268e+01
1.499999999999999778e+00 7.999999783929863497e+02 4.912291123577688268e+01
1.649999999999999689e+00 7.999999783929863497e+02 4.912291123577688268e+01
1.799999999999999600e+00 7.999999783929863497e+02 4.912291123577688268e+01
1.949999999999999512e+00 7.999999783929863497e+02 4.912291123577688268e+01
2.099999999999999645e+00 7.999999967609105624e+02 4.918542369505415479e+01
2.249999999999999556e+00 7.999999967609105624e+02 4.918542369505415479e+01
2.399999999999999467e+00 7.999999967609105624e+02 4.918542369505415479e+01
2.549999999999999378e+00 7.999999967609105624e+02 4.918542369505415479e+01
2.699999999999999289e+00 7.999999967609105624e+02 4.918542369505415479e+01
2.849999999999999201e+00 7.999999967609105624e+02 4.918542369505415479e+01
2.999999999999999112e+00 7.999999967609105624e+02 4.918542369505415479e+01
3.149999999999999023e+00 7.999999967609105624e+02 4.918542369505415479e+01
3.299999999999998934e+00 7.999999967609105624e+02 4.918542369505415479e+01
3.449999999999998845e+00 7.999999967609105624e+02 4.918542369505415479e+01
3.599999999999998757e+00 7.999999967609105624e+02 4.918542369505415479e+01
3.749999999999998668e+00 7.999999967609105624e+02 4.918542369505415479e+01
3.899999999999998579e+00 7.999999967609105624e+02 4.918542369505415479e+01
4.049999999999998934e+00 5.146782243875223912e+02 4.951354872584559530e+01
4.199999999999999289e+00 4.585373219643930724e+02 5.098079823263471155e+01
4.349999999999999645e+00 3.960300098505843494e+02 5.404617167358939867e+01
4.500000000000000000e+00 3.812130526517294129e+02 5.746808233074919059e+01
4.650000000000000355e+00 3.751708452399108751e+02 6.112507795805436928e+01
4.800000000000000711e+00 3.731357037214830257e+02 6.480517478114040841e+01
4.950000000000001066e+00 3.724217002129385037e+02 6.846346598775345171e+01
5.100000000000001421e+00 3.721998127348743424e+02 7.207549616504522305e+01
5.250000000000001776e+00 3.721542091507762393e+02 7.563306694496341720e+01
5.400000000000002132e+00 3.721725292987806029e+02 7.913245261846844869e+01
5.550000000000002487e+00 3.722136513740708210e+02 8.257195608388275332e+01
5.700000000000002842e+00 3.722625729696130179e+02 8.595071012387042231e+01
5.850000000000003197e+00 3.723137338126906002e+02 8.926828758487035032e+01
6.000000000000003553e+00 3.723650128174822385e+02 9.252455130660612781e+01
6.150000000000003908e+00 3.724155481886852499e+02 9.571959613137128997e+01
6.300000000000004263e+00 3.724649478339850930e+02 9.885371339111375733e+01
6.450000000000004619e+00 3.725130024702989431e+02 1.019273753457485867e+02
6.600000000000004974e+00 3.725595814017829071e+02 1.049412234216190711e+02
6.750000000000005329e+00 3.726045938388540435e+02 1.078960496761277739e+02
6.900000000000005684e+00 3.726479737297568704e+02 1.107927874071906018e+02
7.050000000000006040e+00 3.726896737292002513e+02 1.136325020291209142e+02
7.200000000000006395e+00 3.727296621338500131e+02 1.164163744611622491e+02
7.350000000000006750e+00 3.727679210678867321e+02 1.191456930802164607e+02
7.500000000000007105e+00 3.728044465705747257e+02 1.218218459217706311e+02
7.650000000000007461e+00 3.728392514198853860e+02 1.244463058492201100e+02
7.800000000000007816e+00 3.728723755679014857e+02 1.270206238751982113e+02
7.950000000000008171e+00 3.729039185660723774e+02 1.295464224630950412e+02
8.100000000000008527e+00 3.729341317144011327e+02 1.320253814156166356e+02
8.250000000000008882e+00 3.729636769268415151e+02 1.344592291600478688e+02
8.400000000000009237e+00 3.729943508549469584e+02 1.368497274968503348e+02
8.550000000000009592e+00 3.730311073880408230e+02 1.391986319871556930e+02
8.700000000000009948e+00 3.730876841778967332e+02 1.415076068989287990e+02
8.850000000000010303e+00 3.732024335610782373e+02 1.437780115225972111e+02
9.000000000000010658e+00 3.734815512665089727e+02 1.460102303936688202e+02
9.150000000000011013e+00 3.742279242220107562e+02 1.482023503006001590e+02
9.300000000000011369e+00 3.762441311592253328e+02 1.503438037558329654e+02
9.450000000000011724e+00 3.821734427787126833e+02 1.524133522006075339e+02
9.600000000000012079e+00 3.967314328532003742e+02 1.543013980055676484e+02
9.750000000000012434e+00 4.587818904253280152e+02 1.559482057784015865e+02
9.900000000000012790e+00 5.146875956010898108e+02 1.567176075471860202e+02
1.005000000000001315e+01 7.999999967757227068e+02 1.568808047080567007e+02
1.020000000000001350e+01 7.999999967757227068e+02 1.568808047080567007e+02
1.035000000000001386e+01 7.999999967757227068e+02 1.568808047080567007e+02
1.050000000000001421e+01 7.999999967757227068e+02 1.568808047080567007e+02
1.065000000000001457e+01 7.999999967757227068e+02 1.568808047080567007e+02
1.080000000000001492e+01 7.999999967757227068e+02 1.568808047080567007e+02
1.095000000000001528e+01 7.999999967757227068e+02 1.568808047080567007e+02
1.110000000000001563e+01 7.999999967757227068e+02 1.568808047080567007e+02
1.125000000000001599e+01 7.999999967757227068e+02 1.568808047080567007e+02
1.140000000000001634e+01 7.999999967757227068e+02 1.568808047080567007e+02
1.155000000000001670e+01 7.999999967757227068e+02 1.568808047080567007e+02
1.170000000000001705e+01 7.999999967757227068e+02 1.568808047080567007e+02
1.185000000000001741e+01 7.999999967757227068e+02 1.568808047080567007e+02
1.200000000000001776e+01 7.999999967757227068e+02 1.568808047080567007e+02
1.215000000000001812e+01 7.999999967757227068e+02 1.568808047080567007e+02
1.230000000000001847e+01 7.999999967757227068e+02 1.568808047080567007e+02
1.245000000000001883e+01 7.999999967757227068e+02 1.568808047080567007e+02
1.260000000000001918e+01 7.999999967757227068e+02 1.568808047080567007e+02
1.275000000000001954e+01 7.999999967757227068e+02 1.568808047080567007e+02
1.290000000000001990e+01 7.999999967757227068e+02 1.568808047080567007e+02
1.305000000000002025e+01 7.999999784834602679e+02 1.569126914877004708e+02
1.320000000000002061e+01 7.999999784834602679e+02 1.569126914877004708e+02
1.335000000000002096e+01 7.999999784834602679e+02 1.569126914877004708e+02
1.350000000000002132e+01 7.999999784834602679e+02 1.569126914877004708e+02
1.365000000000002167e+01 7.999999784834602679e+02 1.569126914877004708e+02
1.380000000000002203e+01 7.999999784834602679e+02 1.569126914877004708e+02
1.395000000000002238e+01 7.999999784834602679e+02 1.569126914877004708e+02
1.410000000000002274e+01 7.999999784834602679e+02 1.569126914877004708e+02
1.425000000000002309e+01 7.999999784834602679e+02 1.569126914877004708e+02
1.440000000000002345e+01 7.999999784834602679e+02 1.569126914877004708e+02
1.455000000000002380e+01 7.999999784834602679e+02 1.569126914877004708e+02
1.470000000000002416e+01 7.999999784834602679e+02 1.569126914877004708e+02
1.485000000000002451e+01 7.999999784834602679e+02 1.569126914877004708e+02
1.500000000000002487e+01 7.999999784834602679e+02 1.569126914877004708e+02
1.515000000000002522e+01 7.999999784834602679e+02 1.569126914877004708e+02
1.530000000000002558e+01 7.999999784834602679e+02 1.569126914877004708e+02
1.545000000000002593e+01 7.999999784834602679e+02 1.569126914877004708e+02
1.560000000000002629e+01 7.999999784834602679e+02 1.569126914877004708e+02
1.575000000000002665e+01 7.999999784834602679e+02 1.569126914877004708e+02
1.590000000000002700e+01 7.999999784834602679e+02 1.569126914877004708e+02
