1.499999999999999944e-01 7.998807412760251054e+02 2.626343587053270312e-12
2.999999999999999889e-01 7.998807412760251054e+02 2.626343587053270312e-12
4.499999999999999556e-01 7.998807412760251054e+02 2.626343587053270312e-12
5.999999999999999778e-01 7.998807412760251054e+02 2.626343587053270312e-12
7.500000000000000000e-01 7.998807412760251054e+02 2.626343587053270312e-12
9.000000000000000222e-01 7.998807412760251054e+02 2.626343587053270312e-12
1.050000000000000044e+00 7.998807412760251054e+02 2.626343587053270312e-12
1.199999999999999956e+00 7.998807412760251054e+02 2.626343587053270312e-12
1.349999999999999867e+00 7.998807412760251054e+02 2.626343587053270312e-12
1.499999999999999778e+00 7.998807412760251054e+02 2.626343587053270312e-12
1.649999999999999689e+00 7.998807412760251054e+02 2.626343587053270312e-12
1.799999999999999600e+00 7.998807412760251054e+02 2.626343587053270312e-12
1.949999999999999512e+00 7.998807412760251054e+02 2.626343587053270312e-12
2.099999999999999645e+00 7.999458556826962194e+02 2.552291711310772371e-12
2.249999999999999556e+00 7.999458556826962194e+02 2.552291711310772371e-12
2.399999999999999467e+00 7.999458556826962194e+02 2.552291711310772371e-12
2.549999999999999378e+00 7.999458556826962194e+02 2.552291711310772371e-12
2.699999999999999289e+00 7.999458556826962194e+02 2.552291711310772371e-12
2.849999999999999201e+00 7.999458556826962194e+02 2.552291711310772371e-12
2.999999999999999112e+00 7.999458556826962194e+02 2.552291711310772371e-12
3.149999999999999023e+00 7.999458556826962194e+02 2.552291711310772371e-12
3.299999999999998934e+00 7.999458556826962194e+02 2.552291711310772371e-12
3.449999999999998845e+00 7.999458556826962194e+02 2.552291711310772371e-12
3.599999999999998757e+00 7.999458556826962194e+02 2.552291711310772371e-12
3.749999999999998668e+00 7.999458556826962194e+02 2.552291711310772371e-12
3.899999999999998579e+00 7.999458556826962194e+02 2.552291711310772371e-12
4.049999999999998934e+00 4.590569359361047646e+02 2.542854815601458540e-12
4.199999999999999289e+00 2.441937451043430656e+02 2.729261261436022323e-12
4.349999999999999645e+00 9.190216554366169532e+01 3.525402192394722078e-12
4.500000000000000000e+00 3.903479138877034416e+01 7.750244890303292777e-12
4.650000000000000355e+00 1.595046776436520375e+01 3.412115034961971105e-11
4.800000000000000711e+00 6.596985463466246813e+00 1.867119792109406262e-10
4.950000000000001066e+00 2.714348049727334455e+00 1.087200107718899744e-09
5.100000000000001421e+00 1.115337050821949560e+00 6.399279550706182818e-09
5.250000000000001776e+00 4.550804993157271383e-01 3.799205006149719566e-08
5.400000000000002132e+00 1.826846849598950939e-01 2.293256567975632265e-07
5.550000000000002487e+00 7.027299112178297946e-02 1.444724433308230971e-06
5.700000000000002842e+00 2.388752318074693903e-02 1.029918235639915025e-05
5.850000000000003197e+00 4.746461825561709702e-03 1.256043931855410634e-04
6.000000000000003553e+00 3.152080476866103709e-03 1.799995416468250653e+02
6.150000000000003908e+00 6.411462301912251860e-03 1.799994539394047877e+02
6.300000000000004263e+00 7.756586564937606454e-03 1.799989062253968370e+02
6.450000000000004619e+00 8.311997073178645223e-03 1.799975264722870918e+02
6.600000000000004974e+00 8.542018083971925080e-03 1.799941674050145934e+02
6.750000000000005329e+00 8.638968807645142078e-03 1.799860247079050453e+02
6.900000000000005684e+00 8.683894520800095052e-03 1.799663076044165564e+02
7.050000000000006040e+00 8.714349751244299114e-03 1.799186398322852654e+02
7.200000000000006395e+00 8.755820221267640591e-03 1.798037766399260704e+02
7.350000000000006750e+00 8.843122697726357728e-03 1.795291641399496427e+02
7.500000000000007105e+00 9.049995467648841441e-03 1.788850647477805751e+02
7.650000000000007461e+00 9.553437608701642603e-03 1.774399073459933902e+02
7.800000000000007816e+00 1.079369807484908961e-02 1.745021693784415504e+02
7.950000000000008171e+00 1.388012326788157225e-02 1.695986605756340282e+02
8.100000000000008527e+00 2.157144444390723947e-02 1.636497285335160257e+02
8.250000000000008882e+00 4.054168273250979837e-02 1.587161170322899579e+02
8.400000000000009237e+00 8.682321865944686579e-02 1.557492460643787808e+02
8.550000000000009592e+00 1.991796965794492280e-01 1.542869893253011924e+02
8.700000000000009948e+00 4.715409136613288865e-01 1.536338412329216396e+02
8.850000000000010303e+00 1.131758241785632890e+00 1.533566027789226780e+02
9.000000000000010658e+00 2.730693387432026498e+00 1.532414069682078548e+02
9.150000000000011013e+00 6.613155629674089653e+00 1.531927500511534390e+02
9.300000000000011369e+00 1.596622203070223733e+01 1.531740717959280573e+02
9.450000000000011724e+00 3.904955927649714909e+01 1.531670557255384608e+02
9.600000000000012079e+00 9.191473348363498985e+01 1.531633832806111002e+02
9.750000000000012434e+00 2.442014912416566403e+02 1.531633517203603105e+02
9.900000000000012790e+00 4.590582592835813216e+02 1.531637796402177401e+02
1.005000000000001315e+01 7.999451029913253706e+02 1.531635412514324059e+02
1.020000000000001350e+01 7.999451029913253706e+02 1.531635412514324059e+02
1.035000000000001386e+01 7.999451029913253706e+02 1.531635412514324059e+02
1.050000000000001421e+01 7.999451029913253706e+02 1.531635412514324059e+02
1.065000000000001457e+01 7.999451029913253706e+02 1.531635412514324059e+02
1.080000000000001492e+01 7.999451029913253706e+02 1.531635412514324059e+02
1.095000000000001528e+01 7.999451029913253706e+02 1.531635412514324059e+02
1.110000000000001563e+01 7.999451029913253706e+02 1.531635412514324059e+02
1.125000000000001599e+01 7.999451029913253706e+02 1.531635412514324059e+02
1.140000000000001634e+01 7.999451029913253706e+02 1.531635412514324059e+02
1.155000000000001670e+01 7.999451029913253706e+02 1.531635412514324059e+02
1.170000000000001705e+01 7.999451029913253706e+02 1.531635412514324059e+02
1.185000000000001741e+01 7.999451029913253706e+02 1.531635412514324059e+02
1.200000000000001776e+01 7.999451029913253706e+02 1.531635412514324059e+02
1.215000000000001812e+01 7.999451029913253706e+02 1.531635412514324059e+02
1.230000000000001847e+01 7.999451029913253706e+02 1.531635412514324059e+02
1.245000000000001883e+01 7.999451029913253706e+02 1.531635412514324059e+02
1.260000000000001918e+01 7.999451029913253706e+02 1.531635412514324059e+02
1.275000000000001954e+01 7.999451029913253706e+02 1.531635412514324059e+02
1.290000000000001990e+01 7.999451029913253706e+02 1.531635412514324059e+02
1.305000000000002025e+01 7.998790827183253214e+02 1.531644117871370838e+02
1.320000000000002061e+01 7.998790827183253214e+02 1.531644117871370838e+02
1.335000000000002096e+01 7.998790827183253214e+02 1.531644117871370838e+02
1.350000000000002132e+01 7.998790827183253214e+02 1.531644117871370838e+02
1.365000000000002167e+01 7.998790827183253214e+02 1.531644117871370838e+02
1.380000000000002203e+01 7.998790827183253214e+02 1.531644117871370838e+02
1.395000000000002238e+01 7.998790827183253214e+02 1.531644117871370838e+02
1.410000000000002274e+01 7.998790827183253214e+02 1.531644117871370838e+02
1.425000000000002309e+01 7.998790827183253214e+02 1.531644117871370838e+02
1.440000000000002345e+01 7.998790827183253214e+02 1.531644117871370838e+02
1.455000000000002380e+01 7.998790827183253214e+02 1.531644117871370838e+02
1.470000000000002416e+01 7.998790827183253214e+02 1.531644117871370838e+02
1.485000000000002451e+01 7.998790827183253214e+02 1.531644117871370838e+02
1.500000000000002487e+01 7.998790827183253214e+02 1.531644117871370838e+02
1.515000000000002522e+01 7.998790827183253214e+02 1.531644117871370838e+02
1.530000000000002558e+01 7.998790827183253214e+02 1.531644117871370838e+02
1.545000000000002593e+01 7.998790827183253214e+02 1.531644117871370838e+02
1.560000000000002629e+01 7.998790827183253214e+02 1.531644117871370838e+02
1.575000000000002665e+01 7.998790827183253214e+02 1.531644117871370838e+02
1.590000000000002700e+01 7.998790827183253214e+02 1.531644117871370838e+02
