1.499999999999999944e-01 7.999999997635712816e+02 1.929866467922815332e+01
2.999999999999999889e-01 7.999999997635712816e+02 1.929866467922815332e+01
4.499999999999999556e-01 7.999999997635712816e+02 1.929866467922815332e+01
5.999999999999999778e-01 7.999999997635712816e+02 1.929866467922815332e+01
7.500000000000000000e-01 7.999999997635712816e+02 1.929866467922815332e+01
9.000000000000000222e-01 7.999999997635712816e+02 1.929866467922815332e+01
1.050000000000000044e+00 7.999999997635712816e+02 1.929866467922815332e+01
1.199999999999999956e+00 7.999999997635712816e+02 1.929866467922815332e+01
1.349999999999999867e+00 7.999999997635712816e+02 1.929866467922815332e+01
1.499999999999999778e+00 7.999999997635712816e+02 1.929866467922815332e+01
1.649999999999999689e+00 7.999999997635712816e+02 1.929866467922815332e+01
1.799999999999999600e+00 7.999999997635712816e+02 1.929866467922815332e+01
1.949999999999999512e+00 7.999999997635712816e+02 1.929866467922815332e+01
2.099999999999999645e+00 7.999999999792401013e+02 1.933743403362298707e+01
2.249999999999999556e+00 7.999999999792401013e+02 1.933743403362298707e+01
2.399999999999999467e+00 7.999999999792401013e+02 1.933743403362298707e+01
2.549999999999999378e+00 7.999999999792401013e+02 1.933743403362298707e+01
2.699999999999999289e+00 7.999999999792401013e+02 1.933743403362298707e+01
2.849999999999999201e+00 7.999999999792401013e+02 1.933743403362298707e+01
2.999999999999999112e+00 7.999999999792401013e+02 1.933743403362298707e+01
3.149999999999999023e+00 7.999999999792401013e+02 1.933743403362298707e+01
3.299999999999998934e+00 7.999999999792401013e+02 1.933743403362298707e+01
3.449999999999998845e+00 7.999999999792401013e+02 1.933743403362298707e+01
3.599999999999998757e+00 7.999999999792401013e+02 1.933743403362298707e+01
3.749999999999998668e+00 7.999999999792401013e+02 1.933743403362298707e+01
3.899999999999998579e+00 7.999999999792401013e+02 1.933743403362298707e+01
4.049999999999998934e+00 5.178387078759515134e+02 1.953689021105340728e+01
4.199999999999999289e+00 4.910252916840620401e+02 2.038930818599224892e+01
4.349999999999999645e+00 4.579210100952950597e+02 2.197124200414347683e+01
4.500000000000000000e+00 4.536766496025738320e+02 2.357372456244693737e+01
4.650000000000000355e+00 4.523898908034344686e+02 2.522029013370228867e+01
4.800000000000000711e+00 4.521348421676868838e+02 2.686204673388648700e+01
4.950000000000001066e+00 4.520750445031299591e+02 2.849818289875933175e+01
5.100000000000001421e+00 4.520632360114279891e+02 3.012631271818847978e+01
5.250000000000001776e+00 4.520618636709077123e+02 3.174588457013140541e+01
5.400000000000002132e+00 4.520629396879112960e+02 3.335640332659211538e+01
5.550000000000002487e+00 4.520646125467891352e+02 3.495745321441557962e+01
5.700000000000002842e+00 4.520664680295960238e+02 3.654862952769985185e+01
5.850000000000003197e+00 4.520684096694140521e+02 3.812954528412441846e+01
6.000000000000003553e+00 4.520704132676602853e+02 3.969982454509141689e+01
6.150000000000003908e+00 4.520724707187040394e+02 4.125909670039737165e+01
6.300000000000004263e+00 4.520745774837671433e+02 4.280700728333107463e+01
6.450000000000004619e+00 4.520767299689404126e+02 4.434321304292239319e+01
6.600000000000004974e+00 4.520789246899144587e+02 4.586737586064914041e+01
6.750000000000005329e+00 4.520811581433185893e+02 4.737917473199692608e+01
6.900000000000005684e+00 4.520834269976529072e+02 4.887830019489557287e+01
7.050000000000006040e+00 4.520857278718485190e+02 5.036444763851330464e+01
7.200000000000006395e+00 4.520880573470819854e+02 5.183733030631034921e+01
7.350000000000006750e+00 4.520904122018901035e+02 5.329667309162272204e+01
7.500000000000007105e+00 4.520927891856779866e+02 5.474220526411078680e+01
7.650000000000007461e+00 4.520951850376061998e+02 5.617367445079442234e+01
7.800000000000007816e+00 4.520975967631071057e+02 5.759083982890972209e+01
7.950000000000008171e+00 4.521000215358603782e+02 5.899346430190879431e+01
8.100000000000008527e+00 4.521024573374727424e+02 6.038132941189247305e+01
8.250000000000008882e+00 4.521049060109970128e+02 6.175422794862569020e+01
8.400000000000009237e+00 4.521073854294513694e+02 6.311195552579617640e+01
8.550000000000009592e+00 4.521099850200985770e+02 6.445432615582195979e+01
8.700000000000009948e+00 4.521131096346223899e+02 6.578116241005287179e+01
8.850000000000010303e+00 4.521185917585079892e+02 6.709228386385926513e+01
9.000000000000010658e+00 4.521343582086366268e+02 6.838747550369237160e+01
9.150000000000011013e+00 4.521977726691831663e+02 6.966649387112988734e+01
9.300000000000011369e+00 4.524553484840560600e+02 7.092773605247924706e+01
9.450000000000011724e+00 4.537415148433231025e+02 7.217069874926232842e+01
9.600000000000012079e+00 4.579761325967402854e+02 7.335996990862443567e+01
9.750000000000012434e+00 4.910454406573136907e+02 7.451201443978794714e+01
9.900000000000012790e+00 5.178391844507324322e+02 7.512248542911764559e+01
1.005000000000001315e+01 7.999999999786018634e+02 7.526059040748569373e+01
1.020000000000001350e+01 7.999999999786018634e+02 7.526059040748569373e+01
1.035000000000001386e+01 7.999999999786018634e+02 7.526059040748569373e+01
1.050000000000001421e+01 7.999999999786018634e+02 7.526059040748569373e+01
1.065000000000001457e+01 7.999999999786018634e+02 7.526059040748569373e+01
1.080000000000001492e+01 7.999999999786018634e+02 7.526059040748569373e+01
1.095000000000001528e+01 7.999999999786018634e+02 7.526059040748569373e+01
1.110000000000001563e+01 7.999999999786018634e+02 7.526059040748569373e+01
1.125000000000001599e+01 7.999999999786018634e+02 7.526059040748569373e+01
1.140000000000001634e+01 7.999999999786018634e+02 7.526059040748569373e+01
1.155000000000001670e+01 7.999999999786018634e+02 7.526059040748569373e+01
1.170000000000001705e+01 7.999999999786018634e+02 7.526059040748569373e+01
1.185000000000001741e+01 7.999999999786018634e+02 7.526059040748569373e+01
1.200000000000001776e+01 7.999999999786018634e+02 7.526059040748569373e+01
1.215000000000001812e+01 7.999999999786018634e+02 7.526059040748569373e+01
1.230000000000001847e+01 7.999999999786018634e+02 7.526059040748569373e+01
1.245000000000001883e+01 7.999999999786018634e+02 7.526059040748569373e+01
1.260000000000001918e+01 7.999999999786018634e+02 7.526059040748569373e+01
1.275000000000001954e+01 7.999999999786018634e+02 7.526059040748569373e+01
1.290000000000001990e+01 7.999999999786018634e+02 7.526059040748569373e+01
1.305000000000002025e+01 7.999999997562844101e+02 7.528790111571436228e+01
1.320000000000002061e+01 7.999999997562844101e+02 7.528790111571436228e+01
1.335000000000002096e+01 7.999999997562844101e+02 7.528790111571436228e+01
1.350000000000002132e+01 7.999999997562844101e+02 7.528790111571436228e+01
1.365000000000002167e+01 7.999999997562844101e+02 7.528790111571436228e+01
1.380000000000002203e+01 7.999999997562844101e+02 7.528790111571436228e+01
1.395000000000002238e+01 7.999999997562844101e+02 7.528790111571436228e+01
1.410000000000002274e+01 7.999999997562844101e+02 7.528790111571436228e+01
1.425000000000002309e+01 7.999999997562844101e+02 7.528790111571436228e+01
1.440000000000002345e+01 7.999999997562844101e+02 7.528790111571436228e+01
1.455000000000002380e+01 7.999999997562844101e+02 7.528790111571436228e+01
1.470000000000002416e+01 7.999999997562844101e+02 7.528790111571436228e+01
1.485000000000002451e+01 7.999999997562844101e+02 7.528790111571436228e+01
1.500000000000002487e+01 7.999999997562844101e+02 7.528790111571436228e+01
1.515000000000002522e+01 7.999999997562844101e+02 7.528790111571436228e+01
1.530000000000002558e+01 7.999999997562844101e+02 7.528790111571436228e+01
1.545000000000002593e+01 7.999999997562844101e+02 7.528790111571436228e+01
1.560000000000002629e+01 7.999999997562844101e+02 7.528790111571436228e+01
1.575000000000002665e+01 7.999999997562844101e+02 7.528790111571436228e+01
1.590000000000002700e+01 7.999999997562844101e+02 7.528790111571436228e+01
