1.499999999999999944e-01 7.994429341001959983e+02 1.799986951481699577e+02
2.999999999999999889e-01 7.994429341001959983e+02 1.799986951481699577e+02
4.499999999999999556e-01 7.994429341001959983e+02 1.799986951481699577e+02
5.999999999999999778e-01 7.994429341001959983e+02 1.799986951481699577e+02
7.500000000000000000e-01 7.994429341001959983e+02 1.799986951481699577e+02
9.000000000000000222e-01 7.994429341001959983e+02 1.799986951481699577e+02
1.050000000000000044e+00 7.994429341001959983e+02 1.799986951481699577e+02
1.199999999999999956e+00 7.994429341001959983e+02 1.799986951481699577e+02
1.349999999999999867e+00 7.994429341001959983e+02 1.799986951481699577e+02
1.499999999999999778e+00 7.994429341001959983e+02 1.799986951481699577e+02
1.649999999999999689e+00 7.994429341001959983e+02 1.799986951481699577e+02
1.799999999999999600e+00 7.994429341001959983e+02 1.799986951481699577e+02
1.949999999999999512e+00 7.994429341001959983e+02 1.799986951481699577e+02
2.099999999999999645e+00 7.996922257787595072e+02 1.799986956588109592e+02
2.249999999999999556e+00 7.996922257787595072e+02 1.799986956588109592e+02
2.399999999999999467e+00 7.996922257787595072e+02 1.799986956588109592e+02
2.549999999999999378e+00 7.996922257787595072e+02 1.799986956588109592e+02
2.699999999999999289e+00 7.996922257787595072e+02 1.799986956588109592e+02
2.849999999999999201e+00 7.996922257787595072e+02 1.799986956588109592e+02
2.999999999999999112e+00 7.996922257787595072e+02 1.799986956588109592e+02
3.149999999999999023e+00 7.996922257787595072e+02 1.799986956588109592e+02
3.299999999999998934e+00 7.996922257787595072e+02 1.799986956588109592e+02
3.449999999999998845e+00 7.996922257787595072e+02 1.799986956588109592e+02
3.599999999999998757e+00 7.996922257787595072e+02 1.799986956588109592e+02
3.749999999999998668e+00 7.996922257787595072e+02 1.799986956588109592e+02
3.899999999999998579e+00 7.996922257787595072e+02 1.799986956588109592e+02
4.049999999999998934e+00 4.245723271167872213e+02 1.799986965909738501e+02
4.199999999999999289e+00 1.921353792904311888e+02 1.799986986051953011e+02
4.349999999999999645e+00 5.935985869389340053e+01 1.799987099683710312e+02
4.500000000000000000e+00 2.148092544966692685e+01 1.799987395566953978e+02
4.650000000000000355e+00 7.698681467094324660e+00 1.799988216381181871e+02
4.800000000000000711e+00 3.130891070368221563e+00 1.799990106271959291e+02
4.950000000000001066e+00 1.565271018773273681e+00 1.799993292750464207e+02
5.100000000000001421e+00 1.035430377904958732e+00 1.799996551195588665e+02
5.250000000000001776e+00 8.552594507378330491e-01 1.799998582393833999e+02
5.400000000000002132e+00 7.941034030745299788e-01 1.799999481422686358e+02
5.550000000000002487e+00 7.733308363026480947e-01 1.799999819020358984e+02
5.700000000000002842e+00 7.662769365032318092e-01 1.799999937969432722e+02
5.850000000000003197e+00 7.638813574071150470e-01 1.799999978867407435e+02
6.000000000000003553e+00 7.630678232144418871e-01 1.799999992809834168e+02
6.150000000000003908e+00 7.627915453132345647e-01 1.799999997557213192e+02
6.300000000000004263e+00 7.626977226879603222e-01 1.799999999170286742e+02
6.450000000000004619e+00 7.626658653285858236e-01 1.799999999717986725e+02
6.600000000000004974e+00 7.626550612624214409e-01 1.799999999904222818e+02
6.750000000000005329e+00 7.626514353812581248e-01 1.799999999967472775e+02
6.900000000000005684e+00 7.626503313673538287e-01 1.799999999988945376e+02
7.050000000000006040e+00 7.626503313968555631e-01 1.799999999996246629e+02
7.200000000000006395e+00 7.626514353222546561e-01 1.799999999998725286e+02
7.350000000000006750e+00 7.626550612034179721e-01 1.799999999999566000e+02
7.500000000000007105e+00 7.626658653580875580e-01 1.799999999999852207e+02
7.650000000000007461e+00 7.626977228944724629e-01 1.799999999999948272e+02
7.800000000000007816e+00 7.627915459032692524e-01 1.799999999999981242e+02
7.950000000000008171e+00 7.630678250730511536e-01 1.799999999999994031e+02
8.100000000000008527e+00 7.638813628059324401e-01 1.799999999999997442e+02
8.250000000000008882e+00 7.662769524046666447e-01 1.799999999999998579e+02
8.400000000000009237e+00 7.733308831514023041e-01 1.799999999999999432e+02
8.550000000000009592e+00 7.941035408476295743e-01 1.799999999999998010e+02
8.700000000000009948e+00 8.552598566521965040e-01 1.799999999999994884e+02
8.850000000000010303e+00 1.035431573816765649e+00 1.799999999999986926e+02
9.000000000000010658e+00 1.565274534494960790e+00 1.799999999999976126e+02
9.150000000000011013e+00 3.130901468711783764e+00 1.799999999999964189e+02
9.300000000000011369e+00 7.698711726967971458e+00 1.799999999999957367e+02
9.450000000000011724e+00 2.148101736846230736e+01 1.799999999999953388e+02
9.600000000000012079e+00 5.936010645546147657e+01 1.799999999999953104e+02
9.750000000000012434e+00 1.921362893663445846e+02 1.799999999999950830e+02
9.900000000000012790e+00 4.245736933038865573e+02 1.799999999999950262e+02
1.005000000000001315e+01 7.996979400685231667e+02 1.799999999999950546e+02
1.020000000000001350e+01 7.996979400685231667e+02 1.799999999999950546e+02
1.035000000000001386e+01 7.996979400685231667e+02 1.799999999999950546e+02
1.050000000000001421e+01 7.996979400685231667e+02 1.799999999999950546e+02
1.065000000000001457e+01 7.996979400685231667e+02 1.799999999999950546e+02
1.080000000000001492e+01 7.996979400685231667e+02 1.799999999999950546e+02
1.095000000000001528e+01 7.996979400685231667e+02 1.799999999999950546e+02
1.110000000000001563e+01 7.996979400685231667e+02 1.799999999999950546e+02
1.125000000000001599e+01 7.996979400685231667e+02 1.799999999999950546e+02
1.140000000000001634e+01 7.996979400685231667e+02 1.799999999999950546e+02
1.155000000000001670e+01 7.996979400685231667e+02 1.799999999999950546e+02
1.170000000000001705e+01 7.996979400685231667e+02 1.799999999999950546e+02
1.185000000000001741e+01 7.996979400685231667e+02 1.799999999999950546e+02
1.200000000000001776e+01 7.996979400685231667e+02 1.799999999999950546e+02
1.215000000000001812e+01 7.996979400685231667e+02 1.799999999999950546e+02
1.230000000000001847e+01 7.996979400685231667e+02 1.799999999999950546e+02
1.245000000000001883e+01 7.996979400685231667e+02 1.799999999999950546e+02
1.260000000000001918e+01 7.996979400685231667e+02 1.799999999999950546e+02
1.275000000000001954e+01 7.996979400685231667e+02 1.799999999999950546e+02
1.290000000000001990e+01 7.996979400685231667e+02 1.799999999999950546e+02
1.305000000000002025e+01 7.994532772083084637e+02 1.799999999999950262e+02
1.320000000000002061e+01 7.994532772083084637e+02 1.799999999999950262e+02
1.335000000000002096e+01 7.994532772083084637e+02 1.799999999999950262e+02
1.350000000000002132e+01 7.994532772083084637e+02 1.799999999999950262e+02
1.365000000000002167e+01 7.994532772083084637e+02 1.799999999999950262e+02
1.380000000000002203e+01 7.994532772083084637e+02 1.799999999999950262e+02
1.395000000000002238e+01 7.994532772083084637e+02 1.799999999999950262e+02
1.410000000000002274e+01 7.994532772083084637e+02 1.799999999999950262e+02
1.425000000000002309e+01 7.994532772083084637e+02 1.799999999999950262e+02
1.440000000000002345e+01 7.994532772083084637e+02 1.799999999999950262e+02
1.455000000000002380e+01 7.994532772083084637e+02 1.799999999999950262e+02
1.470000000000002416e+01 7.994532772083084637e+02 1.799999999999950262e+02
1.485000000000002451e+01 7.994532772083084637e+02 1.799999999999950262e+02
1.500000000000002487e+01 7.994532772083084637e+02 1.799999999999950262e+02
1.515000000000002522e+01 7.994532772083084637e+02 1.799999999999950262e+02
1.530000000000002558e+01 7.994532772083084637e+02 1.799999999999950262e+02
1.545000000000002593e+01 7.994532772083084637e+02 1.799999999999950262e+02
1.560000000000002629e+01 7.994532772083084637e+02 1.799999999999950262e+02
1.575000000000002665e+01 7.994532772083084637e+02 1.799999999999950262e+02
1.590000000000002700e+01 7.994532772083084637e+02 1.799999999999950262e+02
