1.499999999999999944e-01 7.995295447746916579e+02 8.087356490049657509e-07
2.999999999999999889e-01 7.995295447746916579e+02 8.087356490049657509e-07
4.499999999999999556e-01 7.995295447746916579e+02 8.087356490049657509e-07
5.999999999999999778e-01 7.995295447746916579e+02 8.087356490049657509e-07
7.500000000000000000e-01 7.995295447746916579e+02 8.087356490049657509e-07
9.000000000000000222e-01 7.995295447746916579e+02 8.087356490049657509e-07
1.050000000000000044e+00 7.995295447746916579e+02 8.087356490049657509e-07
1.199999999999999956e+00 7.995295447746916579e+02 8.087356490049657509e-07
1.349999999999999867e+00 7.995295447746916579e+02 8.087356490049657509e-07
1.499999999999999778e+00 7.995295447746916579e+02 8.087356490049657509e-07
1.649999999999999689e+00 7.995295447746916579e+02 8.087356490049657509e-07
1.799999999999999600e+00 7.995295447746916579e+02 8.087356490049657509e-07
1.949999999999999512e+00 7.995295447746916579e+02 8.087356490049657509e-07
2.099999999999999645e+00 7.997452526175864023e+02 8.076507304055624559e-07
2.249999999999999556e+00 7.997452526175864023e+02 8.076507304055624559e-07
2.399999999999999467e+00 7.997452526175864023e+02 8.076507304055624559e-07
2.549999999999999378e+00 7.997452526175864023e+02 8.076507304055624559e-07
2.699999999999999289e+00 7.997452526175864023e+02 8.076507304055624559e-07
2.849999999999999201e+00 7.997452526175864023e+02 8.076507304055624559e-07
2.999999999999999112e+00 7.997452526175864023e+02 8.076507304055624559e-07
3.149999999999999023e+00 7.997452526175864023e+02 8.076507304055624559e-07
3.299999999999998934e+00 7.997452526175864023e+02 8.076507304055624559e-07
3.449999999999998845e+00 7.997452526175864023e+02 8.076507304055624559e-07
3.599999999999998757e+00 7.997452526175864023e+02 8.076507304055624559e-07
3.749999999999998668e+00 7.997452526175864023e+02 8.076507304055624559e-07
3.899999999999998579e+00 7.997452526175864023e+02 8.076507304055624559e-07
4.049999999999998934e+00 4.288058672430114484e+02 8.082007558751769238e-07
4.199999999999999289e+00 1.970745728672243047e+02 8.114197350694851707e-07
4.349999999999999645e+00 6.159620104407143515e+01 8.135356537319893278e-07
4.500000000000000000e+00 2.207741472389228221e+01 8.186215723071654793e-07
4.650000000000000355e+00 7.414881838679988846e+00 8.368892501220415170e-07
4.800000000000000711e+00 2.447892053076969887e+00 8.838501130981057941e-07
4.950000000000001066e+00 7.100228979110170258e-01 1.055045793729725290e-06
5.100000000000001421e+00 1.092634504748275504e-01 2.388003669362426251e-06
5.250000000000001776e+00 9.934419466389954323e-02 1.799999990891509754e+02
5.400000000000002132e+00 1.716603818579187646e-01 1.799999998171253424e+02
5.550000000000002487e+00 1.967451512680327141e-01 1.799999999444651735e+02
5.700000000000002842e+00 2.054444557247734338e-01 1.799999999815506726e+02
5.850000000000003197e+00 2.084616009328783548e-01 1.799999999936924269e+02
6.000000000000003553e+00 2.095079924035871954e-01 1.799999999978143137e+02
6.150000000000003908e+00 2.098709018528097658e-01 1.799999999992400035e+02
6.300000000000004263e+00 2.099967678163920937e-01 1.799999999997272937e+02
6.450000000000004619e+00 2.100404283771695191e-01 1.799999999998784688e+02
6.600000000000004974e+00 2.100555942747632798e-01 1.799999999998811404e+02
6.750000000000005329e+00 2.100609203998828889e-01 1.799999999997380371e+02
6.900000000000005684e+00 2.100629601497985277e-01 1.799999999992725463e+02
7.050000000000006040e+00 2.100642225880164915e-01 1.799999999979158360e+02
7.200000000000006395e+00 2.100662611578627548e-01 1.799999999940042130e+02
7.350000000000006750e+00 2.100715824446979241e-01 1.799999999827049635e+02
7.500000000000007105e+00 2.100867335914244904e-01 1.799999999502225592e+02
7.650000000000007461e+00 2.101303532037945843e-01 1.799999998567521686e+02
7.800000000000007816e+00 2.102561000983769190e-01 1.799999995870003318e+02
7.950000000000008171e+00 2.106186657933903916e-01 1.799999988132806550e+02
8.100000000000008527e+00 2.116640661238307075e-01 1.799999966010610137e+02
8.250000000000008882e+00 2.146783537939427333e-01 1.799999903322357113e+02
8.400000000000009237e+00 2.233694182982617349e-01 1.799999732557003540e+02
8.550000000000009592e+00 2.484304299616724165e-01 1.799999307831067483e+02
8.700000000000009948e+00 3.206781219168988173e-01 1.799998453224060313e+02
8.850000000000010303e+00 5.290882807935304299e-01 1.799997300846445398e+02
9.000000000000010658e+00 1.129278766335801265e+00 1.799996362541854751e+02
9.150000000000011013e+00 2.865508246413142501e+00 1.799995856811806902e+02
9.300000000000011369e+00 7.827800466966273518e+00 1.799995656428041002e+02
9.450000000000011724e+00 2.247686001786873078e+01 1.799995586333870676e+02
9.600000000000012079e+00 6.195872567995664326e+01 1.799995556815761972e+02
9.750000000000012434e+00 1.973362785647862836e+02 1.799995555522621942e+02
9.900000000000012790e+00 4.288760876470892072e+02 1.799995558088669156e+02
1.005000000000001315e+01 7.997445293149432928e+02 1.799995556509710468e+02
1.020000000000001350e+01 7.997445293149432928e+02 1.799995556509710468e+02
1.035000000000001386e+01 7.997445293149432928e+02 1.799995556509710468e+02
1.050000000000001421e+01 7.997445293149432928e+02 1.799995556509710468e+02
1.065000000000001457e+01 7.997445293149432928e+02 1.799995556509710468e+02
1.080000000000001492e+01 7.997445293149432928e+02 1.799995556509710468e+02
1.095000000000001528e+01 7.997445293149432928e+02 1.799995556509710468e+02
1.110000000000001563e+01 7.997445293149432928e+02 1.799995556509710468e+02
1.125000000000001599e+01 7.997445293149432928e+02 1.799995556509710468e+02
1.140000000000001634e+01 7.997445293149432928e+02 1.799995556509710468e+02
1.155000000000001670e+01 7.997445293149432928e+02 1.799995556509710468e+02
1.170000000000001705e+01 7.997445293149432928e+02 1.799995556509710468e+02
1.185000000000001741e+01 7.997445293149432928e+02 1.799995556509710468e+02
1.200000000000001776e+01 7.997445293149432928e+02 1.799995556509710468e+02
1.215000000000001812e+01 7.997445293149432928e+02 1.799995556509710468e+02
1.230000000000001847e+01 7.997445293149432928e+02 1.799995556509710468e+02
1.245000000000001883e+01 7.997445293149432928e+02 1.799995556509710468e+02
1.260000000000001918e+01 7.997445293149432928e+02 1.799995556509710468e+02
1.275000000000001954e+01 7.997445293149432928e+02 1.799995556509710468e+02
1.290000000000001990e+01 7.997445293149432928e+02 1.799995556509710468e+02
1.305000000000002025e+01 7.995281237583022858e+02 1.799995562069096309e+02
1.320000000000002061e+01 7.995281237583022858e+02 1.799995562069096309e+02
1.335000000000002096e+01 7.995281237583022858e+02 1.799995562069096309e+02
1.350000000000002132e+01 7.995281237583022858e+02 1.799995562069096309e+02
1.365000000000002167e+01 7.995281237583022858e+02 1.799995562069096309e+02
1.380000000000002203e+01 7.995281237583022858e+02 1.799995562069096309e+02
1.395000000000002238e+01 7.995281237583022858e+02 1.799995562069096309e+02
1.410000000000002274e+01 7.995281237583022858e+02 1.799995562069096309e+02
1.425000000000002309e+01 7.995281237583022858e+02 1.799995562069096309e+02
1.440000000000002345e+01 7.995281237583022858e+02 1.799995562069096309e+02
1.455000000000002380e+01 7.995281237583022858e+02 1.799995562069096309e+02
1.470000000000002416e+01 7.995281237583022858e+02 1.799995562069096309e+02
1.485000000000002451e+01 7.995281237583022858e+02 1.799995562069096309e+02
1.500000000000002487e+01 7.995281237583022858e+02 1.799995562069096309e+02
1.515000000000002522e+01 7.995281237583022858e+02 1.799995562069096309e+02
1.530000000000002558e+01 7.995281237583022858e+02 1.799995562069096309e+02
1.545000000000002593e+01 7.995281237583022858e+02 1.799995562069096309e+02
1.560000000000002629e+01 7.995281237583022858e+02 1.799995562069096309e+02
1.575000000000002665e+01 7.995281237583022858e+02 1.799995562069096309e+02
1.590000000000002700e+01 7.995281237583022858e+02 1.799995562069096309e+02
