1.499999999999999944e-01 7.998497950614764704e+02 5.976411800634462423e-05
2.999999999999999889e-01 7.998497950614764704e+02 5.976411800634462423e-05
4.499999999999999556e-01 7.998497950614764704e+02 5.976411800634462423e-05
5.999999999999999778e-01 7.998497950614764704e+02 5.976411800634462423e-05
7.500000000000000000e-01 7.998497950614764704e+02 5.976411800634462423e-05
9.000000000000000222e-01 7.998497950614764704e+02 5.976411800634462423e-05
1.050000000000000044e+00 7.998497950614764704e+02 5.976411800634462423e-05
1.199999999999999956e+00 7.998497950614764704e+02 5.976411800634462423e-05
1.349999999999999867e+00 7.998497950614764704e+02 5.976411800634462423e-05
1.499999999999999778e+00 7.998497950614764704e+02 5.976411800634462423e-05
1.649999999999999689e+00 7.998497950614764704e+02 5.976411800634462423e-05
1.799999999999999600e+00 7.998497950614764704e+02 5.976411800634462423e-05
1.949999999999999512e+00 7.998497950614764704e+02 5.976411800634462423e-05
2.099999999999999645e+00 7.999297742453943556e+02 5.970301349089712772e-05
2.249999999999999556e+00 7.999297742453943556e+02 5.970301349089712772e-05
2.399999999999999467e+00 7.999297742453943556e+02 5.970301349089712772e-05
2.549999999999999378e+00 7.999297742453943556e+02 5.970301349089712772e-05
2.699999999999999289e+00 7.999297742453943556e+02 5.970301349089712772e-05
2.849999999999999201e+00 7.999297742453943556e+02 5.970301349089712772e-05
2.999999999999999112e+00 7.999297742453943556e+02 5.970301349089712772e-05
3.149999999999999023e+00 7.999297742453943556e+02 5.970301349089712772e-05
3.299999999999998934e+00 7.999297742453943556e+02 5.970301349089712772e-05
3.449999999999998845e+00 7.999297742453943556e+02 5.970301349089712772e-05
3.599999999999998757e+00 7.999297742453943556e+02 5.970301349089712772e-05
3.749999999999998668e+00 7.999297742453943556e+02 5.970301349089712772e-05
3.899999999999998579e+00 7.999297742453943556e+02 5.970301349089712772e-05
4.049999999999998934e+00 4.548182265539094828e+02 5.974700173316804808e-05
4.199999999999999289e+00 2.362808253161637992e+02 5.996590311552196795e-05
4.349999999999999645e+00 8.608897474436567165e+01 6.016970201205840141e-05
4.500000000000000000e+00 3.535315548057799617e+01 6.061045387617536306e-05
4.650000000000000355e+00 1.378097920309146573e+01 6.192835016138875659e-05
4.800000000000000711e+00 5.290199520684268464e+00 6.494195420925219508e-05
4.950000000000001066e+00 1.862759082172942726e+00 7.391505972087486498e-05
5.100000000000001421e+00 4.908806104301675077e-01 1.128820491050896990e-04
5.250000000000001776e+00 5.980026719680608949e-02 1.799996282736101136e+02
5.400000000000002132e+00 2.806350723067225772e-01 1.799999682177889895e+02
5.550000000000002487e+00 3.692231085547064140e-01 1.799999902819820363e+02
5.700000000000002842e+00 4.047563996109602158e-01 1.799999964432293211e+02
5.850000000000003197e+00 4.190095796266177786e-01 1.799999986215029821e+02
6.000000000000003553e+00 4.247267823334368586e-01 1.799999994528993170e+02
6.150000000000003908e+00 4.270200911006440947e-01 1.799999997816715904e+02
6.300000000000004263e+00 4.279400613261259423e-01 1.799999999125894874e+02
6.450000000000004619e+00 4.283092848545493325e-01 1.799999999648617575e+02
6.600000000000004974e+00 4.284579032637338969e-01 1.799999999858976025e+02
6.750000000000005329e+00 4.285188033400118002e-01 1.799999999943198929e+02
6.900000000000005684e+00 4.285464392667108768e-01 1.799999999976585343e+02
7.050000000000006040e+00 4.285655215195447454e-01 1.799999999989199750e+02
7.200000000000006395e+00 4.285931124265971448e-01 1.799999999992170956e+02
7.350000000000006750e+00 4.286538825772368000e-01 1.799999999988130810e+02
7.500000000000007105e+00 4.288021694459303035e-01 1.799999999973564115e+02
7.650000000000007461e+00 4.291705635035896194e-01 1.799999999935551216e+02
7.800000000000007816e+00 4.300884647134353145e-01 1.799999999840073599e+02
7.950000000000008171e+00 4.323766146303569258e-01 1.799999999604627874e+02
8.100000000000008527e+00 4.380809564690935076e-01 1.799999999029754179e+02
8.250000000000008882e+00 4.523020737638034916e-01 1.799999997655861534e+02
8.400000000000009237e+00 4.877554353580535462e-01 1.799999994594805344e+02
8.550000000000009592e+00 5.761442223202948298e-01 1.799999988621301554e+02
8.700000000000009948e+00 7.964824238206915652e-01 1.799999979468993274e+02
8.850000000000010303e+00 1.345925909671166210e+00 1.799999969784870189e+02
9.000000000000010658e+00 2.714724827779633642e+00 1.799999962764070744e+02
9.150000000000011013e+00 6.134511552347589713e+00 1.799999958849509767e+02
9.300000000000011369e+00 1.460642441726316676e+01 1.799999957166494653e+02
9.450000000000011724e+00 3.613238438946324038e+01 1.799999956511608161e+02
9.600000000000012079e+00 8.676140122675981559e+01 1.799999956173209625e+02
9.750000000000012434e+00 2.367116509734893270e+02 1.799999956168473716e+02
9.900000000000012790e+00 4.549035267372979092e+02 1.799999956206585239e+02
1.005000000000001315e+01 7.999298628159292548e+02 1.799999956185067731e+02
1.020000000000001350e+01 7.999298628159292548e+02 1.799999956185067731e+02
1.035000000000001386e+01 7.999298628159292548e+02 1.799999956185067731e+02
1.050000000000001421e+01 7.999298628159292548e+02 1.799999956185067731e+02
1.065000000000001457e+01 7.999298628159292548e+02 1.799999956185067731e+02
1.080000000000001492e+01 7.999298628159292548e+02 1.799999956185067731e+02
1.095000000000001528e+01 7.999298628159292548e+02 1.799999956185067731e+02
1.110000000000001563e+01 7.999298628159292548e+02 1.799999956185067731e+02
1.125000000000001599e+01 7.999298628159292548e+02 1.799999956185067731e+02
1.140000000000001634e+01 7.999298628159292548e+02 1.799999956185067731e+02
1.155000000000001670e+01 7.999298628159292548e+02 1.799999956185067731e+02
1.170000000000001705e+01 7.999298628159292548e+02 1.799999956185067731e+02
1.185000000000001741e+01 7.999298628159292548e+02 1.799999956185067731e+02
1.200000000000001776e+01 7.999298628159292548e+02 1.799999956185067731e+02
1.215000000000001812e+01 7.999298628159292548e+02 1.799999956185067731e+02
1.230000000000001847e+01 7.999298628159292548e+02 1.799999956185067731e+02
1.245000000000001883e+01 7.999298628159292548e+02 1.799999956185067731e+02
1.260000000000001918e+01 7.999298628159292548e+02 1.799999956185067731e+02
1.275000000000001954e+01 7.999298628159292548e+02 1.799999956185067731e+02
1.290000000000001990e+01 7.999298628159292548e+02 1.799999956185067731e+02
1.305000000000002025e+01 7.998499398598752350e+02 1.799999956263138472e+02
1.320000000000002061e+01 7.998499398598752350e+02 1.799999956263138472e+02
1.335000000000002096e+01 7.998499398598752350e+02 1.799999956263138472e+02
1.350000000000002132e+01 7.998499398598752350e+02 1.799999956263138472e+02
1.365000000000002167e+01 7.998499398598752350e+02 1.799999956263138472e+02
1.380000000000002203e+01 7.998499398598752350e+02 1.799999956263138472e+02
1.395000000000002238e+01 7.998499398598752350e+02 1.799999956263138472e+02
1.410000000000002274e+01 7.998499398598752350e+02 1.799999956263138472e+02
1.425000000000002309e+01 7.998499398598752350e+02 1.799999956263138472e+02
1.440000000000002345e+01 7.998499398598752350e+02 1.799999956263138472e+02
1.455000000000002380e+01 7.998499398598752350e+02 1.799999956263138472e+02
1.470000000000002416e+01 7.998499398598752350e+02 1.799999956263138472e+02
1.485000000000002451e+01 7.998499398598752350e+02 1.799999956263138472e+02
1.500000000000002487e+01 7.998499398598752350e+02 1.799999956263138472e+02
1.515000000000002522e+01 7.998499398598752350e+02 1.799999956263138472e+02
1.530000000000002558e+01 7.998499398598752350e+02 1.799999956263138472e+02
1.545000000000002593e+01 7.998499398598752350e+02 1.799999956263138472e+02
1.560000000000002629e+01 7.998499398598752350e+02 1.799999956263138472e+02
1.575000000000002665e+01 7.998499398598752350e+02 1.799999956263138472e+02
1.590000000000002700e+01 7.998499398598752350e+02 1.799999956263138472e+02
