1.499999999999999944e-01 7.999998919094656458e+02 6.806437919263670366e+00
2.999999999999999889e-01 7.999998919094656458e+02 6.806437919263670366e+00
4.499999999999999556e-01 7.999998919094656458e+02 6.806437919263670366e+00
5.999999999999999778e-01 7.999998919094656458e+02 6.806437919263670366e+00
7.500000000000000000e-01 7.999998919094656458e+02 6.806437919263670366e+00
9.000000000000000222e-01 7.999998919094656458e+02 6.806437919263670366e+00
1.050000000000000044e+00 7.999998919094656458e+02 6.806437919263670366e+00
1.199999999999999956e+00 7.999998919094656458e+02 6.806437919263670366e+00
1.349999999999999867e+00 7.999998919094656458e+02 6.806437919263670366e+00
1.499999999999999778e+00 7.999998919094656458e+02 6.806437919263670366e+00
1.649999999999999689e+00 7.999998919094656458e+02 6.806437919263670366e+00
1.799999999999999600e+00 7.999998919094656458e+02 6.806437919263670366e+00
1.949999999999999512e+00 7.999998919094656458e+02 6.806437919263670366e+00
2.099999999999999645e+00 7.999999802307925165e+02 6.821326302948170550e+00
2.249999999999999556e+00 7.999999802307925165e+02 6.821326302948170550e+00
2.399999999999999467e+00 7.999999802307925165e+02 6.821326302948170550e+00
2.549999999999999378e+00 7.999999802307925165e+02 6.821326302948170550e+00
2.699999999999999289e+00 7.999999802307925165e+02 6.821326302948170550e+00
2.849999999999999201e+00 7.999999802307925165e+02 6.821326302948170550e+00
2.999999999999999112e+00 7.999999802307925165e+02 6.821326302948170550e+00
3.149999999999999023e+00 7.999999802307925165e+02 6.821326302948170550e+00
3.299999999999998934e+00 7.999999802307925165e+02 6.821326302948170550e+00
3.449999999999998845e+00 7.999999802307925165e+02 6.821326302948170550e+00
3.599999999999998757e+00 7.999999802307925165e+02 6.821326302948170550e+00
3.749999999999998668e+00 7.999999802307925165e+02 6.821326302948170550e+00
3.899999999999998579e+00 7.999999802307925165e+02 6.821326302948170550e+00
4.049999999999998934e+00 5.119962902875820419e+02 6.899357076114355003e+00
4.199999999999999289e+00 4.377351957648569396e+02 7.272481641246242745e+00
4.349999999999999645e+00 3.570756370309433123e+02 8.136388704368144431e+00
4.500000000000000000e+00 3.328401995933273838e+02 9.204441166880629410e+00
4.650000000000000355e+00 3.212580043285429383e+02 1.042474072286577247e+01
4.800000000000000711e+00 3.162976742188708386e+02 1.170654023744702243e+01
4.950000000000001066e+00 3.140559881336201897e+02 1.301821112011182890e+01
5.100000000000001421e+00 3.130507743825614853e+02 1.434136352676067716e+01
5.250000000000001776e+00 3.125976754803021436e+02 1.566781825168615505e+01
5.400000000000002132e+00 3.123941250417825017e+02 1.699365740886056741e+01
5.550000000000002487e+00 3.123033152752775550e+02 1.831700857830909257e+01
5.700000000000002842e+00 3.122635592742823292e+02 1.963670000577968366e+01
5.850000000000003197e+00 3.122469633409834273e+02 2.095216661749763887e+01
6.000000000000003553e+00 3.122409194118524169e+02 2.226305043293226760e+01
6.150000000000003908e+00 3.122397215086763254e+02 2.356883900947435961e+01
6.300000000000004263e+00 3.122407836078571108e+02 2.486929798080959486e+01
6.450000000000004619e+00 3.122429396769010168e+02 2.616423275612834942e+01
6.600000000000004974e+00 3.122456587432293986e+02 2.745317656374716364e+01
6.750000000000005329e+00 3.122486960515481655e+02 2.873594955917226912e+01
6.900000000000005684e+00 3.122519483593839595e+02 3.001239638203514204e+01
7.050000000000006040e+00 3.122553721445450492e+02 3.128204121034587359e+01
7.200000000000006395e+00 3.122589582539578714e+02 3.254473412332092153e+01
7.350000000000006750e+00 3.122627455502899352e+02 3.380034803059339765e+01
7.500000000000007105e+00 3.122668317565306779e+02 3.504839361434286360e+01
7.650000000000007461e+00 3.122714419873791485e+02 3.628874719537809312e+01
7.800000000000007816e+00 3.122770997952516723e+02 3.752130483111690751e+01
7.950000000000008171e+00 3.122849582731261648e+02 3.874555425893125005e+01
8.100000000000008527e+00 3.122975694953757397e+02 3.996137531749800331e+01
8.250000000000008882e+00 3.123206029413234432e+02 4.116863693300094695e+01
8.400000000000009237e+00 3.123665942078921489e+02 4.236669406262068804e+01
8.550000000000009592e+00 3.124632881678332978e+02 4.355518680951490751e+01
8.700000000000009948e+00 3.126721178091348179e+02 4.473342237514590636e+01
8.850000000000010303e+00 3.131294233113183054e+02 4.589946099342689934e+01
9.000000000000010658e+00 3.141369460160121889e+02 4.705012966903501592e+01
9.150000000000011013e+00 3.163777496416052486e+02 4.817882198819241779e+01
9.300000000000011369e+00 3.213321392425871181e+02 4.926979916087871914e+01
9.450000000000011724e+00 3.329013961052379500e+02 5.029699998088763380e+01
9.600000000000012079e+00 3.571163383769290931e+02 5.118634789387464679e+01
9.750000000000012434e+00 4.377488289776966894e+02 5.189606894052417374e+01
9.900000000000012790e+00 5.119969070327153418e+02 5.219842644189436953e+01
1.005000000000001315e+01 7.999999797324786641e+02 5.225982771389937653e+01
1.020000000000001350e+01 7.999999797324786641e+02 5.225982771389937653e+01
1.035000000000001386e+01 7.999999797324786641e+02 5.225982771389937653e+01
1.050000000000001421e+01 7.999999797324786641e+02 5.225982771389937653e+01
1.065000000000001457e+01 7.999999797324786641e+02 5.225982771389937653e+01
1.080000000000001492e+01 7.999999797324786641e+02 5.225982771389937653e+01
1.095000000000001528e+01 7.999999797324786641e+02 5.225982771389937653e+01
1.110000000000001563e+01 7.999999797324786641e+02 5.225982771389937653e+01
1.125000000000001599e+01 7.999999797324786641e+02 5.225982771389937653e+01
1.140000000000001634e+01 7.999999797324786641e+02 5.225982771389937653e+01
1.155000000000001670e+01 7.999999797324786641e+02 5.225982771389937653e+01
1.170000000000001705e+01 7.999999797324786641e+02 5.225982771389937653e+01
1.185000000000001741e+01 7.999999797324786641e+02 5.225982771389937653e+01
1.200000000000001776e+01 7.999999797324786641e+02 5.225982771389937653e+01
1.215000000000001812e+01 7.999999797324786641e+02 5.225982771389937653e+01
1.230000000000001847e+01 7.999999797324786641e+02 5.225982771389937653e+01
1.245000000000001883e+01 7.999999797324786641e+02 5.225982771389937653e+01
1.260000000000001918e+01 7.999999797324786641e+02 5.225982771389937653e+01
1.275000000000001954e+01 7.999999797324786641e+02 5.225982771389937653e+01
1.290000000000001990e+01 7.999999797324786641e+02 5.225982771389937653e+01
1.305000000000002025e+01 7.999998891831102128e+02 5.227162418431643687e+01
1.320000000000002061e+01 7.999998891831102128e+02 5.227162418431643687e+01
1.335000000000002096e+01 7.999998891831102128e+02 5.227162418431643687e+01
1.350000000000002132e+01 7.999998891831102128e+02 5.227162418431643687e+01
1.365000000000002167e+01 7.999998891831102128e+02 5.227162418431643687e+01
1.380000000000002203e+01 7.999998891831102128e+02 5.227162418431643687e+01
1.395000000000002238e+01 7.999998891831102128e+02 5.227162418431643687e+01
1.410000000000002274e+01 7.999998891831102128e+02 5.227162418431643687e+01
1.425000000000002309e+01 7.999998891831102128e+02 5.227162418431643687e+01
1.440000000000002345e+01 7.999998891831102128e+02 5.227162418431643687e+01
1.455000000000002380e+01 7.999998891831102128e+02 5.227162418431643687e+01
1.470000000000002416e+01 7.999998891831102128e+02 5.227162418431643687e+01
1.485000000000002451e+01 7.999998891831102128e+02 5.227162418431643687e+01
1.500000000000002487e+01 7.999998891831102128e+02 5.227162418431643687e+01
1.515000000000002522e+01 7.999998891831102128e+02 5.227162418431643687e+01
1.530000000000002558e+01 7.999998891831102128e+02 5.227162418431643687e+01
1.545000000000002593e+01 7.999998891831102128e+02 5.227162418431643687e+01
1.560000000000002629e+01 7.999998891831102128e+02 5.227162418431643687e+01
1.575000000000002665e+01 7.999998891831102128e+02 5.227162418431643687e+01
1.590000000000002700e+01 7.999998891831102128e+02 5.227162418431643687e+01
