1.499999999999999944e-01 7.999986953880086276e+02 4.363074267432764941e-07
2.999999999999999889e-01 7.999986953880086276e+02 4.363074267432764941e-07
4.499999999999999556e-01 7.999986953880086276e+02 4.363074267432764941e-07
5.999999999999999778e-01 7.999986953880086276e+02 4.363074267432764941e-07
7.500000000000000000e-01 7.999986953880086276e+02 4.363074267432764941e-07
9.000000000000000222e-01 7.999986953880086276e+02 4.363074267432764941e-07
1.050000000000000044e+00 7.999986953880086276e+02 4.363074267432764941e-07
1.199999999999999956e+00 7.999986953880086276e+02 4.363074267432764941e-07
1.349999999999999867e+00 7.999986953880086276e+02 4.363074267432764941e-07
1.499999999999999778e+00 7.999986953880086276e+02 4.363074267432764941e-07
1.649999999999999689e+00 7.999986953880086276e+02 4.363074267432764941e-07
1.799999999999999600e+00 7.999986953880086276e+02 4.363074267432764941e-07
1.949999999999999512e+00 7.999986953880086276e+02 4.363074267432764941e-07
2.099999999999999645e+00 7.999996724788190932e+02 4.361906975614004978e-07
2.249999999999999556e+00 7.999996724788190932e+02 4.361906975614004978e-07
2.399999999999999467e+00 7.999996724788190932e+02 4.361906975614004978e-07
2.549999999999999378e+00 7.999996724788190932e+02 4.361906975614004978e-07
2.699999999999999289e+00 7.999996724788190932e+02 4.361906975614004978e-07
2.849999999999999201e+00 7.999996724788190932e+02 4.361906975614004978e-07
2.999999999999999112e+00 7.999996724788190932e+02 4.361906975614004978e-07
3.149999999999999023e+00 7.999996724788190932e+02 4.361906975614004978e-07
3.299999999999998934e+00 7.999996724788190932e+02 4.361906975614004978e-07
3.449999999999998845e+00 7.999996724788190932e+02 4.361906975614004978e-07
3.599999999999998757e+00 7.999996724788190932e+02 4.361906975614004978e-07
3.749999999999998668e+00 7.999996724788190932e+02 4.361906975614004978e-07
3.899999999999998579e+00 7.999996724788190932e+02 4.361906975614004978e-07
4.049999999999998934e+00 5.040111049703109529e+02 4.376746077783266742e-07
4.199999999999999289e+00 3.859662278323549458e+02 4.452895965290082358e-07
4.349999999999999645e+00 2.581409783440174692e+02 4.651034165581435786e-07
4.500000000000000000e+00 1.987013961942877245e+02 4.997995083355633028e-07
4.650000000000000355e+00 1.579935681839187112e+02 5.580573001484623319e-07
4.800000000000000711e+00 1.293636326726048935e+02 6.438290984789318827e-07
4.950000000000001066e+00 1.075772107717528456e+02 7.675714515098519541e-07
5.100000000000001421e+00 9.021632183405441197e+01 9.435976535687728983e-07
5.250000000000001776e+00 7.583864547635275244e+01 1.186012663190183503e-06
5.400000000000002132e+00 6.357152022737956543e+01 1.522769419448621875e-06
5.550000000000002487e+00 5.285422526344827787e+01 1.999331861513020669e-06
5.700000000000002842e+00 4.331379652280175918e+01 2.676995472516985330e-06
5.850000000000003197e+00 3.469397057028039910e+01 3.681865187621369273e-06
6.000000000000003553e+00 2.681337173072401114e+01 5.268947491532394167e-06
6.150000000000003908e+00 1.953946777037308635e+01 7.982762695424305832e-06
6.300000000000004263e+00 1.277169545378979265e+01 1.347773875870483806e-05
6.450000000000004619e+00 6.430135279143122773e+00 2.958034690603295047e-05
6.600000000000004974e+00 4.476834417732789007e-01 4.680166963170195871e-04
6.750000000000005329e+00 5.235509769060769258e+00 1.799999559550936965e+02
6.900000000000005684e+00 1.067611698008646215e+01 1.799999761933917739e+02
7.050000000000006040e+00 1.593075902490066653e+01 1.799999824593084270e+02
7.200000000000006395e+00 2.105857396712914920e+01 1.799999854107697956e+02
7.350000000000006750e+00 2.612355523128854884e+01 1.799999870365073207e+02
7.500000000000007105e+00 3.119696119390457056e+01 1.799999880492065643e+02
7.650000000000007461e+00 3.636011752993398716e+01 1.799999886958044044e+02
7.800000000000007816e+00 4.170800188608699699e+01 1.799999890916659524e+02
7.950000000000008171e+00 4.735414007271312187e+01 1.799999893612558708e+02
8.100000000000008527e+00 5.343759887516497997e+01 1.799999895277936446e+02
8.250000000000008882e+00 6.013332071592758865e+01 1.799999896001694708e+02
8.400000000000009237e+00 6.766788033969879734e+01 1.799999896443668206e+02
8.550000000000009592e+00 7.634432598796830405e+01 1.799999896539167992e+02
8.700000000000009948e+00 8.658275797557926978e+01 1.799999896188369348e+02
8.850000000000010303e+00 9.899017187387168804e+01 1.799999895927804801e+02
9.000000000000010658e+00 1.144835485053043698e+02 1.799999895612675971e+02
9.150000000000011013e+00 1.345464478436670106e+02 1.799999895079699286e+02
9.300000000000011369e+00 1.616350144636330128e+02 1.799999894821245334e+02
9.450000000000011724e+00 2.010142949184843815e+02 1.799999894647181691e+02
9.600000000000012079e+00 2.593806339390313838e+02 1.799999894349016643e+02
9.750000000000012434e+00 3.863571955267519229e+02 1.799999894392920510e+02
9.900000000000012790e+00 5.040349061993787245e+02 1.799999894469808055e+02
1.005000000000001315e+01 7.999996708064772974e+02 1.799999894440118169e+02
1.020000000000001350e+01 7.999996708064772974e+02 1.799999894440118169e+02
1.035000000000001386e+01 7.999996708064772974e+02 1.799999894440118169e+02
1.050000000000001421e+01 7.999996708064772974e+02 1.799999894440118169e+02
1.065000000000001457e+01 7.999996708064772974e+02 1.799999894440118169e+02
1.080000000000001492e+01 7.999996708064772974e+02 1.799999894440118169e+02
1.095000000000001528e+01 7.999996708064772974e+02 1.799999894440118169e+02
1.110000000000001563e+01 7.999996708064772974e+02 1.799999894440118169e+02
1.125000000000001599e+01 7.999996708064772974e+02 1.799999894440118169e+02
1.140000000000001634e+01 7.999996708064772974e+02 1.799999894440118169e+02
1.155000000000001670e+01 7.999996708064772974e+02 1.799999894440118169e+02
1.170000000000001705e+01 7.999996708064772974e+02 1.799999894440118169e+02
1.185000000000001741e+01 7.999996708064772974e+02 1.799999894440118169e+02
1.200000000000001776e+01 7.999996708064772974e+02 1.799999894440118169e+02
1.215000000000001812e+01 7.999996708064772974e+02 1.799999894440118169e+02
1.230000000000001847e+01 7.999996708064772974e+02 1.799999894440118169e+02
1.245000000000001883e+01 7.999996708064772974e+02 1.799999894440118169e+02
1.260000000000001918e+01 7.999996708064772974e+02 1.799999894440118169e+02
1.275000000000001954e+01 7.999996708064772974e+02 1.799999894440118169e+02
1.290000000000001990e+01 7.999996708064772974e+02 1.799999894440118169e+02
1.305000000000002025e+01 7.999986883371245767e+02 1.799999894570212007e+02
1.320000000000002061e+01 7.999986883371245767e+02 1.799999894570212007e+02
1.335000000000002096e+01 7.999986883371245767e+02 1.799999894570212007e+02
1.350000000000002132e+01 7.999986883371245767e+02 1.799999894570212007e+02
1.365000000000002167e+01 7.999986883371245767e+02 1.799999894570212007e+02
1.380000000000002203e+01 7.999986883371245767e+02 1.799999894570212007e+02
1.395000000000002238e+01 7.999986883371245767e+02 1.799999894570212007e+02
1.410000000000002274e+01 7.999986883371245767e+02 1.799999894570212007e+02
1.425000000000002309e+01 7.999986883371245767e+02 1.799999894570212007e+02
1.440000000000002345e+01 7.999986883371245767e+02 1.799999894570212007e+02
1.455000000000002380e+01 7.999986883371245767e+02 1.799999894570212007e+02
1.470000000000002416e+01 7.999986883371245767e+02 1.799999894570212007e+02
1.485000000000002451e+01 7.999986883371245767e+02 1.799999894570212007e+02
1.500000000000002487e+01 7.999986883371245767e+02 1.799999894570212007e+02
1.515000000000002522e+01 7.999986883371245767e+02 1.799999894570212007e+02
1.530000000000002558e+01 7.999986883371245767e+02 1.799999894570212007e+02
1.545000000000002593e+01 7.999986883371245767e+02 1.799999894570212007e+02
1.560000000000002629e+01 7.999986883371245767e+02 1.799999894570212007e+02
1.575000000000002665e+01 7.999986883371245767e+02 1.799999894570212007e+02
1.590000000000002700e+01 7.999986883371245767e+02 1.799999894570212007e+02
