1.499999999999999944e-01 7.999766323144807529e+02 1.799995804359684541e+02
2.999999999999999889e-01 7.999766323144807529e+02 1.799995804359684541e+02
4.499999999999999556e-01 7.999766323144807529e+02 1.799995804359684541e+02
5.999999999999999778e-01 7.999766323144807529e+02 1.799995804359684541e+02
7.500000000000000000e-01 7.999766323144807529e+02 1.799995804359684541e+02
9.000000000000000222e-01 7.999766323144807529e+02 1.799995804359684541e+02
1.050000000000000044e+00 7.999766323144807529e+02 1.799995804359684541e+02
1.199999999999999956e+00 7.999766323144807529e+02 1.799995804359684541e+02
1.349999999999999867e+00 7.999766323144807529e+02 1.799995804359684541e+02
1.499999999999999778e+00 7.999766323144807529e+02 1.799995804359684541e+02
1.649999999999999689e+00 7.999766323144807529e+02 1.799995804359684541e+02
1.799999999999999600e+00 7.999766323144807529e+02 1.799995804359684541e+02
1.949999999999999512e+00 7.999766323144807529e+02 1.799995804359684541e+02
2.099999999999999645e+00 7.999914426882763792e+02 1.799995808850712535e+02
2.249999999999999556e+00 7.999914426882763792e+02 1.799995808850712535e+02
2.399999999999999467e+00 7.999914426882763792e+02 1.799995808850712535e+02
2.549999999999999378e+00 7.999914426882763792e+02 1.799995808850712535e+02
2.699999999999999289e+00 7.999914426882763792e+02 1.799995808850712535e+02
2.849999999999999201e+00 7.999914426882763792e+02 1.799995808850712535e+02
2.999999999999999112e+00 7.999914426882763792e+02 1.799995808850712535e+02
3.149999999999999023e+00 7.999914426882763792e+02 1.799995808850712535e+02
3.299999999999998934e+00 7.999914426882763792e+02 1.799995808850712535e+02
3.449999999999998845e+00 7.999914426882763792e+02 1.799995808850712535e+02
3.599999999999998757e+00 7.999914426882763792e+02 1.799995808850712535e+02
3.749999999999998668e+00 7.999914426882763792e+02 1.799995808850712535e+02
3.899999999999998579e+00 7.999914426882763792e+02 1.799995808850712535e+02
4.049999999999998934e+00 4.826591383210097774e+02 1.799995812395040673e+02
4.199999999999999289e+00 3.000159978811178689e+02 1.799995816879276447e+02
4.349999999999999645e+00 1.406362839413724544e+02 1.799995857211667669e+02
4.500000000000000000e+00 7.417180398297534794e+01 1.799995932743357514e+02
4.650000000000000355e+00 3.893031858050056826e+01 1.799996070481656716e+02
4.800000000000000711e+00 2.127178699755926061e+01 1.799996330808980645e+02
4.950000000000001066e+00 1.225095431236580978e+01 1.799996755187737847e+02
5.100000000000001421e+00 7.662318637692898449e+00 1.799997349576601096e+02
5.250000000000001776e+00 5.324535541902392310e+00 1.799998056332195517e+02
5.400000000000002132e+00 4.133872244471263002e+00 1.799998724145117421e+02
5.550000000000002487e+00 3.527368303704605523e+00 1.799999236179790216e+02
5.700000000000002842e+00 3.218431570293816435e+00 1.799999573369313168e+02
5.850000000000003197e+00 3.061066967267038308e+00 1.799999771399007500e+02
6.000000000000003553e+00 2.980912823483762963e+00 1.799999880080809191e+02
6.150000000000003908e+00 2.940092807375705775e+00 1.799999938037058769e+02
6.300000000000004263e+00 2.919317844900731984e+00 1.799999968197089402e+02
6.450000000000004619e+00 2.908770962716786812e+00 1.799999983694807213e+02
6.600000000000004974e+00 2.903468359241500707e+00 1.799999991675202580e+02
6.750000000000005329e+00 2.900904354935519791e+00 1.799999995753680082e+02
6.900000000000005684e+00 2.899867361802833443e+00 1.799999997830020106e+02
7.050000000000006040e+00 2.899867361883963213e+00 1.799999998894112423e+02
7.200000000000006395e+00 2.900904355215786268e+00 1.799999999436608107e+02
7.350000000000006750e+00 2.903468359868412563e+00 1.799999999712448471e+02
7.500000000000007105e+00 2.908770963955859656e+00 1.799999999853721420e+02
7.650000000000007461e+00 2.919317847334625071e+00 1.799999999925719862e+02
7.800000000000007816e+00 2.940092812147611312e+00 1.799999999962321908e+02
7.950000000000008171e+00 2.980912832887440800e+00 1.799999999981055794e+02
8.100000000000008527e+00 3.061066985720373168e+00 1.799999999990592983e+02
8.250000000000008882e+00 3.218431606485069096e+00 1.799999999995418136e+02
8.400000000000009237e+00 3.527368374781659099e+00 1.799999999997847624e+02
8.550000000000009592e+00 4.133872384029217528e+00 1.799999999999030535e+02
8.700000000000009948e+00 5.324535815870248712e+00 1.799999999999563158e+02
8.850000000000010303e+00 7.662319175601709276e+00 1.799999999999774047e+02
9.000000000000010658e+00 1.225095536806324859e+01 1.799999999999841123e+02
9.150000000000011013e+00 2.127178907423059684e+01 1.799999999999857039e+02
9.300000000000011369e+00 3.893032264090448535e+01 1.799999999999856470e+02
9.450000000000011724e+00 7.417181214895032326e+01 1.799999999999852207e+02
9.600000000000012079e+00 1.406362990873780632e+02 1.799999999999848797e+02
9.750000000000012434e+00 3.000160375661213834e+02 1.799999999999849933e+02
9.900000000000012790e+00 4.826591743409917399e+02 1.799999999999849081e+02
1.005000000000001315e+01 7.999916918560937802e+02 1.799999999999849649e+02
1.020000000000001350e+01 7.999916918560937802e+02 1.799999999999849649e+02
1.035000000000001386e+01 7.999916918560937802e+02 1.799999999999849649e+02
1.050000000000001421e+01 7.999916918560937802e+02 1.799999999999849649e+02
1.065000000000001457e+01 7.999916918560937802e+02 1.799999999999849649e+02
1.080000000000001492e+01 7.999916918560937802e+02 1.799999999999849649e+02
1.095000000000001528e+01 7.999916918560937802e+02 1.799999999999849649e+02
1.110000000000001563e+01 7.999916918560937802e+02 1.799999999999849649e+02
1.125000000000001599e+01 7.999916918560937802e+02 1.799999999999849649e+02
1.140000000000001634e+01 7.999916918560937802e+02 1.799999999999849649e+02
1.155000000000001670e+01 7.999916918560937802e+02 1.799999999999849649e+02
1.170000000000001705e+01 7.999916918560937802e+02 1.799999999999849649e+02
1.185000000000001741e+01 7.999916918560937802e+02 1.799999999999849649e+02
1.200000000000001776e+01 7.999916918560937802e+02 1.799999999999849649e+02
1.215000000000001812e+01 7.999916918560937802e+02 1.799999999999849649e+02
1.230000000000001847e+01 7.999916918560937802e+02 1.799999999999849649e+02
1.245000000000001883e+01 7.999916918560937802e+02 1.799999999999849649e+02
1.260000000000001918e+01 7.999916918560937802e+02 1.799999999999849649e+02
1.275000000000001954e+01 7.999916918560937802e+02 1.799999999999849649e+02
1.290000000000001990e+01 7.999916918560937802e+02 1.799999999999849649e+02
1.305000000000002025e+01 7.999773127248104174e+02 1.799999999999848512e+02
1.320000000000002061e+01 7.999773127248104174e+02 1.799999999999848512e+02
1.335000000000002096e+01 7.999773127248104174e+02 1.799999999999848512e+02
1.350000000000002132e+01 7.999773127248104174e+02 1.799999999999848512e+02
1.365000000000002167e+01 7.999773127248104174e+02 1.799999999999848512e+02
1.380000000000002203e+01 7.999773127248104174e+02 1.799999999999848512e+02
1.395000000000002238e+01 7.999773127248104174e+02 1.799999999999848512e+02
1.410000000000002274e+01 7.999773127248104174e+02 1.799999999999848512e+02
1.425000000000002309e+01 7.999773127248104174e+02 1.799999999999848512e+02
1.440000000000002345e+01 7.999773127248104174e+02 1.799999999999848512e+02
1.455000000000002380e+01 7.999773127248104174e+02 1.799999999999848512e+02
1.470000000000002416e+01 7.999773127248104174e+02 1.799999999999848512e+02
1.485000000000002451e+01 7.999773127248104174e+02 1.799999999999848512e+02
1.500000000000002487e+01 7.999773127248104174e+02 1.799999999999848512e+02
1.515000000000002522e+01 7.999773127248104174e+02 1.799999999999848512e+02
1.530000000000002558e+01 7.999773127248104174e+02 1.799999999999848512e+02
1.545000000000002593e+01 7.999773127248104174e+02 1.799999999999848512e+02
1.560000000000002629e+01 7.999773127248104174e+02 1.799999999999848512e+02
1.575000000000002665e+01 7.999773127248104174e+02 1.799999999999848512e+02
1.590000000000002700e+01 7.999773127248104174e+02 1.799999999999848512e+02
