1.499999999999999944e-01 7.999999495286514275e+02 1.799997322675612281e+02
2.999999999999999889e-01 7.999999495286514275e+02 1.799997322675612281e+02
4.499999999999999556e-01 7.999999495286514275e+02 1.799997322675612281e+02
5.999999999999999778e-01 7.999999495286514275e+02 1.799997322675612281e+02
7.500000000000000000e-01 7.999999495286514275e+02 1.799997322675612281e+02
9.000000000000000222e-01 7.999999495286514275e+02 1.799997322675612281e+02
1.050000000000000044e+00 7.999999495286514275e+02 1.799997322675612281e+02
1.199999999999999956e+00 7.999999495286514275e+02 1.799997322675612281e+02
1.349999999999999867e+00 7.999999495286514275e+02 1.799997322675612281e+02
1.499999999999999778e+00 7.999999495286514275e+02 1.799997322675612281e+02
1.649999999999999689e+00 7.999999495286514275e+02 1.799997322675612281e+02
1.799999999999999600e+00 7.999999495286514275e+02 1.799997322675612281e+02
1.949999999999999512e+00 7.999999495286514275e+02 1.799997322675612281e+02
2.099999999999999645e+00 7.999999916118104011e+02 1.799997328337919669e+02
2.249999999999999556e+00 7.999999916118104011e+02 1.799997328337919669e+02
2.399999999999999467e+00 7.999999916118104011e+02 1.799997328337919669e+02
2.549999999999999378e+00 7.999999916118104011e+02 1.799997328337919669e+02
2.699999999999999289e+00 7.999999916118104011e+02 1.799997328337919669e+02
2.849999999999999201e+00 7.999999916118104011e+02 1.799997328337919669e+02
2.999999999999999112e+00 7.999999916118104011e+02 1.799997328337919669e+02
3.149999999999999023e+00 7.999999916118104011e+02 1.799997328337919669e+02
3.299999999999998934e+00 7.999999916118104011e+02 1.799997328337919669e+02
3.449999999999998845e+00 7.999999916118104011e+02 1.799997328337919669e+02
3.599999999999998757e+00 7.999999916118104011e+02 1.799997328337919669e+02
3.749999999999998668e+00 7.999999916118104011e+02 1.799997328337919669e+02
3.899999999999998579e+00 7.999999916118104011e+02 1.799997328337919669e+02
4.049999999999998934e+00 5.134638269766929852e+02 1.799997337636539214e+02
4.199999999999999289e+00 4.490157676854073543e+02 1.799997371838808817e+02
4.349999999999999645e+00 3.786025519601452061e+02 1.799997463933840436e+02
4.500000000000000000e+00 3.600459028811717985e+02 1.799997567112591810e+02
4.650000000000000355e+00 3.519389214159265293e+02 1.799997667773970136e+02
4.800000000000000711e+00 3.488867105725111628e+02 1.799997776216598311e+02
4.950000000000001066e+00 3.476632544350044896e+02 1.799997881673122606e+02
5.100000000000001421e+00 3.471804063653149797e+02 1.799997975836418789e+02
5.250000000000001776e+00 3.469883868512628737e+02 1.799998073971807742e+02
5.400000000000002132e+00 3.469121502048830052e+02 1.799998168242366603e+02
5.550000000000002487e+00 3.468818541060530265e+02 1.799998252296436760e+02
5.700000000000002842e+00 3.468698165898929915e+02 1.799998339603032207e+02
5.850000000000003197e+00 3.468650331852602449e+02 1.799998423502759692e+02
6.000000000000003553e+00 3.468631324144301971e+02 1.799998498586156188e+02
6.150000000000003908e+00 3.468623771066214658e+02 1.799998576456359842e+02
6.300000000000004263e+00 3.468620769918272231e+02 1.799998651393308933e+02
6.450000000000004619e+00 3.468619577962594462e+02 1.799998718789661609e+02
6.600000000000004974e+00 3.468619105881077189e+02 1.799998788566412884e+02
6.750000000000005329e+00 3.468618922242316671e+02 1.799998855836737164e+02
6.900000000000005684e+00 3.468618859220489981e+02 1.799998916712688413e+02
7.050000000000006040e+00 3.468618859220496233e+02 1.799998979604629312e+02
7.200000000000006395e+00 3.468618922242338272e+02 1.799999040373624268e+02
7.350000000000006750e+00 3.468619105881106179e+02 1.799999095783299481e+02
7.500000000000007105e+00 3.468619577962635390e+02 1.799999152879662461e+02
7.650000000000007461e+00 3.468620769918321116e+02 1.799999208199598684e+02
7.800000000000007816e+00 3.468623771066282302e+02 1.799999259101890345e+02
7.950000000000008171e+00 3.468631324144382120e+02 1.799999311390798198e+02
8.100000000000008527e+00 3.468650331852701356e+02 1.799999362218513568e+02
8.250000000000008882e+00 3.468698165899050423e+02 1.799999409492340021e+02
8.400000000000009237e+00 3.468818541060691700e+02 1.799999457874762641e+02
8.550000000000009592e+00 3.469121502049068795e+02 1.799999505080473057e+02
8.700000000000009948e+00 3.469883868513038010e+02 1.799999549520789230e+02
8.850000000000010303e+00 3.471804063653968910e+02 1.799999594779012000e+02
9.000000000000010658e+00 3.476632544351864453e+02 1.799999639043980153e+02
9.150000000000011013e+00 3.488867105729466971e+02 1.799999681089325634e+02
9.300000000000011369e+00 3.519389214169841011e+02 1.799999723167899788e+02
9.450000000000011724e+00 3.600459028839844677e+02 1.799999763363697696e+02
9.600000000000012079e+00 3.786025519664013927e+02 1.799999798535352227e+02
9.750000000000012434e+00 4.490157677117808248e+02 1.799999828954385634e+02
9.900000000000012790e+00 5.134638269949749656e+02 1.799999842737060760e+02
1.005000000000001315e+01 7.999999920028531051e+02 1.799999845489053598e+02
1.020000000000001350e+01 7.999999920028531051e+02 1.799999845489053598e+02
1.035000000000001386e+01 7.999999920028531051e+02 1.799999845489053598e+02
1.050000000000001421e+01 7.999999920028531051e+02 1.799999845489053598e+02
1.065000000000001457e+01 7.999999920028531051e+02 1.799999845489053598e+02
1.080000000000001492e+01 7.999999920028531051e+02 1.799999845489053598e+02
1.095000000000001528e+01 7.999999920028531051e+02 1.799999845489053598e+02
1.110000000000001563e+01 7.999999920028531051e+02 1.799999845489053598e+02
1.125000000000001599e+01 7.999999920028531051e+02 1.799999845489053598e+02
1.140000000000001634e+01 7.999999920028531051e+02 1.799999845489053598e+02
1.155000000000001670e+01 7.999999920028531051e+02 1.799999845489053598e+02
1.170000000000001705e+01 7.999999920028531051e+02 1.799999845489053598e+02
1.185000000000001741e+01 7.999999920028531051e+02 1.799999845489053598e+02
1.200000000000001776e+01 7.999999920028531051e+02 1.799999845489053598e+02
1.215000000000001812e+01 7.999999920028531051e+02 1.799999845489053598e+02
1.230000000000001847e+01 7.999999920028531051e+02 1.799999845489053598e+02
1.245000000000001883e+01 7.999999920028531051e+02 1.799999845489053598e+02
1.260000000000001918e+01 7.999999920028531051e+02 1.799999845489053598e+02
1.275000000000001954e+01 7.999999920028531051e+02 1.799999845489053598e+02
1.290000000000001990e+01 7.999999920028531051e+02 1.799999845489053598e+02
1.305000000000002025e+01 7.999999518815372994e+02 1.799999846372896570e+02
1.320000000000002061e+01 7.999999518815372994e+02 1.799999846372896570e+02
1.335000000000002096e+01 7.999999518815372994e+02 1.799999846372896570e+02
1.350000000000002132e+01 7.999999518815372994e+02 1.799999846372896570e+02
1.365000000000002167e+01 7.999999518815372994e+02 1.799999846372896570e+02
1.380000000000002203e+01 7.999999518815372994e+02 1.799999846372896570e+02
1.395000000000002238e+01 7.999999518815372994e+02 1.799999846372896570e+02
1.410000000000002274e+01 7.999999518815372994e+02 1.799999846372896570e+02
1.425000000000002309e+01 7.999999518815372994e+02 1.799999846372896570e+02
1.440000000000002345e+01 7.999999518815372994e+02 1.799999846372896570e+02
1.455000000000002380e+01 7.999999518815372994e+02 1.799999846372896570e+02
1.470000000000002416e+01 7.999999518815372994e+02 1.799999846372896570e+02
1.485000000000002451e+01 7.999999518815372994e+02 1.799999846372896570e+02
1.500000000000002487e+01 7.999999518815372994e+02 1.799999846372896570e+02
1.515000000000002522e+01 7.999999518815372994e+02 1.799999846372896570e+02
1.530000000000002558e+01 7.999999518815372994e+02 1.799999846372896570e+02
1.545000000000002593e+01 7.999999518815372994e+02 1.799999846372896570e+02
1.560000000000002629e+01 7.999999518815372994e+02 1.799999846372896570e+02
1.575000000000002665e+01 7.999999518815372994e+02 1.799999846372896570e+02
1.590000000000002700e+01 7.999999518815372994e+02 1.799999846372896570e+02
