1.499999999999999944e-01 7.999051480838510315e+02 1.799995779748821292e+02
2.999999999999999889e-01 7.999051480838510315e+02 1.799995779748821292e+02
4.499999999999999556e-01 7.999051480838510315e+02 1.799995779748821292e+02
5.999999999999999778e-01 7.999051480838510315e+02 1.799995779748821292e+02
7.500000000000000000e-01 7.999051480838510315e+02 1.799995779748821292e+02
9.000000000000000222e-01 7.999051480838510315e+02 1.799995779748821292e+02
1.050000000000000044e+00 7.999051480838510315e+02 1.799995779748821292e+02
1.199999999999999956e+00 7.999051480838510315e+02 1.799995779748821292e+02
1.349999999999999867e+00 7.999051480838510315e+02 1.799995779748821292e+02
1.499999999999999778e+00 7.999051480838510315e+02 1.799995779748821292e+02
1.649999999999999689e+00 7.999051480838510315e+02 1.799995779748821292e+02
1.799999999999999600e+00 7.999051480838510315e+02 1.799995779748821292e+02
1.949999999999999512e+00 7.999051480838510315e+02 1.799995779748821292e+02
2.099999999999999645e+00 7.999582664591488310e+02 1.799995784210455270e+02
2.249999999999999556e+00 7.999582664591488310e+02 1.799995784210455270e+02
2.399999999999999467e+00 7.999582664591488310e+02 1.799995784210455270e+02
2.549999999999999378e+00 7.999582664591488310e+02 1.799995784210455270e+02
2.699999999999999289e+00 7.999582664591488310e+02 1.799995784210455270e+02
2.849999999999999201e+00 7.999582664591488310e+02 1.799995784210455270e+02
2.999999999999999112e+00 7.999582664591488310e+02 1.799995784210455270e+02
3.149999999999999023e+00 7.999582664591488310e+02 1.799995784210455270e+02
3.299999999999998934e+00 7.999582664591488310e+02 1.799995784210455270e+02
3.449999999999998845e+00 7.999582664591488310e+02 1.799995784210455270e+02
3.599999999999998757e+00 7.999582664591488310e+02 1.799995784210455270e+02
3.749999999999998668e+00 7.999582664591488310e+02 1.799995784210455270e+02
3.899999999999998579e+00 7.999582664591488310e+02 1.799995784210455270e+02
4.049999999999998934e+00 4.633258313695467336e+02 1.799995787498655773e+02
4.199999999999999289e+00 2.530497646021024138e+02 1.799995790818872479e+02
4.349999999999999645e+00 9.919064033088034193e+01 1.799995832179096453e+02
4.500000000000000000e+00 4.429568232703131514e+01 1.799995921476147203e+02
4.650000000000000355e+00 1.964884045992348049e+01 1.799996115772635221e+02
4.800000000000000711e+00 9.354622195537253049e+00 1.799996520863668081e+02
4.950000000000001066e+00 4.953970927553513093e+00 1.799997208725683038e+02
5.100000000000001421e+00 3.086467545641241372e+00 1.799998089682903526e+02
5.250000000000001776e+00 2.292042439229845741e+00 1.799998906135192271e+02
5.400000000000002132e+00 1.954356080069175050e+00 1.799999454422242877e+02
5.550000000000002487e+00 1.810779608747026259e+00 1.799999748998074836e+02
5.700000000000002842e+00 1.749739023275424188e+00 1.799999889533165458e+02
5.850000000000003197e+00 1.723787358661326152e+00 1.799999952314950065e+02
6.000000000000003553e+00 1.712754034445254092e+00 1.799999979542251367e+02
6.150000000000003908e+00 1.708063324481059908e+00 1.799999991276112610e+02
6.300000000000004263e+00 1.706069374901744595e+00 1.799999996285686450e+02
6.450000000000004619e+00 1.705222384414696535e+00 1.799999998415907214e+02
6.600000000000004974e+00 1.704864028705685541e+00 1.799999999326195166e+02
6.750000000000005329e+00 1.704715775277207968e+00 1.799999999713427599e+02
6.900000000000005684e+00 1.704662393939202047e+00 1.799999999877840082e+02
7.050000000000006040e+00 1.704662393968703782e+00 1.799999999948049378e+02
7.200000000000006395e+00 1.704715775380464038e+00 1.799999999977908089e+02
7.350000000000006750e+00 1.704864028912197682e+00 1.799999999990583603e+02
7.500000000000007105e+00 1.705222384812969949e+00 1.799999999995994528e+02
7.650000000000007461e+00 1.706069375816298361e+00 1.799999999998299813e+02
7.800000000000007816e+00 1.708063326605184784e+00 1.799999999999275246e+02
7.950000000000008171e+00 1.712754039549054141e+00 1.799999999999691340e+02
8.100000000000008527e+00 1.723787370683282916e+00 1.799999999999867271e+02
8.250000000000008882e+00 1.749739051479082264e+00 1.799999999999936904e+02
8.400000000000009237e+00 1.810779675022672564e+00 1.799999999999958504e+02
8.550000000000009592e+00 1.954356236000592162e+00 1.799999999999949978e+02
8.700000000000009948e+00 2.292042805847898990e+00 1.799999999999916440e+02
8.850000000000010303e+00 3.086468408190825130e+00 1.799999999999857891e+02
9.000000000000010658e+00 4.953972954750440749e+00 1.799999999999793090e+02
9.150000000000011013e+00 9.354626975788093546e+00 1.799999999999742215e+02
9.300000000000011369e+00 1.964885161936016189e+01 1.799999999999709530e+02
9.450000000000011724e+00 4.429570922802095367e+01 1.799999999999694751e+02
9.600000000000012079e+00 9.919069902868741906e+01 1.799999999999688782e+02
9.750000000000012434e+00 2.530499404758297430e+02 1.799999999999684803e+02
9.900000000000012790e+00 4.633260257046299557e+02 1.799999999999684519e+02
1.005000000000001315e+01 7.999593223212036719e+02 1.799999999999683382e+02
1.020000000000001350e+01 7.999593223212036719e+02 1.799999999999683382e+02
1.035000000000001386e+01 7.999593223212036719e+02 1.799999999999683382e+02
1.050000000000001421e+01 7.999593223212036719e+02 1.799999999999683382e+02
1.065000000000001457e+01 7.999593223212036719e+02 1.799999999999683382e+02
1.080000000000001492e+01 7.999593223212036719e+02 1.799999999999683382e+02
1.095000000000001528e+01 7.999593223212036719e+02 1.799999999999683382e+02
1.110000000000001563e+01 7.999593223212036719e+02 1.799999999999683382e+02
1.125000000000001599e+01 7.999593223212036719e+02 1.799999999999683382e+02
1.140000000000001634e+01 7.999593223212036719e+02 1.799999999999683382e+02
1.155000000000001670e+01 7.999593223212036719e+02 1.799999999999683382e+02
1.170000000000001705e+01 7.999593223212036719e+02 1.799999999999683382e+02
1.185000000000001741e+01 7.999593223212036719e+02 1.799999999999683382e+02
1.200000000000001776e+01 7.999593223212036719e+02 1.799999999999683382e+02
1.215000000000001812e+01 7.999593223212036719e+02 1.799999999999683382e+02
1.230000000000001847e+01 7.999593223212036719e+02 1.799999999999683382e+02
1.245000000000001883e+01 7.999593223212036719e+02 1.799999999999683382e+02
1.260000000000001918e+01 7.999593223212036719e+02 1.799999999999683382e+02
1.275000000000001954e+01 7.999593223212036719e+02 1.799999999999683382e+02
1.290000000000001990e+01 7.999593223212036719e+02 1.799999999999683382e+02
1.305000000000002025e+01 7.999075478624608877e+02 1.799999999999684519e+02
1.320000000000002061e+01 7.999075478624608877e+02 1.799999999999684519e+02
1.335000000000002096e+01 7.999075478624608877e+02 1.799999999999684519e+02
1.350000000000002132e+01 7.999075478624608877e+02 1.799999999999684519e+02
1.365000000000002167e+01 7.999075478624608877e+02 1.799999999999684519e+02
1.380000000000002203e+01 7.999075478624608877e+02 1.799999999999684519e+02
1.395000000000002238e+01 7.999075478624608877e+02 1.799999999999684519e+02
1.410000000000002274e+01 7.999075478624608877e+02 1.799999999999684519e+02
1.425000000000002309e+01 7.999075478624608877e+02 1.799999999999684519e+02
1.440000000000002345e+01 7.999075478624608877e+02 1.799999999999684519e+02
1.455000000000002380e+01 7.999075478624608877e+02 1.799999999999684519e+02
1.470000000000002416e+01 7.999075478624608877e+02 1.799999999999684519e+02
1.485000000000002451e+01 7.999075478624608877e+02 1.799999999999684519e+02
1.500000000000002487e+01 7.999075478624608877e+02 1.799999999999684519e+02
1.515000000000002522e+01 7.999075478624608877e+02 1.799999999999684519e+02
1.530000000000002558e+01 7.999075478624608877e+02 1.799999999999684519e+02
1.545000000000002593e+01 7.999075478624608877e+02 1.799999999999684519e+02
1.560000000000002629e+01 7.999075478624608877e+02 1.799999999999684519e+02
1.575000000000002665e+01 7.999075478624608877e+02 1.799999999999684519e+02
1.590000000000002700e+01 7.999075478624608877e+02 1.799999999999684519e+02
