1.499999999999999944e-01 7.998504500055128119e+02 2.802202914153895108e-11
2.999999999999999889e-01 7.998504500055128119e+02 2.802202914153895108e-11
4.499999999999999556e-01 7.998504500055128119e+02 2.802202914153895108e-11
5.999999999999999778e-01 7.998504500055128119e+02 2.802202914153895108e-11
7.500000000000000000e-01 7.998504500055128119e+02 2.802202914153895108e-11
9.000000000000000222e-01 7.998504500055128119e+02 2.802202914153895108e-11
1.050000000000000044e+00 7.998504500055128119e+02 2.802202914153895108e-11
1.199999999999999956e+00 7.998504500055128119e+02 2.802202914153895108e-11
1.349999999999999867e+00 7.998504500055128119e+02 2.802202914153895108e-11
1.499999999999999778e+00 7.998504500055128119e+02 2.802202914153895108e-11
1.649999999999999689e+00 7.998504500055128119e+02 2.802202914153895108e-11
1.799999999999999600e+00 7.998504500055128119e+02 2.802202914153895108e-11
1.949999999999999512e+00 7.998504500055128119e+02 2.802202914153895108e-11
2.099999999999999645e+00 7.999300883045718820e+02 2.812539090513155315e-11
2.249999999999999556e+00 7.999300883045718820e+02 2.812539090513155315e-11
2.399999999999999467e+00 7.999300883045718820e+02 2.812539090513155315e-11
2.549999999999999378e+00 7.999300883045718820e+02 2.812539090513155315e-11
2.699999999999999289e+00 7.999300883045718820e+02 2.812539090513155315e-11
2.849999999999999201e+00 7.999300883045718820e+02 2.812539090513155315e-11
2.999999999999999112e+00 7.999300883045718820e+02 2.812539090513155315e-11
3.149999999999999023e+00 7.999300883045718820e+02 2.812539090513155315e-11
3.299999999999998934e+00 7.999300883045718820e+02 2.812539090513155315e-11
3.449999999999998845e+00 7.999300883045718820e+02 2.812539090513155315e-11
3.599999999999998757e+00 7.999300883045718820e+02 2.812539090513155315e-11
3.749999999999998668e+00 7.999300883045718820e+02 2.812539090513155315e-11
3.899999999999998579e+00 7.999300883045718820e+02 2.812539090513155315e-11
4.049999999999998934e+00 4.548504890251588222e+02 2.809452670504697380e-11
4.199999999999999289e+00 2.364435294510464303e+02 2.809275034820757355e-11
4.349999999999999645e+00 8.634281640743597563e+01 2.798850040619527135e-11
4.500000000000000000e+00 3.564726789008852847e+01 2.789535269442922072e-11
4.650000000000000355e+00 1.409250399083046545e+01 2.834565915321718421e-11
4.800000000000000711e+00 5.608826669082574767e+00 2.876476834501318081e-11
4.950000000000001066e+00 2.184264886222763380e+00 2.965161449708375585e-11
5.100000000000001421e+00 8.135436216339826387e-01 3.190292474641864828e-11
5.250000000000001776e+00 2.633272913269593118e-01 4.060707325947987556e-11
5.400000000000002132e+00 4.267875249752250966e-02 1.182181019743211436e-10
5.550000000000002487e+00 4.583461958100087941e-02 1.799999999999152180e+02
5.700000000000002842e+00 8.133798714607110014e-02 1.799999999999233466e+02
5.850000000000003197e+00 9.557917482470656978e-02 1.799999999998522924e+02
6.000000000000003553e+00 1.012915720530145336e-01 1.799999999996581437e+02
6.150000000000003908e+00 1.035829547699904651e-01 1.799999999991691197e+02
6.300000000000004263e+00 1.045021532891041716e-01 1.799999999979494589e+02
6.450000000000004619e+00 1.048710679933719803e-01 1.799999999949055507e+02
6.600000000000004974e+00 1.050195629672998621e-01 1.799999999873256797e+02
6.750000000000005329e+00 1.050804144247194927e-01 1.799999999684413297e+02
6.900000000000005684e+00 1.051080337124403741e-01 1.799999999213329147e+02
7.050000000000006040e+00 1.051271163782985241e-01 1.799999998040406410e+02
7.200000000000006395e+00 1.051547250453950255e-01 1.799999995119056280e+02
7.350000000000006750e+00 1.052155446409415163e-01 1.799999987836946787e+02
7.500000000000007105e+00 1.053639579540686100e-01 1.799999969739069172e+02
7.650000000000007461e+00 1.057326689783621987e-01 1.799999924869368044e+02
7.800000000000007816e+00 1.066513593596027931e-01 1.799999814283891908e+02
7.950000000000008171e+00 1.089414758621387591e-01 1.799999547024565345e+02
8.100000000000008527e+00 1.146507156968255003e-01 1.799998927634686368e+02
8.250000000000008882e+00 1.288840320767121739e-01 1.799997621457766286e+02
8.400000000000009237e+00 1.643677774482057430e-01 1.799995353316815851e+02
8.550000000000009592e+00 2.528322354150986939e-01 1.799992473632705980e+02
8.700000000000009948e+00 4.733588640505104195e-01 1.799989976981200357e+02
8.850000000000010303e+00 1.023271426356700431e+00 1.799988446719179649e+02
9.000000000000010658e+00 2.393236690769697361e+00 1.799987697353269596e+02
9.150000000000011013e+00 5.815919549911242825e+00 1.799987362969831111e+02
9.300000000000011369e+00 1.429496524662538093e+01 1.799987233007607870e+02
9.450000000000011724e+00 3.583838283838309025e+01 1.799987184566893177e+02
9.600000000000012079e+00 8.650771265237757746e+01 1.799987160050195030e+02
9.750000000000012434e+00 2.365490821827679895e+02 1.799987159697758443e+02
9.900000000000012790e+00 4.548712671105871550e+02 1.799987162436897563e+02
1.005000000000001315e+01 7.999293822769385542e+02 1.799987160888200890e+02
1.020000000000001350e+01 7.999293822769385542e+02 1.799987160888200890e+02
1.035000000000001386e+01 7.999293822769385542e+02 1.799987160888200890e+02
1.050000000000001421e+01 7.999293822769385542e+02 1.799987160888200890e+02
1.065000000000001457e+01 7.999293822769385542e+02 1.799987160888200890e+02
1.080000000000001492e+01 7.999293822769385542e+02 1.799987160888200890e+02
1.095000000000001528e+01 7.999293822769385542e+02 1.799987160888200890e+02
1.110000000000001563e+01 7.999293822769385542e+02 1.799987160888200890e+02
1.125000000000001599e+01 7.999293822769385542e+02 1.799987160888200890e+02
1.140000000000001634e+01 7.999293822769385542e+02 1.799987160888200890e+02
1.155000000000001670e+01 7.999293822769385542e+02 1.799987160888200890e+02
1.170000000000001705e+01 7.999293822769385542e+02 1.799987160888200890e+02
1.185000000000001741e+01 7.999293822769385542e+02 1.799987160888200890e+02
1.200000000000001776e+01 7.999293822769385542e+02 1.799987160888200890e+02
1.215000000000001812e+01 7.999293822769385542e+02 1.799987160888200890e+02
1.230000000000001847e+01 7.999293822769385542e+02 1.799987160888200890e+02
1.245000000000001883e+01 7.999293822769385542e+02 1.799987160888200890e+02
1.260000000000001918e+01 7.999293822769385542e+02 1.799987160888200890e+02
1.275000000000001954e+01 7.999293822769385542e+02 1.799987160888200890e+02
1.290000000000001990e+01 7.999293822769385542e+02 1.799987160888200890e+02
1.305000000000002025e+01 7.998489286792673738e+02 1.799987166507765721e+02
1.320000000000002061e+01 7.998489286792673738e+02 1.799987166507765721e+02
1.335000000000002096e+01 7.998489286792673738e+02 1.799987166507765721e+02
1.350000000000002132e+01 7.998489286792673738e+02 1.799987166507765721e+02
1.365000000000002167e+01 7.998489286792673738e+02 1.799987166507765721e+02
1.380000000000002203e+01 7.998489286792673738e+02 1.799987166507765721e+02
1.395000000000002238e+01 7.998489286792673738e+02 1.799987166507765721e+02
1.410000000000002274e+01 7.998489286792673738e+02 1.799987166507765721e+02
1.425000000000002309e+01 7.998489286792673738e+02 1.799987166507765721e+02
1.440000000000002345e+01 7.998489286792673738e+02 1.799987166507765721e+02
1.455000000000002380e+01 7.998489286792673738e+02 1.799987166507765721e+02
1.470000000000002416e+01 7.998489286792673738e+02 1.799987166507765721e+02
1.485000000000002451e+01 7.998489286792673738e+02 1.799987166507765721e+02
1.500000000000002487e+01 7.998489286792673738e+02 1.799987166507765721e+02
1.515000000000002522e+01 7.998489286792673738e+02 1.799987166507765721e+02
1.530000000000002558e+01 7.998489286792673738e+02 1.799987166507765721e+02
1.545000000000002593e+01 7.998489286792673738e+02 1.799987166507765721e+02
1.560000000000002629e+01 7.998489286792673738e+02 1.799987166507765721e+02
1.575000000000002665e+01 7.998489286792673738e+02 1.799987166507765721e+02
1.590000000000002700e+01 7.998489286792673738e+02 1.799987166507765721e+02
