1.499999999999999944e-01 7.999045791996364869e+02 1.799473754069480265e+02
2.999999999999999889e-01 7.999045791996364869e+02 1.799473754069480265e+02
4.499999999999999556e-01 7.999045791996364869e+02 1.799473754069480265e+02
5.999999999999999778e-01 7.999045791996364869e+02 1.799473754069480265e+02
7.500000000000000000e-01 7.999045791996364869e+02 1.799473754069480265e+02
9.000000000000000222e-01 7.999045791996364869e+02 1.799473754069480265e+02
1.050000000000000044e+00 7.999045791996364869e+02 1.799473754069480265e+02
1.199999999999999956e+00 7.999045791996364869e+02 1.799473754069480265e+02
1.349999999999999867e+00 7.999045791996364869e+02 1.799473754069480265e+02
1.499999999999999778e+00 7.999045791996364869e+02 1.799473754069480265e+02
1.649999999999999689e+00 7.999045791996364869e+02 1.799473754069480265e+02
1.799999999999999600e+00 7.999045791996364869e+02 1.799473754069480265e+02
1.949999999999999512e+00 7.999045791996364869e+02 1.799473754069480265e+02
2.099999999999999645e+00 7.999580097430168735e+02 1.799473869972881914e+02
2.249999999999999556e+00 7.999580097430168735e+02 1.799473869972881914e+02
2.399999999999999467e+00 7.999580097430168735e+02 1.799473869972881914e+02
2.549999999999999378e+00 7.999580097430168735e+02 1.799473869972881914e+02
2.699999999999999289e+00 7.999580097430168735e+02 1.799473869972881914e+02
2.849999999999999201e+00 7.999580097430168735e+02 1.799473869972881914e+02
2.999999999999999112e+00 7.999580097430168735e+02 1.799473869972881914e+02
3.149999999999999023e+00 7.999580097430168735e+02 1.799473869972881914e+02
3.299999999999998934e+00 7.999580097430168735e+02 1.799473869972881914e+02
3.449999999999998845e+00 7.999580097430168735e+02 1.799473869972881914e+02
3.599999999999998757e+00 7.999580097430168735e+02 1.799473869972881914e+02
3.749999999999998668e+00 7.999580097430168735e+02 1.799473869972881914e+02
3.899999999999998579e+00 7.999580097430168735e+02 1.799473869972881914e+02
4.049999999999998934e+00 4.632871345948454973e+02 1.799474275887793624e+02
4.199999999999999289e+00 2.528289548856583338e+02 1.799475310329267472e+02
4.349999999999999645e+00 9.882661851556079569e+01 1.799479096460941605e+02
4.500000000000000000e+00 4.386282680159602165e+01 1.799487197293783254e+02
4.650000000000000355e+00 1.918386555717772524e+01 1.799505791749852506e+02
4.800000000000000711e+00 8.875582744455599027e+00 1.799544578363756955e+02
4.950000000000001066e+00 4.468835319417735263e+00 1.799615780959461802e+02
5.100000000000001421e+00 2.598714958904281502e+00 1.799718911139472084e+02
5.250000000000001776e+00 1.803169123090270887e+00 1.799827778020202800e+02
5.400000000000002132e+00 1.465003567420183117e+00 1.799909871118714761e+02
5.550000000000002487e+00 1.321222303023375844e+00 1.799957496360817402e+02
5.700000000000002842e+00 1.260094218195490612e+00 1.799981051929416367e+02
5.850000000000003197e+00 1.234105172450028931e+00 1.799991774164008405e+02
6.000000000000003553e+00 1.223055879372907384e+00 1.799996469877223433e+02
6.150000000000003908e+00 1.218358348061940433e+00 1.799998493303809823e+02
6.300000000000004263e+00 1.216361485112599894e+00 1.799999358343260383e+02
6.450000000000004619e+00 1.215513251333959488e+00 1.799999726907687716e+02
6.600000000000004974e+00 1.215154367189882123e+00 1.799999883854499387e+02
6.750000000000005329e+00 1.215005894194746361e+00 1.799999950612149178e+02
6.900000000000005684e+00 1.214952433600331005e+00 1.799999978994017908e+02
7.050000000000006040e+00 1.214952433629832740e+00 1.799999991068844736e+02
7.200000000000006395e+00 1.215005894312753298e+00 1.799999996202889179e+02
7.350000000000006750e+00 1.215154367484899467e+00 1.799999998385252127e+02
7.500000000000007105e+00 1.215513251953495910e+00 1.799999999313655223e+02
7.650000000000007461e+00 1.216361486587686613e+00 1.799999999708387861e+02
7.800000000000007816e+00 1.218358351454639887e+00 1.799999999876178265e+02
7.950000000000008171e+00 1.223055887308873935e+00 1.799999999947555125e+02
8.100000000000008527e+00 1.234105191036121596e+00 1.799999999977898710e+02
8.250000000000008882e+00 1.260094261504036695e+00 1.799999999990784545e+02
8.400000000000009237e+00 1.321222402857245015e+00 1.799999999996243218e+02
8.550000000000009592e+00 1.465003792651174308e+00 1.799999999998514966e+02
8.700000000000009948e+00 1.803169613984380248e+00 1.799999999999404565e+02
8.850000000000010303e+00 2.598715992615552750e+00 1.799999999999684803e+02
9.000000000000010658e+00 4.468837479306088767e+00 1.799999999999731699e+02
9.150000000000011013e+00 8.875587397778915033e+00 1.799999999999716636e+02
9.300000000000011369e+00 1.918387586494727515e+01 1.799999999999699298e+02
9.450000000000011724e+00 4.386285098865242560e+01 1.799999999999689635e+02
9.600000000000012079e+00 9.882667070245653917e+01 1.799999999999684803e+02
9.750000000000012434e+00 2.528291102909807933e+02 1.799999999999681677e+02
9.900000000000012790e+00 4.632873060632689999e+02 1.799999999999682245e+02
1.005000000000001315e+01 7.999589404784023827e+02 1.799999999999681677e+02
1.020000000000001350e+01 7.999589404784023827e+02 1.799999999999681677e+02
1.035000000000001386e+01 7.999589404784023827e+02 1.799999999999681677e+02
1.050000000000001421e+01 7.999589404784023827e+02 1.799999999999681677e+02
1.065000000000001457e+01 7.999589404784023827e+02 1.799999999999681677e+02
1.080000000000001492e+01 7.999589404784023827e+02 1.799999999999681677e+02
1.095000000000001528e+01 7.999589404784023827e+02 1.799999999999681677e+02
1.110000000000001563e+01 7.999589404784023827e+02 1.799999999999681677e+02
1.125000000000001599e+01 7.999589404784023827e+02 1.799999999999681677e+02
1.140000000000001634e+01 7.999589404784023827e+02 1.799999999999681677e+02
1.155000000000001670e+01 7.999589404784023827e+02 1.799999999999681677e+02
1.170000000000001705e+01 7.999589404784023827e+02 1.799999999999681677e+02
1.185000000000001741e+01 7.999589404784023827e+02 1.799999999999681677e+02
1.200000000000001776e+01 7.999589404784023827e+02 1.799999999999681677e+02
1.215000000000001812e+01 7.999589404784023827e+02 1.799999999999681677e+02
1.230000000000001847e+01 7.999589404784023827e+02 1.799999999999681677e+02
1.245000000000001883e+01 7.999589404784023827e+02 1.799999999999681677e+02
1.260000000000001918e+01 7.999589404784023827e+02 1.799999999999681677e+02
1.275000000000001954e+01 7.999589404784023827e+02 1.799999999999681677e+02
1.290000000000001990e+01 7.999589404784023827e+02 1.799999999999681677e+02
1.305000000000002025e+01 7.999066942654566219e+02 1.799999999999682245e+02
1.320000000000002061e+01 7.999066942654566219e+02 1.799999999999682245e+02
1.335000000000002096e+01 7.999066942654566219e+02 1.799999999999682245e+02
1.350000000000002132e+01 7.999066942654566219e+02 1.799999999999682245e+02
1.365000000000002167e+01 7.999066942654566219e+02 1.799999999999682245e+02
1.380000000000002203e+01 7.999066942654566219e+02 1.799999999999682245e+02
1.395000000000002238e+01 7.999066942654566219e+02 1.799999999999682245e+02
1.410000000000002274e+01 7.999066942654566219e+02 1.799999999999682245e+02
1.425000000000002309e+01 7.999066942654566219e+02 1.799999999999682245e+02
1.440000000000002345e+01 7.999066942654566219e+02 1.799999999999682245e+02
1.455000000000002380e+01 7.999066942654566219e+02 1.799999999999682245e+02
1.470000000000002416e+01 7.999066942654566219e+02 1.799999999999682245e+02
1.485000000000002451e+01 7.999066942654566219e+02 1.799999999999682245e+02
1.500000000000002487e+01 7.999066942654566219e+02 1.799999999999682245e+02
1.515000000000002522e+01 7.999066942654566219e+02 1.799999999999682245e+02
1.530000000000002558e+01 7.999066942654566219e+02 1.799999999999682245e+02
1.545000000000002593e+01 7.999066942654566219e+02 1.799999999999682245e+02
1.560000000000002629e+01 7.999066942654566219e+02 1.799999999999682245e+02
1.575000000000002665e+01 7.999066942654566219e+02 1.799999999999682245e+02
1.590000000000002700e+01 7.999066942654566219e+02 1.799999999999682245e+02
