1.499999999999999944e-01 7.999999783224656085e+02 5.893433547528238137e+01
2.999999999999999889e-01 7.999999783224656085e+02 5.893433547528238137e+01
4.499999999999999556e-01 7.999999783224656085e+02 5.893433547528238137e+01
5.999999999999999778e-01 7.999999783224656085e+02 5.893433547528238137e+01
7.500000000000000000e-01 7.999999783224656085e+02 5.893433547528238137e+01
9.000000000000000222e-01 7.999999783224656085e+02 5.893433547528238137e+01
1.050000000000000044e+00 7.999999783224656085e+02 5.893433547528238137e+01
1.199999999999999956e+00 7.999999783224656085e+02 5.893433547528238137e+01
1.349999999999999867e+00 7.999999783224656085e+02 5.893433547528238137e+01
1.499999999999999778e+00 7.999999783224656085e+02 5.893433547528238137e+01
1.649999999999999689e+00 7.999999783224656085e+02 5.893433547528238137e+01
1.799999999999999600e+00 7.999999783224656085e+02 5.893433547528238137e+01
1.949999999999999512e+00 7.999999783224656085e+02 5.893433547528238137e+01
2.099999999999999645e+00 7.999999967503317748e+02 5.899775434041894329e+01
2.249999999999999556e+00 7.999999967503317748e+02 5.899775434041894329e+01
2.399999999999999467e+00 7.999999967503317748e+02 5.899775434041894329e+01
2.549999999999999378e+00 7.999999967503317748e+02 5.899775434041894329e+01
2.699999999999999289e+00 7.999999967503317748e+02 5.899775434041894329e+01
2.849999999999999201e+00 7.999999967503317748e+02 5.899775434041894329e+01
2.999999999999999112e+00 7.999999967503317748e+02 5.899775434041894329e+01
3.149999999999999023e+00 7.999999967503317748e+02 5.899775434041894329e+01
3.299999999999998934e+00 7.999999967503317748e+02 5.899775434041894329e+01
3.449999999999998845e+00 7.999999967503317748e+02 5.899775434041894329e+01
3.599999999999998757e+00 7.999999967503317748e+02 5.899775434041894329e+01
3.749999999999998668e+00 7.999999967503317748e+02 5.899775434041894329e+01
3.899999999999998579e+00 7.999999967503317748e+02 5.899775434041894329e+01
4.049999999999998934e+00 5.146784133163301931e+02 5.933181364466903318e+01
4.199999999999999289e+00 4.585406872545770511e+02 6.081378798788596640e+01
4.349999999999999645e+00 3.960429683966579546e+02 6.389764680634390004e+01
4.500000000000000000e+00 3.812379717065292652e+02 6.732560451732577178e+01
4.650000000000000355e+00 3.752094436676017608e+02 7.097537954943079797e+01
4.800000000000000711e+00 3.731876069231496444e+02 7.463423431282764398e+01
4.950000000000001066e+00 3.724859694291509413e+02 7.825776077865157276e+01
5.100000000000001421e+00 3.722753290397141086e+02 8.182208874966569567e+01
5.250000000000001776e+00 3.722398720200478692e+02 8.531964159860353902e+01
5.400000000000002132e+00 3.722672929475203318e+02 8.874732180410235571e+01
5.550000000000002487e+00 3.723165237478731910e+02 9.210406826335631081e+01
5.700000000000002842e+00 3.723726096497673552e+02 9.538965768860914807e+01
5.850000000000003197e+00 3.724300352414845179e+02 9.860431306360210613e+01
6.000000000000003553e+00 3.724867247914466475e+02 1.017485496574383603e+02
6.150000000000003908e+00 3.725418638775891509e+02 1.048231124200837598e+02
6.300000000000004263e+00 3.725951100860395400e+02 1.078289368886234030e+02
6.450000000000004619e+00 3.726463057316772165e+02 1.107671295420764608e+02
6.600000000000004974e+00 3.726953728593922506e+02 1.136389523153623173e+02
6.750000000000005329e+00 3.727422737616907966e+02 1.164458020188249350e+02
6.900000000000005684e+00 3.727869950982554883e+02 1.191891983292982786e+02
7.050000000000006040e+00 3.728295411469532610e+02 1.218707724168930326e+02
7.200000000000006395e+00 3.728699301815881313e+02 1.244922498531730923e+02
7.350000000000006750e+00 3.729081922552844617e+02 1.270554412182816435e+02
7.500000000000007105e+00 3.729443688717896634e+02 1.295622332202968892e+02
7.650000000000007461e+00 3.729785155040856353e+02 1.320145745673814019e+02
7.800000000000007816e+00 3.730107117670203252e+02 1.344144688584964911e+02
7.950000000000008171e+00 3.730410933150193955e+02 1.367639676401624911e+02
8.100000000000008527e+00 3.730699430113855328e+02 1.390651579086422771e+02
8.250000000000008882e+00 3.730979475370955356e+02 1.413201538461617588e+02
8.400000000000009237e+00 3.731269158889528512e+02 1.435310826830164785e+02
8.550000000000009592e+00 3.731617886679417779e+02 1.457000495624770053e+02
8.700000000000009948e+00 3.732162339426886888e+02 1.478290599482359085e+02
8.850000000000010303e+00 3.733284108917483763e+02 1.499198245412962933e+02
9.000000000000010658e+00 3.736040537230516065e+02 1.519731481539609490e+02
9.150000000000011013e+00 3.743450654353901541e+02 1.539877208770067796e+02
9.300000000000011369e+00 3.763520587788467537e+02 1.559542954940918094e+02
9.450000000000011724e+00 3.822650953666733926e+02 1.578538524547929285e+02
9.600000000000012079e+00 3.967964271474166935e+02 1.595863338322205038e+02
9.750000000000012434e+00 4.588045778750786212e+02 1.610973673549721070e+02
9.900000000000012790e+00 5.146885578367972585e+02 1.618034001998758811e+02
1.005000000000001315e+01 7.999999967857884258e+02 1.619531636946751405e+02
1.020000000000001350e+01 7.999999967857884258e+02 1.619531636946751405e+02
1.035000000000001386e+01 7.999999967857884258e+02 1.619531636946751405e+02
1.050000000000001421e+01 7.999999967857884258e+02 1.619531636946751405e+02
1.065000000000001457e+01 7.999999967857884258e+02 1.619531636946751405e+02
1.080000000000001492e+01 7.999999967857884258e+02 1.619531636946751405e+02
1.095000000000001528e+01 7.999999967857884258e+02 1.619531636946751405e+02
1.110000000000001563e+01 7.999999967857884258e+02 1.619531636946751405e+02
1.125000000000001599e+01 7.999999967857884258e+02 1.619531636946751405e+02
1.140000000000001634e+01 7.999999967857884258e+02 1.619531636946751405e+02
1.155000000000001670e+01 7.999999967857884258e+02 1.619531636946751405e+02
1.170000000000001705e+01 7.999999967857884258e+02 1.619531636946751405e+02
1.185000000000001741e+01 7.999999967857884258e+02 1.619531636946751405e+02
1.200000000000001776e+01 7.999999967857884258e+02 1.619531636946751405e+02
1.215000000000001812e+01 7.999999967857884258e+02 1.619531636946751405e+02
1.230000000000001847e+01 7.999999967857884258e+02 1.619531636946751405e+02
1.245000000000001883e+01 7.999999967857884258e+02 1.619531636946751405e+02
1.260000000000001918e+01 7.999999967857884258e+02 1.619531636946751405e+02
1.275000000000001954e+01 7.999999967857884258e+02 1.619531636946751405e+02
1.290000000000001990e+01 7.999999967857884258e+02 1.619531636946751405e+02
1.305000000000002025e+01 7.999999785499767313e+02 1.619824210494882095e+02
1.320000000000002061e+01 7.999999785499767313e+02 1.619824210494882095e+02
1.335000000000002096e+01 7.999999785499767313e+02 1.619824210494882095e+02
1.350000000000002132e+01 7.999999785499767313e+02 1.619824210494882095e+02
1.365000000000002167e+01 7.999999785499767313e+02 1.619824210494882095e+02
1.380000000000002203e+01 7.999999785499767313e+02 1.619824210494882095e+02
1.395000000000002238e+01 7.999999785499767313e+02 1.619824210494882095e+02
1.410000000000002274e+01 7.999999785499767313e+02 1.619824210494882095e+02
1.425000000000002309e+01 7.999999785499767313e+02 1.619824210494882095e+02
1.440000000000002345e+01 7.999999785499767313e+02 1.619824210494882095e+02
1.455000000000002380e+01 7.999999785499767313e+02 1.619824210494882095e+02
1.470000000000002416e+01 7.999999785499767313e+02 1.619824210494882095e+02
1.485000000000002451e+01 7.999999785499767313e+02 1.619824210494882095e+02
1.500000000000002487e+01 7.999999785499767313e+02 1.619824210494882095e+02
1.515000000000002522e+01 7.999999785499767313e+02 1.619824210494882095e+02
1.530000000000002558e+01 7.999999785499767313e+02 1.619824210494882095e+02
1.545000000000002593e+01 7.999999785499767313e+02 1.619824210494882095e+02
1.560000000000002629e+01 7.999999785499767313e+02 1.619824210494882095e+02
1.575000000000002665e+01 7.999999785499767313e+02 1.619824210494882095e+02
1.590000000000002700e+01 7.999999785499767313e+02 1.619824210494882095e+02
