1.499999999999999944e-01 7.999999997555853497e+02 1.799991263079317321e+02
2.999999999999999889e-01 7.999999997555853497e+02 1.799991263079317321e+02
4.499999999999999556e-01 7.999999997555853497e+02 1.799991263079317321e+02
5.999999999999999778e-01 7.999999997555853497e+02 1.799991263079317321e+02
7.500000000000000000e-01 7.999999997555853497e+02 1.799991263079317321e+02
9.000000000000000222e-01 7.999999997555853497e+02 1.799991263079317321e+02
1.050000000000000044e+00 7.999999997555853497e+02 1.799991263079317321e+02
1.199999999999999956e+00 7.999999997555853497e+02 1.799991263079317321e+02
1.349999999999999867e+00 7.999999997555853497e+02 1.799991263079317321e+02
1.499999999999999778e+00 7.999999997555853497e+02 1.799991263079317321e+02
1.649999999999999689e+00 7.999999997555853497e+02 1.799991263079317321e+02
1.799999999999999600e+00 7.999999997555853497e+02 1.799991263079317321e+02
1.949999999999999512e+00 7.999999997555853497e+02 1.799991263079317321e+02
2.099999999999999645e+00 7.999999999785438831e+02 1.799991274698176937e+02
2.249999999999999556e+00 7.999999999785438831e+02 1.799991274698176937e+02
2.399999999999999467e+00 7.999999999785438831e+02 1.799991274698176937e+02
2.549999999999999378e+00 7.999999999785438831e+02 1.799991274698176937e+02
2.699999999999999289e+00 7.999999999785438831e+02 1.799991274698176937e+02
2.849999999999999201e+00 7.999999999785438831e+02 1.799991274698176937e+02
2.999999999999999112e+00 7.999999999785438831e+02 1.799991274698176937e+02
3.149999999999999023e+00 7.999999999785438831e+02 1.799991274698176937e+02
3.299999999999998934e+00 7.999999999785438831e+02 1.799991274698176937e+02
3.449999999999998845e+00 7.999999999785438831e+02 1.799991274698176937e+02
3.599999999999998757e+00 7.999999999785438831e+02 1.799991274698176937e+02
3.749999999999998668e+00 7.999999999785438831e+02 1.799991274698176937e+02
3.899999999999998579e+00 7.999999999785438831e+02 1.799991274698176937e+02
4.049999999999998934e+00 5.178423915028774900e+02 1.799991315190002581e+02
4.199999999999999289e+00 4.911429345627090584e+02 1.799991472841323912e+02
4.349999999999999645e+00 4.582272888913175848e+02 1.799991774508632432e+02
4.500000000000000000e+00 4.540389063614634324e+02 1.799992070751914355e+02
4.650000000000000355e+00 4.527710755761373775e+02 1.799992358226932367e+02
4.800000000000000711e+00 4.525204967475406761e+02 1.799992645939719580e+02
4.950000000000001066e+00 4.524607976701336156e+02 1.799992925157350783e+02
5.100000000000001421e+00 4.524478146637657687e+02 1.799993188078937010e+02
5.250000000000001776e+00 4.524448645277923902e+02 1.799993450882900561e+02
5.400000000000002132e+00 4.524442082788461903e+02 1.799993705776320212e+02
5.550000000000002487e+00 4.524440607902797638e+02 1.799993946144834922e+02
5.700000000000002842e+00 4.524440278074224011e+02 1.799994186397032081e+02
5.850000000000003197e+00 4.524440204137140995e+02 1.799994419619212636e+02
6.000000000000003553e+00 4.524440187582073918e+02 1.799994639965136116e+02
6.150000000000003908e+00 4.524440183873194314e+02 1.799994860209969261e+02
6.300000000000004263e+00 4.524440183042520971e+02 1.799995074232668628e+02
6.450000000000004619e+00 4.524440182856461092e+02 1.799995276891732487e+02
6.600000000000004974e+00 4.524440182814801119e+02 1.799995479463963761e+02
6.750000000000005329e+00 4.524440182805504378e+02 1.799995676555929549e+02
6.900000000000005684e+00 4.524440182803531911e+02 1.799995863676249712e+02
7.050000000000006040e+00 4.524440182803543848e+02 1.799996050723078156e+02
7.200000000000006395e+00 4.524440182805542463e+02 1.799996232973325903e+02
7.350000000000006750e+00 4.524440182814864784e+02 1.799996406538039651e+02
7.500000000000007105e+00 4.524440182856549200e+02 1.799996580041813843e+02
7.650000000000007461e+00 4.524440183042633521e+02 1.799996749381766392e+02
7.800000000000007816e+00 4.524440183873334718e+02 1.799996911230046237e+02
7.950000000000008171e+00 4.524440187582241037e+02 1.799997073029293233e+02
8.100000000000008527e+00 4.524440204137337105e+02 1.799997231253240102e+02
8.250000000000008882e+00 4.524440278074451953e+02 1.799997383099777153e+02
8.400000000000009237e+00 4.524440607903052864e+02 1.799997534908647481e+02
8.550000000000009592e+00 4.524442082788748962e+02 1.799997683692681107e+02
8.700000000000009948e+00 4.524448645278246204e+02 1.799997827145423628e+02
8.850000000000010303e+00 4.524478146638013527e+02 1.799997970570345274e+02
9.000000000000010658e+00 4.524607976701725534e+02 1.799998111481271792e+02
9.150000000000011013e+00 4.525204967475833087e+02 1.799998248033228379e+02
9.300000000000011369e+00 4.527710755761831365e+02 1.799998384396378697e+02
9.450000000000011724e+00 4.540389063615114082e+02 1.799998518540052714e+02
9.600000000000012079e+00 4.582272888913628890e+02 1.799998645296185202e+02
9.750000000000012434e+00 4.911429345627591374e+02 1.799998769971539048e+02
9.900000000000012790e+00 5.178423915028982947e+02 1.799998836354266700e+02
1.005000000000001315e+01 7.999999999796148131e+02 1.799998851114907268e+02
1.020000000000001350e+01 7.999999999796148131e+02 1.799998851114907268e+02
1.035000000000001386e+01 7.999999999796148131e+02 1.799998851114907268e+02
1.050000000000001421e+01 7.999999999796148131e+02 1.799998851114907268e+02
1.065000000000001457e+01 7.999999999796148131e+02 1.799998851114907268e+02
1.080000000000001492e+01 7.999999999796148131e+02 1.799998851114907268e+02
1.095000000000001528e+01 7.999999999796148131e+02 1.799998851114907268e+02
1.110000000000001563e+01 7.999999999796148131e+02 1.799998851114907268e+02
1.125000000000001599e+01 7.999999999796148131e+02 1.799998851114907268e+02
1.140000000000001634e+01 7.999999999796148131e+02 1.799998851114907268e+02
1.155000000000001670e+01 7.999999999796148131e+02 1.799998851114907268e+02
1.170000000000001705e+01 7.999999999796148131e+02 1.799998851114907268e+02
1.185000000000001741e+01 7.999999999796148131e+02 1.799998851114907268e+02
1.200000000000001776e+01 7.999999999796148131e+02 1.799998851114907268e+02
1.215000000000001812e+01 7.999999999796148131e+02 1.799998851114907268e+02
1.230000000000001847e+01 7.999999999796148131e+02 1.799998851114907268e+02
1.245000000000001883e+01 7.999999999796148131e+02 1.799998851114907268e+02
1.260000000000001918e+01 7.999999999796148131e+02 1.799998851114907268e+02
1.275000000000001954e+01 7.999999999796148131e+02 1.799998851114907268e+02
1.290000000000001990e+01 7.999999999796148131e+02 1.799998851114907268e+02
1.305000000000002025e+01 7.999999997677840611e+02 1.799998854830880077e+02
1.320000000000002061e+01 7.999999997677840611e+02 1.799998854830880077e+02
1.335000000000002096e+01 7.999999997677840611e+02 1.799998854830880077e+02
1.350000000000002132e+01 7.999999997677840611e+02 1.799998854830880077e+02
1.365000000000002167e+01 7.999999997677840611e+02 1.799998854830880077e+02
1.380000000000002203e+01 7.999999997677840611e+02 1.799998854830880077e+02
1.395000000000002238e+01 7.999999997677840611e+02 1.799998854830880077e+02
1.410000000000002274e+01 7.999999997677840611e+02 1.799998854830880077e+02
1.425000000000002309e+01 7.999999997677840611e+02 1.799998854830880077e+02
1.440000000000002345e+01 7.999999997677840611e+02 1.799998854830880077e+02
1.455000000000002380e+01 7.999999997677840611e+02 1.799998854830880077e+02
1.470000000000002416e+01 7.999999997677840611e+02 1.799998854830880077e+02
1.485000000000002451e+01 7.999999997677840611e+02 1.799998854830880077e+02
1.500000000000002487e+01 7.999999997677840611e+02 1.799998854830880077e+02
1.515000000000002522e+01 7.999999997677840611e+02 1.799998854830880077e+02
1.530000000000002558e+01 7.999999997677840611e+02 1.799998854830880077e+02
1.545000000000002593e+01 7.999999997677840611e+02 1.799998854830880077e+02
1.560000000000002629e+01 7.999999997677840611e+02 1.799998854830880077e+02
1.575000000000002665e+01 7.999999997677840611e+02 1.799998854830880077e+02
1.590000000000002700e+01 7.999999997677840611e+02 1.799998854830880077e+02
