1.499999999999999944e-01 7.999998897034305401e+02 1.799994567732721578e+02
2.999999999999999889e-01 7.999998897034305401e+02 1.799994567732721578e+02
4.499999999999999556e-01 7.999998897034305401e+02 1.799994567732721578e+02
5.999999999999999778e-01 7.999998897034305401e+02 1.799994567732721578e+02
7.500000000000000000e-01 7.999998897034305401e+02 1.799994567732721578e+02
9.000000000000000222e-01 7.999998897034305401e+02 1.799994567732721578e+02
1.050000000000000044e+00 7.999998897034305401e+02 1.799994567732721578e+02
1.199999999999999956e+00 7.999998897034305401e+02 1.799994567732721578e+02
1.349999999999999867e+00 7.999998897034305401e+02 1.799994567732721578e+02
1.499999999999999778e+00 7.999998897034305401e+02 1.799994567732721578e+02
1.649999999999999689e+00 7.999998897034305401e+02 1.799994567732721578e+02
1.799999999999999600e+00 7.999998897034305401e+02 1.799994567732721578e+02
1.949999999999999512e+00 7.999998897034305401e+02 1.799994567732721578e+02
2.099999999999999645e+00 7.999999798337396442e+02 1.799994575029122359e+02
2.249999999999999556e+00 7.999999798337396442e+02 1.799994575029122359e+02
2.399999999999999467e+00 7.999999798337396442e+02 1.799994575029122359e+02
2.549999999999999378e+00 7.999999798337396442e+02 1.799994575029122359e+02
2.699999999999999289e+00 7.999999798337396442e+02 1.799994575029122359e+02
2.849999999999999201e+00 7.999999798337396442e+02 1.799994575029122359e+02
2.999999999999999112e+00 7.999999798337396442e+02 1.799994575029122359e+02
3.149999999999999023e+00 7.999999798337396442e+02 1.799994575029122359e+02
3.299999999999998934e+00 7.999999798337396442e+02 1.799994575029122359e+02
3.449999999999998845e+00 7.999999798337396442e+02 1.799994575029122359e+02
3.599999999999998757e+00 7.999999798337396442e+02 1.799994575029122359e+02
3.749999999999998668e+00 7.999999798337396442e+02 1.799994575029122359e+02
3.899999999999998579e+00 7.999999798337396442e+02 1.799994575029122359e+02
4.049999999999998934e+00 5.120168667255893524e+02 1.799994593332475574e+02
4.199999999999999289e+00 4.380759024772477801e+02 1.799994666525660421e+02
4.349999999999999645e+00 3.579661368688393281e+02 1.799994847914297225e+02
4.500000000000000000e+00 3.341041883278656428e+02 1.799995059804876405e+02
4.650000000000000355e+00 3.227811305460136850e+02 1.799995281676328034e+02
4.800000000000000711e+00 3.179788485192622716e+02 1.799995512923728427e+02
4.950000000000001066e+00 3.158283554168012870e+02 1.799995738929249001e+02
5.100000000000001421e+00 3.148729053538314702e+02 1.799995949453796982e+02
5.250000000000001776e+00 3.144456025273902924e+02 1.799996158934602022e+02
5.400000000000002132e+00 3.142545410026839363e+02 1.799996359443733240e+02
5.550000000000002487e+00 3.141690351030011357e+02 1.799996544873581001e+02
5.700000000000002842e+00 3.141307650657299746e+02 1.799996728602070277e+02
5.850000000000003197e+00 3.141136341712219178e+02 1.799996904336398984e+02
6.000000000000003553e+00 3.141059656563825229e+02 1.799997067102180210e+02
6.150000000000003908e+00 3.141025329664006449e+02 1.799997228362703652e+02
6.300000000000004263e+00 3.141009966827385824e+02 1.799997382815346896e+02
6.450000000000004619e+00 3.141003098330425587e+02 1.799997526294842487e+02
6.600000000000004974e+00 3.141000043375006499e+02 1.799997668502442423e+02
6.750000000000005329e+00 3.140998720055717399e+02 1.799997804971895619e+02
6.900000000000005684e+00 3.140998226552860615e+02 1.799997932240226532e+02
7.050000000000006040e+00 3.140998226552887331e+02 1.799998058448098845e+02
7.200000000000006395e+00 3.140998720055800391e+02 1.799998179866360601e+02
7.350000000000006750e+00 3.141000043375144628e+02 1.799998293658346711e+02
7.500000000000007105e+00 3.141003098330626244e+02 1.799998406578777406e+02
7.650000000000007461e+00 3.141009966827647304e+02 1.799998515554867140e+02
7.800000000000007816e+00 3.141025329664336141e+02 1.799998618314713781e+02
7.950000000000008171e+00 3.141059656564229954e+02 1.799998720371795571e+02
8.100000000000008527e+00 3.141136341712720537e+02 1.799998819241892534e+02
8.250000000000008882e+00 3.141307650657938098e+02 1.799998913165337910e+02
8.400000000000009237e+00 3.141690351030867419e+02 1.799999006525652021e+02
8.550000000000009592e+00 3.142545410028090487e+02 1.799999097357088260e+02
8.700000000000009948e+00 3.144456025275944171e+02 1.799999184337615930e+02
8.850000000000010303e+00 3.148729053542018619e+02 1.799999270737079087e+02
9.000000000000010658e+00 3.158283554175335439e+02 1.799999354890907171e+02
9.150000000000011013e+00 3.179788485208055704e+02 1.799999435517630388e+02
9.300000000000011369e+00 3.227811305493474379e+02 1.799999513987831961e+02
9.450000000000011724e+00 3.341041883357193569e+02 1.799999587513358392e+02
9.600000000000012079e+00 3.579661368849930909e+02 1.799999650431275313e+02
9.750000000000012434e+00 4.380759025380024809e+02 1.799999701412982347e+02
9.900000000000012790e+00 5.120168667683603871e+02 1.799999723291977887e+02
1.005000000000001315e+01 7.999999806313302315e+02 1.799999727637083993e+02
1.020000000000001350e+01 7.999999806313302315e+02 1.799999727637083993e+02
1.035000000000001386e+01 7.999999806313302315e+02 1.799999727637083993e+02
1.050000000000001421e+01 7.999999806313302315e+02 1.799999727637083993e+02
1.065000000000001457e+01 7.999999806313302315e+02 1.799999727637083993e+02
1.080000000000001492e+01 7.999999806313302315e+02 1.799999727637083993e+02
1.095000000000001528e+01 7.999999806313302315e+02 1.799999727637083993e+02
1.110000000000001563e+01 7.999999806313302315e+02 1.799999727637083993e+02
1.125000000000001599e+01 7.999999806313302315e+02 1.799999727637083993e+02
1.140000000000001634e+01 7.999999806313302315e+02 1.799999727637083993e+02
1.155000000000001670e+01 7.999999806313302315e+02 1.799999727637083993e+02
1.170000000000001705e+01 7.999999806313302315e+02 1.799999727637083993e+02
1.185000000000001741e+01 7.999999806313302315e+02 1.799999727637083993e+02
1.200000000000001776e+01 7.999999806313302315e+02 1.799999727637083993e+02
1.215000000000001812e+01 7.999999806313302315e+02 1.799999727637083993e+02
1.230000000000001847e+01 7.999999806313302315e+02 1.799999727637083993e+02
1.245000000000001883e+01 7.999999806313302315e+02 1.799999727637083993e+02
1.260000000000001918e+01 7.999999806313302315e+02 1.799999727637083993e+02
1.275000000000001954e+01 7.999999806313302315e+02 1.799999727637083993e+02
1.290000000000001990e+01 7.999999806313302315e+02 1.799999727637083993e+02
1.305000000000002025e+01 7.999998940657411595e+02 1.799999728781870090e+02
1.320000000000002061e+01 7.999998940657411595e+02 1.799999728781870090e+02
1.335000000000002096e+01 7.999998940657411595e+02 1.799999728781870090e+02
1.350000000000002132e+01 7.999998940657411595e+02 1.799999728781870090e+02
1.365000000000002167e+01 7.999998940657411595e+02 1.799999728781870090e+02
1.380000000000002203e+01 7.999998940657411595e+02 1.799999728781870090e+02
1.395000000000002238e+01 7.999998940657411595e+02 1.799999728781870090e+02
1.410000000000002274e+01 7.999998940657411595e+02 1.799999728781870090e+02
1.425000000000002309e+01 7.999998940657411595e+02 1.799999728781870090e+02
1.440000000000002345e+01 7.999998940657411595e+02 1.799999728781870090e+02
1.455000000000002380e+01 7.999998940657411595e+02 1.799999728781870090e+02
1.470000000000002416e+01 7.999998940657411595e+02 1.799999728781870090e+02
1.485000000000002451e+01 7.999998940657411595e+02 1.799999728781870090e+02
1.500000000000002487e+01 7.999998940657411595e+02 1.799999728781870090e+02
1.515000000000002522e+01 7.999998940657411595e+02 1.799999728781870090e+02
1.530000000000002558e+01 7.999998940657411595e+02 1.799999728781870090e+02
1.545000000000002593e+01 7.999998940657411595e+02 1.799999728781870090e+02
1.560000000000002629e+01 7.999998940657411595e+02 1.799999728781870090e+02
1.575000000000002665e+01 7.999998940657411595e+02 1.799999728781870090e+02
1.590000000000002700e+01 7.999998940657411595e+02 1.799999728781870090e+02
