1.499999999999999944e-01 7.999986817369292567e+02 1.799993580515021563e+02
2.999999999999999889e-01 7.999986817369292567e+02 1.799993580515021563e+02
4.499999999999999556e-01 7.999986817369292567e+02 1.799993580515021563e+02
5.999999999999999778e-01 7.999986817369292567e+02 1.799993580515021563e+02
7.500000000000000000e-01 7.999986817369292567e+02 1.799993580515021563e+02
9.000000000000000222e-01 7.999986817369292567e+02 1.799993580515021563e+02
1.050000000000000044e+00 7.999986817369292567e+02 1.799993580515021563e+02
1.199999999999999956e+00 7.999986817369292567e+02 1.799993580515021563e+02
1.349999999999999867e+00 7.999986817369292567e+02 1.799993580515021563e+02
1.499999999999999778e+00 7.999986817369292567e+02 1.799993580515021563e+02
1.649999999999999689e+00 7.999986817369292567e+02 1.799993580515021563e+02
1.799999999999999600e+00 7.999986817369292567e+02 1.799993580515021563e+02
1.949999999999999512e+00 7.999986817369292567e+02 1.799993580515021563e+02
2.099999999999999645e+00 7.999996692951785917e+02 1.799993586075955250e+02
2.249999999999999556e+00 7.999996692951785917e+02 1.799993586075955250e+02
2.399999999999999467e+00 7.999996692951785917e+02 1.799993586075955250e+02
2.549999999999999378e+00 7.999996692951785917e+02 1.799993586075955250e+02
2.699999999999999289e+00 7.999996692951785917e+02 1.799993586075955250e+02
2.849999999999999201e+00 7.999996692951785917e+02 1.799993586075955250e+02
2.999999999999999112e+00 7.999996692951785917e+02 1.799993586075955250e+02
3.149999999999999023e+00 7.999996692951785917e+02 1.799993586075955250e+02
3.299999999999998934e+00 7.999996692951785917e+02 1.799993586075955250e+02
3.449999999999998845e+00 7.999996692951785917e+02 1.799993586075955250e+02
3.599999999999998757e+00 7.999996692951785917e+02 1.799993586075955250e+02
3.749999999999998668e+00 7.999996692951785917e+02 1.799993586075955250e+02
3.899999999999998579e+00 7.999996692951785917e+02 1.799993586075955250e+02
4.049999999999998934e+00 5.040711017853429325e+02 1.799993595833310280e+02
4.199999999999999289e+00 3.869313495672208774e+02 1.799993627609940177e+02
4.349999999999999645e+00 2.611473152287140920e+02 1.799993732731761042e+02
4.500000000000000000e+00 2.042252973143066299e+02 1.799993887093987723e+02
4.650000000000000355e+00 1.665753628966262170e+02 1.799994090491083512e+02
4.800000000000000711e+00 1.414421476220433362e+02 1.799994352830466369e+02
4.950000000000001066e+00 1.235325678781751009e+02 1.799994657997778518e+02
5.100000000000001421e+00 1.103654461657113330e+02 1.799994988164096412e+02
5.250000000000001776e+00 1.004405284442204191e+02 1.799995349000499800e+02
5.400000000000002132e+00 9.283105975620216554e+01 1.799995721698338969e+02
5.550000000000002487e+00 8.692699863890518941e+01 1.799996090542071840e+02
5.700000000000002842e+00 8.231144890952575111e+01 1.799996459950669703e+02
5.850000000000003197e+00 7.869038428114154726e+01 1.799996816574893046e+02
6.000000000000003553e+00 7.585166477457966039e+01 1.799997150981415075e+02
6.150000000000003908e+00 7.363985692483718992e+01 1.799997469099661203e+02
6.300000000000004263e+00 7.194023142424178729e+01 1.799997763950204046e+02
6.450000000000004619e+00 7.066830808149609311e+01 1.799998031598596242e+02
6.600000000000004974e+00 6.976290919379300703e+01 1.799998278561449467e+02
6.750000000000005329e+00 6.918153285934386076e+01 1.799998502031292560e+02
6.900000000000005684e+00 6.889734051345106991e+01 1.799998701107938928e+02
7.050000000000006040e+00 6.889734051449653407e+01 1.799998881499387551e+02
7.200000000000006395e+00 6.918153286252359635e+01 1.799999042408748835e+02
7.350000000000006750e+00 6.976290919924714728e+01 1.799999184140802981e+02
7.500000000000007105e+00 7.066830808946571096e+01 1.799999310965456516e+02
7.650000000000007461e+00 7.194023143508690055e+01 1.799999422849603832e+02
7.800000000000007816e+00 7.363985693906347763e+01 1.799999520391599503e+02
7.950000000000008171e+00 7.585166479287811114e+01 1.799999606430760934e+02
8.100000000000008527e+00 7.869038430444653898e+01 1.799999681156189126e+02
8.250000000000008882e+00 8.231144893910399674e+01 1.799999745137107254e+02
8.400000000000009237e+00 8.692699867650237877e+01 1.799999800110740580e+02
8.550000000000009592e+00 9.283105980425956716e+01 1.799999846360375102e+02
8.700000000000009948e+00 1.004405285062535711e+02 1.799999884431743169e+02
8.850000000000010303e+00 1.103654462469646376e+02 1.799999915432931914e+02
9.000000000000010658e+00 1.235325679867951862e+02 1.799999939828203992e+02
9.150000000000011013e+00 1.414421477716689708e+02 1.799999958284535353e+02
9.300000000000011369e+00 1.665753631103215753e+02 1.799999971703298627e+02
9.450000000000011724e+00 2.042252976459692775e+02 1.799999980835120255e+02
9.600000000000012079e+00 2.611473157388571735e+02 1.799999986368900977e+02
9.750000000000012434e+00 3.869313508813937119e+02 1.799999989460089012e+02
9.900000000000012790e+00 5.040711027513085014e+02 1.799999990457284298e+02
1.005000000000001315e+01 7.999996807058078048e+02 1.799999990634554763e+02
1.020000000000001350e+01 7.999996807058078048e+02 1.799999990634554763e+02
1.035000000000001386e+01 7.999996807058078048e+02 1.799999990634554763e+02
1.050000000000001421e+01 7.999996807058078048e+02 1.799999990634554763e+02
1.065000000000001457e+01 7.999996807058078048e+02 1.799999990634554763e+02
1.080000000000001492e+01 7.999996807058078048e+02 1.799999990634554763e+02
1.095000000000001528e+01 7.999996807058078048e+02 1.799999990634554763e+02
1.110000000000001563e+01 7.999996807058078048e+02 1.799999990634554763e+02
1.125000000000001599e+01 7.999996807058078048e+02 1.799999990634554763e+02
1.140000000000001634e+01 7.999996807058078048e+02 1.799999990634554763e+02
1.155000000000001670e+01 7.999996807058078048e+02 1.799999990634554763e+02
1.170000000000001705e+01 7.999996807058078048e+02 1.799999990634554763e+02
1.185000000000001741e+01 7.999996807058078048e+02 1.799999990634554763e+02
1.200000000000001776e+01 7.999996807058078048e+02 1.799999990634554763e+02
1.215000000000001812e+01 7.999996807058078048e+02 1.799999990634554763e+02
1.230000000000001847e+01 7.999996807058078048e+02 1.799999990634554763e+02
1.245000000000001883e+01 7.999996807058078048e+02 1.799999990634554763e+02
1.260000000000001918e+01 7.999996807058078048e+02 1.799999990634554763e+02
1.275000000000001954e+01 7.999996807058078048e+02 1.799999990634554763e+02
1.290000000000001990e+01 7.999996807058078048e+02 1.799999990634554763e+02
1.305000000000002025e+01 7.999987272222364254e+02 1.799999990676929826e+02
1.320000000000002061e+01 7.999987272222364254e+02 1.799999990676929826e+02
1.335000000000002096e+01 7.999987272222364254e+02 1.799999990676929826e+02
1.350000000000002132e+01 7.999987272222364254e+02 1.799999990676929826e+02
1.365000000000002167e+01 7.999987272222364254e+02 1.799999990676929826e+02
1.380000000000002203e+01 7.999987272222364254e+02 1.799999990676929826e+02
1.395000000000002238e+01 7.999987272222364254e+02 1.799999990676929826e+02
1.410000000000002274e+01 7.999987272222364254e+02 1.799999990676929826e+02
1.425000000000002309e+01 7.999987272222364254e+02 1.799999990676929826e+02
1.440000000000002345e+01 7.999987272222364254e+02 1.799999990676929826e+02
1.455000000000002380e+01 7.999987272222364254e+02 1.799999990676929826e+02
1.470000000000002416e+01 7.999987272222364254e+02 1.799999990676929826e+02
1.485000000000002451e+01 7.999987272222364254e+02 1.799999990676929826e+02
1.500000000000002487e+01 7.999987272222364254e+02 1.799999990676929826e+02
1.515000000000002522e+01 7.999987272222364254e+02 1.799999990676929826e+02
1.530000000000002558e+01 7.999987272222364254e+02 1.799999990676929826e+02
1.545000000000002593e+01 7.999987272222364254e+02 1.799999990676929826e+02
1.560000000000002629e+01 7.999987272222364254e+02 1.799999990676929826e+02
1.575000000000002665e+01 7.999987272222364254e+02 1.799999990676929826e+02
1.590000000000002700e+01 7.999987272222364254e+02 1.799999990676929826e+02
