1.499999999999999944e-01 7.997722564361242803e+02 1.057996499087554554e-05
2.999999999999999889e-01 7.997722564361242803e+02 1.057996499087554554e-05
4.499999999999999556e-01 7.997722564361242803e+02 1.057996499087554554e-05
5.999999999999999778e-01 7.997722564361242803e+02 1.057996499087554554e-05
7.500000000000000000e-01 7.997722564361242803e+02 1.057996499087554554e-05
9.000000000000000222e-01 7.997722564361242803e+02 1.057996499087554554e-05
1.050000000000000044e+00 7.997722564361242803e+02 1.057996499087554554e-05
1.199999999999999956e+00 7.997722564361242803e+02 1.057996499087554554e-05
1.349999999999999867e+00 7.997722564361242803e+02 1.057996499087554554e-05
1.499999999999999778e+00 7.997722564361242803e+02 1.057996499087554554e-05
1.649999999999999689e+00 7.997722564361242803e+02 1.057996499087554554e-05
1.799999999999999600e+00 7.997722564361242803e+02 1.057996499087554554e-05
1.949999999999999512e+00 7.997722564361242803e+02 1.057996499087554554e-05
2.099999999999999645e+00 7.998876188766070072e+02 1.056687639555686786e-05
2.249999999999999556e+00 7.998876188766070072e+02 1.056687639555686786e-05
2.399999999999999467e+00 7.998876188766070072e+02 1.056687639555686786e-05
2.549999999999999378e+00 7.998876188766070072e+02 1.056687639555686786e-05
2.699999999999999289e+00 7.998876188766070072e+02 1.056687639555686786e-05
2.849999999999999201e+00 7.998876188766070072e+02 1.056687639555686786e-05
2.999999999999999112e+00 7.998876188766070072e+02 1.056687639555686786e-05
3.149999999999999023e+00 7.998876188766070072e+02 1.056687639555686786e-05
3.299999999999998934e+00 7.998876188766070072e+02 1.056687639555686786e-05
3.449999999999998845e+00 7.998876188766070072e+02 1.056687639555686786e-05
3.599999999999998757e+00 7.998876188766070072e+02 1.056687639555686786e-05
3.749999999999998668e+00 7.998876188766070072e+02 1.056687639555686786e-05
3.899999999999998579e+00 7.998876188766070072e+02 1.056687639555686786e-05
4.049999999999998934e+00 4.462792265931813063e+02 1.057442158525212506e-05
4.199999999999999289e+00 2.219964635127492443e+02 1.061581222361329679e-05
4.349999999999999645e+00 7.657690355251102687e+01 1.064521725957501275e-05
4.500000000000000000e+00 2.995579938022581956e+01 1.071012011366612171e-05
4.650000000000000355e+00 1.109055988800073678e+01 1.092260982382686763e-05
4.800000000000000711e+00 4.057159324683922819e+00 1.140868526661176219e-05
4.950000000000001066e+00 1.361644008382739912e+00 1.292081691661728371e-05
5.100000000000001421e+00 3.385014274140303314e-01 1.985487385181006204e-05
5.250000000000001776e+00 5.116256389555928763e-02 1.799999500091916218e+02
5.400000000000002132e+00 1.993920061649987474e-01 1.799999951174507657e+02
5.550000000000002487e+00 2.558020705798753625e-01 1.799999985468532770e+02
5.700000000000002842e+00 2.772663621283300017e-01 1.799999994897217732e+02
5.850000000000003197e+00 2.854340335306915222e-01 1.799999998113349022e+02
6.000000000000003553e+00 2.885419748106414772e-01 1.799999999287299772e+02
6.150000000000003908e+00 2.897246160293889261e-01 1.799999999729625415e+02
6.300000000000004263e+00 2.901746573170385091e-01 1.799999999896685665e+02
6.450000000000004619e+00 2.903459704664328456e-01 1.799999999959086381e+02
6.600000000000004974e+00 2.904113274287283275e-01 1.799999999980532266e+02
6.750000000000005329e+00 2.904366408608893835e-01 1.799999999982363761e+02
6.900000000000005684e+00 2.904474397937519825e-01 1.799999999966377686e+02
7.050000000000006040e+00 2.904546149695761414e-01 1.799999999916674653e+02
7.200000000000006395e+00 2.904654019837380474e-01 1.799999999783309761e+02
7.350000000000006750e+00 2.904906803678386495e-01 1.799999999431009030e+02
7.500000000000007105e+00 2.905559435146187752e-01 1.799999998508240822e+02
7.650000000000007461e+00 2.907270102655274968e-01 1.799999996089777596e+02
7.800000000000007816e+00 2.911764028690413397e-01 1.799999989734767212e+02
7.950000000000008171e+00 2.923573390055480559e-01 1.799999973184831390e+02
8.100000000000008527e+00 2.954607995620790462e-01 1.799999930407275315e+02
8.250000000000008882e+00 3.036166965862321376e-01 1.799999821934813440e+02
8.400000000000009237e+00 3.250500452995765954e-01 1.799999563764481820e+02
8.550000000000009592e+00 3.813787962670858178e-01 1.799999024801541054e+02
8.700000000000009948e+00 5.293945849109604751e-01 1.799998152922654810e+02
8.850000000000010303e+00 9.184972604976451294e-01 1.799997207277485245e+02
9.000000000000010658e+00 1.940166563291739976e+00 1.799996533974973545e+02
9.150000000000011013e+00 4.631817427196651238e+00 1.799996177502332273e+02
9.300000000000011369e+00 1.165515360498591946e+01 1.799996031101540552e+02
9.450000000000011724e+00 3.049426330852775635e+01 1.799995976646377471e+02
9.600000000000012079e+00 7.705105956414354296e+01 1.799995950622136434e+02
9.750000000000012434e+00 2.223145184568144543e+02 1.799995949968445643e+02
9.900000000000012790e+00 4.463495875217960247e+02 1.799995952648511945e+02
1.005000000000001315e+01 7.998873907790796238e+02 1.799995951089316293e+02
1.020000000000001350e+01 7.998873907790796238e+02 1.799995951089316293e+02
1.035000000000001386e+01 7.998873907790796238e+02 1.799995951089316293e+02
1.050000000000001421e+01 7.998873907790796238e+02 1.799995951089316293e+02
1.065000000000001457e+01 7.998873907790796238e+02 1.799995951089316293e+02
1.080000000000001492e+01 7.998873907790796238e+02 1.799995951089316293e+02
1.095000000000001528e+01 7.998873907790796238e+02 1.799995951089316293e+02
1.110000000000001563e+01 7.998873907790796238e+02 1.799995951089316293e+02
1.125000000000001599e+01 7.998873907790796238e+02 1.799995951089316293e+02
1.140000000000001634e+01 7.998873907790796238e+02 1.799995951089316293e+02
1.155000000000001670e+01 7.998873907790796238e+02 1.799995951089316293e+02
1.170000000000001705e+01 7.998873907790796238e+02 1.799995951089316293e+02
1.185000000000001741e+01 7.998873907790796238e+02 1.799995951089316293e+02
1.200000000000001776e+01 7.998873907790796238e+02 1.799995951089316293e+02
1.215000000000001812e+01 7.998873907790796238e+02 1.799995951089316293e+02
1.230000000000001847e+01 7.998873907790796238e+02 1.799995951089316293e+02
1.245000000000001883e+01 7.998873907790796238e+02 1.799995951089316293e+02
1.260000000000001918e+01 7.998873907790796238e+02 1.799995951089316293e+02
1.275000000000001954e+01 7.998873907790796238e+02 1.799995951089316293e+02
1.290000000000001990e+01 7.998873907790796238e+02 1.799995951089316293e+02
1.305000000000002025e+01 7.997717440873212809e+02 1.799995956682201950e+02
1.320000000000002061e+01 7.997717440873212809e+02 1.799995956682201950e+02
1.335000000000002096e+01 7.997717440873212809e+02 1.799995956682201950e+02
1.350000000000002132e+01 7.997717440873212809e+02 1.799995956682201950e+02
1.365000000000002167e+01 7.997717440873212809e+02 1.799995956682201950e+02
1.380000000000002203e+01 7.997717440873212809e+02 1.799995956682201950e+02
1.395000000000002238e+01 7.997717440873212809e+02 1.799995956682201950e+02
1.410000000000002274e+01 7.997717440873212809e+02 1.799995956682201950e+02
1.425000000000002309e+01 7.997717440873212809e+02 1.799995956682201950e+02
1.440000000000002345e+01 7.997717440873212809e+02 1.799995956682201950e+02
1.455000000000002380e+01 7.997717440873212809e+02 1.799995956682201950e+02
1.470000000000002416e+01 7.997717440873212809e+02 1.799995956682201950e+02
1.485000000000002451e+01 7.997717440873212809e+02 1.799995956682201950e+02
1.500000000000002487e+01 7.997717440873212809e+02 1.799995956682201950e+02
1.515000000000002522e+01 7.997717440873212809e+02 1.799995956682201950e+02
1.530000000000002558e+01 7.997717440873212809e+02 1.799995956682201950e+02
1.545000000000002593e+01 7.997717440873212809e+02 1.799995956682201950e+02
1.560000000000002629e+01 7.997717440873212809e+02 1.799995956682201950e+02
1.575000000000002665e+01 7.997717440873212809e+02 1.799995956682201950e+02
1.590000000000002700e+01 7.997717440873212809e+02 1.799995956682201950e+02
