1.499999999999999944e-01 7.999999915621712034e+02 1.799996645889496278e+02
2.999999999999999889e-01 7.999999915621712034e+02 1.799996645889496278e+02
4.499999999999999556e-01 7.999999915621712034e+02 1.799996645889496278e+02
5.999999999999999778e-01 7.999999915621712034e+02 1.799996645889496278e+02
7.500000000000000000e-01 7.999999915621712034e+02 1.799996645889496278e+02
9.000000000000000222e-01 7.999999915621712034e+02 1.799996645889496278e+02
1.050000000000000044e+00 7.999999915621712034e+02 1.799996645889496278e+02
1.199999999999999956e+00 7.999999915621712034e+02 1.799996645889496278e+02
1.349999999999999867e+00 7.999999915621712034e+02 1.799996645889496278e+02
1.499999999999999778e+00 7.999999915621712034e+02 1.799996645889496278e+02
1.649999999999999689e+00 7.999999915621712034e+02 1.799996645889496278e+02
1.799999999999999600e+00 7.999999915621712034e+02 1.799996645889496278e+02
1.949999999999999512e+00 7.999999915621712034e+02 1.799996645889496278e+02
2.099999999999999645e+00 7.999999988719069961e+02 1.799996652275666236e+02
2.249999999999999556e+00 7.999999988719069961e+02 1.799996652275666236e+02
2.399999999999999467e+00 7.999999988719069961e+02 1.799996652275666236e+02
2.549999999999999378e+00 7.999999988719069961e+02 1.799996652275666236e+02
2.699999999999999289e+00 7.999999988719069961e+02 1.799996652275666236e+02
2.849999999999999201e+00 7.999999988719069961e+02 1.799996652275666236e+02
2.999999999999999112e+00 7.999999988719069961e+02 1.799996652275666236e+02
3.149999999999999023e+00 7.999999988719069961e+02 1.799996652275666236e+02
3.299999999999998934e+00 7.999999988719069961e+02 1.799996652275666236e+02
3.449999999999998845e+00 7.999999988719069961e+02 1.799996652275666236e+02
3.599999999999998757e+00 7.999999988719069961e+02 1.799996652275666236e+02
3.749999999999998668e+00 7.999999988719069961e+02 1.799996652275666236e+02
3.899999999999998579e+00 7.999999988719069961e+02 1.799996652275666236e+02
4.049999999999998934e+00 5.157433591778772097e+02 1.799996665323364766e+02
4.199999999999999289e+00 4.682677033662214399e+02 1.799996714114438703e+02
4.349999999999999645e+00 4.147748213902344787e+02 1.799996828500597132e+02
4.500000000000000000e+00 4.039209420934655554e+02 1.799996948639850132e+02
4.650000000000000355e+00 3.998584746895489275e+02 1.799997063218949620e+02
4.800000000000000711e+00 3.986557861942198429e+02 1.799997184082137665e+02
4.950000000000001066e+00 3.982648930443828021e+02 1.799997301482484602e+02
5.100000000000001421e+00 3.981421917335679268e+02 1.799997407414674342e+02
5.250000000000001776e+00 3.981031151332631453e+02 1.799997517668637670e+02
5.400000000000002132e+00 3.980907381813233314e+02 1.799997624321482022e+02
5.550000000000002487e+00 3.980868092078869722e+02 1.799997720743047012e+02
5.700000000000002842e+00 3.980855630487449730e+02 1.799997820919274432e+02
5.850000000000003197e+00 3.980851676660787462e+02 1.799997917912971275e+02
6.000000000000003553e+00 3.980850422353965996e+02 1.799998005937902121e+02
6.150000000000003908e+00 3.980850024418397766e+02 1.799998097248915769e+02
6.300000000000004263e+00 3.980849898174888040e+02 1.799998185771803776e+02
6.450000000000004619e+00 3.980849858127618859e+02 1.799998266482385247e+02
6.600000000000004974e+00 3.980849845434249801e+02 1.799998350052535443e+02
6.750000000000005329e+00 3.980849841443995842e+02 1.799998431194952104e+02
6.900000000000005684e+00 3.980849840293848274e+02 1.799998505585047326e+02
7.050000000000006040e+00 3.980849840293852253e+02 1.799998582443602686e+02
7.200000000000006395e+00 3.980849841444010622e+02 1.799998657204804431e+02
7.350000000000006750e+00 3.980849845434275949e+02 1.799998726190111995e+02
7.500000000000007105e+00 3.980849858127651260e+02 1.799998797283327008e+02
7.650000000000007461e+00 3.980849898174928967e+02 1.799998866583612767e+02
7.800000000000007816e+00 3.980850024418450630e+02 1.799998931012889045e+02
7.950000000000008171e+00 3.980850422354030229e+02 1.799998997215618886e+02
8.100000000000008527e+00 3.980851676660861926e+02 1.799999061907609246e+02
8.250000000000008882e+00 3.980855630487536132e+02 1.799999122572979786e+02
8.400000000000009237e+00 3.980868092078967493e+02 1.799999184699089483e+02
8.550000000000009592e+00 3.980907381813344159e+02 1.799999245577094200e+02
8.700000000000009948e+00 3.981031151332759919e+02 1.799999303220272111e+02
8.850000000000010303e+00 3.981421917335832177e+02 1.799999362021872855e+02
9.000000000000010658e+00 3.982648930444033226e+02 1.799999419797168798e+02
9.150000000000011013e+00 3.986557861942550858e+02 1.799999475017523594e+02
9.300000000000011369e+00 3.998584746896256092e+02 1.799999530843822413e+02
9.450000000000011724e+00 4.039209420936857668e+02 1.799999585271485216e+02
9.600000000000012079e+00 4.147748213907751165e+02 1.799999634832785773e+02
9.750000000000012434e+00 4.682677033690660551e+02 1.799999680942286773e+02
9.900000000000012790e+00 5.157433591797633881e+02 1.799999703557611213e+02
1.005000000000001315e+01 7.999999989268168292e+02 1.799999708277667594e+02
1.020000000000001350e+01 7.999999989268168292e+02 1.799999708277667594e+02
1.035000000000001386e+01 7.999999989268168292e+02 1.799999708277667594e+02
1.050000000000001421e+01 7.999999989268168292e+02 1.799999708277667594e+02
1.065000000000001457e+01 7.999999989268168292e+02 1.799999708277667594e+02
1.080000000000001492e+01 7.999999989268168292e+02 1.799999708277667594e+02
1.095000000000001528e+01 7.999999989268168292e+02 1.799999708277667594e+02
1.110000000000001563e+01 7.999999989268168292e+02 1.799999708277667594e+02
1.125000000000001599e+01 7.999999989268168292e+02 1.799999708277667594e+02
1.140000000000001634e+01 7.999999989268168292e+02 1.799999708277667594e+02
1.155000000000001670e+01 7.999999989268168292e+02 1.799999708277667594e+02
1.170000000000001705e+01 7.999999989268168292e+02 1.799999708277667594e+02
1.185000000000001741e+01 7.999999989268168292e+02 1.799999708277667594e+02
1.200000000000001776e+01 7.999999989268168292e+02 1.799999708277667594e+02
1.215000000000001812e+01 7.999999989268168292e+02 1.799999708277667594e+02
1.230000000000001847e+01 7.999999989268168292e+02 1.799999708277667594e+02
1.245000000000001883e+01 7.999999989268168292e+02 1.799999708277667594e+02
1.260000000000001918e+01 7.999999989268168292e+02 1.799999708277667594e+02
1.275000000000001954e+01 7.999999989268168292e+02 1.799999708277667594e+02
1.290000000000001990e+01 7.999999989268168292e+02 1.799999708277667594e+02
1.305000000000002025e+01 7.999999919728819577e+02 1.799999709729962092e+02
1.320000000000002061e+01 7.999999919728819577e+02 1.799999709729962092e+02
1.335000000000002096e+01 7.999999919728819577e+02 1.799999709729962092e+02
1.350000000000002132e+01 7.999999919728819577e+02 1.799999709729962092e+02
1.365000000000002167e+01 7.999999919728819577e+02 1.799999709729962092e+02
1.380000000000002203e+01 7.999999919728819577e+02 1.799999709729962092e+02
1.395000000000002238e+01 7.999999919728819577e+02 1.799999709729962092e+02
1.410000000000002274e+01 7.999999919728819577e+02 1.799999709729962092e+02
1.425000000000002309e+01 7.999999919728819577e+02 1.799999709729962092e+02
1.440000000000002345e+01 7.999999919728819577e+02 1.799999709729962092e+02
1.455000000000002380e+01 7.999999919728819577e+02 1.799999709729962092e+02
1.470000000000002416e+01 7.999999919728819577e+02 1.799999709729962092e+02
1.485000000000002451e+01 7.999999919728819577e+02 1.799999709729962092e+02
1.500000000000002487e+01 7.999999919728819577e+02 1.799999709729962092e+02
1.515000000000002522e+01 7.999999919728819577e+02 1.799999709729962092e+02
1.530000000000002558e+01 7.999999919728819577e+02 1.799999709729962092e+02
1.545000000000002593e+01 7.999999919728819577e+02 1.799999709729962092e+02
1.560000000000002629e+01 7.999999919728819577e+02 1.799999709729962092e+02
1.575000000000002665e+01 7.999999919728819577e+02 1.799999709729962092e+02
1.590000000000002700e+01 7.999999919728819577e+02 1.799999709729962092e+02
