1.499999999999999944e-01 7.999258341814382902e+02 4.644276599725660759e-04
2.999999999999999889e-01 7.999258341814382902e+02 4.644276599725660759e-04
4.499999999999999556e-01 7.999258341814382902e+02 4.644276599725660759e-04
5.999999999999999778e-01 7.999258341814382902e+02 4.644276599725660759e-04
7.500000000000000000e-01 7.999258341814382902e+02 4.644276599725660759e-04
9.000000000000000222e-01 7.999258341814382902e+02 4.644276599725660759e-04
1.050000000000000044e+00 7.999258341814382902e+02 4.644276599725660759e-04
1.199999999999999956e+00 7.999258341814382902e+02 4.644276599725660759e-04
1.349999999999999867e+00 7.999258341814382902e+02 4.644276599725660759e-04
1.499999999999999778e+00 7.999258341814382902e+02 4.644276599725660759e-04
1.649999999999999689e+00 7.999258341814382902e+02 4.644276599725660759e-04
1.799999999999999600e+00 7.999258341814382902e+02 4.644276599725660759e-04
1.949999999999999512e+00 7.999258341814382902e+02 4.644276599725660759e-04
2.099999999999999645e+00 7.999683877168014305e+02 4.643237519701415295e-04
2.249999999999999556e+00 7.999683877168014305e+02 4.643237519701415295e-04
2.399999999999999467e+00 7.999683877168014305e+02 4.643237519701415295e-04
2.549999999999999378e+00 7.999683877168014305e+02 4.643237519701415295e-04
2.699999999999999289e+00 7.999683877168014305e+02 4.643237519701415295e-04
2.849999999999999201e+00 7.999683877168014305e+02 4.643237519701415295e-04
2.999999999999999112e+00 7.999683877168014305e+02 4.643237519701415295e-04
3.149999999999999023e+00 7.999683877168014305e+02 4.643237519701415295e-04
3.299999999999998934e+00 7.999683877168014305e+02 4.643237519701415295e-04
3.449999999999998845e+00 7.999683877168014305e+02 4.643237519701415295e-04
3.599999999999998757e+00 7.999683877168014305e+02 4.643237519701415295e-04
3.749999999999998668e+00 7.999683877168014305e+02 4.643237519701415295e-04
3.899999999999998579e+00 7.999683877168014305e+02 4.643237519701415295e-04
4.049999999999998934e+00 4.671793943464070935e+02 4.646859468518949043e-04
4.199999999999999289e+00 2.603246397477376490e+02 4.659145498366878968e-04
4.349999999999999645e+00 1.037898355059781892e+02 4.686457755294082261e-04
4.500000000000000000e+00 4.616031707756793878e+01 4.744638546395618661e-04
4.650000000000000355e+00 1.950137282078410195e+01 4.891169701688458105e-04
4.800000000000000711e+00 7.998292902559477113e+00 5.246660472805197983e-04
4.950000000000001066e+00 2.924724305079564601e+00 6.291429062617037715e-04
5.100000000000001421e+00 7.020926156661175810e-01 1.151307815470792306e-03
5.250000000000001776e+00 2.736994794775000628e-01 1.799987040655865655e+02
5.400000000000002132e+00 7.018057351365882823e-01 1.799997782024635455e+02
5.550000000000002487e+00 8.896673242929864500e-01 1.799999231607816341e+02
5.700000000000002842e+00 9.720991419641791254e-01 1.799999691392465024e+02
5.850000000000003197e+00 1.008270210541979850e+00 1.799999869429464070e+02
6.000000000000003553e+00 1.024142061539805582e+00 1.799999943545014389e+02
6.150000000000003908e+00 1.031106867723963205e+00 1.799999975392690033e+02
6.300000000000004263e+00 1.034163650990365113e+00 1.799999989233268423e+02
6.450000000000004619e+00 1.035506437093431487e+00 1.799999995277624407e+02
6.600000000000004974e+00 1.036099018282413908e+00 1.799999997928821074e+02
6.750000000000005329e+00 1.036366723510639076e+00 1.799999999091320433e+02
6.900000000000005684e+00 1.036501699550797184e+00 1.799999999600979095e+02
7.050000000000006040e+00 1.036600826528911057e+00 1.799999999824911185e+02
7.200000000000006395e+00 1.036735253246774846e+00 1.799999999923174130e+02
7.350000000000006750e+00 1.037001465303717396e+00 1.799999999966267694e+02
7.500000000000007105e+00 1.037590538146446306e+00 1.799999999985204795e+02
7.650000000000007461e+00 1.038925282165223507e+00 1.799999999993514450e+02
7.800000000000007816e+00 1.041963717830981295e+00 1.799999999997160387e+02
7.950000000000008171e+00 1.048886701825438195e+00 1.799999999998762235e+02
8.100000000000008527e+00 1.064663239917877036e+00 1.799999999999461977e+02
8.250000000000008882e+00 1.100617103008801223e+00 1.799999999999766374e+02
8.400000000000009237e+00 1.182553972501295902e+00 1.799999999999891713e+02
8.550000000000009592e+00 1.369287872006765383e+00 1.799999999999933777e+02
8.700000000000009948e+00 1.794825677463251168e+00 1.799999999999934346e+02
8.850000000000010303e+00 2.764771700932797671e+00 1.799999999999915019e+02
9.000000000000010658e+00 4.974122038336005858e+00 1.799999999999893987e+02
9.150000000000011013e+00 1.001761177711506434e+01 1.799999999999882050e+02
9.300000000000011369e+00 2.145330174625735609e+01 1.799999999999876650e+02
9.450000000000011724e+00 4.796321616113705488e+01 1.799999999999872102e+02
9.600000000000012079e+00 1.052845906172588855e+02 1.799999999999871534e+02
9.750000000000012434e+00 2.612047604201838453e+02 1.799999999999872387e+02
9.900000000000012790e+00 4.673237262176747890e+02 1.799999999999869544e+02
1.005000000000001315e+01 7.999688904929430464e+02 1.799999999999870113e+02
1.020000000000001350e+01 7.999688904929430464e+02 1.799999999999870113e+02
1.035000000000001386e+01 7.999688904929430464e+02 1.799999999999870113e+02
1.050000000000001421e+01 7.999688904929430464e+02 1.799999999999870113e+02
1.065000000000001457e+01 7.999688904929430464e+02 1.799999999999870113e+02
1.080000000000001492e+01 7.999688904929430464e+02 1.799999999999870113e+02
1.095000000000001528e+01 7.999688904929430464e+02 1.799999999999870113e+02
1.110000000000001563e+01 7.999688904929430464e+02 1.799999999999870113e+02
1.125000000000001599e+01 7.999688904929430464e+02 1.799999999999870113e+02
1.140000000000001634e+01 7.999688904929430464e+02 1.799999999999870113e+02
1.155000000000001670e+01 7.999688904929430464e+02 1.799999999999870113e+02
1.170000000000001705e+01 7.999688904929430464e+02 1.799999999999870113e+02
1.185000000000001741e+01 7.999688904929430464e+02 1.799999999999870113e+02
1.200000000000001776e+01 7.999688904929430464e+02 1.799999999999870113e+02
1.215000000000001812e+01 7.999688904929430464e+02 1.799999999999870113e+02
1.230000000000001847e+01 7.999688904929430464e+02 1.799999999999870113e+02
1.245000000000001883e+01 7.999688904929430464e+02 1.799999999999870113e+02
1.260000000000001918e+01 7.999688904929430464e+02 1.799999999999870113e+02
1.275000000000001954e+01 7.999688904929430464e+02 1.799999999999870113e+02
1.290000000000001990e+01 7.999688904929430464e+02 1.799999999999870113e+02
1.305000000000002025e+01 7.999269691945296472e+02 1.799999999999869829e+02
1.320000000000002061e+01 7.999269691945296472e+02 1.799999999999869829e+02
1.335000000000002096e+01 7.999269691945296472e+02 1.799999999999869829e+02
1.350000000000002132e+01 7.999269691945296472e+02 1.799999999999869829e+02
1.365000000000002167e+01 7.999269691945296472e+02 1.799999999999869829e+02
1.380000000000002203e+01 7.999269691945296472e+02 1.799999999999869829e+02
1.395000000000002238e+01 7.999269691945296472e+02 1.799999999999869829e+02
1.410000000000002274e+01 7.999269691945296472e+02 1.799999999999869829e+02
1.425000000000002309e+01 7.999269691945296472e+02 1.799999999999869829e+02
1.440000000000002345e+01 7.999269691945296472e+02 1.799999999999869829e+02
1.455000000000002380e+01 7.999269691945296472e+02 1.799999999999869829e+02
1.470000000000002416e+01 7.999269691945296472e+02 1.799999999999869829e+02
1.485000000000002451e+01 7.999269691945296472e+02 1.799999999999869829e+02
1.500000000000002487e+01 7.999269691945296472e+02 1.799999999999869829e+02
1.515000000000002522e+01 7.999269691945296472e+02 1.799999999999869829e+02
1.530000000000002558e+01 7.999269691945296472e+02 1.799999999999869829e+02
1.545000000000002593e+01 7.999269691945296472e+02 1.799999999999869829e+02
1.560000000000002629e+01 7.999269691945296472e+02 1.799999999999869829e+02
1.575000000000002665e+01 7.999269691945296472e+02 1.799999999999869829e+02
1.590000000000002700e+01 7.999269691945296472e+02 1.799999999999869829e+02
