1.499999999999999944e-01 7.999999990831357763e+02 1.799994847854169677e+02
2.999999999999999889e-01 7.999999990831357763e+02 1.799994847854169677e+02
4.499999999999999556e-01 7.999999990831357763e+02 1.799994847854169677e+02
5.999999999999999778e-01 7.999999990831357763e+02 1.799994847854169677e+02
7.500000000000000000e-01 7.999999990831357763e+02 1.799994847854169677e+02
9.000000000000000222e-01 7.999999990831357763e+02 1.799994847854169677e+02
1.050000000000000044e+00 7.999999990831357763e+02 1.799994847854169677e+02
1.199999999999999956e+00 7.999999990831357763e+02 1.799994847854169677e+02
1.349999999999999867e+00 7.999999990831357763e+02 1.799994847854169677e+02
1.499999999999999778e+00 7.999999990831357763e+02 1.799994847854169677e+02
1.649999999999999689e+00 7.999999990831357763e+02 1.799994847854169677e+02
1.799999999999999600e+00 7.999999990831357763e+02 1.799994847854169677e+02
1.949999999999999512e+00 7.999999990831357763e+02 1.799994847854169677e+02
2.099999999999999645e+00 7.999999999059341462e+02 1.799994856015418634e+02
2.249999999999999556e+00 7.999999999059341462e+02 1.799994856015418634e+02
2.399999999999999467e+00 7.999999999059341462e+02 1.799994856015418634e+02
2.549999999999999378e+00 7.999999999059341462e+02 1.799994856015418634e+02
2.699999999999999289e+00 7.999999999059341462e+02 1.799994856015418634e+02
2.849999999999999201e+00 7.999999999059341462e+02 1.799994856015418634e+02
2.999999999999999112e+00 7.999999999059341462e+02 1.799994856015418634e+02
3.149999999999999023e+00 7.999999999059341462e+02 1.799994856015418634e+02
3.299999999999998934e+00 7.999999999059341462e+02 1.799994856015418634e+02
3.449999999999998845e+00 7.999999999059341462e+02 1.799994856015418634e+02
3.599999999999998757e+00 7.999999999059341462e+02 1.799994856015418634e+02
3.749999999999998668e+00 7.999999999059341462e+02 1.799994856015418634e+02
3.899999999999998579e+00 7.999999999059341462e+02 1.799994856015418634e+02
4.049999999999998934e+00 5.172998744194844676e+02 1.799994878358304504e+02
4.199999999999999289e+00 4.843216269388748856e+02 1.799994963740354308e+02
4.349999999999999645e+00 4.451525136924741446e+02 1.799995139379817033e+02
4.500000000000000000e+00 4.392588253648222576e+02 1.799995315310585795e+02
4.650000000000000355e+00 4.373499709765683292e+02 1.799995483765248423e+02
4.800000000000000711e+00 4.369147914240024306e+02 1.799995656417377461e+02
4.950000000000001066e+00 4.367997730313099396e+02 1.799995824127908861e+02
5.100000000000001421e+00 4.367713421344083713e+02 1.799995979012678902e+02
5.250000000000001776e+00 4.367640978578986051e+02 1.799996137110981067e+02
5.400000000000002132e+00 4.367622771476196704e+02 1.799996290497962832e+02
5.550000000000002487e+00 4.367618166924092975e+02 1.799996432448789676e+02
5.700000000000002842e+00 4.367617005710185367e+02 1.799996577236698272e+02
5.850000000000003197e+00 4.367616712492318243e+02 1.799996717839974281e+02
6.000000000000003553e+00 4.367616638494627637e+02 1.799996848325858991e+02
6.150000000000003908e+00 4.367616619815390209e+02 1.799996981320180680e+02
6.300000000000004263e+00 4.367616615100757258e+02 1.799997110615954341e+02
6.450000000000004619e+00 4.367616613910742558e+02 1.799997231007549772e+02
6.600000000000004974e+00 4.367616613610450713e+02 1.799997353605577359e+02
6.750000000000005329e+00 4.367616613534947874e+02 1.799997472952248359e+02
6.900000000000005684e+00 4.367616613517038218e+02 1.799997584514154312e+02
7.050000000000006040e+00 4.367616613517044470e+02 1.799997698003737412e+02
7.200000000000006395e+00 4.367616613534967769e+02 1.799997808654898392e+02
7.350000000000006750e+00 4.367616613610481409e+02 1.799997912558663131e+02
7.500000000000007105e+00 4.367616613910783485e+02 1.799998018131664992e+02
7.650000000000007461e+00 4.367616615100813533e+02 1.799998121249262510e+02
7.800000000000007816e+00 4.367616619815457852e+02 1.799998218585675716e+02
7.950000000000008171e+00 4.367616638494708354e+02 1.799998317350496677e+02
8.100000000000008527e+00 4.367616712492410329e+02 1.799998414017027812e+02
8.250000000000008882e+00 4.367617005710292233e+02 1.799998505807562310e+02
8.400000000000009237e+00 4.367618166924215757e+02 1.799998598800710568e+02
8.550000000000009592e+00 4.367622771476333696e+02 1.799998690030406294e+02
8.700000000000009948e+00 4.367640978579140665e+02 1.799998777237224203e+02
8.850000000000010303e+00 4.367713421344254812e+02 1.799998865431649904e+02
9.000000000000010658e+00 4.367997730313285842e+02 1.799998952169674169e+02
9.150000000000011013e+00 4.369147914240235195e+02 1.799999035669750072e+02
9.300000000000011369e+00 4.373499709765921466e+02 1.799999119792024942e+02
9.450000000000011724e+00 4.392588253648526120e+02 1.799999202471579167e+02
9.600000000000012079e+00 4.451525136925183119e+02 1.799999279694851850e+02
9.750000000000012434e+00 4.843216269390611615e+02 1.799999354816588948e+02
9.900000000000012790e+00 5.172998744195965628e+02 1.799999393917804298e+02
1.005000000000001315e+01 7.999999999106523774e+02 1.799999402419824150e+02
1.020000000000001350e+01 7.999999999106523774e+02 1.799999402419824150e+02
1.035000000000001386e+01 7.999999999106523774e+02 1.799999402419824150e+02
1.050000000000001421e+01 7.999999999106523774e+02 1.799999402419824150e+02
1.065000000000001457e+01 7.999999999106523774e+02 1.799999402419824150e+02
1.080000000000001492e+01 7.999999999106523774e+02 1.799999402419824150e+02
1.095000000000001528e+01 7.999999999106523774e+02 1.799999402419824150e+02
1.110000000000001563e+01 7.999999999106523774e+02 1.799999402419824150e+02
1.125000000000001599e+01 7.999999999106523774e+02 1.799999402419824150e+02
1.140000000000001634e+01 7.999999999106523774e+02 1.799999402419824150e+02
1.155000000000001670e+01 7.999999999106523774e+02 1.799999402419824150e+02
1.170000000000001705e+01 7.999999999106523774e+02 1.799999402419824150e+02
1.185000000000001741e+01 7.999999999106523774e+02 1.799999402419824150e+02
1.200000000000001776e+01 7.999999999106523774e+02 1.799999402419824150e+02
1.215000000000001812e+01 7.999999999106523774e+02 1.799999402419824150e+02
1.230000000000001847e+01 7.999999999106523774e+02 1.799999402419824150e+02
1.245000000000001883e+01 7.999999999106523774e+02 1.799999402419824150e+02
1.260000000000001918e+01 7.999999999106523774e+02 1.799999402419824150e+02
1.275000000000001954e+01 7.999999999106523774e+02 1.799999402419824150e+02
1.290000000000001990e+01 7.999999999106523774e+02 1.799999402419824150e+02
1.305000000000002025e+01 7.999999991291248307e+02 1.799999404800313982e+02
1.320000000000002061e+01 7.999999991291248307e+02 1.799999404800313982e+02
1.335000000000002096e+01 7.999999991291248307e+02 1.799999404800313982e+02
1.350000000000002132e+01 7.999999991291248307e+02 1.799999404800313982e+02
1.365000000000002167e+01 7.999999991291248307e+02 1.799999404800313982e+02
1.380000000000002203e+01 7.999999991291248307e+02 1.799999404800313982e+02
1.395000000000002238e+01 7.999999991291248307e+02 1.799999404800313982e+02
1.410000000000002274e+01 7.999999991291248307e+02 1.799999404800313982e+02
1.425000000000002309e+01 7.999999991291248307e+02 1.799999404800313982e+02
1.440000000000002345e+01 7.999999991291248307e+02 1.799999404800313982e+02
1.455000000000002380e+01 7.999999991291248307e+02 1.799999404800313982e+02
1.470000000000002416e+01 7.999999991291248307e+02 1.799999404800313982e+02
1.485000000000002451e+01 7.999999991291248307e+02 1.799999404800313982e+02
1.500000000000002487e+01 7.999999991291248307e+02 1.799999404800313982e+02
1.515000000000002522e+01 7.999999991291248307e+02 1.799999404800313982e+02
1.530000000000002558e+01 7.999999991291248307e+02 1.799999404800313982e+02
1.545000000000002593e+01 7.999999991291248307e+02 1.799999404800313982e+02
1.560000000000002629e+01 7.999999991291248307e+02 1.799999404800313982e+02
1.575000000000002665e+01 7.999999991291248307e+02 1.799999404800313982e+02
1.590000000000002700e+01 7.999999991291248307e+02 1.799999404800313982e+02
