1.499999999999999944e-01 7.999997805638760155e+02 1.879183402060001029e+01
2.999999999999999889e-01 7.999997805638760155e+02 1.879183402060001029e+01
4.499999999999999556e-01 7.999997805638760155e+02 1.879183402060001029e+01
5.999999999999999778e-01 7.999997805638760155e+02 1.879183402060001029e+01
7.500000000000000000e-01 7.999997805638760155e+02 1.879183402060001029e+01
9.000000000000000222e-01 7.999997805638760155e+02 1.879183402060001029e+01
1.050000000000000044e+00 7.999997805638760155e+02 1.879183402060001029e+01
1.199999999999999956e+00 7.999997805638760155e+02 1.879183402060001029e+01
1.349999999999999867e+00 7.999997805638760155e+02 1.879183402060001029e+01
1.499999999999999778e+00 7.999997805638760155e+02 1.879183402060001029e+01
1.649999999999999689e+00 7.999997805638760155e+02 1.879183402060001029e+01
1.799999999999999600e+00 7.999997805638760155e+02 1.879183402060001029e+01
1.949999999999999512e+00 7.999997805638760155e+02 1.879183402060001029e+01
2.099999999999999645e+00 7.999999561653930868e+02 1.882679609481196437e+01
2.249999999999999556e+00 7.999999561653930868e+02 1.882679609481196437e+01
2.399999999999999467e+00 7.999999561653930868e+02 1.882679609481196437e+01
2.549999999999999378e+00 7.999999561653930868e+02 1.882679609481196437e+01
2.699999999999999289e+00 7.999999561653930868e+02 1.882679609481196437e+01
2.849999999999999201e+00 7.999999561653930868e+02 1.882679609481196437e+01
2.999999999999999112e+00 7.999999561653930868e+02 1.882679609481196437e+01
3.149999999999999023e+00 7.999999561653930868e+02 1.882679609481196437e+01
3.299999999999998934e+00 7.999999561653930868e+02 1.882679609481196437e+01
3.449999999999998845e+00 7.999999561653930868e+02 1.882679609481196437e+01
3.599999999999998757e+00 7.999999561653930868e+02 1.882679609481196437e+01
3.749999999999998668e+00 7.999999561653930868e+02 1.882679609481196437e+01
3.899999999999998579e+00 7.999999561653930868e+02 1.882679609481196437e+01
4.049999999999998934e+00 5.103317241703862237e+02 1.901133206493727812e+01
4.199999999999999289e+00 4.258419491796531133e+02 1.991088088536528744e+01
4.349999999999999645e+00 3.342516947052266119e+02 2.211441175627772893e+01
4.500000000000000000e+00 3.030179298175575013e+02 2.501637349064300864e+01
4.650000000000000355e+00 2.865838042861436179e+02 2.849195922504851097e+01
4.800000000000000711e+00 2.785385734293120095e+02 3.225671179243187225e+01
4.950000000000001066e+00 2.744065165543973421e+02 3.617885636955688966e+01
5.100000000000001421e+00 2.722952029552109821e+02 4.017037002701851378e+01
5.250000000000001776e+00 2.712244803894906227e+02 4.418403533801280503e+01
5.400000000000002132e+00 2.706977705377792631e+02 4.819308917472929465e+01
5.550000000000002487e+00 2.704568174048602600e+02 5.218251911926567743e+01
5.700000000000002842e+00 2.703667793641561161e+02 5.614358887835134482e+01
5.850000000000003197e+00 2.703568470628706564e+02 6.007098633619522587e+01
6.000000000000003553e+00 2.703896846067549404e+02 6.396129176013864281e+01
6.150000000000003908e+00 2.704454940391586888e+02 6.781217503261287050e+01
6.300000000000004263e+00 2.705136838062406355e+02 7.162196932616438971e+01
6.450000000000004619e+00 2.705885040051746842e+02 7.538945034360243369e+01
6.600000000000004974e+00 2.706667605883670831e+02 7.911372033853987773e+01
6.750000000000005329e+00 2.707466210931769410e+02 8.279414021859118122e+01
6.900000000000005684e+00 2.708269966233755781e+02 8.643029472671513247e+01
7.050000000000006040e+00 2.709072339715614817e+02 9.002197165643092092e+01
7.200000000000006395e+00 2.709869840501669955e+02 9.356914086021618004e+01
7.350000000000006750e+00 2.710661900616531739e+02 9.707194136322283384e+01
7.500000000000007105e+00 2.711451920470622667e+02 1.005306675476760745e+02
7.650000000000007461e+00 2.712249943054908954e+02 1.039457435801076031e+02
7.800000000000007816e+00 2.713078157540743405e+02 1.073176944108570012e+02
7.950000000000008171e+00 2.713981709752961251e+02 1.106470972014558782e+02
8.100000000000008527e+00 2.715049665503705683e+02 1.139344871928183522e+02
8.250000000000008882e+00 2.716455566886264705e+02 1.171801981946809974e+02
8.400000000000009237e+00 2.718535927748374093e+02 1.203840648708605841e+02
8.550000000000009592e+00 2.721942507856732618e+02 1.235448550159398167e+02
8.700000000000009948e+00 2.727938442594673916e+02 1.266592093561583283e+02
8.850000000000010303e+00 2.738981764763451565e+02 1.297196783694741953e+02
9.000000000000010658e+00 2.759867693368605046e+02 1.327109322851107152e+02
9.150000000000011013e+00 2.800192184854244601e+02 1.356037575054473621e+02
9.300000000000011369e+00 2.878680537566067983e+02 1.383408693456133562e+02
9.450000000000011724e+00 3.040020571853632418e+02 1.408349734477005768e+02
9.600000000000012079e+00 3.348590979040531579e+02 1.428930400804153464e+02
9.750000000000012434e+00 4.260370005615358195e+02 1.444343721763972894e+02
9.900000000000012790e+00 5.103411291402312031e+02 1.450543018561115787e+02
1.005000000000001315e+01 7.999999556351602905e+02 1.451769259061784965e+02
1.020000000000001350e+01 7.999999556351602905e+02 1.451769259061784965e+02
1.035000000000001386e+01 7.999999556351602905e+02 1.451769259061784965e+02
1.050000000000001421e+01 7.999999556351602905e+02 1.451769259061784965e+02
1.065000000000001457e+01 7.999999556351602905e+02 1.451769259061784965e+02
1.080000000000001492e+01 7.999999556351602905e+02 1.451769259061784965e+02
1.095000000000001528e+01 7.999999556351602905e+02 1.451769259061784965e+02
1.110000000000001563e+01 7.999999556351602905e+02 1.451769259061784965e+02
1.125000000000001599e+01 7.999999556351602905e+02 1.451769259061784965e+02
1.140000000000001634e+01 7.999999556351602905e+02 1.451769259061784965e+02
1.155000000000001670e+01 7.999999556351602905e+02 1.451769259061784965e+02
1.170000000000001705e+01 7.999999556351602905e+02 1.451769259061784965e+02
1.185000000000001741e+01 7.999999556351602905e+02 1.451769259061784965e+02
1.200000000000001776e+01 7.999999556351602905e+02 1.451769259061784965e+02
1.215000000000001812e+01 7.999999556351602905e+02 1.451769259061784965e+02
1.230000000000001847e+01 7.999999556351602905e+02 1.451769259061784965e+02
1.245000000000001883e+01 7.999999556351602905e+02 1.451769259061784965e+02
1.260000000000001918e+01 7.999999556351602905e+02 1.451769259061784965e+02
1.275000000000001954e+01 7.999999556351602905e+02 1.451769259061784965e+02
1.290000000000001990e+01 7.999999556351602905e+02 1.451769259061784965e+02
1.305000000000002025e+01 7.999997778660965650e+02 1.452005938199692991e+02
1.320000000000002061e+01 7.999997778660965650e+02 1.452005938199692991e+02
1.335000000000002096e+01 7.999997778660965650e+02 1.452005938199692991e+02
1.350000000000002132e+01 7.999997778660965650e+02 1.452005938199692991e+02
1.365000000000002167e+01 7.999997778660965650e+02 1.452005938199692991e+02
1.380000000000002203e+01 7.999997778660965650e+02 1.452005938199692991e+02
1.395000000000002238e+01 7.999997778660965650e+02 1.452005938199692991e+02
1.410000000000002274e+01 7.999997778660965650e+02 1.452005938199692991e+02
1.425000000000002309e+01 7.999997778660965650e+02 1.452005938199692991e+02
1.440000000000002345e+01 7.999997778660965650e+02 1.452005938199692991e+02
1.455000000000002380e+01 7.999997778660965650e+02 1.452005938199692991e+02
1.470000000000002416e+01 7.999997778660965650e+02 1.452005938199692991e+02
1.485000000000002451e+01 7.999997778660965650e+02 1.452005938199692991e+02
1.500000000000002487e+01 7.999997778660965650e+02 1.452005938199692991e+02
1.515000000000002522e+01 7.999997778660965650e+02 1.452005938199692991e+02
1.530000000000002558e+01 7.999997778660965650e+02 1.452005938199692991e+02
1.545000000000002593e+01 7.999997778660965650e+02 1.452005938199692991e+02
1.560000000000002629e+01 7.999997778660965650e+02 1.452005938199692991e+02
1.575000000000002665e+01 7.999997778660965650e+02 1.452005938199692991e+02
1.590000000000002700e+01 7.999997778660965650e+02 1.452005938199692991e+02
