1.499999999999999944e-01 7.999999914516812396e+02 1.799989570769637055e+02
2.999999999999999889e-01 7.999999914516812396e+02 1.799989570769637055e+02
4.499999999999999556e-01 7.999999914516812396e+02 1.799989570769637055e+02
5.999999999999999778e-01 7.999999914516812396e+02 1.799989570769637055e+02
7.500000000000000000e-01 7.999999914516812396e+02 1.799989570769637055e+02
9.000000000000000222e-01 7.999999914516812396e+02 1.799989570769637055e+02
1.050000000000000044e+00 7.999999914516812396e+02 1.799989570769637055e+02
1.199999999999999956e+00 7.999999914516812396e+02 1.799989570769637055e+02
1.349999999999999867e+00 7.999999914516812396e+02 1.799989570769637055e+02
1.499999999999999778e+00 7.999999914516812396e+02 1.799989570769637055e+02
1.649999999999999689e+00 7.999999914516812396e+02 1.799989570769637055e+02
1.799999999999999600e+00 7.999999914516812396e+02 1.799989570769637055e+02
1.949999999999999512e+00 7.999999914516812396e+02 1.799989570769637055e+02
2.099999999999999645e+00 7.999999988570507412e+02 1.799989582909588250e+02
2.249999999999999556e+00 7.999999988570507412e+02 1.799989582909588250e+02
2.399999999999999467e+00 7.999999988570507412e+02 1.799989582909588250e+02
2.549999999999999378e+00 7.999999988570507412e+02 1.799989582909588250e+02
2.699999999999999289e+00 7.999999988570507412e+02 1.799989582909588250e+02
2.849999999999999201e+00 7.999999988570507412e+02 1.799989582909588250e+02
2.999999999999999112e+00 7.999999988570507412e+02 1.799989582909588250e+02
3.149999999999999023e+00 7.999999988570507412e+02 1.799989582909588250e+02
3.299999999999998934e+00 7.999999988570507412e+02 1.799989582909588250e+02
3.449999999999998845e+00 7.999999988570507412e+02 1.799989582909588250e+02
3.599999999999998757e+00 7.999999988570507412e+02 1.799989582909588250e+02
3.749999999999998668e+00 7.999999988570507412e+02 1.799989582909588250e+02
3.899999999999998579e+00 7.999999988570507412e+02 1.799989582909588250e+02
4.049999999999998934e+00 5.157396295119638125e+02 1.799989626737929598e+02
4.199999999999999289e+00 4.681952080828332328e+02 1.799989803490908571e+02
4.349999999999999645e+00 4.145968555951163239e+02 1.799990167616221015e+02
4.500000000000000000e+00 4.036978963929312840e+02 1.799990548814668330e+02
4.650000000000000355e+00 3.996130472615262761e+02 1.799990930515373577e+02
4.800000000000000711e+00 3.984012164217560326e+02 1.799991311469962341e+02
4.950000000000001066e+00 3.980066543861439072e+02 1.799991680611365723e+02
5.100000000000001421e+00 3.978825586244011561e+02 1.799992029401505818e+02
5.250000000000001776e+00 3.978429637338611542e+02 1.799992373655345261e+02
5.400000000000002132e+00 3.978303985399803082e+02 1.799992705823611061e+02
5.550000000000002487e+00 3.978264022245026013e+02 1.799993019716945923e+02
5.700000000000002842e+00 3.978251322847285678e+02 1.799993329490941676e+02
5.850000000000003197e+00 3.978247285885979636e+02 1.799993628644839703e+02
6.000000000000003553e+00 3.978246002761464410e+02 1.799993911824282122e+02
6.150000000000003908e+00 3.978245594906740052e+02 1.799994191408849815e+02
6.300000000000004263e+00 3.978245465269580450e+02 1.799994461737075540e+02
6.450000000000004619e+00 3.978245424067395106e+02 1.799994718181492033e+02
6.600000000000004974e+00 3.978245410983207648e+02 1.799994971509433128e+02
6.750000000000005329e+00 3.978245406862549771e+02 1.799995216815820243e+02
6.900000000000005684e+00 3.978245405672988682e+02 1.799995450133907582e+02
7.050000000000006040e+00 3.978245405673025630e+02 1.799995680770141746e+02
7.200000000000006395e+00 3.978245406862663458e+02 1.799995904506658633e+02
7.350000000000006750e+00 3.978245410983402053e+02 1.799996117981497150e+02
7.500000000000007105e+00 3.978245424067666249e+02 1.799996329171326295e+02
7.650000000000007461e+00 3.978245465269935153e+02 1.799996534486047040e+02
7.800000000000007816e+00 3.978245594907180589e+02 1.799996731121098890e+02
7.950000000000008171e+00 3.978246002761988507e+02 1.799996925835755519e+02
8.100000000000008527e+00 3.978247285886591271e+02 1.799997115617029522e+02
8.250000000000008882e+00 3.978251322847991673e+02 1.799997298178043650e+02
8.400000000000009237e+00 3.978264022245828073e+02 1.799997479155395013e+02
8.550000000000009592e+00 3.978303985400706893e+02 1.799997656069082552e+02
8.700000000000009948e+00 3.978429637339627334e+02 1.799997827112406128e+02
8.850000000000010303e+00 3.978825586245145018e+02 1.799997996863377523e+02
9.000000000000010658e+00 3.980066543862718049e+02 1.799998163288136084e+02
9.150000000000011013e+00 3.984012164219057013e+02 1.799998324899182762e+02
9.300000000000011369e+00 3.996130472617167584e+02 1.799998484718826717e+02
9.450000000000011724e+00 4.036978963932434681e+02 1.799998640201955880e+02
9.600000000000012079e+00 4.145968555956852697e+02 1.799998783368169200e+02
9.750000000000012434e+00 4.681952080853592406e+02 1.799998913974690709e+02
9.900000000000012790e+00 5.157396295136155686e+02 1.799998977635212043e+02
1.005000000000001315e+01 7.999999989050420481e+02 1.799998991210448196e+02
1.020000000000001350e+01 7.999999989050420481e+02 1.799998991210448196e+02
1.035000000000001386e+01 7.999999989050420481e+02 1.799998991210448196e+02
1.050000000000001421e+01 7.999999989050420481e+02 1.799998991210448196e+02
1.065000000000001457e+01 7.999999989050420481e+02 1.799998991210448196e+02
1.080000000000001492e+01 7.999999989050420481e+02 1.799998991210448196e+02
1.095000000000001528e+01 7.999999989050420481e+02 1.799998991210448196e+02
1.110000000000001563e+01 7.999999989050420481e+02 1.799998991210448196e+02
1.125000000000001599e+01 7.999999989050420481e+02 1.799998991210448196e+02
1.140000000000001634e+01 7.999999989050420481e+02 1.799998991210448196e+02
1.155000000000001670e+01 7.999999989050420481e+02 1.799998991210448196e+02
1.170000000000001705e+01 7.999999989050420481e+02 1.799998991210448196e+02
1.185000000000001741e+01 7.999999989050420481e+02 1.799998991210448196e+02
1.200000000000001776e+01 7.999999989050420481e+02 1.799998991210448196e+02
1.215000000000001812e+01 7.999999989050420481e+02 1.799998991210448196e+02
1.230000000000001847e+01 7.999999989050420481e+02 1.799998991210448196e+02
1.245000000000001883e+01 7.999999989050420481e+02 1.799998991210448196e+02
1.260000000000001918e+01 7.999999989050420481e+02 1.799998991210448196e+02
1.275000000000001954e+01 7.999999989050420481e+02 1.799998991210448196e+02
1.290000000000001990e+01 7.999999989050420481e+02 1.799998991210448196e+02
1.305000000000002025e+01 7.999999918106166206e+02 1.799998994457764070e+02
1.320000000000002061e+01 7.999999918106166206e+02 1.799998994457764070e+02
1.335000000000002096e+01 7.999999918106166206e+02 1.799998994457764070e+02
1.350000000000002132e+01 7.999999918106166206e+02 1.799998994457764070e+02
1.365000000000002167e+01 7.999999918106166206e+02 1.799998994457764070e+02
1.380000000000002203e+01 7.999999918106166206e+02 1.799998994457764070e+02
1.395000000000002238e+01 7.999999918106166206e+02 1.799998994457764070e+02
1.410000000000002274e+01 7.999999918106166206e+02 1.799998994457764070e+02
1.425000000000002309e+01 7.999999918106166206e+02 1.799998994457764070e+02
1.440000000000002345e+01 7.999999918106166206e+02 1.799998994457764070e+02
1.455000000000002380e+01 7.999999918106166206e+02 1.799998994457764070e+02
1.470000000000002416e+01 7.999999918106166206e+02 1.799998994457764070e+02
1.485000000000002451e+01 7.999999918106166206e+02 1.799998994457764070e+02
1.500000000000002487e+01 7.999999918106166206e+02 1.799998994457764070e+02
1.515000000000002522e+01 7.999999918106166206e+02 1.799998994457764070e+02
1.530000000000002558e+01 7.999999918106166206e+02 1.799998994457764070e+02
1.545000000000002593e+01 7.999999918106166206e+02 1.799998994457764070e+02
1.560000000000002629e+01 7.999999918106166206e+02 1.799998994457764070e+02
1.575000000000002665e+01 7.999999918106166206e+02 1.799998994457764070e+02
1.590000000000002700e+01 7.999999918106166206e+02 1.799998994457764070e+02
