1.499999999999999944e-01 7.999263926933626863e+02 1.005695373090809142e-06
2.999999999999999889e-01 7.999263926933626863e+02 1.005695373090809142e-06
4.499999999999999556e-01 7.999263926933626863e+02 1.005695373090809142e-06
5.999999999999999778e-01 7.999263926933626863e+02 1.005695373090809142e-06
7.500000000000000000e-01 7.999263926933626863e+02 1.005695373090809142e-06
9.000000000000000222e-01 7.999263926933626863e+02 1.005695373090809142e-06
1.050000000000000044e+00 7.999263926933626863e+02 1.005695373090809142e-06
1.199999999999999956e+00 7.999263926933626863e+02 1.005695373090809142e-06
1.349999999999999867e+00 7.999263926933626863e+02 1.005695373090809142e-06
1.499999999999999778e+00 7.999263926933626863e+02 1.005695373090809142e-06
1.649999999999999689e+00 7.999263926933626863e+02 1.005695373090809142e-06
1.799999999999999600e+00 7.999263926933626863e+02 1.005695373090809142e-06
1.949999999999999512e+00 7.999263926933626863e+02 1.005695373090809142e-06
2.099999999999999645e+00 7.999686318492558712e+02 1.004439781016053246e-06
2.249999999999999556e+00 7.999686318492558712e+02 1.004439781016053246e-06
2.399999999999999467e+00 7.999686318492558712e+02 1.004439781016053246e-06
2.549999999999999378e+00 7.999686318492558712e+02 1.004439781016053246e-06
2.699999999999999289e+00 7.999686318492558712e+02 1.004439781016053246e-06
2.849999999999999201e+00 7.999686318492558712e+02 1.004439781016053246e-06
2.999999999999999112e+00 7.999686318492558712e+02 1.004439781016053246e-06
3.149999999999999023e+00 7.999686318492558712e+02 1.004439781016053246e-06
3.299999999999998934e+00 7.999686318492558712e+02 1.004439781016053246e-06
3.449999999999998845e+00 7.999686318492558712e+02 1.004439781016053246e-06
3.599999999999998757e+00 7.999686318492558712e+02 1.004439781016053246e-06
3.749999999999998668e+00 7.999686318492558712e+02 1.004439781016053246e-06
3.899999999999998579e+00 7.999686318492558712e+02 1.004439781016053246e-06
4.049999999999998934e+00 4.672252010526084405e+02 1.005214110172403252e-06
4.199999999999999289e+00 2.606038927705733954e+02 1.009322694978109780e-06
4.349999999999999645e+00 1.042638973213975788e+02 1.011928010052898230e-06
4.500000000000000000e+00 4.673191925081572151e+01 1.016798344743996552e-06
4.650000000000000355e+00 2.012006098323369585e+01 1.031421137387411591e-06
4.800000000000000711e+00 8.638228320041832831e+00 1.057225516243320840e-06
4.950000000000001066e+00 3.574121815613594322e+00 1.120745521832056113e-06
5.100000000000001421e+00 1.355658331160469743e+00 1.301657244989762319e-06
5.250000000000001776e+00 3.816965675906658362e-01 2.029235183331756787e-06
5.400000000000002132e+00 4.560748738003894687e-02 1.799999925446518034e+02
5.550000000000002487e+00 2.331177267813018261e-01 1.799999993575913209e+02
5.700000000000002842e+00 3.153957138833902718e-01 1.799999997915016650e+02
5.850000000000003197e+00 3.514994410942335890e-01 1.799999999177454129e+02
6.000000000000003553e+00 3.673418147556049007e-01 1.799999999650517566e+02
6.150000000000003908e+00 3.742937187987536163e-01 1.799999999843081468e+02
6.300000000000004263e+00 3.773448559642247346e-01 1.799999999917340858e+02
6.450000000000004619e+00 3.786851736866765350e-01 1.799999999931170009e+02
6.600000000000004974e+00 3.792766812190393466e-01 1.799999999895877068e+02
6.750000000000005329e+00 3.795439317665341150e-01 1.799999999786220712e+02
6.900000000000005684e+00 3.796787438360524902e-01 1.799999999522889595e+02
7.050000000000006040e+00 3.797778784551155695e-01 1.799999998919430482e+02
7.200000000000006395e+00 3.799124894408123509e-01 1.799999997544852022e+02
7.350000000000006750e+00 3.801791929081446142e-01 1.799999994407796180e+02
7.500000000000007105e+00 3.807694149909366388e-01 1.799999987299563315e+02
7.650000000000007461e+00 3.821067860801576899e-01 1.799999971211724983e+02
7.800000000000007816e+00 3.851512009804309855e-01 1.799999934890421684e+02
7.950000000000008171e+00 3.920877818227381795e-01 1.799999854516102857e+02
8.100000000000008527e+00 4.078952341631065792e-01 1.799999681894167907e+02
8.250000000000008882e+00 4.439193809764674370e-01 1.799999333664831056e+02
8.400000000000009237e+00 5.260160285287156512e-01 1.799998720857390424e+02
8.550000000000009592e+00 7.131131058459345695e-01 1.799997853726025312e+02
8.700000000000009948e+00 1.139476138832037577e+00 1.799996938009244616e+02
8.850000000000010303e+00 2.111296043089254226e+00 1.799996240612397003e+02
9.000000000000010658e+00 4.324893583242641171e+00 1.799995826456519978e+02
9.150000000000011013e+00 9.377980013480268440e+00 1.799995608611328635e+02
9.300000000000011369e+00 2.083512294747056259e+01 1.799995515034476909e+02
9.450000000000011724e+00 4.739238091246879492e+01 1.799995477113827178e+02
9.600000000000012079e+00 1.048114648029354470e+02 1.799995455099587502e+02
9.750000000000012434e+00 2.609262640935460240e+02 1.799995455201068353e+02
9.900000000000012790e+00 4.672780228320477818e+02 1.799995458027073312e+02
1.005000000000001315e+01 7.999685208629922499e+02 1.799995456503679065e+02
1.020000000000001350e+01 7.999685208629922499e+02 1.799995456503679065e+02
1.035000000000001386e+01 7.999685208629922499e+02 1.799995456503679065e+02
1.050000000000001421e+01 7.999685208629922499e+02 1.799995456503679065e+02
1.065000000000001457e+01 7.999685208629922499e+02 1.799995456503679065e+02
1.080000000000001492e+01 7.999685208629922499e+02 1.799995456503679065e+02
1.095000000000001528e+01 7.999685208629922499e+02 1.799995456503679065e+02
1.110000000000001563e+01 7.999685208629922499e+02 1.799995456503679065e+02
1.125000000000001599e+01 7.999685208629922499e+02 1.799995456503679065e+02
1.140000000000001634e+01 7.999685208629922499e+02 1.799995456503679065e+02
1.155000000000001670e+01 7.999685208629922499e+02 1.799995456503679065e+02
1.170000000000001705e+01 7.999685208629922499e+02 1.799995456503679065e+02
1.185000000000001741e+01 7.999685208629922499e+02 1.799995456503679065e+02
1.200000000000001776e+01 7.999685208629922499e+02 1.799995456503679065e+02
1.215000000000001812e+01 7.999685208629922499e+02 1.799995456503679065e+02
1.230000000000001847e+01 7.999685208629922499e+02 1.799995456503679065e+02
1.245000000000001883e+01 7.999685208629922499e+02 1.799995456503679065e+02
1.260000000000001918e+01 7.999685208629922499e+02 1.799995456503679065e+02
1.275000000000001954e+01 7.999685208629922499e+02 1.799995456503679065e+02
1.290000000000001990e+01 7.999685208629922499e+02 1.799995456503679065e+02
1.305000000000002025e+01 7.999261157376929532e+02 1.799995462145118097e+02
1.320000000000002061e+01 7.999261157376929532e+02 1.799995462145118097e+02
1.335000000000002096e+01 7.999261157376929532e+02 1.799995462145118097e+02
1.350000000000002132e+01 7.999261157376929532e+02 1.799995462145118097e+02
1.365000000000002167e+01 7.999261157376929532e+02 1.799995462145118097e+02
1.380000000000002203e+01 7.999261157376929532e+02 1.799995462145118097e+02
1.395000000000002238e+01 7.999261157376929532e+02 1.799995462145118097e+02
1.410000000000002274e+01 7.999261157376929532e+02 1.799995462145118097e+02
1.425000000000002309e+01 7.999261157376929532e+02 1.799995462145118097e+02
1.440000000000002345e+01 7.999261157376929532e+02 1.799995462145118097e+02
1.455000000000002380e+01 7.999261157376929532e+02 1.799995462145118097e+02
1.470000000000002416e+01 7.999261157376929532e+02 1.799995462145118097e+02
1.485000000000002451e+01 7.999261157376929532e+02 1.799995462145118097e+02
1.500000000000002487e+01 7.999261157376929532e+02 1.799995462145118097e+02
1.515000000000002522e+01 7.999261157376929532e+02 1.799995462145118097e+02
1.530000000000002558e+01 7.999261157376929532e+02 1.799995462145118097e+02
1.545000000000002593e+01 7.999261157376929532e+02 1.799995462145118097e+02
1.560000000000002629e+01 7.999261157376929532e+02 1.799995462145118097e+02
1.575000000000002665e+01 7.999261157376929532e+02 1.799995462145118097e+02
1.590000000000002700e+01 7.999261157376929532e+02 1.799995462145118097e+02
