1.499999999999999944e-01 7.999682964637975147e+02 1.135957994335967669e-11
2.999999999999999889e-01 7.999682964637975147e+02 1.135957994335967669e-11
4.499999999999999556e-01 7.999682964637975147e+02 1.135957994335967669e-11
5.999999999999999778e-01 7.999682964637975147e+02 1.135957994335967669e-11
7.500000000000000000e-01 7.999682964637975147e+02 1.135957994335967669e-11
9.000000000000000222e-01 7.999682964637975147e+02 1.135957994335967669e-11
1.050000000000000044e+00 7.999682964637975147e+02 1.135957994335967669e-11
1.199999999999999956e+00 7.999682964637975147e+02 1.135957994335967669e-11
1.349999999999999867e+00 7.999682964637975147e+02 1.135957994335967669e-11
1.499999999999999778e+00 7.999682964637975147e+02 1.135957994335967669e-11
1.649999999999999689e+00 7.999682964637975147e+02 1.135957994335967669e-11
1.799999999999999600e+00 7.999682964637975147e+02 1.135957994335967669e-11
1.949999999999999512e+00 7.999682964637975147e+02 1.135957994335967669e-11
2.099999999999999645e+00 7.999878947229791493e+02 1.132482996268890929e-11
2.249999999999999556e+00 7.999878947229791493e+02 1.132482996268890929e-11
2.399999999999999467e+00 7.999878947229791493e+02 1.132482996268890929e-11
2.549999999999999378e+00 7.999878947229791493e+02 1.132482996268890929e-11
2.699999999999999289e+00 7.999878947229791493e+02 1.132482996268890929e-11
2.849999999999999201e+00 7.999878947229791493e+02 1.132482996268890929e-11
2.999999999999999112e+00 7.999878947229791493e+02 1.132482996268890929e-11
3.149999999999999023e+00 7.999878947229791493e+02 1.132482996268890929e-11
3.299999999999998934e+00 7.999878947229791493e+02 1.132482996268890929e-11
3.449999999999998845e+00 7.999878947229791493e+02 1.132482996268890929e-11
3.599999999999998757e+00 7.999878947229791493e+02 1.132482996268890929e-11
3.749999999999998668e+00 7.999878947229791493e+02 1.132482996268890929e-11
3.899999999999998579e+00 7.999878947229791493e+02 1.132482996268890929e-11
4.049999999999998934e+00 4.788883462529331041e+02 1.135447291744640097e-11
4.199999999999999289e+00 2.888252996073594545e+02 1.165456620100258078e-11
4.349999999999999645e+00 1.288637360421619178e+02 1.266597937643609839e-11
4.500000000000000000e+00 6.416380850617164811e+01 1.663291726572424523e-11
4.650000000000000355e+00 3.109485738123986920e+01 3.372302437298912992e-11
4.800000000000000711e+00 1.518510477229182598e+01 1.051773113047715924e-10
4.950000000000001066e+00 7.380690184715376745e+00 4.067450820599560757e-10
5.100000000000001421e+00 3.571563844036148794e+00 1.683226336091081521e-09
5.250000000000001776e+00 1.709433574781229481e+00 7.158092230064028172e-09
5.400000000000002132e+00 7.995069756162251906e-01 3.127156722460000537e-08
5.550000000000002487e+00 3.548132912634400782e-01 1.441507812005582423e-07
5.700000000000002842e+00 1.374931104351162503e-01 7.609356951210344278e-07
5.850000000000003197e+00 3.128769764043681789e-02 6.840537345453867601e-06
6.000000000000003553e+00 2.061656157093239017e-02 1.799999787569931300e+02
6.150000000000003908e+00 4.598574256942811189e-02 1.799999805172300000e+02
6.300000000000004263e+00 5.839097642547130818e-02 1.799999686115315001e+02
6.450000000000004619e+00 6.446840592980151996e-02 1.799999418246478342e+02
6.600000000000004974e+00 6.746912504422653001e-02 1.799998862836408193e+02
6.750000000000005329e+00 6.899835853892000159e-02 1.799997725262210793e+02
6.900000000000005684e+00 6.987416354695596965e-02 1.799995403538969754e+02
7.050000000000006040e+00 7.056504932370444294e-02 1.799990689079238564e+02
7.200000000000006395e+00 7.144060368500504410e-02 1.799981186082077897e+02
7.350000000000006750e+00 7.296919947020796826e-02 1.799962307505458057e+02
7.500000000000007105e+00 7.596855489646259230e-02 1.799925936765373251e+02
7.650000000000007461e+00 8.204316592309623957e-02 1.799859706930812706e+02
7.800000000000007816e+00 9.444262357555999188e-02 1.799750609045158853e+02
7.950000000000008171e+00 1.197999802789126989e-01 1.799597807369938494e+02
8.100000000000008527e+00 1.716800619929017557e-01 1.799425866253566255e+02
8.250000000000008882e+00 2.778360270485791261e-01 1.799274036681184441e+02
8.400000000000009237e+00 4.950550842509073846e-01 1.799166527296497122e+02
8.550000000000009592e+00 9.395420194460371022e-01 1.799101594164829976e+02
8.700000000000009948e+00 1.849046236408952382e+00 1.799065873283561814e+02
8.850000000000010303e+00 3.710314959640612642e+00 1.799047629552993044e+02
9.000000000000010658e+00 7.517690103770576115e+00 1.799038581773866667e+02
9.150000000000011013e+00 1.531856793042059550e+01 1.799033939935561364e+02
9.300000000000011369e+00 3.122128877540552949e+01 1.799031931666640389e+02
9.450000000000011724e+00 6.427658063445107928e+01 1.799031076509698153e+02
9.600000000000012079e+00 1.289519908609434538e+02 1.799030506759841614e+02
9.750000000000012434e+00 2.888718430810631617e+02 1.799030521014672672e+02
9.900000000000012790e+00 4.788944558755214871e+02 1.799030604427618982e+02
1.005000000000001315e+01 7.999877178951144288e+02 1.799030561660532044e+02
1.020000000000001350e+01 7.999877178951144288e+02 1.799030561660532044e+02
1.035000000000001386e+01 7.999877178951144288e+02 1.799030561660532044e+02
1.050000000000001421e+01 7.999877178951144288e+02 1.799030561660532044e+02
1.065000000000001457e+01 7.999877178951144288e+02 1.799030561660532044e+02
1.080000000000001492e+01 7.999877178951144288e+02 1.799030561660532044e+02
1.095000000000001528e+01 7.999877178951144288e+02 1.799030561660532044e+02
1.110000000000001563e+01 7.999877178951144288e+02 1.799030561660532044e+02
1.125000000000001599e+01 7.999877178951144288e+02 1.799030561660532044e+02
1.140000000000001634e+01 7.999877178951144288e+02 1.799030561660532044e+02
1.155000000000001670e+01 7.999877178951144288e+02 1.799030561660532044e+02
1.170000000000001705e+01 7.999877178951144288e+02 1.799030561660532044e+02
1.185000000000001741e+01 7.999877178951144288e+02 1.799030561660532044e+02
1.200000000000001776e+01 7.999877178951144288e+02 1.799030561660532044e+02
1.215000000000001812e+01 7.999877178951144288e+02 1.799030561660532044e+02
1.230000000000001847e+01 7.999877178951144288e+02 1.799030561660532044e+02
1.245000000000001883e+01 7.999877178951144288e+02 1.799030561660532044e+02
1.260000000000001918e+01 7.999877178951144288e+02 1.799030561660532044e+02
1.275000000000001954e+01 7.999877178951144288e+02 1.799030561660532044e+02
1.290000000000001990e+01 7.999877178951144288e+02 1.799030561660532044e+02
1.305000000000002025e+01 7.999678323043194723e+02 1.799030724144456599e+02
1.320000000000002061e+01 7.999678323043194723e+02 1.799030724144456599e+02
1.335000000000002096e+01 7.999678323043194723e+02 1.799030724144456599e+02
1.350000000000002132e+01 7.999678323043194723e+02 1.799030724144456599e+02
1.365000000000002167e+01 7.999678323043194723e+02 1.799030724144456599e+02
1.380000000000002203e+01 7.999678323043194723e+02 1.799030724144456599e+02
1.395000000000002238e+01 7.999678323043194723e+02 1.799030724144456599e+02
1.410000000000002274e+01 7.999678323043194723e+02 1.799030724144456599e+02
1.425000000000002309e+01 7.999678323043194723e+02 1.799030724144456599e+02
1.440000000000002345e+01 7.999678323043194723e+02 1.799030724144456599e+02
1.455000000000002380e+01 7.999678323043194723e+02 1.799030724144456599e+02
1.470000000000002416e+01 7.999678323043194723e+02 1.799030724144456599e+02
1.485000000000002451e+01 7.999678323043194723e+02 1.799030724144456599e+02
1.500000000000002487e+01 7.999678323043194723e+02 1.799030724144456599e+02
1.515000000000002522e+01 7.999678323043194723e+02 1.799030724144456599e+02
1.530000000000002558e+01 7.999678323043194723e+02 1.799030724144456599e+02
1.545000000000002593e+01 7.999678323043194723e+02 1.799030724144456599e+02
1.560000000000002629e+01 7.999678323043194723e+02 1.799030724144456599e+02
1.575000000000002665e+01 7.999678323043194723e+02 1.799030724144456599e+02
1.590000000000002700e+01 7.999678323043194723e+02 1.799030724144456599e+02
