1.499999999999999944e-01 7.998503846400562907e+02 1.783462266757851467e-12
2.999999999999999889e-01 7.998503846400562907e+02 1.783462266757851467e-12
4.499999999999999556e-01 7.998503846400562907e+02 1.783462266757851467e-12
5.999999999999999778e-01 7.998503846400562907e+02 1.783462266757851467e-12
7.500000000000000000e-01 7.998503846400562907e+02 1.783462266757851467e-12
9.000000000000000222e-01 7.998503846400562907e+02 1.783462266757851467e-12
1.050000000000000044e+00 7.998503846400562907e+02 1.783462266757851467e-12
1.199999999999999956e+00 7.998503846400562907e+02 1.783462266757851467e-12
1.349999999999999867e+00 7.998503846400562907e+02 1.783462266757851467e-12
1.499999999999999778e+00 7.998503846400562907e+02 1.783462266757851467e-12
1.649999999999999689e+00 7.998503846400562907e+02 1.783462266757851467e-12
1.799999999999999600e+00 7.998503846400562907e+02 1.783462266757851467e-12
1.949999999999999512e+00 7.998503846400562907e+02 1.783462266757851467e-12
2.099999999999999645e+00 7.999300569622940884e+02 1.769140389740186947e-12
2.249999999999999556e+00 7.999300569622940884e+02 1.769140389740186947e-12
2.399999999999999467e+00 7.999300569622940884e+02 1.769140389740186947e-12
2.549999999999999378e+00 7.999300569622940884e+02 1.769140389740186947e-12
2.699999999999999289e+00 7.999300569622940884e+02 1.769140389740186947e-12
2.849999999999999201e+00 7.999300569622940884e+02 1.769140389740186947e-12
2.999999999999999112e+00 7.999300569622940884e+02 1.769140389740186947e-12
3.149999999999999023e+00 7.999300569622940884e+02 1.769140389740186947e-12
3.299999999999998934e+00 7.999300569622940884e+02 1.769140389740186947e-12
3.449999999999998845e+00 7.999300569622940884e+02 1.769140389740186947e-12
3.599999999999998757e+00 7.999300569622940884e+02 1.769140389740186947e-12
3.749999999999998668e+00 7.999300569622940884e+02 1.769140389740186947e-12
3.899999999999998579e+00 7.999300569622940884e+02 1.769140389740186947e-12
4.049999999999998934e+00 4.548472637727776373e+02 1.806776950274979754e-12
4.199999999999999289e+00 2.364272634983006185e+02 1.791788939442540141e-12
4.349999999999999645e+00 8.631743665296770018e+01 1.754263401210209850e-12
4.500000000000000000e+00 3.561785976381978003e+01 1.764699497641686321e-12
4.650000000000000355e+00 1.406135332359083634e+01 1.735833699001432251e-12
4.800000000000000711e+00 5.576964907518274117e+00 1.693867268670601334e-12
4.950000000000001066e+00 2.152114771151588002e+00 1.846967023766410421e-12
5.100000000000001421e+00 7.812775321914955384e-01 2.113087482769060443e-12
5.250000000000001776e+00 2.310146217730562057e-01 3.968714246127547085e-12
5.400000000000002132e+00 1.034739206079393625e-02 9.063017003541062877e-11
5.550000000000002487e+00 7.817347109812544659e-02 1.799999999999770068e+02
5.700000000000002842e+00 1.136798426477980684e-01 1.799999999999621423e+02
5.850000000000003197e+00 1.279222356492937251e-01 1.799999999999168381e+02
6.000000000000003553e+00 1.336351155259762891e-01 1.799999999998017870e+02
6.150000000000003908e+00 1.359266922463575611e-01 1.799999999995147277e+02
6.300000000000004263e+00 1.368459684140361787e-01 1.799999999987993249e+02
6.450000000000004619e+00 1.372149140361216269e-01 1.799999999970141573e+02
6.600000000000004974e+00 1.373634215187848895e-01 1.799999999925706788e+02
6.750000000000005329e+00 1.374242784045236476e-01 1.799999999815022420e+02
6.900000000000005684e+00 1.374518991083277797e-01 1.799999999538851227e+02
7.050000000000006040e+00 1.374709815381720546e-01 1.799999998851456553e+02
7.200000000000006395e+00 1.374985880811436800e-01 1.799999997139592836e+02
7.350000000000006750e+00 1.375594029564126686e-01 1.799999992870733365e+02
7.500000000000007105e+00 1.377078039968182566e-01 1.799999982260411855e+02
7.650000000000007461e+00 1.380764836312664556e-01 1.799999955929347095e+02
7.800000000000007816e+00 1.389950954198866384e-01 1.799999890836217560e+02
7.950000000000008171e+00 1.412850165029340133e-01 1.799999732484408526e+02
8.100000000000008527e+00 1.469937684969409020e-01 1.799999359508875614e+02
8.250000000000008882e+00 1.612258712934817595e-01 1.799998543914400955e+02
8.400000000000009237e+00 1.967065904950686672e-01 1.799997027186198579e+02
8.550000000000009592e+00 2.851635091167281644e-01 1.799994891822458953e+02
8.700000000000009948e+00 5.056713545288857858e-01 1.799992817395408622e+02
8.850000000000010303e+00 1.055537134017242806e+00 1.799991427666150230e+02
9.000000000000010658e+00 2.425386016580972637e+00 1.799990710439887494e+02
9.150000000000011013e+00 5.847779748012690959e+00 1.799990382038672578e+02
9.300000000000011369e+00 1.432611301537676596e+01 1.799990253014111090e+02
9.450000000000011724e+00 3.586778614069510240e+01 1.799990204709426962e+02
9.600000000000012079e+00 8.653308594357106642e+01 1.799990180210285189e+02
9.750000000000012434e+00 2.365653435403620506e+02 1.799990179859036914e+02
9.900000000000012790e+00 4.548744940855144705e+02 1.799990182598394028e+02
1.005000000000001315e+01 7.999294304790691967e+02 1.799990181049766420e+02
1.020000000000001350e+01 7.999294304790691967e+02 1.799990181049766420e+02
1.035000000000001386e+01 7.999294304790691967e+02 1.799990181049766420e+02
1.050000000000001421e+01 7.999294304790691967e+02 1.799990181049766420e+02
1.065000000000001457e+01 7.999294304790691967e+02 1.799990181049766420e+02
1.080000000000001492e+01 7.999294304790691967e+02 1.799990181049766420e+02
1.095000000000001528e+01 7.999294304790691967e+02 1.799990181049766420e+02
1.110000000000001563e+01 7.999294304790691967e+02 1.799990181049766420e+02
1.125000000000001599e+01 7.999294304790691967e+02 1.799990181049766420e+02
1.140000000000001634e+01 7.999294304790691967e+02 1.799990181049766420e+02
1.155000000000001670e+01 7.999294304790691967e+02 1.799990181049766420e+02
1.170000000000001705e+01 7.999294304790691967e+02 1.799990181049766420e+02
1.185000000000001741e+01 7.999294304790691967e+02 1.799990181049766420e+02
1.200000000000001776e+01 7.999294304790691967e+02 1.799990181049766420e+02
1.215000000000001812e+01 7.999294304790691967e+02 1.799990181049766420e+02
1.230000000000001847e+01 7.999294304790691967e+02 1.799990181049766420e+02
1.245000000000001883e+01 7.999294304790691967e+02 1.799990181049766420e+02
1.260000000000001918e+01 7.999294304790691967e+02 1.799990181049766420e+02
1.275000000000001954e+01 7.999294304790691967e+02 1.799990181049766420e+02
1.290000000000001990e+01 7.999294304790691967e+02 1.799990181049766420e+02
1.305000000000002025e+01 7.998490301036654273e+02 1.799990186668978254e+02
1.320000000000002061e+01 7.998490301036654273e+02 1.799990186668978254e+02
1.335000000000002096e+01 7.998490301036654273e+02 1.799990186668978254e+02
1.350000000000002132e+01 7.998490301036654273e+02 1.799990186668978254e+02
1.365000000000002167e+01 7.998490301036654273e+02 1.799990186668978254e+02
1.380000000000002203e+01 7.998490301036654273e+02 1.799990186668978254e+02
1.395000000000002238e+01 7.998490301036654273e+02 1.799990186668978254e+02
1.410000000000002274e+01 7.998490301036654273e+02 1.799990186668978254e+02
1.425000000000002309e+01 7.998490301036654273e+02 1.799990186668978254e+02
1.440000000000002345e+01 7.998490301036654273e+02 1.799990186668978254e+02
1.455000000000002380e+01 7.998490301036654273e+02 1.799990186668978254e+02
1.470000000000002416e+01 7.998490301036654273e+02 1.799990186668978254e+02
1.485000000000002451e+01 7.998490301036654273e+02 1.799990186668978254e+02
1.500000000000002487e+01 7.998490301036654273e+02 1.799990186668978254e+02
1.515000000000002522e+01 7.998490301036654273e+02 1.799990186668978254e+02
1.530000000000002558e+01 7.998490301036654273e+02 1.799990186668978254e+02
1.545000000000002593e+01 7.998490301036654273e+02 1.799990186668978254e+02
1.560000000000002629e+01 7.998490301036654273e+02 1.799990186668978254e+02
1.575000000000002665e+01 7.998490301036654273e+02 1.799990186668978254e+02
1.590000000000002700e+01 7.998490301036654273e+02 1.799990186668978254e+02
