1.499999999999999944e-01 7.999882004992848579e+02 1.799989994248447545e+02
2.999999999999999889e-01 7.999882004992848579e+02 1.799989994248447545e+02
4.499999999999999556e-01 7.999882004992848579e+02 1.799989994248447545e+02
5.999999999999999778e-01 7.999882004992848579e+02 1.799989994248447545e+02
7.500000000000000000e-01 7.999882004992848579e+02 1.799989994248447545e+02
9.000000000000000222e-01 7.999882004992848579e+02 1.799989994248447545e+02
1.050000000000000044e+00 7.999882004992848579e+02 1.799989994248447545e+02
1.199999999999999956e+00 7.999882004992848579e+02 1.799989994248447545e+02
1.349999999999999867e+00 7.999882004992848579e+02 1.799989994248447545e+02
1.499999999999999778e+00 7.999882004992848579e+02 1.799989994248447545e+02
1.649999999999999689e+00 7.999882004992848579e+02 1.799989994248447545e+02
1.799999999999999600e+00 7.999882004992848579e+02 1.799989994248447545e+02
1.949999999999999512e+00 7.999882004992848579e+02 1.799989994248447545e+02
2.099999999999999645e+00 7.999960524088554621e+02 1.799989999471565909e+02
2.249999999999999556e+00 7.999960524088554621e+02 1.799989999471565909e+02
2.399999999999999467e+00 7.999960524088554621e+02 1.799989999471565909e+02
2.549999999999999378e+00 7.999960524088554621e+02 1.799989999471565909e+02
2.699999999999999289e+00 7.999960524088554621e+02 1.799989999471565909e+02
2.849999999999999201e+00 7.999960524088554621e+02 1.799989999471565909e+02
2.999999999999999112e+00 7.999960524088554621e+02 1.799989999471565909e+02
3.149999999999999023e+00 7.999960524088554621e+02 1.799989999471565909e+02
3.299999999999998934e+00 7.999960524088554621e+02 1.799989999471565909e+02
3.449999999999998845e+00 7.999960524088554621e+02 1.799989999471565909e+02
3.599999999999998757e+00 7.999960524088554621e+02 1.799989999471565909e+02
3.749999999999998668e+00 7.999960524088554621e+02 1.799989999471565909e+02
3.899999999999998579e+00 7.999960524088554621e+02 1.799989999471565909e+02
4.049999999999998934e+00 4.895624095015154467e+02 1.799990008433172477e+02
4.199999999999999289e+00 3.220308578030798685e+02 1.799990029112159107e+02
4.349999999999999645e+00 1.644033172211408385e+02 1.799990110705559232e+02
4.500000000000000000e+00 9.417607124468715085e+01 1.799990251886723343e+02
4.650000000000000355e+00 5.374530115211674541e+01 1.799990496611926289e+02
4.800000000000000711e+00 3.152409232135574513e+01 1.799990920073879863e+02
4.950000000000001066e+00 1.906621301153398207e+01 1.799991592675208381e+02
5.100000000000001421e+00 1.209880266677170724e+01 1.799992567953495666e+02
5.250000000000001776e+00 8.195782804645325825e+00 1.799993851663559212e+02
5.400000000000002132e+00 6.009489934904912900e+00 1.799995300640051141e+02
5.550000000000002487e+00 4.784632117389861605e+00 1.799996688725898650e+02
5.700000000000002842e+00 4.098405377521416426e+00 1.799997833456427827e+02
5.850000000000003197e+00 3.713953882303755449e+00 1.799998660056907624e+02
6.000000000000003553e+00 3.498597272727948848e+00 1.799999201997668479e+02
6.150000000000003908e+00 3.378015489953099859e+00 1.799999536789159436e+02
6.300000000000004263e+00 3.310596591648547360e+00 1.799999735103235992e+02
6.450000000000004619e+00 3.273075081850265633e+00 1.799999849684668618e+02
6.600000000000004974e+00 3.252502810569382063e+00 1.799999915221761455e+02
6.750000000000005329e+00 3.241780602196243422e+00 1.799999952328223003e+02
6.900000000000005684e+00 3.237208394887247209e+00 1.799999973217520903e+02
7.050000000000006040e+00 3.237208395034755881e+00 1.799999984989550512e+02
7.200000000000006395e+00 3.241780602727274641e+00 1.799999991599143812e+02
7.350000000000006750e+00 3.252502811660946236e+00 1.799999995302513014e+02
7.500000000000007105e+00 3.273075083863759005e+00 1.799999997383806658e+02
7.650000000000007461e+00 3.310596595343639592e+00 1.799999998550354974e+02
7.800000000000007816e+00 3.378015496568863796e+00 1.799999999202959202e+02
7.950000000000008171e+00 3.498597284528642604e+00 1.799999999568690896e+02
8.100000000000008527e+00 3.713953903360618369e+00 1.799999999772287538e+02
8.250000000000008882e+00 4.098405415084499737e+00 1.799999999884232977e+02
8.400000000000009237e+00 4.784632184395675836e+00 1.799999999944423053e+02
8.550000000000009592e+00 6.009490054453316077e+00 1.799999999975197227e+02
8.700000000000009948e+00 8.195783017935490022e+00 1.799999999989792059e+02
8.850000000000010303e+00 1.209880304738464574e+01 1.799999999996119016e+02
9.000000000000010658e+00 1.906621369078744621e+01 1.799999999998613305e+02
9.150000000000011013e+00 3.152409353661608193e+01 1.799999999999520810e+02
9.300000000000011369e+00 5.374530331904495029e+01 1.799999999999832880e+02
9.450000000000011724e+00 9.417607522473480230e+01 1.799999999999935199e+02
9.600000000000012079e+00 1.644033240515188368e+02 1.799999999999967031e+02
9.750000000000012434e+00 3.220308748104147298e+02 1.799999999999977547e+02
9.900000000000012790e+00 4.895624237886608512e+02 1.799999999999979252e+02
1.005000000000001315e+01 7.999961642979239969e+02 1.799999999999979536e+02
1.020000000000001350e+01 7.999961642979239969e+02 1.799999999999979536e+02
1.035000000000001386e+01 7.999961642979239969e+02 1.799999999999979536e+02
1.050000000000001421e+01 7.999961642979239969e+02 1.799999999999979536e+02
1.065000000000001457e+01 7.999961642979239969e+02 1.799999999999979536e+02
1.080000000000001492e+01 7.999961642979239969e+02 1.799999999999979536e+02
1.095000000000001528e+01 7.999961642979239969e+02 1.799999999999979536e+02
1.110000000000001563e+01 7.999961642979239969e+02 1.799999999999979536e+02
1.125000000000001599e+01 7.999961642979239969e+02 1.799999999999979536e+02
1.140000000000001634e+01 7.999961642979239969e+02 1.799999999999979536e+02
1.155000000000001670e+01 7.999961642979239969e+02 1.799999999999979536e+02
1.170000000000001705e+01 7.999961642979239969e+02 1.799999999999979536e+02
1.185000000000001741e+01 7.999961642979239969e+02 1.799999999999979536e+02
1.200000000000001776e+01 7.999961642979239969e+02 1.799999999999979536e+02
1.215000000000001812e+01 7.999961642979239969e+02 1.799999999999979536e+02
1.230000000000001847e+01 7.999961642979239969e+02 1.799999999999979536e+02
1.245000000000001883e+01 7.999961642979239969e+02 1.799999999999979536e+02
1.260000000000001918e+01 7.999961642979239969e+02 1.799999999999979536e+02
1.275000000000001954e+01 7.999961642979239969e+02 1.799999999999979536e+02
1.290000000000001990e+01 7.999961642979239969e+02 1.799999999999979536e+02
1.305000000000002025e+01 7.999885349401525900e+02 1.799999999999979536e+02
1.320000000000002061e+01 7.999885349401525900e+02 1.799999999999979536e+02
1.335000000000002096e+01 7.999885349401525900e+02 1.799999999999979536e+02
1.350000000000002132e+01 7.999885349401525900e+02 1.799999999999979536e+02
1.365000000000002167e+01 7.999885349401525900e+02 1.799999999999979536e+02
1.380000000000002203e+01 7.999885349401525900e+02 1.799999999999979536e+02
1.395000000000002238e+01 7.999885349401525900e+02 1.799999999999979536e+02
1.410000000000002274e+01 7.999885349401525900e+02 1.799999999999979536e+02
1.425000000000002309e+01 7.999885349401525900e+02 1.799999999999979536e+02
1.440000000000002345e+01 7.999885349401525900e+02 1.799999999999979536e+02
1.455000000000002380e+01 7.999885349401525900e+02 1.799999999999979536e+02
1.470000000000002416e+01 7.999885349401525900e+02 1.799999999999979536e+02
1.485000000000002451e+01 7.999885349401525900e+02 1.799999999999979536e+02
1.500000000000002487e+01 7.999885349401525900e+02 1.799999999999979536e+02
1.515000000000002522e+01 7.999885349401525900e+02 1.799999999999979536e+02
1.530000000000002558e+01 7.999885349401525900e+02 1.799999999999979536e+02
1.545000000000002593e+01 7.999885349401525900e+02 1.799999999999979536e+02
1.560000000000002629e+01 7.999885349401525900e+02 1.799999999999979536e+02
1.575000000000002665e+01 7.999885349401525900e+02 1.799999999999979536e+02
1.590000000000002700e+01 7.999885349401525900e+02 1.799999999999979536e+02
