1.499999999999999944e-01 7.999678967653350128e+02 1.799991126392509670e+02
2.999999999999999889e-01 7.999678967653350128e+02 1.799991126392509670e+02
4.499999999999999556e-01 7.999678967653350128e+02 1.799991126392509670e+02
5.999999999999999778e-01 7.999678967653350128e+02 1.799991126392509670e+02
7.500000000000000000e-01 7.999678967653350128e+02 1.799991126392509670e+02
9.000000000000000222e-01 7.999678967653350128e+02 1.799991126392509670e+02
1.050000000000000044e+00 7.999678967653350128e+02 1.799991126392509670e+02
1.199999999999999956e+00 7.999678967653350128e+02 1.799991126392509670e+02
1.349999999999999867e+00 7.999678967653350128e+02 1.799991126392509670e+02
1.499999999999999778e+00 7.999678967653350128e+02 1.799991126392509670e+02
1.649999999999999689e+00 7.999678967653350128e+02 1.799991126392509670e+02
1.799999999999999600e+00 7.999678967653350128e+02 1.799991126392509670e+02
1.949999999999999512e+00 7.999678967653350128e+02 1.799991126392509670e+02
2.099999999999999645e+00 7.999877482498692416e+02 1.799991131361598775e+02
2.249999999999999556e+00 7.999877482498692416e+02 1.799991131361598775e+02
2.399999999999999467e+00 7.999877482498692416e+02 1.799991131361598775e+02
2.549999999999999378e+00 7.999877482498692416e+02 1.799991131361598775e+02
2.699999999999999289e+00 7.999877482498692416e+02 1.799991131361598775e+02
2.849999999999999201e+00 7.999877482498692416e+02 1.799991131361598775e+02
2.999999999999999112e+00 7.999877482498692416e+02 1.799991131361598775e+02
3.149999999999999023e+00 7.999877482498692416e+02 1.799991131361598775e+02
3.299999999999998934e+00 7.999877482498692416e+02 1.799991131361598775e+02
3.449999999999998845e+00 7.999877482498692416e+02 1.799991131361598775e+02
3.599999999999998757e+00 7.999877482498692416e+02 1.799991131361598775e+02
3.749999999999998668e+00 7.999877482498692416e+02 1.799991131361598775e+02
3.899999999999998579e+00 7.999877482498692416e+02 1.799991131361598775e+02
4.049999999999998934e+00 4.789826634446038156e+02 1.799991138690273544e+02
4.199999999999999289e+00 2.895410085461928702e+02 1.799991153754328650e+02
4.349999999999999645e+00 1.302207061902895475e+02 1.799991225353205664e+02
4.500000000000000000e+00 6.589830905806934425e+01 1.799991362743783441e+02
4.650000000000000355e+00 3.304016019072571453e+01 1.799991632382378555e+02
4.800000000000000711e+00 1.723921838431790121e+01 1.799992149085512665e+02
4.950000000000001066e+00 9.489693401914436777e+00 1.799993033213785054e+02
5.100000000000001421e+00 5.707829697949485137e+00 1.799994331399447276e+02
5.250000000000001776e+00 3.859154994888811530e+00 1.799995902215231069e+02
5.400000000000002132e+00 2.955846739896927033e+00 1.799997384935090849e+02
5.550000000000002487e+00 2.514403567149088303e+00 1.799998495697446117e+02
5.700000000000002842e+00 2.298679179076685841e+00 1.799999195712183848e+02
5.850000000000003197e+00 2.193258187351887045e+00 1.799999587978938962e+02
6.000000000000003553e+00 2.141742084613497354e+00 1.799999793533082197e+02
6.150000000000003908e+00 2.116570363694307844e+00 1.799999897881465358e+02
6.300000000000004263e+00 2.104276532414303347e+00 1.799999949794170959e+02
6.450000000000004619e+00 2.098283575535816681e+00 1.799999975362235318e+02
6.600000000000004974e+00 2.095385353898905123e+00 1.799999987940722121e+02
6.750000000000005329e+00 2.094031364025426001e+00 1.799999994101770824e+02
6.900000000000005684e+00 2.093497242425996774e+00 1.799999997113038432e+02
7.050000000000006040e+00 2.093497242499751110e+00 1.799999998588891401e+02
7.200000000000006395e+00 2.094031364217187274e+00 1.799999999310444991e+02
7.350000000000006750e+00 2.095385354356182006e+00 1.799999999662792618e+02
7.500000000000007105e+00 2.098283576435619580e+00 1.799999999835405617e+02
7.650000000000007461e+00 2.104276534228660012e+00 1.799999999919775178e+02
7.800000000000007816e+00 2.116570367426277244e+00 1.799999999960969603e+02
7.950000000000008171e+00 2.141742092224944827e+00 1.799999999981142764e+02
8.100000000000008527e+00 2.193258202958304537e+00 1.799999999990992308e+02
8.250000000000008882e+00 2.298679211056565919e+00 1.799999999995781650e+02
8.400000000000009237e+00 2.514403632554433443e+00 1.799999999998089493e+02
8.550000000000009592e+00 2.955846873731545088e+00 1.799999999999163265e+02
8.700000000000009948e+00 3.859155268672282091e+00 1.799999999999619718e+02
8.850000000000010303e+00 5.707830258216922914e+00 1.799999999999781153e+02
9.000000000000010658e+00 9.489694547820803905e+00 1.799999999999820375e+02
9.150000000000011013e+00 1.723922073367376839e+01 1.799999999999820943e+02
9.300000000000011369e+00 3.304016497388431617e+01 1.799999999999816964e+02
9.450000000000011724e+00 6.589831907677306333e+01 1.799999999999814122e+02
9.600000000000012079e+00 1.302207254506145944e+02 1.799999999999810427e+02
9.750000000000012434e+00 2.895410603662339781e+02 1.799999999999809290e+02
9.900000000000012790e+00 4.789827123668851527e+02 1.799999999999809006e+02
1.005000000000001315e+01 7.999880681717905873e+02 1.799999999999809290e+02
1.020000000000001350e+01 7.999880681717905873e+02 1.799999999999809290e+02
1.035000000000001386e+01 7.999880681717905873e+02 1.799999999999809290e+02
1.050000000000001421e+01 7.999880681717905873e+02 1.799999999999809290e+02
1.065000000000001457e+01 7.999880681717905873e+02 1.799999999999809290e+02
1.080000000000001492e+01 7.999880681717905873e+02 1.799999999999809290e+02
1.095000000000001528e+01 7.999880681717905873e+02 1.799999999999809290e+02
1.110000000000001563e+01 7.999880681717905873e+02 1.799999999999809290e+02
1.125000000000001599e+01 7.999880681717905873e+02 1.799999999999809290e+02
1.140000000000001634e+01 7.999880681717905873e+02 1.799999999999809290e+02
1.155000000000001670e+01 7.999880681717905873e+02 1.799999999999809290e+02
1.170000000000001705e+01 7.999880681717905873e+02 1.799999999999809290e+02
1.185000000000001741e+01 7.999880681717905873e+02 1.799999999999809290e+02
1.200000000000001776e+01 7.999880681717905873e+02 1.799999999999809290e+02
1.215000000000001812e+01 7.999880681717905873e+02 1.799999999999809290e+02
1.230000000000001847e+01 7.999880681717905873e+02 1.799999999999809290e+02
1.245000000000001883e+01 7.999880681717905873e+02 1.799999999999809290e+02
1.260000000000001918e+01 7.999880681717905873e+02 1.799999999999809290e+02
1.275000000000001954e+01 7.999880681717905873e+02 1.799999999999809290e+02
1.290000000000001990e+01 7.999880681717905873e+02 1.799999999999809290e+02
1.305000000000002025e+01 7.999687350578209362e+02 1.799999999999810427e+02
1.320000000000002061e+01 7.999687350578209362e+02 1.799999999999810427e+02
1.335000000000002096e+01 7.999687350578209362e+02 1.799999999999810427e+02
1.350000000000002132e+01 7.999687350578209362e+02 1.799999999999810427e+02
1.365000000000002167e+01 7.999687350578209362e+02 1.799999999999810427e+02
1.380000000000002203e+01 7.999687350578209362e+02 1.799999999999810427e+02
1.395000000000002238e+01 7.999687350578209362e+02 1.799999999999810427e+02
1.410000000000002274e+01 7.999687350578209362e+02 1.799999999999810427e+02
1.425000000000002309e+01 7.999687350578209362e+02 1.799999999999810427e+02
1.440000000000002345e+01 7.999687350578209362e+02 1.799999999999810427e+02
1.455000000000002380e+01 7.999687350578209362e+02 1.799999999999810427e+02
1.470000000000002416e+01 7.999687350578209362e+02 1.799999999999810427e+02
1.485000000000002451e+01 7.999687350578209362e+02 1.799999999999810427e+02
1.500000000000002487e+01 7.999687350578209362e+02 1.799999999999810427e+02
1.515000000000002522e+01 7.999687350578209362e+02 1.799999999999810427e+02
1.530000000000002558e+01 7.999687350578209362e+02 1.799999999999810427e+02
1.545000000000002593e+01 7.999687350578209362e+02 1.799999999999810427e+02
1.560000000000002629e+01 7.999687350578209362e+02 1.799999999999810427e+02
1.575000000000002665e+01 7.999687350578209362e+02 1.799999999999810427e+02
1.590000000000002700e+01 7.999687350578209362e+02 1.799999999999810427e+02
