1.499999999999999944e-01 7.999881963814826804e+02 8.577530285339807214e-03
2.999999999999999889e-01 7.999881963814826804e+02 8.577530285339807214e-03
4.499999999999999556e-01 7.999881963814826804e+02 8.577530285339807214e-03
5.999999999999999778e-01 7.999881963814826804e+02 8.577530285339807214e-03
7.500000000000000000e-01 7.999881963814826804e+02 8.577530285339807214e-03
9.000000000000000222e-01 7.999881963814826804e+02 8.577530285339807214e-03
1.050000000000000044e+00 7.999881963814826804e+02 8.577530285339807214e-03
1.199999999999999956e+00 7.999881963814826804e+02 8.577530285339807214e-03
1.349999999999999867e+00 7.999881963814826804e+02 8.577530285339807214e-03
1.499999999999999778e+00 7.999881963814826804e+02 8.577530285339807214e-03
1.649999999999999689e+00 7.999881963814826804e+02 8.577530285339807214e-03
1.799999999999999600e+00 7.999881963814826804e+02 8.577530285339807214e-03
1.949999999999999512e+00 7.999881963814826804e+02 8.577530285339807214e-03
2.099999999999999645e+00 7.999960474943443387e+02 8.577181912910791795e-03
2.249999999999999556e+00 7.999960474943443387e+02 8.577181912910791795e-03
2.399999999999999467e+00 7.999960474943443387e+02 8.577181912910791795e-03
2.549999999999999378e+00 7.999960474943443387e+02 8.577181912910791795e-03
2.699999999999999289e+00 7.999960474943443387e+02 8.577181912910791795e-03
2.849999999999999201e+00 7.999960474943443387e+02 8.577181912910791795e-03
2.999999999999999112e+00 7.999960474943443387e+02 8.577181912910791795e-03
3.149999999999999023e+00 7.999960474943443387e+02 8.577181912910791795e-03
3.299999999999998934e+00 7.999960474943443387e+02 8.577181912910791795e-03
3.449999999999998845e+00 7.999960474943443387e+02 8.577181912910791795e-03
3.599999999999998757e+00 7.999960474943443387e+02 8.577181912910791795e-03
3.749999999999998668e+00 7.999960474943443387e+02 8.577181912910791795e-03
3.899999999999998579e+00 7.999960474943443387e+02 8.577181912910791795e-03
4.049999999999998934e+00 4.894339872379335930e+02 8.584894015788657740e-03
4.199999999999999289e+00 3.207758872457022221e+02 8.609432328031130233e-03
4.349999999999999645e+00 1.616525920796336777e+02 8.666216655356273613e-03
4.500000000000000000e+00 9.034056586681340661e+01 8.765793742522287602e-03
4.650000000000000355e+00 4.917616671612212542e+01 8.960154604332193351e-03
4.800000000000000711e+00 2.650286586059495519e+01 9.320346976007476414e-03
4.950000000000001066e+00 1.377688966995818021e+01 1.004230100639491585e-02
5.100000000000001421e+00 6.654423365025159853e+00 1.165599073443501776e-02
5.250000000000001776e+00 2.662896336928639585e+00 1.632226379785961523e-02
5.400000000000002132e+00 4.264603809506297694e-01 5.711424671504783390e-02
5.550000000000002487e+00 8.266973375323232176e-01 1.799834829520955566e+02
5.700000000000002842e+00 1.528876945375657215e+00 1.799949951655810025e+02
5.850000000000003197e+00 1.922343478084059143e+00 1.799977694433677300e+02
6.000000000000003553e+00 2.142851508339333577e+00 1.799988782258631659e+02
6.150000000000003908e+00 2.266483621141702542e+00 1.799994056724387690e+02
6.300000000000004263e+00 2.335897596308967650e+00 1.799996768490918271e+02
6.450000000000004619e+00 2.375044129764262379e+00 1.799998218277888782e+02
6.600000000000004974e+00 2.397430467988272085e+00 1.799999010886472774e+02
6.750000000000005329e+00 2.410780889827833562e+00 1.799999448792803776e+02
6.900000000000005684e+00 2.419701890820476819e+00 1.799999692133059739e+02
7.050000000000006040e+00 2.427271620745727887e+00 1.799999828016445633e+02
7.200000000000006395e+00 2.436101981907711433e+00 1.799999903973708797e+02
7.350000000000006750e+00 2.449239854297871943e+00 1.799999946456543682e+02
7.500000000000007105e+00 2.471218412394989628e+00 1.799999970262351212e+02
7.650000000000007461e+00 2.509621290542497718e+00 1.799999983590726345e+02
7.800000000000007816e+00 2.577699325941438246e+00 1.799999991043947887e+02
7.950000000000008171e+00 2.698942846012414520e+00 1.799999995206705137e+02
8.100000000000008527e+00 2.915187340877949396e+00 1.799999997513203027e+02
8.250000000000008882e+00 3.301050276525572258e+00 1.799999998768858234e+02
8.400000000000009237e+00 3.989681722707217659e+00 1.799999999429156219e+02
8.550000000000009592e+00 5.218732197433311626e+00 1.799999999755410443e+02
8.700000000000009948e+00 7.412376545576478293e+00 1.799999999903401999e+02
8.850000000000010303e+00 1.132826684938396511e+01 1.799999999964503843e+02
9.000000000000010658e+00 1.831806203297778879e+01 1.799999999987606145e+02
9.150000000000011013e+00 3.081438866577549263e+01 1.799999999995765450e+02
9.300000000000011369e+00 5.310004358276181335e+01 1.799999999998508429e+02
9.450000000000011724e+00 9.363486501915760130e+01 1.799999999999404281e+02
9.600000000000012079e+00 1.640153804606378287e+02 1.799999999999680540e+02
9.750000000000012434e+00 3.218538959495190852e+02 1.799999999999768647e+02
9.900000000000012790e+00 4.895442838753247656e+02 1.799999999999786553e+02
1.005000000000001315e+01 7.999961337247500524e+02 1.799999999999789964e+02
1.020000000000001350e+01 7.999961337247500524e+02 1.799999999999789964e+02
1.035000000000001386e+01 7.999961337247500524e+02 1.799999999999789964e+02
1.050000000000001421e+01 7.999961337247500524e+02 1.799999999999789964e+02
1.065000000000001457e+01 7.999961337247500524e+02 1.799999999999789964e+02
1.080000000000001492e+01 7.999961337247500524e+02 1.799999999999789964e+02
1.095000000000001528e+01 7.999961337247500524e+02 1.799999999999789964e+02
1.110000000000001563e+01 7.999961337247500524e+02 1.799999999999789964e+02
1.125000000000001599e+01 7.999961337247500524e+02 1.799999999999789964e+02
1.140000000000001634e+01 7.999961337247500524e+02 1.799999999999789964e+02
1.155000000000001670e+01 7.999961337247500524e+02 1.799999999999789964e+02
1.170000000000001705e+01 7.999961337247500524e+02 1.799999999999789964e+02
1.185000000000001741e+01 7.999961337247500524e+02 1.799999999999789964e+02
1.200000000000001776e+01 7.999961337247500524e+02 1.799999999999789964e+02
1.215000000000001812e+01 7.999961337247500524e+02 1.799999999999789964e+02
1.230000000000001847e+01 7.999961337247500524e+02 1.799999999999789964e+02
1.245000000000001883e+01 7.999961337247500524e+02 1.799999999999789964e+02
1.260000000000001918e+01 7.999961337247500524e+02 1.799999999999789964e+02
1.275000000000001954e+01 7.999961337247500524e+02 1.799999999999789964e+02
1.290000000000001990e+01 7.999961337247500524e+02 1.799999999999789964e+02
1.305000000000002025e+01 7.999884450151627107e+02 1.799999999999788542e+02
1.320000000000002061e+01 7.999884450151627107e+02 1.799999999999788542e+02
1.335000000000002096e+01 7.999884450151627107e+02 1.799999999999788542e+02
1.350000000000002132e+01 7.999884450151627107e+02 1.799999999999788542e+02
1.365000000000002167e+01 7.999884450151627107e+02 1.799999999999788542e+02
1.380000000000002203e+01 7.999884450151627107e+02 1.799999999999788542e+02
1.395000000000002238e+01 7.999884450151627107e+02 1.799999999999788542e+02
1.410000000000002274e+01 7.999884450151627107e+02 1.799999999999788542e+02
1.425000000000002309e+01 7.999884450151627107e+02 1.799999999999788542e+02
1.440000000000002345e+01 7.999884450151627107e+02 1.799999999999788542e+02
1.455000000000002380e+01 7.999884450151627107e+02 1.799999999999788542e+02
1.470000000000002416e+01 7.999884450151627107e+02 1.799999999999788542e+02
1.485000000000002451e+01 7.999884450151627107e+02 1.799999999999788542e+02
1.500000000000002487e+01 7.999884450151627107e+02 1.799999999999788542e+02
1.515000000000002522e+01 7.999884450151627107e+02 1.799999999999788542e+02
1.530000000000002558e+01 7.999884450151627107e+02 1.799999999999788542e+02
1.545000000000002593e+01 7.999884450151627107e+02 1.799999999999788542e+02
1.560000000000002629e+01 7.999884450151627107e+02 1.799999999999788542e+02
1.575000000000002665e+01 7.999884450151627107e+02 1.799999999999788542e+02
1.590000000000002700e+01 7.999884450151627107e+02 1.799999999999788542e+02
