1.499999999999999944e-01 7.999882827058287376e+02 8.302625475553604417e-05
2.999999999999999889e-01 7.999882827058287376e+02 8.302625475553604417e-05
4.499999999999999556e-01 7.999882827058287376e+02 8.302625475553604417e-05
5.999999999999999778e-01 7.999882827058287376e+02 8.302625475553604417e-05
7.500000000000000000e-01 7.999882827058287376e+02 8.302625475553604417e-05
9.000000000000000222e-01 7.999882827058287376e+02 8.302625475553604417e-05
1.050000000000000044e+00 7.999882827058287376e+02 8.302625475553604417e-05
1.199999999999999956e+00 7.999882827058287376e+02 8.302625475553604417e-05
1.349999999999999867e+00 7.999882827058287376e+02 8.302625475553604417e-05
1.499999999999999778e+00 7.999882827058287376e+02 8.302625475553604417e-05
1.649999999999999689e+00 7.999882827058287376e+02 8.302625475553604417e-05
1.799999999999999600e+00 7.999882827058287376e+02 8.302625475553604417e-05
1.949999999999999512e+00 7.999882827058287376e+02 8.302625475553604417e-05
2.099999999999999645e+00 7.999960771226454881e+02 8.295538439950789211e-05
2.249999999999999556e+00 7.999960771226454881e+02 8.295538439950789211e-05
2.399999999999999467e+00 7.999960771226454881e+02 8.295538439950789211e-05
2.549999999999999378e+00 7.999960771226454881e+02 8.295538439950789211e-05
2.699999999999999289e+00 7.999960771226454881e+02 8.295538439950789211e-05
2.849999999999999201e+00 7.999960771226454881e+02 8.295538439950789211e-05
2.999999999999999112e+00 7.999960771226454881e+02 8.295538439950789211e-05
3.149999999999999023e+00 7.999960771226454881e+02 8.295538439950789211e-05
3.299999999999998934e+00 7.999960771226454881e+02 8.295538439950789211e-05
3.449999999999998845e+00 7.999960771226454881e+02 8.295538439950789211e-05
3.599999999999998757e+00 7.999960771226454881e+02 8.295538439950789211e-05
3.749999999999998668e+00 7.999960771226454881e+02 8.295538439950789211e-05
3.899999999999998579e+00 7.999960771226454881e+02 8.295538439950789211e-05
4.049999999999998934e+00 4.894603698403217322e+02 8.302994542064290329e-05
4.199999999999999289e+00 3.210340135349802608e+02 8.335932307890203674e-05
4.349999999999999645e+00 1.622183010665090990e+02 8.369644094285977332e-05
4.500000000000000000e+00 9.112897767388288628e+01 8.423859451134330101e-05
4.650000000000000355e+00 5.011464729253751216e+01 8.543358737911344036e-05
4.800000000000000711e+00 2.753338019981818974e+01 8.721093457553230621e-05
4.950000000000001066e+00 1.486166884045798398e+01 9.053674540060452358e-05
5.100000000000001421e+00 7.770387154730514112e+00 9.732237791926223736e-05
5.250000000000001776e+00 3.796538624885059221e+00 1.116766569039251422e-04
5.400000000000002132e+00 1.570045295025778387e+00 1.514083874106786354e-04
5.550000000000002487e+00 3.224550721527066344e-01 4.143323082357319720e-04
5.700000000000002842e+00 3.766152159421380929e-01 1.799998011020934428e+02
5.850000000000003197e+00 7.683477524532236203e-01 1.799999453387142978e+02
6.000000000000003553e+00 9.878897457165294327e-01 1.799999761061925767e+02
6.150000000000003908e+00 1.110984217303553123e+00 1.799999880876569875e+02
6.300000000000004263e+00 1.180099575944836943e+00 1.799999937121429809e+02
6.450000000000004619e+00 1.219081199144909533e+00 1.799999965788873055e+02
6.600000000000004974e+00 1.241378108466449248e+00 1.799999981160055427e+02
6.750000000000005329e+00 1.254682956852775533e+00 1.799999989543258039e+02
6.900000000000005684e+00 1.263586052180755814e+00 1.799999994154311480e+02
7.050000000000006040e+00 1.271159054467887017e+00 1.799999996724064317e+02
7.200000000000006395e+00 1.280014729268543761e+00 1.799999998144275821e+02
7.350000000000006750e+00 1.293208378714552964e+00 1.799999998911645207e+02
7.500000000000007105e+00 1.315291955448401495e+00 1.799999999302082472e+02
7.650000000000007461e+00 1.353884540796428837e+00 1.799999999450589598e+02
7.800000000000007816e+00 1.422301031391441484e+00 1.799999999418408265e+02
7.950000000000008171e+00 1.544145997450556251e+00 1.799999999228552099e+02
8.100000000000008527e+00 1.761457740605834488e+00 1.799999998886267747e+02
8.250000000000008882e+00 2.149212957973531957e+00 1.799999998412106379e+02
8.400000000000009237e+00 2.841196615097715039e+00 1.799999997880900651e+02
8.550000000000009592e+00 4.076177595277314936e+00 1.799999997379510432e+02
8.700000000000009948e+00 6.280289237514367073e+00 1.799999996967097502e+02
8.850000000000010303e+00 1.021457807490710223e+01 1.799999996683791039e+02
9.000000000000010658e+00 1.723647187552156268e+01 1.799999996504510023e+02
9.150000000000011013e+00 2.978807853714770459e+01 1.799999996387933265e+02
9.300000000000011369e+00 5.216661608079872536e+01 1.799999996331580974e+02
9.450000000000011724e+00 9.285170130343476558e+01 1.799999996304580350e+02
9.600000000000012079e+00 1.634538912553462922e+02 1.799999996282493555e+02
9.750000000000012434e+00 3.215977377456588897e+02 1.799999996283517589e+02
9.900000000000012790e+00 4.895180435955339249e+02 1.799999996287239412e+02
1.005000000000001315e+01 7.999960891313047568e+02 1.799999996285435770e+02
1.020000000000001350e+01 7.999960891313047568e+02 1.799999996285435770e+02
1.035000000000001386e+01 7.999960891313047568e+02 1.799999996285435770e+02
1.050000000000001421e+01 7.999960891313047568e+02 1.799999996285435770e+02
1.065000000000001457e+01 7.999960891313047568e+02 1.799999996285435770e+02
1.080000000000001492e+01 7.999960891313047568e+02 1.799999996285435770e+02
1.095000000000001528e+01 7.999960891313047568e+02 1.799999996285435770e+02
1.110000000000001563e+01 7.999960891313047568e+02 1.799999996285435770e+02
1.125000000000001599e+01 7.999960891313047568e+02 1.799999996285435770e+02
1.140000000000001634e+01 7.999960891313047568e+02 1.799999996285435770e+02
1.155000000000001670e+01 7.999960891313047568e+02 1.799999996285435770e+02
1.170000000000001705e+01 7.999960891313047568e+02 1.799999996285435770e+02
1.185000000000001741e+01 7.999960891313047568e+02 1.799999996285435770e+02
1.200000000000001776e+01 7.999960891313047568e+02 1.799999996285435770e+02
1.215000000000001812e+01 7.999960891313047568e+02 1.799999996285435770e+02
1.230000000000001847e+01 7.999960891313047568e+02 1.799999996285435770e+02
1.245000000000001883e+01 7.999960891313047568e+02 1.799999996285435770e+02
1.260000000000001918e+01 7.999960891313047568e+02 1.799999996285435770e+02
1.275000000000001954e+01 7.999960891313047568e+02 1.799999996285435770e+02
1.290000000000001990e+01 7.999960891313047568e+02 1.799999996285435770e+02
1.305000000000002025e+01 7.999883138764956811e+02 1.799999996292504250e+02
1.320000000000002061e+01 7.999883138764956811e+02 1.799999996292504250e+02
1.335000000000002096e+01 7.999883138764956811e+02 1.799999996292504250e+02
1.350000000000002132e+01 7.999883138764956811e+02 1.799999996292504250e+02
1.365000000000002167e+01 7.999883138764956811e+02 1.799999996292504250e+02
1.380000000000002203e+01 7.999883138764956811e+02 1.799999996292504250e+02
1.395000000000002238e+01 7.999883138764956811e+02 1.799999996292504250e+02
1.410000000000002274e+01 7.999883138764956811e+02 1.799999996292504250e+02
1.425000000000002309e+01 7.999883138764956811e+02 1.799999996292504250e+02
1.440000000000002345e+01 7.999883138764956811e+02 1.799999996292504250e+02
1.455000000000002380e+01 7.999883138764956811e+02 1.799999996292504250e+02
1.470000000000002416e+01 7.999883138764956811e+02 1.799999996292504250e+02
1.485000000000002451e+01 7.999883138764956811e+02 1.799999996292504250e+02
1.500000000000002487e+01 7.999883138764956811e+02 1.799999996292504250e+02
1.515000000000002522e+01 7.999883138764956811e+02 1.799999996292504250e+02
1.530000000000002558e+01 7.999883138764956811e+02 1.799999996292504250e+02
1.545000000000002593e+01 7.999883138764956811e+02 1.799999996292504250e+02
1.560000000000002629e+01 7.999883138764956811e+02 1.799999996292504250e+02
1.575000000000002665e+01 7.999883138764956811e+02 1.799999996292504250e+02
1.590000000000002700e+01 7.999883138764956811e+02 1.799999996292504250e+02
