1.499999999999999944e-01 7.999998908266641138e+02 3.497316925868136650e+01
2.999999999999999889e-01 7.999998908266641138e+02 3.497316925868136650e+01
4.499999999999999556e-01 7.999998908266641138e+02 3.497316925868136650e+01
5.999999999999999778e-01 7.999998908266641138e+02 3.497316925868136650e+01
7.500000000000000000e-01 7.999998908266641138e+02 3.497316925868136650e+01
9.000000000000000222e-01 7.999998908266641138e+02 3.497316925868136650e+01
1.050000000000000044e+00 7.999998908266641138e+02 3.497316925868136650e+01
1.199999999999999956e+00 7.999998908266641138e+02 3.497316925868136650e+01
1.349999999999999867e+00 7.999998908266641138e+02 3.497316925868136650e+01
1.499999999999999778e+00 7.999998908266641138e+02 3.497316925868136650e+01
1.649999999999999689e+00 7.999998908266641138e+02 3.497316925868136650e+01
1.799999999999999600e+00 7.999998908266641138e+02 3.497316925868136650e+01
1.949999999999999512e+00 7.999998908266641138e+02 3.497316925868136650e+01
2.099999999999999645e+00 7.999999800260579832e+02 3.502301626990761463e+01
2.249999999999999556e+00 7.999999800260579832e+02 3.502301626990761463e+01
2.399999999999999467e+00 7.999999800260579832e+02 3.502301626990761463e+01
2.549999999999999378e+00 7.999999800260579832e+02 3.502301626990761463e+01
2.699999999999999289e+00 7.999999800260579832e+02 3.502301626990761463e+01
2.849999999999999201e+00 7.999999800260579832e+02 3.502301626990761463e+01
2.999999999999999112e+00 7.999999800260579832e+02 3.502301626990761463e+01
3.149999999999999023e+00 7.999999800260579832e+02 3.502301626990761463e+01
3.299999999999998934e+00 7.999999800260579832e+02 3.502301626990761463e+01
3.449999999999998845e+00 7.999999800260579832e+02 3.502301626990761463e+01
3.599999999999998757e+00 7.999999800260579832e+02 3.502301626990761463e+01
3.749999999999998668e+00 7.999999800260579832e+02 3.502301626990761463e+01
3.899999999999998579e+00 7.999999800260579832e+02 3.502301626990761463e+01
4.049999999999998934e+00 5.119876684927925794e+02 3.528639897443814277e+01
4.199999999999999289e+00 4.374742340857717977e+02 3.652209532913544621e+01
4.349999999999999645e+00 3.561906029229203341e+02 3.936459232965360400e+01
4.500000000000000000e+00 3.314083616051452168e+02 4.285819440485999365e+01
4.650000000000000355e+00 3.194359359261288205e+02 4.682749864990137212e+01
4.800000000000000711e+00 3.142488411561229782e+02 5.096665686773217629e+01
4.950000000000001066e+00 3.119090598461049240e+02 5.516501191016960348e+01
5.100000000000001421e+00 3.108907439714677707e+02 5.935698914777167801e+01
5.250000000000001776e+00 3.104766123239946864e+02 6.351260839516130119e+01
5.400000000000002132e+00 3.103419529598863278e+02 6.761655473260270810e+01
5.550000000000002487e+00 3.103364602155954231e+02 7.166098643999714568e+01
5.700000000000002842e+00 3.103905357438581518e+02 7.564162054014047953e+01
5.850000000000003197e+00 3.104717323728106635e+02 7.955600000568060182e+01
6.000000000000003553e+00 3.105647886614915478e+02 8.340268089722582090e+01
6.150000000000003908e+00 3.106624057396990679e+02 8.718085660869188303e+01
6.300000000000004263e+00 3.107609901583067540e+02 9.089016957772643934e+01
6.450000000000004619e+00 3.108586875674645853e+02 9.453062158673120052e+01
6.600000000000004974e+00 3.109544751330368513e+02 9.810252451403152918e+01
6.750000000000005329e+00 3.110477418920227137e+02 1.016064603499500549e+02
6.900000000000005684e+00 3.111380943874993932e+02 1.050432585145618418e+02
7.050000000000006040e+00 3.112252681871068489e+02 1.084139770234937714e+02
7.200000000000006395e+00 3.113090904142313207e+02 1.117198766951116369e+02
7.350000000000006750e+00 3.113894721793486724e+02 1.149624053730861846e+02
7.500000000000007105e+00 3.114664301508831272e+02 1.181431825703037362e+02
7.650000000000007461e+00 3.115401530288567074e+02 1.212639752128936692e+02
7.800000000000007816e+00 3.116111591250540869e+02 1.243266808008476403e+02
7.950000000000008171e+00 3.116806518456406820e+02 1.273333063250738633e+02
8.100000000000008527e+00 3.117513072207544269e+02 1.302859286497912024e+02
8.250000000000008882e+00 3.118290121364900074e+02 1.331866407640392254e+02
8.400000000000009237e+00 3.119266970688061065e+02 1.360374472944707236e+02
8.550000000000009592e+00 3.120727905320522382e+02 1.388400416415117320e+02
8.700000000000009948e+00 3.123298530361859093e+02 1.415953479151930878e+02
8.850000000000010303e+00 3.128360287936919804e+02 1.443025595086767510e+02
9.000000000000010658e+00 3.138957492754428245e+02 1.469569528331119841e+02
9.150000000000011013e+00 3.161952669036847396e+02 1.495459291446097723e+02
9.300000000000011369e+00 3.212178720251284290e+02 1.520373314641558977e+02
9.450000000000011724e+00 3.328608366898170630e+02 1.543744901422503801e+02
9.600000000000012079e+00 3.571441167495358400e+02 1.563922318983709374e+02
9.750000000000012434e+00 4.377896026162931093e+02 1.580001267231950237e+02
9.900000000000012790e+00 5.120018421426941586e+02 1.586848310161755649e+02
1.005000000000001315e+01 7.999999800264388341e+02 1.588237872561840049e+02
1.020000000000001350e+01 7.999999800264388341e+02 1.588237872561840049e+02
1.035000000000001386e+01 7.999999800264388341e+02 1.588237872561840049e+02
1.050000000000001421e+01 7.999999800264388341e+02 1.588237872561840049e+02
1.065000000000001457e+01 7.999999800264388341e+02 1.588237872561840049e+02
1.080000000000001492e+01 7.999999800264388341e+02 1.588237872561840049e+02
1.095000000000001528e+01 7.999999800264388341e+02 1.588237872561840049e+02
1.110000000000001563e+01 7.999999800264388341e+02 1.588237872561840049e+02
1.125000000000001599e+01 7.999999800264388341e+02 1.588237872561840049e+02
1.140000000000001634e+01 7.999999800264388341e+02 1.588237872561840049e+02
1.155000000000001670e+01 7.999999800264388341e+02 1.588237872561840049e+02
1.170000000000001705e+01 7.999999800264388341e+02 1.588237872561840049e+02
1.185000000000001741e+01 7.999999800264388341e+02 1.588237872561840049e+02
1.200000000000001776e+01 7.999999800264388341e+02 1.588237872561840049e+02
1.215000000000001812e+01 7.999999800264388341e+02 1.588237872561840049e+02
1.230000000000001847e+01 7.999999800264388341e+02 1.588237872561840049e+02
1.245000000000001883e+01 7.999999800264388341e+02 1.588237872561840049e+02
1.260000000000001918e+01 7.999999800264388341e+02 1.588237872561840049e+02
1.275000000000001954e+01 7.999999800264388341e+02 1.588237872561840049e+02
1.290000000000001990e+01 7.999999800264388341e+02 1.588237872561840049e+02
1.305000000000002025e+01 7.999998907891307454e+02 1.588507224294097284e+02
1.320000000000002061e+01 7.999998907891307454e+02 1.588507224294097284e+02
1.335000000000002096e+01 7.999998907891307454e+02 1.588507224294097284e+02
1.350000000000002132e+01 7.999998907891307454e+02 1.588507224294097284e+02
1.365000000000002167e+01 7.999998907891307454e+02 1.588507224294097284e+02
1.380000000000002203e+01 7.999998907891307454e+02 1.588507224294097284e+02
1.395000000000002238e+01 7.999998907891307454e+02 1.588507224294097284e+02
1.410000000000002274e+01 7.999998907891307454e+02 1.588507224294097284e+02
1.425000000000002309e+01 7.999998907891307454e+02 1.588507224294097284e+02
1.440000000000002345e+01 7.999998907891307454e+02 1.588507224294097284e+02
1.455000000000002380e+01 7.999998907891307454e+02 1.588507224294097284e+02
1.470000000000002416e+01 7.999998907891307454e+02 1.588507224294097284e+02
1.485000000000002451e+01 7.999998907891307454e+02 1.588507224294097284e+02
1.500000000000002487e+01 7.999998907891307454e+02 1.588507224294097284e+02
1.515000000000002522e+01 7.999998907891307454e+02 1.588507224294097284e+02
1.530000000000002558e+01 7.999998907891307454e+02 1.588507224294097284e+02
1.545000000000002593e+01 7.999998907891307454e+02 1.588507224294097284e+02
1.560000000000002629e+01 7.999998907891307454e+02 1.588507224294097284e+02
1.575000000000002665e+01 7.999998907891307454e+02 1.588507224294097284e+02
1.590000000000002700e+01 7.999998907891307454e+02 1.588507224294097284e+02
