1.499999999999999944e-01 7.999259042267906352e+02 2.309791968022611997e-04
2.999999999999999889e-01 7.999259042267906352e+02 2.309791968022611997e-04
4.499999999999999556e-01 7.999259042267906352e+02 2.309791968022611997e-04
5.999999999999999778e-01 7.999259042267906352e+02 2.309791968022611997e-04
7.500000000000000000e-01 7.999259042267906352e+02 2.309791968022611997e-04
9.000000000000000222e-01 7.999259042267906352e+02 2.309791968022611997e-04
1.050000000000000044e+00 7.999259042267906352e+02 2.309791968022611997e-04
1.199999999999999956e+00 7.999259042267906352e+02 2.309791968022611997e-04
1.349999999999999867e+00 7.999259042267906352e+02 2.309791968022611997e-04
1.499999999999999778e+00 7.999259042267906352e+02 2.309791968022611997e-04
1.649999999999999689e+00 7.999259042267906352e+02 2.309791968022611997e-04
1.799999999999999600e+00 7.999259042267906352e+02 2.309791968022611997e-04
1.949999999999999512e+00 7.999259042267906352e+02 2.309791968022611997e-04
2.099999999999999645e+00 7.999684183375052271e+02 2.308978968658115249e-04
2.249999999999999556e+00 7.999684183375052271e+02 2.308978968658115249e-04
2.399999999999999467e+00 7.999684183375052271e+02 2.308978968658115249e-04
2.549999999999999378e+00 7.999684183375052271e+02 2.308978968658115249e-04
2.699999999999999289e+00 7.999684183375052271e+02 2.308978968658115249e-04
2.849999999999999201e+00 7.999684183375052271e+02 2.308978968658115249e-04
2.999999999999999112e+00 7.999684183375052271e+02 2.308978968658115249e-04
3.149999999999999023e+00 7.999684183375052271e+02 2.308978968658115249e-04
3.299999999999998934e+00 7.999684183375052271e+02 2.308978968658115249e-04
3.449999999999998845e+00 7.999684183375052271e+02 2.308978968658115249e-04
3.599999999999998757e+00 7.999684183375052271e+02 2.308978968658115249e-04
3.749999999999998668e+00 7.999684183375052271e+02 2.308978968658115249e-04
3.899999999999998579e+00 7.999684183375052271e+02 2.308978968658115249e-04
4.049999999999998934e+00 4.671851233922711231e+02 2.310777435886590681e-04
4.199999999999999289e+00 2.603595661066676143e+02 2.317303795940084399e-04
4.349999999999999645e+00 1.038491170336964302e+02 2.329933560518693270e-04
4.500000000000000000e+00 4.623178662824224716e+01 2.356620357982786018e-04
4.650000000000000355e+00 1.957872143237752738e+01 2.424395383339161825e-04
4.800000000000000711e+00 8.078292116476333717e+00 2.585152518986832959e-04
4.950000000000001066e+00 3.005902819752222399e+00 3.046499028696025846e-04
5.100000000000001421e+00 7.837901279699508450e-01 5.134288506853934564e-04
5.250000000000001776e+00 1.917742922883007850e-01 1.799990791746153036e+02
5.400000000000002132e+00 6.197808632094847781e-01 1.799998749560608928e+02
5.550000000000002487e+00 8.075988365002331193e-01 1.799999578405739555e+02
5.700000000000002842e+00 8.900115776419283975e-01 1.799999832112736158e+02
5.850000000000003197e+00 9.261743037782821375e-01 1.799999929198536961e+02
6.000000000000003553e+00 9.420425068571489646e-01 1.799999969418593651e+02
6.150000000000003908e+00 9.490057180595385944e-01 1.799999986677645438e+02
6.300000000000004263e+00 9.520618041704551615e-01 1.799999994172174240e+02
6.450000000000004619e+00 9.534042856681139710e-01 1.799999997443252937e+02
6.600000000000004974e+00 9.539967346303228624e-01 1.799999998878653003e+02
6.750000000000005329e+00 9.542643839822630980e-01 1.799999999508028168e+02
6.900000000000005684e+00 9.543993400792487591e-01 1.799999999783890416e+02
7.050000000000006040e+00 9.544984683554389449e-01 1.799999999905168693e+02
7.200000000000006395e+00 9.546329186156867763e-01 1.799999999958388344e+02
7.350000000000006750e+00 9.548991930687975582e-01 1.799999999981723988e+02
7.500000000000007105e+00 9.554884114140804741e-01 1.799999999991984510e+02
7.650000000000007461e+00 9.568234878584007674e-01 1.799999999996487929e+02
7.800000000000007816e+00 9.598626792405866581e-01 1.799999999998460964e+02
7.950000000000008171e+00 9.667873803834936552e-01 1.799999999999327542e+02
8.100000000000008527e+00 9.825678189297377685e-01 1.799999999999708393e+02
8.250000000000008882e+00 1.018530541509505838e+00 1.799999999999872387e+02
8.400000000000009237e+00 1.100487533013961183e+00 1.799999999999940314e+02
8.550000000000009592e+00 1.287267127387053733e+00 1.799999999999957367e+02
8.700000000000009948e+00 1.712908665824187437e+00 1.799999999999953388e+02
8.850000000000010303e+00 2.683090020255320951e+00 1.799999999999939746e+02
9.000000000000010658e+00 4.892973245510177094e+00 1.799999999999928093e+02
9.150000000000011013e+00 9.937665956513917820e+00 1.799999999999920135e+02
9.300000000000011369e+00 2.137604271966192115e+01 1.799999999999915303e+02
9.450000000000011724e+00 4.789188155929769408e+01 1.799999999999913598e+02
9.600000000000012079e+00 1.052254739532312868e+02 1.799999999999913882e+02
9.750000000000012434e+00 2.611699681540147822e+02 1.799999999999911608e+02
9.900000000000012790e+00 4.673180165192953268e+02 1.799999999999912177e+02
1.005000000000001315e+01 7.999688445282279190e+02 1.799999999999911893e+02
1.020000000000001350e+01 7.999688445282279190e+02 1.799999999999911893e+02
1.035000000000001386e+01 7.999688445282279190e+02 1.799999999999911893e+02
1.050000000000001421e+01 7.999688445282279190e+02 1.799999999999911893e+02
1.065000000000001457e+01 7.999688445282279190e+02 1.799999999999911893e+02
1.080000000000001492e+01 7.999688445282279190e+02 1.799999999999911893e+02
1.095000000000001528e+01 7.999688445282279190e+02 1.799999999999911893e+02
1.110000000000001563e+01 7.999688445282279190e+02 1.799999999999911893e+02
1.125000000000001599e+01 7.999688445282279190e+02 1.799999999999911893e+02
1.140000000000001634e+01 7.999688445282279190e+02 1.799999999999911893e+02
1.155000000000001670e+01 7.999688445282279190e+02 1.799999999999911893e+02
1.170000000000001705e+01 7.999688445282279190e+02 1.799999999999911893e+02
1.185000000000001741e+01 7.999688445282279190e+02 1.799999999999911893e+02
1.200000000000001776e+01 7.999688445282279190e+02 1.799999999999911893e+02
1.215000000000001812e+01 7.999688445282279190e+02 1.799999999999911893e+02
1.230000000000001847e+01 7.999688445282279190e+02 1.799999999999911893e+02
1.245000000000001883e+01 7.999688445282279190e+02 1.799999999999911893e+02
1.260000000000001918e+01 7.999688445282279190e+02 1.799999999999911893e+02
1.275000000000001954e+01 7.999688445282279190e+02 1.799999999999911893e+02
1.290000000000001990e+01 7.999688445282279190e+02 1.799999999999911893e+02
1.305000000000002025e+01 7.999268630543791687e+02 1.799999999999912177e+02
1.320000000000002061e+01 7.999268630543791687e+02 1.799999999999912177e+02
1.335000000000002096e+01 7.999268630543791687e+02 1.799999999999912177e+02
1.350000000000002132e+01 7.999268630543791687e+02 1.799999999999912177e+02
1.365000000000002167e+01 7.999268630543791687e+02 1.799999999999912177e+02
1.380000000000002203e+01 7.999268630543791687e+02 1.799999999999912177e+02
1.395000000000002238e+01 7.999268630543791687e+02 1.799999999999912177e+02
1.410000000000002274e+01 7.999268630543791687e+02 1.799999999999912177e+02
1.425000000000002309e+01 7.999268630543791687e+02 1.799999999999912177e+02
1.440000000000002345e+01 7.999268630543791687e+02 1.799999999999912177e+02
1.455000000000002380e+01 7.999268630543791687e+02 1.799999999999912177e+02
1.470000000000002416e+01 7.999268630543791687e+02 1.799999999999912177e+02
1.485000000000002451e+01 7.999268630543791687e+02 1.799999999999912177e+02
1.500000000000002487e+01 7.999268630543791687e+02 1.799999999999912177e+02
1.515000000000002522e+01 7.999268630543791687e+02 1.799999999999912177e+02
1.530000000000002558e+01 7.999268630543791687e+02 1.799999999999912177e+02
1.545000000000002593e+01 7.999268630543791687e+02 1.799999999999912177e+02
1.560000000000002629e+01 7.999268630543791687e+02 1.799999999999912177e+02
1.575000000000002665e+01 7.999268630543791687e+02 1.799999999999912177e+02
1.590000000000002700e+01 7.999268630543791687e+02 1.799999999999912177e+02
