1.499999999999999944e-01 7.996651297841528958e+02 1.799990838731899885e+02
2.999999999999999889e-01 7.996651297841528958e+02 1.799990838731899885e+02
4.499999999999999556e-01 7.996651297841528958e+02 1.799990838731899885e+02
5.999999999999999778e-01 7.996651297841528958e+02 1.799990838731899885e+02
7.500000000000000000e-01 7.996651297841528958e+02 1.799990838731899885e+02
9.000000000000000222e-01 7.996651297841528958e+02 1.799990838731899885e+02
1.050000000000000044e+00 7.996651297841528958e+02 1.799990838731899885e+02
1.199999999999999956e+00 7.996651297841528958e+02 1.799990838731899885e+02
1.349999999999999867e+00 7.996651297841528958e+02 1.799990838731899885e+02
1.499999999999999778e+00 7.996651297841528958e+02 1.799990838731899885e+02
1.649999999999999689e+00 7.996651297841528958e+02 1.799990838731899885e+02
1.799999999999999600e+00 7.996651297841528958e+02 1.799990838731899885e+02
1.949999999999999512e+00 7.996651297841528958e+02 1.799990838731899885e+02
2.099999999999999645e+00 7.998265862844978074e+02 1.799990843579020350e+02
2.249999999999999556e+00 7.998265862844978074e+02 1.799990843579020350e+02
2.399999999999999467e+00 7.998265862844978074e+02 1.799990843579020350e+02
2.549999999999999378e+00 7.998265862844978074e+02 1.799990843579020350e+02
2.699999999999999289e+00 7.998265862844978074e+02 1.799990843579020350e+02
2.849999999999999201e+00 7.998265862844978074e+02 1.799990843579020350e+02
2.999999999999999112e+00 7.998265862844978074e+02 1.799990843579020350e+02
3.149999999999999023e+00 7.998265862844978074e+02 1.799990843579020350e+02
3.299999999999998934e+00 7.998265862844978074e+02 1.799990843579020350e+02
3.449999999999998845e+00 7.998265862844978074e+02 1.799990843579020350e+02
3.599999999999998757e+00 7.998265862844978074e+02 1.799990843579020350e+02
3.749999999999998668e+00 7.998265862844978074e+02 1.799990843579020350e+02
3.899999999999998579e+00 7.998265862844978074e+02 1.799990843579020350e+02
4.049999999999998934e+00 4.377556092320376138e+02 1.799990850279950223e+02
4.199999999999999289e+00 2.096560819694128952e+02 1.799990862989843663e+02
4.349999999999999645e+00 6.948670502049041886e+01 1.799990943523410749e+02
4.500000000000000000e+00 2.671268691587573585e+01 1.799991141813543720e+02
4.650000000000000355e+00 1.016877866862945723e+01 1.799991657004531191e+02
4.800000000000000711e+00 4.300838667796256232e+00 1.799992814770976111e+02
4.950000000000001066e+00 2.156130354250990422e+00 1.799994811120762108e+02
5.100000000000001421e+00 1.380701004147510957e+00 1.799997056701872111e+02
5.250000000000001776e+00 1.099240939735011580e+00 1.799998659682039204e+02
5.400000000000002132e+00 9.972226120739833277e-01 1.799999464203212085e+02
5.550000000000002487e+00 9.602260639037467627e-01 1.799999798005844411e+02
5.700000000000002842e+00 9.468118775760103745e-01 1.799999925713245830e+02
5.850000000000003197e+00 9.419478469136493004e-01 1.799999972922711606e+02
6.000000000000003553e+00 9.401841756445037390e-01 1.799999990151918610e+02
6.150000000000003908e+00 9.395446748971494344e-01 1.799999996426404039e+02
6.300000000000004263e+00 9.393128018559764314e-01 1.799999998703802362e+02
6.450000000000004619e+00 9.392287471664531040e-01 1.799999999529410104e+02
6.600000000000004974e+00 9.391983293737098393e-01 1.799999999829346109e+02
6.750000000000005329e+00 9.391874658910523976e-01 1.799999999938115991e+02
6.900000000000005684e+00 9.391839845093841177e-01 1.799999999977534344e+02
7.050000000000006040e+00 9.391839845683875865e-01 1.799999999991854054e+02
7.200000000000006395e+00 9.391874658910523976e-01 1.799999999997046700e+02
7.350000000000006750e+00 9.391983293442081049e-01 1.799999999998927365e+02
7.500000000000007105e+00 9.392287472549583072e-01 1.799999999999611191e+02
7.650000000000007461e+00 9.393128021804955097e-01 1.799999999999859028e+02
7.800000000000007816e+00 9.395446757526997317e-01 1.799999999999949409e+02
7.950000000000008171e+00 9.401841781521511621e-01 1.799999999999980673e+02
8.100000000000008527e+00 9.419478538465568818e-01 1.799999999999992326e+02
8.250000000000008882e+00 9.468118967226359928e-01 1.799999999999996305e+02
8.400000000000009237e+00 9.602261166528478498e-01 1.799999999999998863e+02
8.550000000000009592e+00 9.972227577240460050e-01 1.799999999999999716e+02
8.700000000000009948e+00 1.099241341401125283e+00 -1.799999999999999432e+02
8.850000000000010303e+00 1.380702112453917607e+00 1.799999999999999432e+02
9.000000000000010658e+00 2.156133406588935486e+00 1.799999999999999147e+02
9.150000000000011013e+00 4.300847117498634020e+00 1.799999999999999432e+02
9.300000000000011369e+00 1.016880173003566057e+01 1.799999999999998579e+02
9.450000000000011724e+00 2.671275237994407803e+01 1.800000000000000000e+02
9.600000000000012079e+00 6.948687087009238894e+01 1.799999999999999716e+02
9.750000000000012434e+00 2.096566547018705933e+02 1.799999999999999716e+02
9.900000000000012790e+00 4.377563923658119052e+02 1.800000000000000000e+02
1.005000000000001315e+01 7.998300926101734376e+02 1.799999999999999432e+02
1.020000000000001350e+01 7.998300926101734376e+02 1.799999999999999432e+02
1.035000000000001386e+01 7.998300926101734376e+02 1.799999999999999432e+02
1.050000000000001421e+01 7.998300926101734376e+02 1.799999999999999432e+02
1.065000000000001457e+01 7.998300926101734376e+02 1.799999999999999432e+02
1.080000000000001492e+01 7.998300926101734376e+02 1.799999999999999432e+02
1.095000000000001528e+01 7.998300926101734376e+02 1.799999999999999432e+02
1.110000000000001563e+01 7.998300926101734376e+02 1.799999999999999432e+02
1.125000000000001599e+01 7.998300926101734376e+02 1.799999999999999432e+02
1.140000000000001634e+01 7.998300926101734376e+02 1.799999999999999432e+02
1.155000000000001670e+01 7.998300926101734376e+02 1.799999999999999432e+02
1.170000000000001705e+01 7.998300926101734376e+02 1.799999999999999432e+02
1.185000000000001741e+01 7.998300926101734376e+02 1.799999999999999432e+02
1.200000000000001776e+01 7.998300926101734376e+02 1.799999999999999432e+02
1.215000000000001812e+01 7.998300926101734376e+02 1.799999999999999432e+02
1.230000000000001847e+01 7.998300926101734376e+02 1.799999999999999432e+02
1.245000000000001883e+01 7.998300926101734376e+02 1.799999999999999432e+02
1.260000000000001918e+01 7.998300926101734376e+02 1.799999999999999432e+02
1.275000000000001954e+01 7.998300926101734376e+02 1.799999999999999432e+02
1.290000000000001990e+01 7.998300926101734376e+02 1.799999999999999432e+02
1.305000000000002025e+01 7.996719008228109260e+02 1.799999999999999716e+02
1.320000000000002061e+01 7.996719008228109260e+02 1.799999999999999716e+02
1.335000000000002096e+01 7.996719008228109260e+02 1.799999999999999716e+02
1.350000000000002132e+01 7.996719008228109260e+02 1.799999999999999716e+02
1.365000000000002167e+01 7.996719008228109260e+02 1.799999999999999716e+02
1.380000000000002203e+01 7.996719008228109260e+02 1.799999999999999716e+02
1.395000000000002238e+01 7.996719008228109260e+02 1.799999999999999716e+02
1.410000000000002274e+01 7.996719008228109260e+02 1.799999999999999716e+02
1.425000000000002309e+01 7.996719008228109260e+02 1.799999999999999716e+02
1.440000000000002345e+01 7.996719008228109260e+02 1.799999999999999716e+02
1.455000000000002380e+01 7.996719008228109260e+02 1.799999999999999716e+02
1.470000000000002416e+01 7.996719008228109260e+02 1.799999999999999716e+02
1.485000000000002451e+01 7.996719008228109260e+02 1.799999999999999716e+02
1.500000000000002487e+01 7.996719008228109260e+02 1.799999999999999716e+02
1.515000000000002522e+01 7.996719008228109260e+02 1.799999999999999716e+02
1.530000000000002558e+01 7.996719008228109260e+02 1.799999999999999716e+02
1.545000000000002593e+01 7.996719008228109260e+02 1.799999999999999716e+02
1.560000000000002629e+01 7.996719008228109260e+02 1.799999999999999716e+02
1.575000000000002665e+01 7.996719008228109260e+02 1.799999999999999716e+02
1.590000000000002700e+01 7.996719008228109260e+02 1.799999999999999716e+02
