1.499999999999999944e-01 7.998500573832012606e+02 9.205871646100760586e-07
2.999999999999999889e-01 7.998500573832012606e+02 9.205871646100760586e-07
4.499999999999999556e-01 7.998500573832012606e+02 9.205871646100760586e-07
5.999999999999999778e-01 7.998500573832012606e+02 9.205871646100760586e-07
7.500000000000000000e-01 7.998500573832012606e+02 9.205871646100760586e-07
9.000000000000000222e-01 7.998500573832012606e+02 9.205871646100760586e-07
1.050000000000000044e+00 7.998500573832012606e+02 9.205871646100760586e-07
1.199999999999999956e+00 7.998500573832012606e+02 9.205871646100760586e-07
1.349999999999999867e+00 7.998500573832012606e+02 9.205871646100760586e-07
1.499999999999999778e+00 7.998500573832012606e+02 9.205871646100760586e-07
1.649999999999999689e+00 7.998500573832012606e+02 9.205871646100760586e-07
1.799999999999999600e+00 7.998500573832012606e+02 9.205871646100760586e-07
1.949999999999999512e+00 7.998500573832012606e+02 9.205871646100760586e-07
2.099999999999999645e+00 7.999299000389002003e+02 9.194071742824050375e-07
2.249999999999999556e+00 7.999299000389002003e+02 9.194071742824050375e-07
2.399999999999999467e+00 7.999299000389002003e+02 9.194071742824050375e-07
2.549999999999999378e+00 7.999299000389002003e+02 9.194071742824050375e-07
2.699999999999999289e+00 7.999299000389002003e+02 9.194071742824050375e-07
2.849999999999999201e+00 7.999299000389002003e+02 9.194071742824050375e-07
2.999999999999999112e+00 7.999299000389002003e+02 9.194071742824050375e-07
3.149999999999999023e+00 7.999299000389002003e+02 9.194071742824050375e-07
3.299999999999998934e+00 7.999299000389002003e+02 9.194071742824050375e-07
3.449999999999998845e+00 7.999299000389002003e+02 9.194071742824050375e-07
3.599999999999998757e+00 7.999299000389002003e+02 9.194071742824050375e-07
3.749999999999998668e+00 7.999299000389002003e+02 9.194071742824050375e-07
3.899999999999998579e+00 7.999299000389002003e+02 9.194071742824050375e-07
4.049999999999998934e+00 4.548311341953601072e+02 9.200812717269357677e-07
4.199999999999999289e+00 2.363459188647786391e+02 9.237888581870024041e-07
4.349999999999999645e+00 8.619052316911377432e+01 9.261381933578505254e-07
4.500000000000000000e+00 3.547080874045781229e+01 9.309649480204740257e-07
4.650000000000000355e+00 1.390559393626982398e+01 9.464709851414454533e-07
4.800000000000000711e+00 5.417652907719741506e+00 9.779978735746652774e-07
4.950000000000001066e+00 1.991362629150358998e+00 1.066391064785676690e-06
5.100000000000001421e+00 6.199463628061039344e-01 1.379504043108603639e-06
5.250000000000001776e+00 6.945096848357934505e-02 4.940265468267313054e-06
5.400000000000002132e+00 1.513094891874970926e-01 1.799999990901110607e+02
5.550000000000002487e+00 2.398677337580465974e-01 1.799999997689384088e+02
5.700000000000002842e+00 2.753890890026013949e-01 1.799999999192405085e+02
5.850000000000003197e+00 2.896374869051214773e-01 1.799999999691757466e+02
6.000000000000003553e+00 2.953527744773509767e-01 1.799999999877960022e+02
6.150000000000003908e+00 2.976453156684328860e-01 1.799999999950545941e+02
6.300000000000004263e+00 2.985649783088319964e-01 1.799999999978073788e+02
6.450000000000004619e+00 2.989340789920333918e-01 1.799999999985841157e+02
6.600000000000004974e+00 2.990826483103319333e-01 1.799999999981032772e+02
6.750000000000005329e+00 2.991435292694859527e-01 1.799999999959327681e+02
6.900000000000005684e+00 2.991711584697895887e-01 1.799999999901190222e+02
7.050000000000006040e+00 2.991902407816269260e-01 1.799999999755176532e+02
7.200000000000006395e+00 2.992178387100921100e-01 1.799999999391226311e+02
7.350000000000006750e+00 2.992786288039042120e-01 1.799999998482172430e+02
7.500000000000007105e+00 2.994269665925912705e-01 1.799999996224777590e+02
7.650000000000007461e+00 2.997954880977431458e-01 1.799999990616814500e+02
7.800000000000007816e+00 3.007137062152196449e-01 1.799999976669371620e+02
7.950000000000008171e+00 3.030026458345673745e-01 1.799999942379562867e+02
8.100000000000008527e+00 3.087089533148628107e-01 1.799999859260248058e+02
8.250000000000008882e+00 3.229349654193356400e-01 1.799999664450843397e+02
8.400000000000009237e+00 3.584005140030512848e-01 1.799999247608637916e+02
8.550000000000009592e+00 4.468196433221010011e-01 1.799998498139297283e+02
8.700000000000009948e+00 6.672333742483260721e-01 1.799997491753104555e+02
8.850000000000010303e+00 1.216864823407547647e+00 1.799996577023260045e+02
9.000000000000010658e+00 2.586130953653878350e+00 1.799995993396962319e+02
9.150000000000011013e+00 6.007077426548285359e+00 1.799995693191540056e+02
9.300000000000011369e+00 1.448184569944628564e+01 1.799995569001487468e+02
9.450000000000011724e+00 3.601479217126711063e+01 1.799995521486046357e+02
9.600000000000012079e+00 8.665993762568652414e+01 1.799995497135043934e+02
9.750000000000012434e+00 2.366466354004965638e+02 1.799995496790569689e+02
9.900000000000012790e+00 4.548906255855848713e+02 1.799995499524181355e+02
1.005000000000001315e+01 7.999296709951639741e+02 1.799995497979759307e+02
1.020000000000001350e+01 7.999296709951639741e+02 1.799995497979759307e+02
1.035000000000001386e+01 7.999296709951639741e+02 1.799995497979759307e+02
1.050000000000001421e+01 7.999296709951639741e+02 1.799995497979759307e+02
1.065000000000001457e+01 7.999296709951639741e+02 1.799995497979759307e+02
1.080000000000001492e+01 7.999296709951639741e+02 1.799995497979759307e+02
1.095000000000001528e+01 7.999296709951639741e+02 1.799995497979759307e+02
1.110000000000001563e+01 7.999296709951639741e+02 1.799995497979759307e+02
1.125000000000001599e+01 7.999296709951639741e+02 1.799995497979759307e+02
1.140000000000001634e+01 7.999296709951639741e+02 1.799995497979759307e+02
1.155000000000001670e+01 7.999296709951639741e+02 1.799995497979759307e+02
1.170000000000001705e+01 7.999296709951639741e+02 1.799995497979759307e+02
1.185000000000001741e+01 7.999296709951639741e+02 1.799995497979759307e+02
1.200000000000001776e+01 7.999296709951639741e+02 1.799995497979759307e+02
1.215000000000001812e+01 7.999296709951639741e+02 1.799995497979759307e+02
1.230000000000001847e+01 7.999296709951639741e+02 1.799995497979759307e+02
1.245000000000001883e+01 7.999296709951639741e+02 1.799995497979759307e+02
1.260000000000001918e+01 7.999296709951639741e+02 1.799995497979759307e+02
1.275000000000001954e+01 7.999296709951639741e+02 1.799995497979759307e+02
1.290000000000001990e+01 7.999296709951639741e+02 1.799995497979759307e+02
1.305000000000002025e+01 7.998495362036142069e+02 1.799995503583211871e+02
1.320000000000002061e+01 7.998495362036142069e+02 1.799995503583211871e+02
1.335000000000002096e+01 7.998495362036142069e+02 1.799995503583211871e+02
1.350000000000002132e+01 7.998495362036142069e+02 1.799995503583211871e+02
1.365000000000002167e+01 7.998495362036142069e+02 1.799995503583211871e+02
1.380000000000002203e+01 7.998495362036142069e+02 1.799995503583211871e+02
1.395000000000002238e+01 7.998495362036142069e+02 1.799995503583211871e+02
1.410000000000002274e+01 7.998495362036142069e+02 1.799995503583211871e+02
1.425000000000002309e+01 7.998495362036142069e+02 1.799995503583211871e+02
1.440000000000002345e+01 7.998495362036142069e+02 1.799995503583211871e+02
1.455000000000002380e+01 7.998495362036142069e+02 1.799995503583211871e+02
1.470000000000002416e+01 7.998495362036142069e+02 1.799995503583211871e+02
1.485000000000002451e+01 7.998495362036142069e+02 1.799995503583211871e+02
1.500000000000002487e+01 7.998495362036142069e+02 1.799995503583211871e+02
1.515000000000002522e+01 7.998495362036142069e+02 1.799995503583211871e+02
1.530000000000002558e+01 7.998495362036142069e+02 1.799995503583211871e+02
1.545000000000002593e+01 7.998495362036142069e+02 1.799995503583211871e+02
1.560000000000002629e+01 7.998495362036142069e+02 1.799995503583211871e+02
1.575000000000002665e+01 7.998495362036142069e+02 1.799995503583211871e+02
1.590000000000002700e+01 7.998495362036142069e+02 1.799995503583211871e+02
