1.499999999999999944e-01 7.999998907569407720e+02 1.799997258512183009e+02
2.999999999999999889e-01 7.999998907569407720e+02 1.799997258512183009e+02
4.499999999999999556e-01 7.999998907569407720e+02 1.799997258512183009e+02
5.999999999999999778e-01 7.999998907569407720e+02 1.799997258512183009e+02
7.500000000000000000e-01 7.999998907569407720e+02 1.799997258512183009e+02
9.000000000000000222e-01 7.999998907569407720e+02 1.799997258512183009e+02
1.050000000000000044e+00 7.999998907569407720e+02 1.799997258512183009e+02
1.199999999999999956e+00 7.999998907569407720e+02 1.799997258512183009e+02
1.349999999999999867e+00 7.999998907569407720e+02 1.799997258512183009e+02
1.499999999999999778e+00 7.999998907569407720e+02 1.799997258512183009e+02
1.649999999999999689e+00 7.999998907569407720e+02 1.799997258512183009e+02
1.799999999999999600e+00 7.999998907569407720e+02 1.799997258512183009e+02
1.949999999999999512e+00 7.999998907569407720e+02 1.799997258512183009e+02
2.099999999999999645e+00 7.999999800282027991e+02 1.799997264096023457e+02
2.249999999999999556e+00 7.999999800282027991e+02 1.799997264096023457e+02
2.399999999999999467e+00 7.999999800282027991e+02 1.799997264096023457e+02
2.549999999999999378e+00 7.999999800282027991e+02 1.799997264096023457e+02
2.699999999999999289e+00 7.999999800282027991e+02 1.799997264096023457e+02
2.849999999999999201e+00 7.999999800282027991e+02 1.799997264096023457e+02
2.999999999999999112e+00 7.999999800282027991e+02 1.799997264096023457e+02
3.149999999999999023e+00 7.999999800282027991e+02 1.799997264096023457e+02
3.299999999999998934e+00 7.999999800282027991e+02 1.799997264096023457e+02
3.449999999999998845e+00 7.999999800282027991e+02 1.799997264096023457e+02
3.599999999999998757e+00 7.999999800282027991e+02 1.799997264096023457e+02
3.749999999999998668e+00 7.999999800282027991e+02 1.799997264096023457e+02
3.899999999999998579e+00 7.999999800282027991e+02 1.799997264096023457e+02
4.049999999999998934e+00 5.120232737703942121e+02 1.799997273032190606e+02
4.199999999999999289e+00 4.381777254585578021e+02 1.799997306116239884e+02
4.349999999999999645e+00 3.582245191427780355e+02 1.799997399634485760e+02
4.500000000000000000e+00 3.344635675264813699e+02 1.799997508875044048e+02
4.650000000000000355e+00 3.232090368902656223e+02 1.799997618942582847e+02
4.800000000000000711e+00 3.184476717288254122e+02 1.799997738082572027e+02
4.950000000000001066e+00 3.163206032538354862e+02 1.799997854383433094e+02
5.100000000000001421e+00 3.153779659403692222e+02 1.799997959014882838e+02
5.250000000000001776e+00 3.149574659609492642e+02 1.799998066765212741e+02
5.400000000000002132e+00 3.147699305531387495e+02 1.799998169790351028e+02
5.550000000000002487e+00 3.146862192619005327e+02 1.799998261918938454e+02
5.700000000000002842e+00 3.146488493616067785e+02 1.799998356293004349e+02
5.850000000000003197e+00 3.146321646976986131e+02 1.799998446467045596e+02
6.000000000000003553e+00 3.146247152758418224e+02 1.799998527319140180e+02
6.150000000000003908e+00 3.146213892925442224e+02 1.799998610044333418e+02
6.300000000000004263e+00 3.146199046120281082e+02 1.799998689196186206e+02
6.450000000000004619e+00 3.146192425366294287e+02 1.799998760479377609e+02
6.600000000000004974e+00 3.146189487960626252e+02 1.799998833339361113e+02
6.750000000000005329e+00 3.146188218468179230e+02 1.799998903189464272e+02
6.900000000000005684e+00 3.146187745857172899e+02 1.799998966458080076e+02
7.050000000000006040e+00 3.146187745857181994e+02 1.799999031044490039e+02
7.200000000000006395e+00 3.146188218468203672e+02 1.799999093119622557e+02
7.350000000000006750e+00 3.146189487960668885e+02 1.799999149756521888e+02
7.500000000000007105e+00 3.146192425366355110e+02 1.799999207481276642e+02
7.650000000000007461e+00 3.146199046120362937e+02 1.799999263138205947e+02
7.800000000000007816e+00 3.146213892925548521e+02 1.799999314380482645e+02
7.950000000000008171e+00 3.146247152758556922e+02 1.799999366503916463e+02
8.100000000000008527e+00 3.146321646977170872e+02 1.799999416956131313e+02
8.250000000000008882e+00 3.146488493616344044e+02 1.799999463917070273e+02
8.400000000000009237e+00 3.146862192619460075e+02 1.799999511564998897e+02
8.550000000000009592e+00 3.147699305532217409e+02 1.799999557886577009e+02
8.700000000000009948e+00 3.149574659611124616e+02 1.799999601530118980e+02
8.850000000000010303e+00 3.153779659407092026e+02 1.799999645609739218e+02
9.000000000000010658e+00 3.163206032545692210e+02 1.799999688519614836e+02
9.150000000000011013e+00 3.184476717304534077e+02 1.799999729160371373e+02
9.300000000000011369e+00 3.232090368938796132e+02 1.799999769222413875e+02
9.450000000000011724e+00 3.344635675351233886e+02 1.799999806771592432e+02
9.600000000000012079e+00 3.582245191606679100e+02 1.799999838679601112e+02
9.750000000000012434e+00 4.381777255261341679e+02 1.799999864860477885e+02
9.900000000000012790e+00 5.120232738180085335e+02 1.799999876149649083e+02
1.005000000000001315e+01 7.999999809169274840e+02 1.799999878356098861e+02
1.020000000000001350e+01 7.999999809169274840e+02 1.799999878356098861e+02
1.035000000000001386e+01 7.999999809169274840e+02 1.799999878356098861e+02
1.050000000000001421e+01 7.999999809169274840e+02 1.799999878356098861e+02
1.065000000000001457e+01 7.999999809169274840e+02 1.799999878356098861e+02
1.080000000000001492e+01 7.999999809169274840e+02 1.799999878356098861e+02
1.095000000000001528e+01 7.999999809169274840e+02 1.799999878356098861e+02
1.110000000000001563e+01 7.999999809169274840e+02 1.799999878356098861e+02
1.125000000000001599e+01 7.999999809169274840e+02 1.799999878356098861e+02
1.140000000000001634e+01 7.999999809169274840e+02 1.799999878356098861e+02
1.155000000000001670e+01 7.999999809169274840e+02 1.799999878356098861e+02
1.170000000000001705e+01 7.999999809169274840e+02 1.799999878356098861e+02
1.185000000000001741e+01 7.999999809169274840e+02 1.799999878356098861e+02
1.200000000000001776e+01 7.999999809169274840e+02 1.799999878356098861e+02
1.215000000000001812e+01 7.999999809169274840e+02 1.799999878356098861e+02
1.230000000000001847e+01 7.999999809169274840e+02 1.799999878356098861e+02
1.245000000000001883e+01 7.999999809169274840e+02 1.799999878356098861e+02
1.260000000000001918e+01 7.999999809169274840e+02 1.799999878356098861e+02
1.275000000000001954e+01 7.999999809169274840e+02 1.799999878356098861e+02
1.290000000000001990e+01 7.999999809169274840e+02 1.799999878356098861e+02
1.305000000000002025e+01 7.999998956181456151e+02 1.799999879051076732e+02
1.320000000000002061e+01 7.999998956181456151e+02 1.799999879051076732e+02
1.335000000000002096e+01 7.999998956181456151e+02 1.799999879051076732e+02
1.350000000000002132e+01 7.999998956181456151e+02 1.799999879051076732e+02
1.365000000000002167e+01 7.999998956181456151e+02 1.799999879051076732e+02
1.380000000000002203e+01 7.999998956181456151e+02 1.799999879051076732e+02
1.395000000000002238e+01 7.999998956181456151e+02 1.799999879051076732e+02
1.410000000000002274e+01 7.999998956181456151e+02 1.799999879051076732e+02
1.425000000000002309e+01 7.999998956181456151e+02 1.799999879051076732e+02
1.440000000000002345e+01 7.999998956181456151e+02 1.799999879051076732e+02
1.455000000000002380e+01 7.999998956181456151e+02 1.799999879051076732e+02
1.470000000000002416e+01 7.999998956181456151e+02 1.799999879051076732e+02
1.485000000000002451e+01 7.999998956181456151e+02 1.799999879051076732e+02
1.500000000000002487e+01 7.999998956181456151e+02 1.799999879051076732e+02
1.515000000000002522e+01 7.999998956181456151e+02 1.799999879051076732e+02
1.530000000000002558e+01 7.999998956181456151e+02 1.799999879051076732e+02
1.545000000000002593e+01 7.999998956181456151e+02 1.799999879051076732e+02
1.560000000000002629e+01 7.999998956181456151e+02 1.799999879051076732e+02
1.575000000000002665e+01 7.999998956181456151e+02 1.799999879051076732e+02
1.590000000000002700e+01 7.999998956181456151e+02 1.799999879051076732e+02
