1.499999999999999944e-01 7.999999492275431976e+02 5.763871188271333779e+01
2.999999999999999889e-01 7.999999492275431976e+02 5.763871188271333779e+01
4.499999999999999556e-01 7.999999492275431976e+02 5.763871188271333779e+01
5.999999999999999778e-01 7.999999492275431976e+02 5.763871188271333779e+01
7.500000000000000000e-01 7.999999492275431976e+02 5.763871188271333779e+01
9.000000000000000222e-01 7.999999492275431976e+02 5.763871188271333779e+01
1.050000000000000044e+00 7.999999492275431976e+02 5.763871188271333779e+01
1.199999999999999956e+00 7.999999492275431976e+02 5.763871188271333779e+01
1.349999999999999867e+00 7.999999492275431976e+02 5.763871188271333779e+01
1.499999999999999778e+00 7.999999492275431976e+02 5.763871188271333779e+01
1.649999999999999689e+00 7.999999492275431976e+02 5.763871188271333779e+01
1.799999999999999600e+00 7.999999492275431976e+02 5.763871188271333779e+01
1.949999999999999512e+00 7.999999492275431976e+02 5.763871188271333779e+01
2.099999999999999645e+00 7.999999915555231382e+02 5.769758922922898847e+01
2.249999999999999556e+00 7.999999915555231382e+02 5.769758922922898847e+01
2.399999999999999467e+00 7.999999915555231382e+02 5.769758922922898847e+01
2.549999999999999378e+00 7.999999915555231382e+02 5.769758922922898847e+01
2.699999999999999289e+00 7.999999915555231382e+02 5.769758922922898847e+01
2.849999999999999201e+00 7.999999915555231382e+02 5.769758922922898847e+01
2.999999999999999112e+00 7.999999915555231382e+02 5.769758922922898847e+01
3.149999999999999023e+00 7.999999915555231382e+02 5.769758922922898847e+01
3.299999999999998934e+00 7.999999915555231382e+02 5.769758922922898847e+01
3.449999999999998845e+00 7.999999915555231382e+02 5.769758922922898847e+01
3.599999999999998757e+00 7.999999915555231382e+02 5.769758922922898847e+01
3.749999999999998668e+00 7.999999915555231382e+02 5.769758922922898847e+01
3.899999999999998579e+00 7.999999915555231382e+02 5.769758922922898847e+01
4.049999999999998934e+00 5.134350779083511043e+02 5.800959024699731259e+01
4.199999999999999289e+00 4.484059299494884385e+02 5.941683720108716216e+01
4.349999999999999645e+00 3.768860448066927802e+02 6.247063385339276920e+01
4.500000000000000000e+00 3.576083312223744315e+02 6.600454563006688602e+01
4.650000000000000355e+00 3.490820405255199717e+02 6.985514053667372991e+01
4.800000000000000711e+00 3.458414397689617203e+02 7.375908264044585394e+01
4.950000000000001066e+00 3.445698284262991251e+02 7.764390062748296373e+01
5.100000000000001421e+00 3.441140882634123273e+02 8.147018524530005834e+01
5.250000000000001776e+00 3.439866180362650994e+02 8.522323752561649712e+01
5.400000000000002132e+00 3.439918887023943626e+02 8.889671482897000487e+01
5.550000000000002487e+00 3.440496795401899703e+02 9.248819549433484610e+01
5.700000000000002842e+00 3.441271745996233449e+02 9.599695827957877725e+01
5.850000000000003197e+00 3.442108551712167355e+02 9.942315060030875884e+01
6.000000000000003553e+00 3.442951036078923721e+02 1.027674243562089629e+02
6.150000000000003908e+00 3.443775477242405145e+02 1.060307763453309065e+02
6.300000000000004263e+00 3.444571624242195185e+02 1.092144758769248511e+02
6.450000000000004619e+00 3.445334941509343594e+02 1.123200176943189206e+02
6.600000000000004974e+00 3.446063422297083321e+02 1.153490889965488861e+02
6.750000000000005329e+00 3.446756267217582490e+02 1.183035494295657912e+02
6.900000000000005684e+00 3.447413324825490122e+02 1.211854074640441752e+02
7.050000000000006040e+00 3.448034840685283484e+02 1.239967993395583790e+02
7.200000000000006395e+00 3.448621343200346132e+02 1.267399758442152091e+02
7.350000000000006750e+00 3.449173602472031348e+02 1.294172842793042264e+02
7.500000000000007105e+00 3.449692652372891075e+02 1.320311522015658454e+02
7.650000000000007461e+00 3.450179932772135771e+02 1.345840778728116902e+02
7.800000000000007816e+00 3.450637705419076724e+02 1.370786158550209564e+02
7.950000000000008171e+00 3.451070131340711100e+02 1.395173631471338069e+02
8.100000000000008527e+00 3.451485994909198212e+02 1.419029486767940398e+02
8.250000000000008882e+00 3.451905517844453470e+02 1.442380121286255417e+02
8.400000000000009237e+00 3.452377338379850471e+02 1.465251678409830447e+02
8.550000000000009592e+00 3.453020838949859694e+02 1.487669343978998029e+02
8.700000000000009948e+00 3.454131378382979278e+02 1.509655609812647867e+02
8.850000000000010303e+00 3.456444381656858127e+02 1.531226282204333415e+02
9.000000000000010658e+00 3.461782671316685764e+02 1.552380001409397607e+02
9.150000000000011013e+00 3.474778157219503214e+02 1.573077691892069367e+02
9.300000000000011369e+00 3.506540130826877544e+02 1.593166287173378066e+02
9.450000000000011724e+00 3.589672763175603905e+02 1.612344059406567283e+02
9.600000000000012079e+00 3.778366605880734141e+02 1.629434652200624214e+02
9.750000000000012434e+00 4.487316915226051606e+02 1.643749505489759599e+02
9.900000000000012790e+00 5.134487244364992193e+02 1.650155959389665838e+02
1.005000000000001315e+01 7.999999916577901331e+02 1.651486739220973448e+02
1.020000000000001350e+01 7.999999916577901331e+02 1.651486739220973448e+02
1.035000000000001386e+01 7.999999916577901331e+02 1.651486739220973448e+02
1.050000000000001421e+01 7.999999916577901331e+02 1.651486739220973448e+02
1.065000000000001457e+01 7.999999916577901331e+02 1.651486739220973448e+02
1.080000000000001492e+01 7.999999916577901331e+02 1.651486739220973448e+02
1.095000000000001528e+01 7.999999916577901331e+02 1.651486739220973448e+02
1.110000000000001563e+01 7.999999916577901331e+02 1.651486739220973448e+02
1.125000000000001599e+01 7.999999916577901331e+02 1.651486739220973448e+02
1.140000000000001634e+01 7.999999916577901331e+02 1.651486739220973448e+02
1.155000000000001670e+01 7.999999916577901331e+02 1.651486739220973448e+02
1.170000000000001705e+01 7.999999916577901331e+02 1.651486739220973448e+02
1.185000000000001741e+01 7.999999916577901331e+02 1.651486739220973448e+02
1.200000000000001776e+01 7.999999916577901331e+02 1.651486739220973448e+02
1.215000000000001812e+01 7.999999916577901331e+02 1.651486739220973448e+02
1.230000000000001847e+01 7.999999916577901331e+02 1.651486739220973448e+02
1.245000000000001883e+01 7.999999916577901331e+02 1.651486739220973448e+02
1.260000000000001918e+01 7.999999916577901331e+02 1.651486739220973448e+02
1.275000000000001954e+01 7.999999916577901331e+02 1.651486739220973448e+02
1.290000000000001990e+01 7.999999916577901331e+02 1.651486739220973448e+02
1.305000000000002025e+01 7.999999498203446819e+02 1.651745705846043961e+02
1.320000000000002061e+01 7.999999498203446819e+02 1.651745705846043961e+02
1.335000000000002096e+01 7.999999498203446819e+02 1.651745705846043961e+02
1.350000000000002132e+01 7.999999498203446819e+02 1.651745705846043961e+02
1.365000000000002167e+01 7.999999498203446819e+02 1.651745705846043961e+02
1.380000000000002203e+01 7.999999498203446819e+02 1.651745705846043961e+02
1.395000000000002238e+01 7.999999498203446819e+02 1.651745705846043961e+02
1.410000000000002274e+01 7.999999498203446819e+02 1.651745705846043961e+02
1.425000000000002309e+01 7.999999498203446819e+02 1.651745705846043961e+02
1.440000000000002345e+01 7.999999498203446819e+02 1.651745705846043961e+02
1.455000000000002380e+01 7.999999498203446819e+02 1.651745705846043961e+02
1.470000000000002416e+01 7.999999498203446819e+02 1.651745705846043961e+02
1.485000000000002451e+01 7.999999498203446819e+02 1.651745705846043961e+02
1.500000000000002487e+01 7.999999498203446819e+02 1.651745705846043961e+02
1.515000000000002522e+01 7.999999498203446819e+02 1.651745705846043961e+02
1.530000000000002558e+01 7.999999498203446819e+02 1.651745705846043961e+02
1.545000000000002593e+01 7.999999498203446819e+02 1.651745705846043961e+02
1.560000000000002629e+01 7.999999498203446819e+02 1.651745705846043961e+02
1.575000000000002665e+01 7.999999498203446819e+02 1.651745705846043961e+02
1.590000000000002700e+01 7.999999498203446819e+02 1.651745705846043961e+02
