1.499999999999999944e-01 7.999678140952121339e+02 1.799720076845011931e+02
2.999999999999999889e-01 7.999678140952121339e+02 1.799720076845011931e+02
4.499999999999999556e-01 7.999678140952121339e+02 1.799720076845011931e+02
5.999999999999999778e-01 7.999678140952121339e+02 1.799720076845011931e+02
7.500000000000000000e-01 7.999678140952121339e+02 1.799720076845011931e+02
9.000000000000000222e-01 7.999678140952121339e+02 1.799720076845011931e+02
1.050000000000000044e+00 7.999678140952121339e+02 1.799720076845011931e+02
1.199999999999999956e+00 7.999678140952121339e+02 1.799720076845011931e+02
1.349999999999999867e+00 7.999678140952121339e+02 1.799720076845011931e+02
1.499999999999999778e+00 7.999678140952121339e+02 1.799720076845011931e+02
1.649999999999999689e+00 7.999678140952121339e+02 1.799720076845011931e+02
1.799999999999999600e+00 7.999678140952121339e+02 1.799720076845011931e+02
1.949999999999999512e+00 7.999678140952121339e+02 1.799720076845011931e+02
2.099999999999999645e+00 7.999877159019155215e+02 1.799720144988222614e+02
2.249999999999999556e+00 7.999877159019155215e+02 1.799720144988222614e+02
2.399999999999999467e+00 7.999877159019155215e+02 1.799720144988222614e+02
2.549999999999999378e+00 7.999877159019155215e+02 1.799720144988222614e+02
2.699999999999999289e+00 7.999877159019155215e+02 1.799720144988222614e+02
2.849999999999999201e+00 7.999877159019155215e+02 1.799720144988222614e+02
2.999999999999999112e+00 7.999877159019155215e+02 1.799720144988222614e+02
3.149999999999999023e+00 7.999877159019155215e+02 1.799720144988222614e+02
3.299999999999998934e+00 7.999877159019155215e+02 1.799720144988222614e+02
3.449999999999998845e+00 7.999877159019155215e+02 1.799720144988222614e+02
3.599999999999998757e+00 7.999877159019155215e+02 1.799720144988222614e+02
3.749999999999998668e+00 7.999877159019155215e+02 1.799720144988222614e+02
3.899999999999998579e+00 7.999877159019155215e+02 1.799720144988222614e+02
4.049999999999998934e+00 4.789704266328999438e+02 1.799720376001560567e+02
4.199999999999999289e+00 2.894482297990403481e+02 1.799720975224508948e+02
4.349999999999999645e+00 1.300447531450490715e+02 1.799722966827370101e+02
4.500000000000000000e+00 6.567332406387394883e+01 1.799726761381551228e+02
4.650000000000000355e+00 3.278774079036978151e+01 1.799734399938846252e+02
4.800000000000000711e+00 1.697260353364266905e+01 1.799748849005925990e+02
4.950000000000001066e+00 9.215898452165610877e+00 1.799774087946008194e+02
5.100000000000001421e+00 5.430458499173248299e+00 1.799812539262503890e+02
5.250000000000001776e+00 3.580013663646454347e+00 1.799861036148125208e+02
5.400000000000002132e+00 2.675832245135950416e+00 1.799909135215551714e+02
5.550000000000002487e+00 2.233959042267031236e+00 1.799946790212662506e+02
5.700000000000002842e+00 2.018023037988342594e+00 1.799971212430187961e+02
5.850000000000003197e+00 1.912497953066718992e+00 1.799985154523112101e+02
6.000000000000003553e+00 1.860930659641610418e+00 1.799992541014783853e+02
6.150000000000003908e+00 1.835733770276533505e+00 1.799996304573723478e+02
6.300000000000004263e+00 1.823427571412196357e+00 1.799998181764778451e+02
6.450000000000004619e+00 1.817428549581904917e+00 1.799999108141215345e+02
6.600000000000004974e+00 1.814527378110824429e+00 1.799999563429612124e+02
6.750000000000005329e+00 1.813172003175168356e+00 1.799999786477740429e+02
6.900000000000005684e+00 1.812637333212251178e+00 1.799999895579418308e+02
7.050000000000006040e+00 1.812637333330258116e+00 1.799999948967075625e+02
7.200000000000006395e+00 1.813172003514438302e+00 1.799999975066299953e+02
7.350000000000006750e+00 1.814527378877869523e+00 1.799999987819166734e+02
7.500000000000007105e+00 1.817428551115995106e+00 1.799999994056428818e+02
7.650000000000007461e+00 1.823427574583632804e+00 1.799999997104785052e+02
7.800000000000007816e+00 1.835733776678409868e+00 1.799999998594033741e+02
7.950000000000008171e+00 1.860930672666626151e+00 1.799999999322171789e+02
8.100000000000008527e+00 1.912497979367515200e+00 1.799999999677654614e+02
8.250000000000008882e+00 2.018023090560433275e+00 1.799999999850639085e+02
8.400000000000009237e+00 2.233959145419845527e+00 1.799999999934039749e+02
8.550000000000009592e+00 2.675832442296041336e+00 1.799999999973053662e+02
8.700000000000009948e+00 3.580014030611152975e+00 1.799999999990101003e+02
8.850000000000010303e+00 5.430459175024793694e+00 1.799999999996737756e+02
9.000000000000010658e+00 9.215899712520268849e+00 1.799999999998973976e+02
9.150000000000011013e+00 1.697260595348739898e+01 1.799999999999631655e+02
9.300000000000011369e+00 3.278774552691656652e+01 1.799999999999805027e+02
9.450000000000011724e+00 6.567333376783795984e+01 1.799999999999849365e+02
9.600000000000012079e+00 1.300447716081918657e+02 1.799999999999857323e+02
9.750000000000012434e+00 2.894482791714647760e+02 1.799999999999861018e+02
9.900000000000012790e+00 4.789704731790311030e+02 1.799999999999861018e+02
1.005000000000001315e+01 7.999880201277991318e+02 1.799999999999861302e+02
1.020000000000001350e+01 7.999880201277991318e+02 1.799999999999861302e+02
1.035000000000001386e+01 7.999880201277991318e+02 1.799999999999861302e+02
1.050000000000001421e+01 7.999880201277991318e+02 1.799999999999861302e+02
1.065000000000001457e+01 7.999880201277991318e+02 1.799999999999861302e+02
1.080000000000001492e+01 7.999880201277991318e+02 1.799999999999861302e+02
1.095000000000001528e+01 7.999880201277991318e+02 1.799999999999861302e+02
1.110000000000001563e+01 7.999880201277991318e+02 1.799999999999861302e+02
1.125000000000001599e+01 7.999880201277991318e+02 1.799999999999861302e+02
1.140000000000001634e+01 7.999880201277991318e+02 1.799999999999861302e+02
1.155000000000001670e+01 7.999880201277991318e+02 1.799999999999861302e+02
1.170000000000001705e+01 7.999880201277991318e+02 1.799999999999861302e+02
1.185000000000001741e+01 7.999880201277991318e+02 1.799999999999861302e+02
1.200000000000001776e+01 7.999880201277991318e+02 1.799999999999861302e+02
1.215000000000001812e+01 7.999880201277991318e+02 1.799999999999861302e+02
1.230000000000001847e+01 7.999880201277991318e+02 1.799999999999861302e+02
1.245000000000001883e+01 7.999880201277991318e+02 1.799999999999861302e+02
1.260000000000001918e+01 7.999880201277991318e+02 1.799999999999861302e+02
1.275000000000001954e+01 7.999880201277991318e+02 1.799999999999861302e+02
1.290000000000001990e+01 7.999880201277991318e+02 1.799999999999861302e+02
1.305000000000002025e+01 7.999686112075316942e+02 1.799999999999861018e+02
1.320000000000002061e+01 7.999686112075316942e+02 1.799999999999861018e+02
1.335000000000002096e+01 7.999686112075316942e+02 1.799999999999861018e+02
1.350000000000002132e+01 7.999686112075316942e+02 1.799999999999861018e+02
1.365000000000002167e+01 7.999686112075316942e+02 1.799999999999861018e+02
1.380000000000002203e+01 7.999686112075316942e+02 1.799999999999861018e+02
1.395000000000002238e+01 7.999686112075316942e+02 1.799999999999861018e+02
1.410000000000002274e+01 7.999686112075316942e+02 1.799999999999861018e+02
1.425000000000002309e+01 7.999686112075316942e+02 1.799999999999861018e+02
1.440000000000002345e+01 7.999686112075316942e+02 1.799999999999861018e+02
1.455000000000002380e+01 7.999686112075316942e+02 1.799999999999861018e+02
1.470000000000002416e+01 7.999686112075316942e+02 1.799999999999861018e+02
1.485000000000002451e+01 7.999686112075316942e+02 1.799999999999861018e+02
1.500000000000002487e+01 7.999686112075316942e+02 1.799999999999861018e+02
1.515000000000002522e+01 7.999686112075316942e+02 1.799999999999861018e+02
1.530000000000002558e+01 7.999686112075316942e+02 1.799999999999861018e+02
1.545000000000002593e+01 7.999686112075316942e+02 1.799999999999861018e+02
1.560000000000002629e+01 7.999686112075316942e+02 1.799999999999861018e+02
1.575000000000002665e+01 7.999686112075316942e+02 1.799999999999861018e+02
1.590000000000002700e+01 7.999686112075316942e+02 1.799999999999861018e+02
