1.499999999999999944e-01 7.999946087377276172e+02 8.856413736178866403e-01
2.999999999999999889e-01 7.999946087377276172e+02 8.856413736178866403e-01
4.499999999999999556e-01 7.999946087377276172e+02 8.856413736178866403e-01
5.999999999999999778e-01 7.999946087377276172e+02 8.856413736178866403e-01
7.500000000000000000e-01 7.999946087377276172e+02 8.856413736178866403e-01
9.000000000000000222e-01 7.999946087377276172e+02 8.856413736178866403e-01
1.050000000000000044e+00 7.999946087377276172e+02 8.856413736178866403e-01
1.199999999999999956e+00 7.999946087377276172e+02 8.856413736178866403e-01
1.349999999999999867e+00 7.999946087377276172e+02 8.856413736178866403e-01
1.499999999999999778e+00 7.999946087377276172e+02 8.856413736178866403e-01
1.649999999999999689e+00 7.999946087377276172e+02 8.856413736178866403e-01
1.799999999999999600e+00 7.999946087377276172e+02 8.856413736178866403e-01
1.949999999999999512e+00 7.999946087377276172e+02 8.856413736178866403e-01
2.099999999999999645e+00 7.999983716005128827e+02 8.856910265084102507e-01
2.249999999999999556e+00 7.999983716005128827e+02 8.856910265084102507e-01
2.399999999999999467e+00 7.999983716005128827e+02 8.856910265084102507e-01
2.549999999999999378e+00 7.999983716005128827e+02 8.856910265084102507e-01
2.699999999999999289e+00 7.999983716005128827e+02 8.856910265084102507e-01
2.849999999999999201e+00 7.999983716005128827e+02 8.856910265084102507e-01
2.999999999999999112e+00 7.999983716005128827e+02 8.856910265084102507e-01
3.149999999999999023e+00 7.999983716005128827e+02 8.856910265084102507e-01
3.299999999999998934e+00 7.999983716005128827e+02 8.856910265084102507e-01
3.449999999999998845e+00 7.999983716005128827e+02 8.856910265084102507e-01
3.599999999999998757e+00 7.999983716005128827e+02 8.856910265084102507e-01
3.749999999999998668e+00 7.999983716005128827e+02 8.856910265084102507e-01
3.899999999999998579e+00 7.999983716005128827e+02 8.856910265084102507e-01
4.049999999999998934e+00 4.957771127872373995e+02 8.865632817142902189e-01
4.199999999999999289e+00 3.450455017658841825e+02 8.893334221489453961e-01
4.349999999999999645e+00 1.920493919401397136e+02 8.959793381595284600e-01
4.500000000000000000e+00 1.191546706771697330e+02 9.068058019891982457e-01
4.650000000000000355e+00 7.294542379792314080e+01 9.256740225992872162e-01
4.800000000000000711e+00 4.451239386374194851e+01 9.569934367179168122e-01
4.950000000000001066e+00 2.659655327332654196e+01 1.011401654523105043e+00
5.100000000000001421e+00 1.529899887299303529e+01 1.111620752286684555e+00
5.250000000000001776e+00 8.159585522010104341e+00 1.317719050037186923e+00
5.400000000000002132e+00 3.646762993080216120e+00 1.864310300501205386e+00
5.550000000000002487e+00 7.952876556780097417e-01 5.413251039210464910e+00
5.700000000000002842e+00 1.013382047306208733e+00 1.773170057982115111e+02
5.850000000000003197e+00 2.153387499589257459e+00 1.792019722737101404e+02
6.000000000000003553e+00 2.875166968373321197e+00 1.796220427988162101e+02
6.150000000000003908e+00 3.332566267378226144e+00 1.797938371856610331e+02
6.300000000000004263e+00 3.623413569210370611e+00 1.798801178825326019e+02
6.450000000000004619e+00 3.809948835227174868e+00 1.799279019774207029e+02
6.600000000000004974e+00 3.932097585085301716e+00 1.799558328193639056e+02
6.750000000000005329e+00 4.016006758402696164e+00 1.799726592553183480e+02
6.900000000000005684e+00 4.079638806241021598e+00 1.799829803286192771e+02
7.050000000000006040e+00 4.136615941451765366e+00 1.799893877569042502e+02
7.200000000000006395e+00 4.199136019299061218e+00 1.799933904626531103e+02
7.350000000000006750e+00 4.280583829793329187e+00 1.799958999115686140e+02
7.500000000000007105e+00 4.398396750586115900e+00 1.799974772330332371e+02
7.650000000000007461e+00 4.577798412447108944e+00 1.799984675473668574e+02
7.800000000000007816e+00 4.857200258909870172e+00 1.799990867009868794e+02
7.950000000000008171e+00 5.296428933425474384e+00 1.799994704877781544e+02
8.100000000000008527e+00 5.989544999135759440e+00 1.799997039836955253e+02
8.250000000000008882e+00 7.085009211139215779e+00 1.799998417669643231e+02
8.400000000000009237e+00 8.817546330642144881e+00 1.799999196231424321e+02
8.550000000000009592e+00 1.155864307906271904e+01 1.799999612326470526e+02
8.700000000000009948e+00 1.589676336619524477e+01 1.799999821646677844e+02
8.850000000000010303e+00 2.276606348126297164e+01 1.799999921071434130e+02
9.000000000000010658e+00 3.365223272658118958e+01 1.799999965965727142e+02
9.150000000000011013e+00 5.095519601881437666e+01 1.799999985431933851e+02
9.300000000000011369e+00 7.850688337128191563e+01 1.799999993594881289e+02
9.450000000000011724e+00 1.235116307949797942e+02 1.799999996927386974e+02
9.600000000000012079e+00 1.949170991601966705e+02 1.799999998211863215e+02
9.750000000000012434e+00 3.462006525893298203e+02 1.799999998699403250e+02
9.900000000000012790e+00 4.958747146535704928e+02 1.799999998820401004e+02
1.005000000000001315e+01 7.999984120378136367e+02 1.799999998840086164e+02
1.020000000000001350e+01 7.999984120378136367e+02 1.799999998840086164e+02
1.035000000000001386e+01 7.999984120378136367e+02 1.799999998840086164e+02
1.050000000000001421e+01 7.999984120378136367e+02 1.799999998840086164e+02
1.065000000000001457e+01 7.999984120378136367e+02 1.799999998840086164e+02
1.080000000000001492e+01 7.999984120378136367e+02 1.799999998840086164e+02
1.095000000000001528e+01 7.999984120378136367e+02 1.799999998840086164e+02
1.110000000000001563e+01 7.999984120378136367e+02 1.799999998840086164e+02
1.125000000000001599e+01 7.999984120378136367e+02 1.799999998840086164e+02
1.140000000000001634e+01 7.999984120378136367e+02 1.799999998840086164e+02
1.155000000000001670e+01 7.999984120378136367e+02 1.799999998840086164e+02
1.170000000000001705e+01 7.999984120378136367e+02 1.799999998840086164e+02
1.185000000000001741e+01 7.999984120378136367e+02 1.799999998840086164e+02
1.200000000000001776e+01 7.999984120378136367e+02 1.799999998840086164e+02
1.215000000000001812e+01 7.999984120378136367e+02 1.799999998840086164e+02
1.230000000000001847e+01 7.999984120378136367e+02 1.799999998840086164e+02
1.245000000000001883e+01 7.999984120378136367e+02 1.799999998840086164e+02
1.260000000000001918e+01 7.999984120378136367e+02 1.799999998840086164e+02
1.275000000000001954e+01 7.999984120378136367e+02 1.799999998840086164e+02
1.290000000000001990e+01 7.999984120378136367e+02 1.799999998840086164e+02
1.305000000000002025e+01 7.999947381976971883e+02 1.799999998843882736e+02
1.320000000000002061e+01 7.999947381976971883e+02 1.799999998843882736e+02
1.335000000000002096e+01 7.999947381976971883e+02 1.799999998843882736e+02
1.350000000000002132e+01 7.999947381976971883e+02 1.799999998843882736e+02
1.365000000000002167e+01 7.999947381976971883e+02 1.799999998843882736e+02
1.380000000000002203e+01 7.999947381976971883e+02 1.799999998843882736e+02
1.395000000000002238e+01 7.999947381976971883e+02 1.799999998843882736e+02
1.410000000000002274e+01 7.999947381976971883e+02 1.799999998843882736e+02
1.425000000000002309e+01 7.999947381976971883e+02 1.799999998843882736e+02
1.440000000000002345e+01 7.999947381976971883e+02 1.799999998843882736e+02
1.455000000000002380e+01 7.999947381976971883e+02 1.799999998843882736e+02
1.470000000000002416e+01 7.999947381976971883e+02 1.799999998843882736e+02
1.485000000000002451e+01 7.999947381976971883e+02 1.799999998843882736e+02
1.500000000000002487e+01 7.999947381976971883e+02 1.799999998843882736e+02
1.515000000000002522e+01 7.999947381976971883e+02 1.799999998843882736e+02
1.530000000000002558e+01 7.999947381976971883e+02 1.799999998843882736e+02
1.545000000000002593e+01 7.999947381976971883e+02 1.799999998843882736e+02
1.560000000000002629e+01 7.999947381976971883e+02 1.799999998843882736e+02
1.575000000000002665e+01 7.999947381976971883e+02 1.799999998843882736e+02
1.590000000000002700e+01 7.999947381976971883e+02 1.799999998843882736e+02
