1.499999999999999944e-01 7.999999491035545134e+02 1.799995554950588428e+02
2.999999999999999889e-01 7.999999491035545134e+02 1.799995554950588428e+02
4.499999999999999556e-01 7.999999491035545134e+02 1.799995554950588428e+02
5.999999999999999778e-01 7.999999491035545134e+02 1.799995554950588428e+02
7.500000000000000000e-01 7.999999491035545134e+02 1.799995554950588428e+02
9.000000000000000222e-01 7.999999491035545134e+02 1.799995554950588428e+02
1.050000000000000044e+00 7.999999491035545134e+02 1.799995554950588428e+02
1.199999999999999956e+00 7.999999491035545134e+02 1.799995554950588428e+02
1.349999999999999867e+00 7.999999491035545134e+02 1.799995554950588428e+02
1.499999999999999778e+00 7.999999491035545134e+02 1.799995554950588428e+02
1.649999999999999689e+00 7.999999491035545134e+02 1.799995554950588428e+02
1.799999999999999600e+00 7.999999491035545134e+02 1.799995554950588428e+02
1.949999999999999512e+00 7.999999491035545134e+02 1.799995554950588428e+02
2.099999999999999645e+00 7.999999915405863931e+02 1.799995561858837334e+02
2.249999999999999556e+00 7.999999915405863931e+02 1.799995561858837334e+02
2.399999999999999467e+00 7.999999915405863931e+02 1.799995561858837334e+02
2.549999999999999378e+00 7.999999915405863931e+02 1.799995561858837334e+02
2.699999999999999289e+00 7.999999915405863931e+02 1.799995561858837334e+02
2.849999999999999201e+00 7.999999915405863931e+02 1.799995561858837334e+02
2.999999999999999112e+00 7.999999915405863931e+02 1.799995561858837334e+02
3.149999999999999023e+00 7.999999915405863931e+02 1.799995561858837334e+02
3.299999999999998934e+00 7.999999915405863931e+02 1.799995561858837334e+02
3.449999999999998845e+00 7.999999915405863931e+02 1.799995561858837334e+02
3.599999999999998757e+00 7.999999915405863931e+02 1.799995561858837334e+02
3.749999999999998668e+00 7.999999915405863931e+02 1.799995561858837334e+02
3.899999999999998579e+00 7.999999915405863931e+02 1.799995561858837334e+02
4.049999999999998934e+00 5.134595232277330297e+02 1.799995577903608250e+02
4.199999999999999289e+00 4.489436539378133944e+02 1.799995640751599808e+02
4.349999999999999645e+00 3.784224213624120239e+02 1.799995792980366218e+02
4.500000000000000000e+00 3.598047895555126274e+02 1.799995963384440927e+02
4.650000000000000355e+00 3.516606695560905678e+02 1.799996135278499594e+02
4.800000000000000711e+00 3.485889405105447736e+02 1.799996314102729400e+02
4.950000000000001066e+00 3.473556025303789738e+02 1.799996487988082663e+02
5.100000000000001421e+00 3.468679846032524097e+02 1.799996648115721598e+02
5.250000000000001776e+00 3.466737263633603447e+02 1.799996809648184239e+02
5.400000000000002132e+00 3.465964632593950228e+02 1.799996964794545420e+02
5.550000000000002487e+00 3.465657045635827558e+02 1.799997107301162202e+02
5.700000000000002842e+00 3.465534614320565083e+02 1.799997250724326818e+02
5.850000000000003197e+00 3.465485876397544303e+02 1.799997388524948292e+02
6.000000000000003553e+00 3.465466474948825066e+02 1.799997515409495179e+02
6.150000000000003908e+00 3.465458751651158877e+02 1.799997643067192712e+02
6.300000000000004263e+00 3.465455677394388090e+02 1.799997765890358892e+02
6.450000000000004619e+00 3.465454454231550585e+02 1.799997879375020773e+02
6.600000000000004974e+00 3.465453968941769176e+02 1.799997993521356250e+02
6.750000000000005329e+00 3.465453779854628920e+02 1.799998103542231149e+02
6.900000000000005684e+00 3.465453714878833580e+02 1.799998205638832189e+02
7.050000000000006040e+00 3.465453714878847791e+02 1.799998308298404197e+02
7.200000000000006395e+00 3.465453779854673257e+02 1.799998407468635264e+02
7.350000000000006750e+00 3.465453968941840799e+02 1.799998499988040805e+02
7.500000000000007105e+00 3.465454454231647787e+02 1.799998592981768581e+02
7.650000000000007461e+00 3.465455677394514851e+02 1.799998683060189535e+02
7.800000000000007816e+00 3.465458751651316902e+02 1.799998767642810265e+02
7.950000000000008171e+00 3.465466474949016060e+02 1.799998852619303875e+02
8.100000000000008527e+00 3.465485876397772813e+02 1.799998935202049495e+02
8.250000000000008882e+00 3.465534614320840205e+02 1.799999013344690013e+02
8.400000000000009237e+00 3.465657045636161797e+02 1.799999091804182854e+02
8.550000000000009592e+00 3.465964632594377690e+02 1.799999168340057452e+02
8.700000000000009948e+00 3.466737263634217356e+02 1.799999241390567590e+02
8.850000000000010303e+00 3.468679846033538752e+02 1.799999314633417669e+02
9.000000000000010658e+00 3.473556025305750836e+02 1.799999386255616400e+02
9.150000000000011013e+00 3.485889405109759878e+02 1.799999454966252870e+02
9.300000000000011369e+00 3.516606695570936267e+02 1.799999522914919510e+02
9.450000000000011724e+00 3.598047895581241846e+02 1.799999587789428119e+02
9.600000000000012079e+00 3.784224213681736728e+02 1.799999644911967209e+02
9.750000000000012434e+00 4.489436539619869109e+02 1.799999693781071812e+02
9.900000000000012790e+00 5.134595232444771682e+02 1.799999715840552597e+02
1.005000000000001315e+01 7.999999918984581200e+02 1.799999720301988191e+02
1.020000000000001350e+01 7.999999918984581200e+02 1.799999720301988191e+02
1.035000000000001386e+01 7.999999918984581200e+02 1.799999720301988191e+02
1.050000000000001421e+01 7.999999918984581200e+02 1.799999720301988191e+02
1.065000000000001457e+01 7.999999918984581200e+02 1.799999720301988191e+02
1.080000000000001492e+01 7.999999918984581200e+02 1.799999720301988191e+02
1.095000000000001528e+01 7.999999918984581200e+02 1.799999720301988191e+02
1.110000000000001563e+01 7.999999918984581200e+02 1.799999720301988191e+02
1.125000000000001599e+01 7.999999918984581200e+02 1.799999720301988191e+02
1.140000000000001634e+01 7.999999918984581200e+02 1.799999720301988191e+02
1.155000000000001670e+01 7.999999918984581200e+02 1.799999720301988191e+02
1.170000000000001705e+01 7.999999918984581200e+02 1.799999720301988191e+02
1.185000000000001741e+01 7.999999918984581200e+02 1.799999720301988191e+02
1.200000000000001776e+01 7.999999918984581200e+02 1.799999720301988191e+02
1.215000000000001812e+01 7.999999918984581200e+02 1.799999720301988191e+02
1.230000000000001847e+01 7.999999918984581200e+02 1.799999720301988191e+02
1.245000000000001883e+01 7.999999918984581200e+02 1.799999720301988191e+02
1.260000000000001918e+01 7.999999918984581200e+02 1.799999720301988191e+02
1.275000000000001954e+01 7.999999918984581200e+02 1.799999720301988191e+02
1.290000000000001990e+01 7.999999918984581200e+02 1.799999720301988191e+02
1.305000000000002025e+01 7.999999512567064812e+02 1.799999721550471747e+02
1.320000000000002061e+01 7.999999512567064812e+02 1.799999721550471747e+02
1.335000000000002096e+01 7.999999512567064812e+02 1.799999721550471747e+02
1.350000000000002132e+01 7.999999512567064812e+02 1.799999721550471747e+02
1.365000000000002167e+01 7.999999512567064812e+02 1.799999721550471747e+02
1.380000000000002203e+01 7.999999512567064812e+02 1.799999721550471747e+02
1.395000000000002238e+01 7.999999512567064812e+02 1.799999721550471747e+02
1.410000000000002274e+01 7.999999512567064812e+02 1.799999721550471747e+02
1.425000000000002309e+01 7.999999512567064812e+02 1.799999721550471747e+02
1.440000000000002345e+01 7.999999512567064812e+02 1.799999721550471747e+02
1.455000000000002380e+01 7.999999512567064812e+02 1.799999721550471747e+02
1.470000000000002416e+01 7.999999512567064812e+02 1.799999721550471747e+02
1.485000000000002451e+01 7.999999512567064812e+02 1.799999721550471747e+02
1.500000000000002487e+01 7.999999512567064812e+02 1.799999721550471747e+02
1.515000000000002522e+01 7.999999512567064812e+02 1.799999721550471747e+02
1.530000000000002558e+01 7.999999512567064812e+02 1.799999721550471747e+02
1.545000000000002593e+01 7.999999512567064812e+02 1.799999721550471747e+02
1.560000000000002629e+01 7.999999512567064812e+02 1.799999721550471747e+02
1.575000000000002665e+01 7.999999512567064812e+02 1.799999721550471747e+02
1.590000000000002700e+01 7.999999512567064812e+02 1.799999721550471747e+02
