1.499999999999999944e-01 7.999998917749278462e+02 1.330267776000130553e+01
2.999999999999999889e-01 7.999998917749278462e+02 1.330267776000130553e+01
4.499999999999999556e-01 7.999998917749278462e+02 1.330267776000130553e+01
5.999999999999999778e-01 7.999998917749278462e+02 1.330267776000130553e+01
7.500000000000000000e-01 7.999998917749278462e+02 1.330267776000130553e+01
9.000000000000000222e-01 7.999998917749278462e+02 1.330267776000130553e+01
1.050000000000000044e+00 7.999998917749278462e+02 1.330267776000130553e+01
1.199999999999999956e+00 7.999998917749278462e+02 1.330267776000130553e+01
1.349999999999999867e+00 7.999998917749278462e+02 1.330267776000130553e+01
1.499999999999999778e+00 7.999998917749278462e+02 1.330267776000130553e+01
1.649999999999999689e+00 7.999998917749278462e+02 1.330267776000130553e+01
1.799999999999999600e+00 7.999998917749278462e+02 1.330267776000130553e+01
1.949999999999999512e+00 7.999998917749278462e+02 1.330267776000130553e+01
2.099999999999999645e+00 7.999999802046166906e+02 1.333063435776821848e+01
2.249999999999999556e+00 7.999999802046166906e+02 1.333063435776821848e+01
2.399999999999999467e+00 7.999999802046166906e+02 1.333063435776821848e+01
2.549999999999999378e+00 7.999999802046166906e+02 1.333063435776821848e+01
2.699999999999999289e+00 7.999999802046166906e+02 1.333063435776821848e+01
2.849999999999999201e+00 7.999999802046166906e+02 1.333063435776821848e+01
2.999999999999999112e+00 7.999999802046166906e+02 1.333063435776821848e+01
3.149999999999999023e+00 7.999999802046166906e+02 1.333063435776821848e+01
3.299999999999998934e+00 7.999999802046166906e+02 1.333063435776821848e+01
3.449999999999998845e+00 7.999999802046166906e+02 1.333063435776821848e+01
3.599999999999998757e+00 7.999999802046166906e+02 1.333063435776821848e+01
3.749999999999998668e+00 7.999999802046166906e+02 1.333063435776821848e+01
3.899999999999998579e+00 7.999999802046166906e+02 1.333063435776821848e+01
4.049999999999998934e+00 5.119945295510282790e+02 1.347715322028838969e+01
4.199999999999999289e+00 4.376746328029598203e+02 1.417680706310384053e+01
4.349999999999999645e+00 3.568610522988801108e+02 1.579683266227718796e+01
4.500000000000000000e+00 3.324837341052760848e+02 1.780018273733114498e+01
4.650000000000000355e+00 3.207940617394214087e+02 2.008943051898477350e+01
4.800000000000000711e+00 3.157638141664606337e+02 2.249374415305040387e+01
4.950000000000001066e+00 3.134823598091410872e+02 2.495290133761559659e+01
5.100000000000001421e+00 3.124574681158085241e+02 2.743162950034816916e+01
5.250000000000001776e+00 3.119971490308730608e+02 2.991428539161657341e+01
5.400000000000002132e+00 3.117937023066631355e+02 3.239308130563503596e+01
5.550000000000002487e+00 3.117072233966880503e+02 3.486412466549735711e+01
5.700000000000002842e+00 3.116742521865779736e+02 3.732526982305298446e+01
5.850000000000003197e+00 3.116659169318356817e+02 3.977518918242244439e+01
6.000000000000003553e+00 3.116690715803916305e+02 4.221293910091403490e+01
6.150000000000003908e+00 3.116777177928830724e+02 4.463776361284262606e+01
6.300000000000004263e+00 3.116891078505356631e+02 4.704900900434449085e+01
6.450000000000004619e+00 3.117019725340637706e+02 4.944608300685230518e+01
6.600000000000004974e+00 3.117157153155356468e+02 5.182843549119913007e+01
6.750000000000005329e+00 3.117300465133546368e+02 5.419555396994455521e+01
6.900000000000005684e+00 3.117448182445093039e+02 5.654695880911385331e+01
7.050000000000006040e+00 3.117599517349749476e+02 5.888219991723063629e+01
7.200000000000006395e+00 3.117754098756295207e+02 6.120085974710012522e+01
7.350000000000006750e+00 3.117911969914251245e+02 6.350255109607925874e+01
7.500000000000007105e+00 3.118073850958095932e+02 6.578691421320937138e+01
7.650000000000007461e+00 3.118241843528626305e+02 6.805361927736687733e+01
7.800000000000007816e+00 3.118421039692301520e+02 7.030236107709684745e+01
7.950000000000008171e+00 3.118623086487814930e+02 7.253284936560292806e+01
8.100000000000008527e+00 3.118874055682001654e+02 7.474479749557829678e+01
8.250000000000008882e+00 3.119231798295061253e+02 7.693788600148381818e+01
8.400000000000009237e+00 3.119824204920611237e+02 7.911168549301241626e+01
8.550000000000009592e+00 3.120933673856026758e+02 8.126549961135448541e+01
8.700000000000009948e+00 3.123183426888263625e+02 8.339800768683141996e+01
8.850000000000010303e+00 3.127952322515420178e+02 8.550650734771728878e+01
9.000000000000010658e+00 3.138282854764714216e+02 8.758519650587760452e+01
9.150000000000011013e+00 3.161040818135252835e+02 8.962202684631081695e+01
9.300000000000011369e+00 3.211072123751632148e+02 9.158940243636587297e+01
9.450000000000011724e+00 3.327406379657583102e+02 9.344021848774404759e+01
9.600000000000012079e+00 3.570309066290255942e+02 9.504107263344367595e+01
9.750000000000012434e+00 4.377312203576857996e+02 9.631806127649355176e+01
9.900000000000012790e+00 5.119970850552583670e+02 9.686196227920657975e+01
1.005000000000001315e+01 7.999999797759919602e+02 9.697233920396392648e+01
1.020000000000001350e+01 7.999999797759919602e+02 9.697233920396392648e+01
1.035000000000001386e+01 7.999999797759919602e+02 9.697233920396392648e+01
1.050000000000001421e+01 7.999999797759919602e+02 9.697233920396392648e+01
1.065000000000001457e+01 7.999999797759919602e+02 9.697233920396392648e+01
1.080000000000001492e+01 7.999999797759919602e+02 9.697233920396392648e+01
1.095000000000001528e+01 7.999999797759919602e+02 9.697233920396392648e+01
1.110000000000001563e+01 7.999999797759919602e+02 9.697233920396392648e+01
1.125000000000001599e+01 7.999999797759919602e+02 9.697233920396392648e+01
1.140000000000001634e+01 7.999999797759919602e+02 9.697233920396392648e+01
1.155000000000001670e+01 7.999999797759919602e+02 9.697233920396392648e+01
1.170000000000001705e+01 7.999999797759919602e+02 9.697233920396392648e+01
1.185000000000001741e+01 7.999999797759919602e+02 9.697233920396392648e+01
1.200000000000001776e+01 7.999999797759919602e+02 9.697233920396392648e+01
1.215000000000001812e+01 7.999999797759919602e+02 9.697233920396392648e+01
1.230000000000001847e+01 7.999999797759919602e+02 9.697233920396392648e+01
1.245000000000001883e+01 7.999999797759919602e+02 9.697233920396392648e+01
1.260000000000001918e+01 7.999999797759919602e+02 9.697233920396392648e+01
1.275000000000001954e+01 7.999999797759919602e+02 9.697233920396392648e+01
1.290000000000001990e+01 7.999999797759919602e+02 9.697233920396392648e+01
1.305000000000002025e+01 7.999998894243092309e+02 9.699374809996380975e+01
1.320000000000002061e+01 7.999998894243092309e+02 9.699374809996380975e+01
1.335000000000002096e+01 7.999998894243092309e+02 9.699374809996380975e+01
1.350000000000002132e+01 7.999998894243092309e+02 9.699374809996380975e+01
1.365000000000002167e+01 7.999998894243092309e+02 9.699374809996380975e+01
1.380000000000002203e+01 7.999998894243092309e+02 9.699374809996380975e+01
1.395000000000002238e+01 7.999998894243092309e+02 9.699374809996380975e+01
1.410000000000002274e+01 7.999998894243092309e+02 9.699374809996380975e+01
1.425000000000002309e+01 7.999998894243092309e+02 9.699374809996380975e+01
1.440000000000002345e+01 7.999998894243092309e+02 9.699374809996380975e+01
1.455000000000002380e+01 7.999998894243092309e+02 9.699374809996380975e+01
1.470000000000002416e+01 7.999998894243092309e+02 9.699374809996380975e+01
1.485000000000002451e+01 7.999998894243092309e+02 9.699374809996380975e+01
1.500000000000002487e+01 7.999998894243092309e+02 9.699374809996380975e+01
1.515000000000002522e+01 7.999998894243092309e+02 9.699374809996380975e+01
1.530000000000002558e+01 7.999998894243092309e+02 9.699374809996380975e+01
1.545000000000002593e+01 7.999998894243092309e+02 9.699374809996380975e+01
1.560000000000002629e+01 7.999998894243092309e+02 9.699374809996380975e+01
1.575000000000002665e+01 7.999998894243092309e+02 9.699374809996380975e+01
1.590000000000002700e+01 7.999998894243092309e+02 9.699374809996380975e+01
