1.499999999999999944e-01 7.999049439655046854e+02 3.170075626368618060e-04
2.999999999999999889e-01 7.999049439655046854e+02 3.170075626368618060e-04
4.499999999999999556e-01 7.999049439655046854e+02 3.170075626368618060e-04
5.999999999999999778e-01 7.999049439655046854e+02 3.170075626368618060e-04
7.500000000000000000e-01 7.999049439655046854e+02 3.170075626368618060e-04
9.000000000000000222e-01 7.999049439655046854e+02 3.170075626368618060e-04
1.050000000000000044e+00 7.999049439655046854e+02 3.170075626368618060e-04
1.199999999999999956e+00 7.999049439655046854e+02 3.170075626368618060e-04
1.349999999999999867e+00 7.999049439655046854e+02 3.170075626368618060e-04
1.499999999999999778e+00 7.999049439655046854e+02 3.170075626368618060e-04
1.649999999999999689e+00 7.999049439655046854e+02 3.170075626368618060e-04
1.799999999999999600e+00 7.999049439655046854e+02 3.170075626368618060e-04
1.949999999999999512e+00 7.999049439655046854e+02 3.170075626368618060e-04
2.099999999999999645e+00 7.999581433825818522e+02 3.168731993790085966e-04
2.249999999999999556e+00 7.999581433825818522e+02 3.168731993790085966e-04
2.399999999999999467e+00 7.999581433825818522e+02 3.168731993790085966e-04
2.549999999999999378e+00 7.999581433825818522e+02 3.168731993790085966e-04
2.699999999999999289e+00 7.999581433825818522e+02 3.168731993790085966e-04
2.849999999999999201e+00 7.999581433825818522e+02 3.168731993790085966e-04
2.999999999999999112e+00 7.999581433825818522e+02 3.168731993790085966e-04
3.149999999999999023e+00 7.999581433825818522e+02 3.168731993790085966e-04
3.299999999999998934e+00 7.999581433825818522e+02 3.168731993790085966e-04
3.449999999999998845e+00 7.999581433825818522e+02 3.168731993790085966e-04
3.599999999999998757e+00 7.999581433825818522e+02 3.168731993790085966e-04
3.749999999999998668e+00 7.999581433825818522e+02 3.168731993790085966e-04
3.899999999999998579e+00 7.999581433825818522e+02 3.168731993790085966e-04
4.049999999999998934e+00 4.631247175813293779e+02 3.171159494752551211e-04
4.199999999999999289e+00 2.519011645972673819e+02 3.180310440304978670e-04
4.349999999999999645e+00 9.729799728447443385e+01 3.197047878076286764e-04
4.500000000000000000e+00 4.204616362035594079e+01 3.233301751891515252e-04
4.650000000000000355e+00 1.723325505913447486e+01 3.328846075181246533e-04
4.800000000000000711e+00 6.866540550050196146e+00 3.562420451693748547e-04
4.950000000000001066e+00 2.434567637252285977e+00 4.268508046209040785e-04
5.100000000000001421e+00 5.536625337236955602e-01 7.993428299465366038e-04
5.250000000000001776e+00 2.464830432500093593e-01 1.799992365859806398e+02
5.400000000000002132e+00 5.866073267917499834e-01 1.799998635973743433e+02
5.550000000000002487e+00 7.312222785175208628e-01 1.799999534125320224e+02
5.700000000000002842e+00 7.927051233830297861e-01 1.799999817266620710e+02
5.850000000000003197e+00 8.188451552878746043e-01 1.799999924779373259e+02
6.000000000000003553e+00 8.299587984921004136e-01 1.799999968403801347e+02
6.150000000000003908e+00 8.346839752588266492e-01 1.799999986640849556e+02
6.300000000000004263e+00 8.366932311492405461e-01 1.799999994333117570e+02
6.450000000000004619e+00 8.375482231556929946e-01 1.799999997589799818e+02
6.600000000000004974e+00 8.379134774027647836e-01 1.799999998975590643e+02
6.750000000000005329e+00 8.380728806724846436e-01 1.799999999564488462e+02
6.900000000000005684e+00 8.381503263244667323e-01 1.799999999814598652e+02
7.050000000000006040e+00 8.382060073669208577e-01 1.799999999921170115e+02
7.200000000000006395e+00 8.382832010445895321e-01 1.799999999966483699e+02
7.350000000000006750e+00 8.384419044446644875e-01 1.799999999985732018e+02
7.500000000000007105e+00 8.388054668262725500e-01 1.799999999993935660e+02
7.650000000000007461e+00 8.396564601676459461e-01 1.799999999997424425e+02
7.800000000000007816e+00 8.416563028806649527e-01 1.799999999998905480e+02
7.950000000000008171e+00 8.463593355865555168e-01 1.799999999999533600e+02
8.100000000000008527e+00 8.574208936557283778e-01 1.799999999999798490e+02
8.250000000000008882e+00 8.834384206115828420e-01 1.799999999999900240e+02
8.400000000000009237e+00 9.446331470547875142e-01 1.799999999999923261e+02
8.550000000000009592e+00 1.088570540589330449e+00 1.799999999999897682e+02
8.700000000000009948e+00 1.427101860148951573e+00 1.799999999999836291e+02
8.850000000000010303e+00 2.223504174797824362e+00 1.799999999999755858e+02
9.000000000000010658e+00 4.095626998892001325e+00 1.799999999999691340e+02
9.150000000000011013e+00 8.507045274679860825e+00 1.799999999999648992e+02
9.300000000000011369e+00 1.882611865428444275e+01 1.799999999999629097e+02
9.450000000000011724e+00 4.352975465411969935e+01 1.799999999999617160e+02
9.600000000000012079e+00 9.854648559037362077e+01 1.799999999999614602e+02
9.750000000000012434e+00 2.526590971463931510e+02 1.799999999999613749e+02
9.900000000000012790e+00 4.632574955214222427e+02 1.799999999999612612e+02
1.005000000000001315e+01 7.999586443092566697e+02 1.799999999999611475e+02
1.020000000000001350e+01 7.999586443092566697e+02 1.799999999999611475e+02
1.035000000000001386e+01 7.999586443092566697e+02 1.799999999999611475e+02
1.050000000000001421e+01 7.999586443092566697e+02 1.799999999999611475e+02
1.065000000000001457e+01 7.999586443092566697e+02 1.799999999999611475e+02
1.080000000000001492e+01 7.999586443092566697e+02 1.799999999999611475e+02
1.095000000000001528e+01 7.999586443092566697e+02 1.799999999999611475e+02
1.110000000000001563e+01 7.999586443092566697e+02 1.799999999999611475e+02
1.125000000000001599e+01 7.999586443092566697e+02 1.799999999999611475e+02
1.140000000000001634e+01 7.999586443092566697e+02 1.799999999999611475e+02
1.155000000000001670e+01 7.999586443092566697e+02 1.799999999999611475e+02
1.170000000000001705e+01 7.999586443092566697e+02 1.799999999999611475e+02
1.185000000000001741e+01 7.999586443092566697e+02 1.799999999999611475e+02
1.200000000000001776e+01 7.999586443092566697e+02 1.799999999999611475e+02
1.215000000000001812e+01 7.999586443092566697e+02 1.799999999999611475e+02
1.230000000000001847e+01 7.999586443092566697e+02 1.799999999999611475e+02
1.245000000000001883e+01 7.999586443092566697e+02 1.799999999999611475e+02
1.260000000000001918e+01 7.999586443092566697e+02 1.799999999999611475e+02
1.275000000000001954e+01 7.999586443092566697e+02 1.799999999999611475e+02
1.290000000000001990e+01 7.999586443092566697e+02 1.799999999999611475e+02
1.305000000000002025e+01 7.999060322876606506e+02 1.799999999999612328e+02
1.320000000000002061e+01 7.999060322876606506e+02 1.799999999999612328e+02
1.335000000000002096e+01 7.999060322876606506e+02 1.799999999999612328e+02
1.350000000000002132e+01 7.999060322876606506e+02 1.799999999999612328e+02
1.365000000000002167e+01 7.999060322876606506e+02 1.799999999999612328e+02
1.380000000000002203e+01 7.999060322876606506e+02 1.799999999999612328e+02
1.395000000000002238e+01 7.999060322876606506e+02 1.799999999999612328e+02
1.410000000000002274e+01 7.999060322876606506e+02 1.799999999999612328e+02
1.425000000000002309e+01 7.999060322876606506e+02 1.799999999999612328e+02
1.440000000000002345e+01 7.999060322876606506e+02 1.799999999999612328e+02
1.455000000000002380e+01 7.999060322876606506e+02 1.799999999999612328e+02
1.470000000000002416e+01 7.999060322876606506e+02 1.799999999999612328e+02
1.485000000000002451e+01 7.999060322876606506e+02 1.799999999999612328e+02
1.500000000000002487e+01 7.999060322876606506e+02 1.799999999999612328e+02
1.515000000000002522e+01 7.999060322876606506e+02 1.799999999999612328e+02
1.530000000000002558e+01 7.999060322876606506e+02 1.799999999999612328e+02
1.545000000000002593e+01 7.999060322876606506e+02 1.799999999999612328e+02
1.560000000000002629e+01 7.999060322876606506e+02 1.799999999999612328e+02
1.575000000000002665e+01 7.999060322876606506e+02 1.799999999999612328e+02
1.590000000000002700e+01 7.999060322876606506e+02 1.799999999999612328e+02
