1.499999999999999944e-01 7.999997775058319576e+02 1.799995016369523739e+02
2.999999999999999889e-01 7.999997775058319576e+02 1.799995016369523739e+02
4.499999999999999556e-01 7.999997775058319576e+02 1.799995016369523739e+02
5.999999999999999778e-01 7.999997775058319576e+02 1.799995016369523739e+02
7.500000000000000000e-01 7.999997775058319576e+02 1.799995016369523739e+02
9.000000000000000222e-01 7.999997775058319576e+02 1.799995016369523739e+02
1.050000000000000044e+00 7.999997775058319576e+02 1.799995016369523739e+02
1.199999999999999956e+00 7.999997775058319576e+02 1.799995016369523739e+02
1.349999999999999867e+00 7.999997775058319576e+02 1.799995016369523739e+02
1.499999999999999778e+00 7.999997775058319576e+02 1.799995016369523739e+02
1.649999999999999689e+00 7.999997775058319576e+02 1.799995016369523739e+02
1.799999999999999600e+00 7.999997775058319576e+02 1.799995016369523739e+02
1.949999999999999512e+00 7.999997775058319576e+02 1.799995016369523739e+02
2.099999999999999645e+00 7.999999555800542339e+02 1.799995023052599663e+02
2.249999999999999556e+00 7.999999555800542339e+02 1.799995023052599663e+02
2.399999999999999467e+00 7.999999555800542339e+02 1.799995023052599663e+02
2.549999999999999378e+00 7.999999555800542339e+02 1.799995023052599663e+02
2.699999999999999289e+00 7.999999555800542339e+02 1.799995023052599663e+02
2.849999999999999201e+00 7.999999555800542339e+02 1.799995023052599663e+02
2.999999999999999112e+00 7.999999555800542339e+02 1.799995023052599663e+02
3.149999999999999023e+00 7.999999555800542339e+02 1.799995023052599663e+02
3.299999999999998934e+00 7.999999555800542339e+02 1.799995023052599663e+02
3.449999999999998845e+00 7.999999555800542339e+02 1.799995023052599663e+02
3.599999999999998757e+00 7.999999555800542339e+02 1.799995023052599663e+02
3.749999999999998668e+00 7.999999555800542339e+02 1.799995023052599663e+02
3.899999999999998579e+00 7.999999555800542339e+02 1.799995023052599663e+02
4.049999999999998934e+00 5.103644048117311627e+02 1.799995038141142629e+02
4.199999999999999289e+00 4.264483620069440803e+02 1.799995097934261139e+02
4.349999999999999645e+00 3.360505957524073324e+02 1.799995257117298593e+02
4.500000000000000000e+00 3.058794999984855849e+02 1.799995452902050488e+02
4.650000000000000355e+00 2.903272366134352183e+02 1.799995665174785699e+02
4.800000000000000711e+00 2.829224680468515771e+02 1.799995891703481163e+02
4.950000000000001066e+00 2.792135481385188882e+02 1.799996115519688260e+02
5.100000000000001421e+00 2.773565506818185327e+02 1.799996324790791391e+02
5.250000000000001776e+00 2.764200272431386907e+02 1.799996532869207613e+02
5.400000000000002132e+00 2.759469985262721252e+02 1.799996731374630201e+02
5.550000000000002487e+00 2.757077480890242214e+02 1.799996914148680389e+02
5.700000000000002842e+00 2.755866759489722995e+02 1.799997094202763606e+02
5.850000000000003197e+00 2.755253890935258028e+02 1.799997265396152955e+02
6.000000000000003553e+00 2.754943623697021735e+02 1.799997423030231403e+02
6.150000000000003908e+00 2.754786562170503430e+02 1.799997578202846569e+02
6.300000000000004263e+00 2.754707101195842256e+02 1.799997725890393099e+02
6.450000000000004619e+00 2.754666995592054946e+02 1.799997862259988608e+02
6.600000000000004974e+00 2.754646943569426867e+02 1.799997996568925487e+02
6.750000000000005329e+00 2.754637294943328243e+02 1.799998124666421120e+02
6.900000000000005684e+00 2.754633406320999143e+02 1.799998243428552200e+02
7.050000000000006040e+00 2.754633406321034386e+02 1.799998360498046281e+02
7.200000000000006395e+00 2.754637294943437951e+02 1.799998472471991420e+02
7.350000000000006750e+00 2.754646943569616155e+02 1.799998576844396894e+02
7.500000000000007105e+00 2.754666995592326657e+02 1.799998679847946050e+02
7.650000000000007461e+00 2.754707101196221402e+02 1.799998778732961284e+02
7.800000000000007816e+00 2.754786562171017295e+02 1.799998871541077676e+02
7.950000000000008171e+00 2.754943623697724888e+02 1.799998963261341771e+02
8.100000000000008527e+00 2.755253890936261882e+02 1.799999051717040004e+02
8.250000000000008882e+00 2.755866759491244693e+02 1.799999135433619983e+02
8.400000000000009237e+00 2.757077480892694439e+02 1.799999218272754149e+02
8.550000000000009592e+00 2.759469985266920276e+02 1.799999298533440140e+02
8.700000000000009948e+00 2.764200272438949924e+02 1.799999375110384676e+02
8.850000000000010303e+00 2.773565506832321717e+02 1.799999450704486037e+02
9.000000000000010658e+00 2.792135481412294666e+02 1.799999523772566477e+02
9.150000000000011013e+00 2.829224680521772939e+02 1.799999593041423509e+02
9.300000000000011369e+00 2.903272366239906432e+02 1.799999659152113338e+02
9.450000000000011724e+00 3.058795000209662476e+02 1.799999719298503180e+02
9.600000000000012079e+00 3.360505957954759424e+02 1.799999768563110933e+02
9.750000000000012434e+00 4.264483621531533117e+02 1.799999806096192287e+02
9.900000000000012790e+00 5.103644049160852205e+02 1.799999821325135372e+02
1.005000000000001315e+01 7.999999572954567384e+02 1.799999824271373825e+02
1.020000000000001350e+01 7.999999572954567384e+02 1.799999824271373825e+02
1.035000000000001386e+01 7.999999572954567384e+02 1.799999824271373825e+02
1.050000000000001421e+01 7.999999572954567384e+02 1.799999824271373825e+02
1.065000000000001457e+01 7.999999572954567384e+02 1.799999824271373825e+02
1.080000000000001492e+01 7.999999572954567384e+02 1.799999824271373825e+02
1.095000000000001528e+01 7.999999572954567384e+02 1.799999824271373825e+02
1.110000000000001563e+01 7.999999572954567384e+02 1.799999824271373825e+02
1.125000000000001599e+01 7.999999572954567384e+02 1.799999824271373825e+02
1.140000000000001634e+01 7.999999572954567384e+02 1.799999824271373825e+02
1.155000000000001670e+01 7.999999572954567384e+02 1.799999824271373825e+02
1.170000000000001705e+01 7.999999572954567384e+02 1.799999824271373825e+02
1.185000000000001741e+01 7.999999572954567384e+02 1.799999824271373825e+02
1.200000000000001776e+01 7.999999572954567384e+02 1.799999824271373825e+02
1.215000000000001812e+01 7.999999572954567384e+02 1.799999824271373825e+02
1.230000000000001847e+01 7.999999572954567384e+02 1.799999824271373825e+02
1.245000000000001883e+01 7.999999572954567384e+02 1.799999824271373825e+02
1.260000000000001918e+01 7.999999572954567384e+02 1.799999824271373825e+02
1.275000000000001954e+01 7.999999572954567384e+02 1.799999824271373825e+02
1.290000000000001990e+01 7.999999572954567384e+02 1.799999824271373825e+02
1.305000000000002025e+01 7.999997860980764699e+02 1.799999825052456401e+02
1.320000000000002061e+01 7.999997860980764699e+02 1.799999825052456401e+02
1.335000000000002096e+01 7.999997860980764699e+02 1.799999825052456401e+02
1.350000000000002132e+01 7.999997860980764699e+02 1.799999825052456401e+02
1.365000000000002167e+01 7.999997860980764699e+02 1.799999825052456401e+02
1.380000000000002203e+01 7.999997860980764699e+02 1.799999825052456401e+02
1.395000000000002238e+01 7.999997860980764699e+02 1.799999825052456401e+02
1.410000000000002274e+01 7.999997860980764699e+02 1.799999825052456401e+02
1.425000000000002309e+01 7.999997860980764699e+02 1.799999825052456401e+02
1.440000000000002345e+01 7.999997860980764699e+02 1.799999825052456401e+02
1.455000000000002380e+01 7.999997860980764699e+02 1.799999825052456401e+02
1.470000000000002416e+01 7.999997860980764699e+02 1.799999825052456401e+02
1.485000000000002451e+01 7.999997860980764699e+02 1.799999825052456401e+02
1.500000000000002487e+01 7.999997860980764699e+02 1.799999825052456401e+02
1.515000000000002522e+01 7.999997860980764699e+02 1.799999825052456401e+02
1.530000000000002558e+01 7.999997860980764699e+02 1.799999825052456401e+02
1.545000000000002593e+01 7.999997860980764699e+02 1.799999825052456401e+02
1.560000000000002629e+01 7.999997860980764699e+02 1.799999825052456401e+02
1.575000000000002665e+01 7.999997860980764699e+02 1.799999825052456401e+02
1.590000000000002700e+01 7.999997860980764699e+02 1.799999825052456401e+02
