1.499999999999999944e-01 7.995996980823648528e+02 1.799977258312026436e+02
2.999999999999999889e-01 7.995996980823648528e+02 1.799977258312026436e+02
4.499999999999999556e-01 7.995996980823648528e+02 1.799977258312026436e+02
5.999999999999999778e-01 7.995996980823648528e+02 1.799977258312026436e+02
7.500000000000000000e-01 7.995996980823648528e+02 1.799977258312026436e+02
9.000000000000000222e-01 7.995996980823648528e+02 1.799977258312026436e+02
1.050000000000000044e+00 7.995996980823648528e+02 1.799977258312026436e+02
1.199999999999999956e+00 7.995996980823648528e+02 1.799977258312026436e+02
1.349999999999999867e+00 7.995996980823648528e+02 1.799977258312026436e+02
1.499999999999999778e+00 7.995996980823648528e+02 1.799977258312026436e+02
1.649999999999999689e+00 7.995996980823648528e+02 1.799977258312026436e+02
1.799999999999999600e+00 7.995996980823648528e+02 1.799977258312026436e+02
1.949999999999999512e+00 7.995996980823648528e+02 1.799977258312026436e+02
2.099999999999999645e+00 7.997879497829893580e+02 1.799977264266900647e+02
2.249999999999999556e+00 7.997879497829893580e+02 1.799977264266900647e+02
2.399999999999999467e+00 7.997879497829893580e+02 1.799977264266900647e+02
2.549999999999999378e+00 7.997879497829893580e+02 1.799977264266900647e+02
2.699999999999999289e+00 7.997879497829893580e+02 1.799977264266900647e+02
2.849999999999999201e+00 7.997879497829893580e+02 1.799977264266900647e+02
2.999999999999999112e+00 7.997879497829893580e+02 1.799977264266900647e+02
3.149999999999999023e+00 7.997879497829893580e+02 1.799977264266900647e+02
3.299999999999998934e+00 7.997879497829893580e+02 1.799977264266900647e+02
3.449999999999998845e+00 7.997879497829893580e+02 1.799977264266900647e+02
3.599999999999998757e+00 7.997879497829893580e+02 1.799977264266900647e+02
3.749999999999998668e+00 7.997879497829893580e+02 1.799977264266900647e+02
3.899999999999998579e+00 7.997879497829893580e+02 1.799977264266900647e+02
4.049999999999998934e+00 4.333613633702341872e+02 1.799977280663047736e+02
4.199999999999999289e+00 2.035001847562802482e+02 1.799977320393626883e+02
4.349999999999999645e+00 6.577993132546490074e+01 1.799977502625207535e+02
4.500000000000000000e+00 2.471339572701668175e+01 1.799977959535450509e+02
4.650000000000000355e+00 9.162883030171229848e+00 1.799979191621735026e+02
4.800000000000000711e+00 3.775063514600702774e+00 1.799982010807156314e+02
4.950000000000001066e+00 1.849181538915303236e+00 1.799987004760008062e+02
5.100000000000001421e+00 1.168614159465789726e+00 1.799992702784339826e+02
5.250000000000001776e+00 9.271037458306068402e-01 1.799996740226896179e+02
5.400000000000002132e+00 8.415315586615292887e-01 1.799998726870792041e+02
5.550000000000002487e+00 8.111944346052268884e-01 1.799999531629168814e+02
5.700000000000002842e+00 8.004415137981482076e-01 1.799999831740358616e+02
5.850000000000003197e+00 7.966298782094440867e-01 1.799999940070472064e+02
6.000000000000003553e+00 7.952787887547287937e-01 1.799999978710553137e+02
6.150000000000003908e+00 7.947998721430167279e-01 1.799999992448807973e+02
6.300000000000004263e+00 7.946301166261946491e-01 1.799999997322692877e+02
6.450000000000004619e+00 7.945699569844464349e-01 1.799999999050451720e+02
6.600000000000004974e+00 7.945486693589600691e-01 1.799999999663396579e+02
6.750000000000005329e+00 7.945412279299830516e-01 1.799999999880680548e+02
6.900000000000005684e+00 7.945388846072205524e-01 1.799999999957683485e+02
7.050000000000006040e+00 7.945388846662240212e-01 1.799999999984999306e+02
7.200000000000006395e+00 7.945412279594847860e-01 1.799999999994681446e+02
7.350000000000006750e+00 7.945486693589600691e-01 1.799999999998114788e+02
7.500000000000007105e+00 7.945699571024533725e-01 1.799999999999332942e+02
7.650000000000007461e+00 7.946301168917102586e-01 1.799999999999762963e+02
7.800000000000007816e+00 7.947998729100618220e-01 1.799999999999915588e+02
7.950000000000008171e+00 7.952787908788536697e-01 1.799999999999970441e+02
8.100000000000008527e+00 7.966298843163031052e-01 1.799999999999989200e+02
8.250000000000008882e+00 8.004415312336732313e-01 1.799999999999995453e+02
8.400000000000009237e+00 8.111944837256146457e-01 1.799999999999997158e+02
8.550000000000009592e+00 8.415316972606774470e-01 1.799999999999994031e+02
8.700000000000009948e+00 9.271041368465944288e-01 1.799999999999983231e+02
8.850000000000010303e+00 1.168615263155174944e+00 1.799999999999965894e+02
9.000000000000010658e+00 1.849184647852325725e+00 1.799999999999937756e+02
9.150000000000011013e+00 3.775072319961239486e+00 1.799999999999913030e+02
9.300000000000011369e+00 9.162907601413508019e+00 1.799999999999898250e+02
9.450000000000011724e+00 2.471346712883180530e+01 1.799999999999891429e+02
9.600000000000012079e+00 6.578011613698905080e+01 1.799999999999888587e+02
9.750000000000012434e+00 2.035008366226000476e+02 1.799999999999888303e+02
9.900000000000012790e+00 4.333622837868822444e+02 1.799999999999888303e+02
1.005000000000001315e+01 7.997919704643638852e+02 1.799999999999887450e+02
1.020000000000001350e+01 7.997919704643638852e+02 1.799999999999887450e+02
1.035000000000001386e+01 7.997919704643638852e+02 1.799999999999887450e+02
1.050000000000001421e+01 7.997919704643638852e+02 1.799999999999887450e+02
1.065000000000001457e+01 7.997919704643638852e+02 1.799999999999887450e+02
1.080000000000001492e+01 7.997919704643638852e+02 1.799999999999887450e+02
1.095000000000001528e+01 7.997919704643638852e+02 1.799999999999887450e+02
1.110000000000001563e+01 7.997919704643638852e+02 1.799999999999887450e+02
1.125000000000001599e+01 7.997919704643638852e+02 1.799999999999887450e+02
1.140000000000001634e+01 7.997919704643638852e+02 1.799999999999887450e+02
1.155000000000001670e+01 7.997919704643638852e+02 1.799999999999887450e+02
1.170000000000001705e+01 7.997919704643638852e+02 1.799999999999887450e+02
1.185000000000001741e+01 7.997919704643638852e+02 1.799999999999887450e+02
1.200000000000001776e+01 7.997919704643638852e+02 1.799999999999887450e+02
1.215000000000001812e+01 7.997919704643638852e+02 1.799999999999887450e+02
1.230000000000001847e+01 7.997919704643638852e+02 1.799999999999887450e+02
1.245000000000001883e+01 7.997919704643638852e+02 1.799999999999887450e+02
1.260000000000001918e+01 7.997919704643638852e+02 1.799999999999887450e+02
1.275000000000001954e+01 7.997919704643638852e+02 1.799999999999887450e+02
1.290000000000001990e+01 7.997919704643638852e+02 1.799999999999887450e+02
1.305000000000002025e+01 7.996072884017986553e+02 1.799999999999888303e+02
1.320000000000002061e+01 7.996072884017986553e+02 1.799999999999888303e+02
1.335000000000002096e+01 7.996072884017986553e+02 1.799999999999888303e+02
1.350000000000002132e+01 7.996072884017986553e+02 1.799999999999888303e+02
1.365000000000002167e+01 7.996072884017986553e+02 1.799999999999888303e+02
1.380000000000002203e+01 7.996072884017986553e+02 1.799999999999888303e+02
1.395000000000002238e+01 7.996072884017986553e+02 1.799999999999888303e+02
1.410000000000002274e+01 7.996072884017986553e+02 1.799999999999888303e+02
1.425000000000002309e+01 7.996072884017986553e+02 1.799999999999888303e+02
1.440000000000002345e+01 7.996072884017986553e+02 1.799999999999888303e+02
1.455000000000002380e+01 7.996072884017986553e+02 1.799999999999888303e+02
1.470000000000002416e+01 7.996072884017986553e+02 1.799999999999888303e+02
1.485000000000002451e+01 7.996072884017986553e+02 1.799999999999888303e+02
1.500000000000002487e+01 7.996072884017986553e+02 1.799999999999888303e+02
1.515000000000002522e+01 7.996072884017986553e+02 1.799999999999888303e+02
1.530000000000002558e+01 7.996072884017986553e+02 1.799999999999888303e+02
1.545000000000002593e+01 7.996072884017986553e+02 1.799999999999888303e+02
1.560000000000002629e+01 7.996072884017986553e+02 1.799999999999888303e+02
1.575000000000002665e+01 7.996072884017986553e+02 1.799999999999888303e+02
1.590000000000002700e+01 7.996072884017986553e+02 1.799999999999888303e+02
