1.499999999999999944e-01 7.999999915700085467e+02 1.799996806600268258e+02
2.999999999999999889e-01 7.999999915700085467e+02 1.799996806600268258e+02
4.499999999999999556e-01 7.999999915700085467e+02 1.799996806600268258e+02
5.999999999999999778e-01 7.999999915700085467e+02 1.799996806600268258e+02
7.500000000000000000e-01 7.999999915700085467e+02 1.799996806600268258e+02
9.000000000000000222e-01 7.999999915700085467e+02 1.799996806600268258e+02
1.050000000000000044e+00 7.999999915700085467e+02 1.799996806600268258e+02
1.199999999999999956e+00 7.999999915700085467e+02 1.799996806600268258e+02
1.349999999999999867e+00 7.999999915700085467e+02 1.799996806600268258e+02
1.499999999999999778e+00 7.999999915700085467e+02 1.799996806600268258e+02
1.649999999999999689e+00 7.999999915700085467e+02 1.799996806600268258e+02
1.799999999999999600e+00 7.999999915700085467e+02 1.799996806600268258e+02
1.949999999999999512e+00 7.999999915700085467e+02 1.799996806600268258e+02
2.099999999999999645e+00 7.999999988729607594e+02 1.799996812848661421e+02
2.249999999999999556e+00 7.999999988729607594e+02 1.799996812848661421e+02
2.399999999999999467e+00 7.999999988729607594e+02 1.799996812848661421e+02
2.549999999999999378e+00 7.999999988729607594e+02 1.799996812848661421e+02
2.699999999999999289e+00 7.999999988729607594e+02 1.799996812848661421e+02
2.849999999999999201e+00 7.999999988729607594e+02 1.799996812848661421e+02
2.999999999999999112e+00 7.999999988729607594e+02 1.799996812848661421e+02
3.149999999999999023e+00 7.999999988729607594e+02 1.799996812848661421e+02
3.299999999999998934e+00 7.999999988729607594e+02 1.799996812848661421e+02
3.449999999999998845e+00 7.999999988729607594e+02 1.799996812848661421e+02
3.599999999999998757e+00 7.999999988729607594e+02 1.799996812848661421e+02
3.749999999999998668e+00 7.999999988729607594e+02 1.799996812848661421e+02
3.899999999999998579e+00 7.999999988729607594e+02 1.799996812848661421e+02
4.049999999999998934e+00 5.157436253772867758e+02 1.799996825198974477e+02
4.199999999999999289e+00 4.682728755400152068e+02 1.799996871100210853e+02
4.349999999999999645e+00 4.147875138567171120e+02 1.799996979811484721e+02
4.500000000000000000e+00 4.039368446800235120e+02 1.799997094017722645e+02
4.650000000000000355e+00 3.998759695515837507e+02 1.799997202539033481e+02
4.800000000000000711e+00 3.986739306976498938e+02 1.799997317488945896e+02
4.950000000000001066e+00 3.982832979793832919e+02 1.799997429165203471e+02
5.100000000000001421e+00 3.981606955442652520e+02 1.799997529584862264e+02
5.250000000000001776e+00 3.981216556553877126e+02 1.799997634516097662e+02
5.400000000000002132e+00 3.981092920228758203e+02 1.799997736038569371e+02
5.550000000000002487e+00 3.981053678093750818e+02 1.799997827519736688e+02
5.700000000000002842e+00 3.981041233293654500e+02 1.799997922925911098e+02
5.850000000000003197e+00 3.981037285330967848e+02 1.799998015318172975e+02
6.000000000000003553e+00 3.981036033054719496e+02 1.799998098906162909e+02
6.150000000000003908e+00 3.981035635817360117e+02 1.799998185930161014e+02
6.300000000000004263e+00 3.981035509812483610e+02 1.799998270312638340e+02
6.450000000000004619e+00 3.981035469846345336e+02 1.799998347024694851e+02
6.600000000000004974e+00 3.981035457180403796e+02 1.799998426727189553e+02
6.750000000000005329e+00 3.981035453199294238e+02 1.799998504128654133e+02
6.900000000000005684e+00 3.981035452051907555e+02 1.799998574899759944e+02
7.050000000000006040e+00 3.981035452051910966e+02 1.799998648252392854e+02
7.200000000000006395e+00 3.981035453199306176e+02 1.799998719616321807e+02
7.350000000000006750e+00 3.981035457180427102e+02 1.799998785308720244e+02
7.500000000000007105e+00 3.981035469846376600e+02 1.799998853205372029e+02
7.650000000000007461e+00 3.981035509812523401e+02 1.799998919401271849e+02
7.800000000000007816e+00 3.981035635817406728e+02 1.799998980814908691e+02
7.950000000000008171e+00 3.981036033054774634e+02 1.799999044082553610e+02
8.100000000000008527e+00 3.981037285331034923e+02 1.799999105916521103e+02
8.250000000000008882e+00 3.981041233293732944e+02 1.799999163798665904e+02
8.400000000000009237e+00 3.981053678093840631e+02 1.799999223207102261e+02
8.550000000000009592e+00 3.981092920228859384e+02 1.799999281430546887e+02
8.700000000000009948e+00 3.981216556553997066e+02 1.799999336481538705e+02
8.850000000000010303e+00 3.981606955442796902e+02 1.799999392742491011e+02
9.000000000000010658e+00 3.982832979794029598e+02 1.799999448028360973e+02
9.150000000000011013e+00 3.986739306976842272e+02 1.799999500813565874e+02
9.300000000000011369e+00 3.998759695516594093e+02 1.799999554254367524e+02
9.450000000000011724e+00 4.039368446802443486e+02 1.799999606362275131e+02
9.600000000000012079e+00 4.147875138572612173e+02 1.799999653777987589e+02
9.750000000000012434e+00 4.682728755428840373e+02 1.799999697944407728e+02
9.900000000000012790e+00 5.157436253791894387e+02 1.799999719614433786e+02
1.005000000000001315e+01 7.999999989283555806e+02 1.799999724131570247e+02
1.020000000000001350e+01 7.999999989283555806e+02 1.799999724131570247e+02
1.035000000000001386e+01 7.999999989283555806e+02 1.799999724131570247e+02
1.050000000000001421e+01 7.999999989283555806e+02 1.799999724131570247e+02
1.065000000000001457e+01 7.999999989283555806e+02 1.799999724131570247e+02
1.080000000000001492e+01 7.999999989283555806e+02 1.799999724131570247e+02
1.095000000000001528e+01 7.999999989283555806e+02 1.799999724131570247e+02
1.110000000000001563e+01 7.999999989283555806e+02 1.799999724131570247e+02
1.125000000000001599e+01 7.999999989283555806e+02 1.799999724131570247e+02
1.140000000000001634e+01 7.999999989283555806e+02 1.799999724131570247e+02
1.155000000000001670e+01 7.999999989283555806e+02 1.799999724131570247e+02
1.170000000000001705e+01 7.999999989283555806e+02 1.799999724131570247e+02
1.185000000000001741e+01 7.999999989283555806e+02 1.799999724131570247e+02
1.200000000000001776e+01 7.999999989283555806e+02 1.799999724131570247e+02
1.215000000000001812e+01 7.999999989283555806e+02 1.799999724131570247e+02
1.230000000000001847e+01 7.999999989283555806e+02 1.799999724131570247e+02
1.245000000000001883e+01 7.999999989283555806e+02 1.799999724131570247e+02
1.260000000000001918e+01 7.999999989283555806e+02 1.799999724131570247e+02
1.275000000000001954e+01 7.999999989283555806e+02 1.799999724131570247e+02
1.290000000000001990e+01 7.999999989283555806e+02 1.799999724131570247e+02
1.305000000000002025e+01 7.999999919843485259e+02 1.799999725539530573e+02
1.320000000000002061e+01 7.999999919843485259e+02 1.799999725539530573e+02
1.335000000000002096e+01 7.999999919843485259e+02 1.799999725539530573e+02
1.350000000000002132e+01 7.999999919843485259e+02 1.799999725539530573e+02
1.365000000000002167e+01 7.999999919843485259e+02 1.799999725539530573e+02
1.380000000000002203e+01 7.999999919843485259e+02 1.799999725539530573e+02
1.395000000000002238e+01 7.999999919843485259e+02 1.799999725539530573e+02
1.410000000000002274e+01 7.999999919843485259e+02 1.799999725539530573e+02
1.425000000000002309e+01 7.999999919843485259e+02 1.799999725539530573e+02
1.440000000000002345e+01 7.999999919843485259e+02 1.799999725539530573e+02
1.455000000000002380e+01 7.999999919843485259e+02 1.799999725539530573e+02
1.470000000000002416e+01 7.999999919843485259e+02 1.799999725539530573e+02
1.485000000000002451e+01 7.999999919843485259e+02 1.799999725539530573e+02
1.500000000000002487e+01 7.999999919843485259e+02 1.799999725539530573e+02
1.515000000000002522e+01 7.999999919843485259e+02 1.799999725539530573e+02
1.530000000000002558e+01 7.999999919843485259e+02 1.799999725539530573e+02
1.545000000000002593e+01 7.999999919843485259e+02 1.799999725539530573e+02
1.560000000000002629e+01 7.999999919843485259e+02 1.799999725539530573e+02
1.575000000000002665e+01 7.999999919843485259e+02 1.799999725539530573e+02
1.590000000000002700e+01 7.999999919843485259e+02 1.799999725539530573e+02
