1.499999999999999944e-01 7.998506459302806206e+02 2.690514477876604360e-12
2.999999999999999889e-01 7.998506459302806206e+02 2.690514477876604360e-12
4.499999999999999556e-01 7.998506459302806206e+02 2.690514477876604360e-12
5.999999999999999778e-01 7.998506459302806206e+02 2.690514477876604360e-12
7.500000000000000000e-01 7.998506459302806206e+02 2.690514477876604360e-12
9.000000000000000222e-01 7.998506459302806206e+02 2.690514477876604360e-12
1.050000000000000044e+00 7.998506459302806206e+02 2.690514477876604360e-12
1.199999999999999956e+00 7.998506459302806206e+02 2.690514477876604360e-12
1.349999999999999867e+00 7.998506459302806206e+02 2.690514477876604360e-12
1.499999999999999778e+00 7.998506459302806206e+02 2.690514477876604360e-12
1.649999999999999689e+00 7.998506459302806206e+02 2.690514477876604360e-12
1.799999999999999600e+00 7.998506459302806206e+02 2.690514477876604360e-12
1.949999999999999512e+00 7.998506459302806206e+02 2.690514477876604360e-12
2.099999999999999645e+00 7.999301822467188003e+02 2.707944979363219318e-12
2.249999999999999556e+00 7.999301822467188003e+02 2.707944979363219318e-12
2.399999999999999467e+00 7.999301822467188003e+02 2.707944979363219318e-12
2.549999999999999378e+00 7.999301822467188003e+02 2.707944979363219318e-12
2.699999999999999289e+00 7.999301822467188003e+02 2.707944979363219318e-12
2.849999999999999201e+00 7.999301822467188003e+02 2.707944979363219318e-12
2.999999999999999112e+00 7.999301822467188003e+02 2.707944979363219318e-12
3.149999999999999023e+00 7.999301822467188003e+02 2.707944979363219318e-12
3.299999999999998934e+00 7.999301822467188003e+02 2.707944979363219318e-12
3.449999999999998845e+00 7.999301822467188003e+02 2.707944979363219318e-12
3.599999999999998757e+00 7.999301822467188003e+02 2.707944979363219318e-12
3.749999999999998668e+00 7.999301822467188003e+02 2.707944979363219318e-12
3.899999999999998579e+00 7.999301822467188003e+02 2.707944979363219318e-12
4.049999999999998934e+00 4.548601634563688094e+02 2.725930592362146854e-12
4.199999999999999289e+00 2.364923213607822561e+02 2.662980946865900478e-12
4.349999999999999645e+00 8.641894978139826833e+01 2.810529586838583782e-12
4.500000000000000000e+00 3.573548810335682901e+01 4.732436664767192269e-12
4.650000000000000355e+00 1.418595356083201864e+01 1.583100317503749466e-11
4.800000000000000711e+00 5.704410664505431328e+00 8.337641688171970600e-11
4.950000000000001066e+00 2.280714592281213982e+00 5.057514407269536605e-10
5.100000000000001421e+00 9.103415895452826589e-01 3.145630311784941568e-09
5.250000000000001776e+00 3.602651667588361306e-01 1.980028208059536610e-08
5.400000000000002132e+00 1.396727653636844479e-01 1.273041320137835442e-07
5.550000000000002487e+00 5.118191325709631201e-02 8.660804459159621160e-07
5.700000000000002842e+00 1.568758171924855560e-02 7.044254696664253856e-06
5.850000000000003197e+00 1.450008829124271870e-03 1.899858402211185293e-04
6.000000000000003553e+00 4.260922753019258380e-03 1.799998388169226757e+02
6.150000000000003908e+00 6.551722515723668039e-03 1.799997386768546903e+02
6.300000000000004263e+00 7.470673692296259105e-03 1.799994286768432801e+02
6.450000000000004619e+00 7.839474637876264751e-03 1.799986426656402898e+02
6.600000000000004974e+00 7.987865057657472789e-03 1.799966791318849459e+02
6.750000000000005329e+00 8.048530064115766436e-03 1.799917837395805407e+02
6.900000000000005684e+00 8.075737743638455868e-03 1.799795854260351007e+02
7.050000000000006040e+00 8.093806965916883200e-03 1.799492216477323439e+02
7.200000000000006395e+00 8.118888632452581078e-03 1.798738045606156390e+02
7.350000000000006750e+00 8.173481473932042718e-03 1.796874877838290558e+02
7.500000000000007105e+00 8.306725467264186591e-03 1.792334100874244314e+02
7.650000000000007461e+00 8.639780695375520736e-03 1.781623605583937717e+02
7.800000000000007816e+00 9.481092747591901571e-03 1.758222065916882855e+02
7.950000000000008171e+00 1.162957425549393520e-02 1.714853929579753355e+02
8.100000000000008527e+00 1.714679886572412215e-02 1.655023629343799882e+02
8.250000000000008882e+00 3.120605194453673903e-02 1.599444231630800459e+02
8.400000000000009237e+00 6.658554809928318718e-02 1.563808031157149685e+02
8.550000000000009592e+00 1.550160115716607834e-01 1.545938714715898641e+02
8.700000000000009948e+00 3.755743741606920594e-01 1.538034604096282578e+02
8.850000000000010303e+00 9.256179365877983400e-01 1.534747444703748442e+02
9.000000000000010658e+00 2.295930879899373167e+00 1.533415348273365453e+02
9.150000000000011013e+00 5.719486523528630073e+00 1.532868932873298036e+02
9.300000000000011369e+00 1.420068675405360636e+01 1.532663622745963892e+02
9.450000000000011724e+00 3.574938238577285432e+01 1.532588130249987728e+02
9.600000000000012079e+00 8.643090817227941614e+01 1.532550164842853633e+02
9.750000000000012434e+00 2.364998571279193129e+02 1.532549614723222078e+02
9.900000000000012790e+00 4.548614985069088448e+02 1.532553846205425430e+02
1.005000000000001315e+01 7.999292361799979290e+02 1.532551452845243318e+02
1.020000000000001350e+01 7.999292361799979290e+02 1.532551452845243318e+02
1.035000000000001386e+01 7.999292361799979290e+02 1.532551452845243318e+02
1.050000000000001421e+01 7.999292361799979290e+02 1.532551452845243318e+02
1.065000000000001457e+01 7.999292361799979290e+02 1.532551452845243318e+02
1.080000000000001492e+01 7.999292361799979290e+02 1.532551452845243318e+02
1.095000000000001528e+01 7.999292361799979290e+02 1.532551452845243318e+02
1.110000000000001563e+01 7.999292361799979290e+02 1.532551452845243318e+02
1.125000000000001599e+01 7.999292361799979290e+02 1.532551452845243318e+02
1.140000000000001634e+01 7.999292361799979290e+02 1.532551452845243318e+02
1.155000000000001670e+01 7.999292361799979290e+02 1.532551452845243318e+02
1.170000000000001705e+01 7.999292361799979290e+02 1.532551452845243318e+02
1.185000000000001741e+01 7.999292361799979290e+02 1.532551452845243318e+02
1.200000000000001776e+01 7.999292361799979290e+02 1.532551452845243318e+02
1.215000000000001812e+01 7.999292361799979290e+02 1.532551452845243318e+02
1.230000000000001847e+01 7.999292361799979290e+02 1.532551452845243318e+02
1.245000000000001883e+01 7.999292361799979290e+02 1.532551452845243318e+02
1.260000000000001918e+01 7.999292361799979290e+02 1.532551452845243318e+02
1.275000000000001954e+01 7.999292361799979290e+02 1.532551452845243318e+02
1.290000000000001990e+01 7.999292361799979290e+02 1.532551452845243318e+02
1.305000000000002025e+01 7.998486212774899968e+02 1.532560137807560068e+02
1.320000000000002061e+01 7.998486212774899968e+02 1.532560137807560068e+02
1.335000000000002096e+01 7.998486212774899968e+02 1.532560137807560068e+02
1.350000000000002132e+01 7.998486212774899968e+02 1.532560137807560068e+02
1.365000000000002167e+01 7.998486212774899968e+02 1.532560137807560068e+02
1.380000000000002203e+01 7.998486212774899968e+02 1.532560137807560068e+02
1.395000000000002238e+01 7.998486212774899968e+02 1.532560137807560068e+02
1.410000000000002274e+01 7.998486212774899968e+02 1.532560137807560068e+02
1.425000000000002309e+01 7.998486212774899968e+02 1.532560137807560068e+02
1.440000000000002345e+01 7.998486212774899968e+02 1.532560137807560068e+02
1.455000000000002380e+01 7.998486212774899968e+02 1.532560137807560068e+02
1.470000000000002416e+01 7.998486212774899968e+02 1.532560137807560068e+02
1.485000000000002451e+01 7.998486212774899968e+02 1.532560137807560068e+02
1.500000000000002487e+01 7.998486212774899968e+02 1.532560137807560068e+02
1.515000000000002522e+01 7.998486212774899968e+02 1.532560137807560068e+02
1.530000000000002558e+01 7.998486212774899968e+02 1.532560137807560068e+02
1.545000000000002593e+01 7.998486212774899968e+02 1.532560137807560068e+02
1.560000000000002629e+01 7.998486212774899968e+02 1.532560137807560068e+02
1.575000000000002665e+01 7.998486212774899968e+02 1.532560137807560068e+02
1.590000000000002700e+01 7.998486212774899968e+02 1.532560137807560068e+02
