1.499999999999999944e-01 7.999999915071059604e+02 1.799994924007190491e+02
2.999999999999999889e-01 7.999999915071059604e+02 1.799994924007190491e+02
4.499999999999999556e-01 7.999999915071059604e+02 1.799994924007190491e+02
5.999999999999999778e-01 7.999999915071059604e+02 1.799994924007190491e+02
7.500000000000000000e-01 7.999999915071059604e+02 1.799994924007190491e+02
9.000000000000000222e-01 7.999999915071059604e+02 1.799994924007190491e+02
1.050000000000000044e+00 7.999999915071059604e+02 1.799994924007190491e+02
1.199999999999999956e+00 7.999999915071059604e+02 1.799994924007190491e+02
1.349999999999999867e+00 7.999999915071059604e+02 1.799994924007190491e+02
1.499999999999999778e+00 7.999999915071059604e+02 1.799994924007190491e+02
1.649999999999999689e+00 7.999999915071059604e+02 1.799994924007190491e+02
1.799999999999999600e+00 7.999999915071059604e+02 1.799994924007190491e+02
1.949999999999999512e+00 7.999999915071059604e+02 1.799994924007190491e+02
2.099999999999999645e+00 7.999999988645032545e+02 1.799994931796820197e+02
2.249999999999999556e+00 7.999999988645032545e+02 1.799994931796820197e+02
2.399999999999999467e+00 7.999999988645032545e+02 1.799994931796820197e+02
2.549999999999999378e+00 7.999999988645032545e+02 1.799994931796820197e+02
2.699999999999999289e+00 7.999999988645032545e+02 1.799994931796820197e+02
2.849999999999999201e+00 7.999999988645032545e+02 1.799994931796820197e+02
2.999999999999999112e+00 7.999999988645032545e+02 1.799994931796820197e+02
3.149999999999999023e+00 7.999999988645032545e+02 1.799994931796820197e+02
3.299999999999998934e+00 7.999999988645032545e+02 1.799994931796820197e+02
3.449999999999998845e+00 7.999999988645032545e+02 1.799994931796820197e+02
3.599999999999998757e+00 7.999999988645032545e+02 1.799994931796820197e+02
3.749999999999998668e+00 7.999999988645032545e+02 1.799994931796820197e+02
3.899999999999998579e+00 7.999999988645032545e+02 1.799994931796820197e+02
4.049999999999998934e+00 5.157414950158886313e+02 1.799994952340659609e+02
4.199999999999999289e+00 4.682314755387961895e+02 1.799995032296551756e+02
4.349999999999999645e+00 4.146859018524236831e+02 1.799995207511078661e+02
4.500000000000000000e+00 4.038095149059316782e+02 1.799995391235512443e+02
4.650000000000000355e+00 3.997358776490982564e+02 1.799995570885658367e+02
4.800000000000000711e+00 3.985286290595843184e+02 1.799995755099504038e+02
4.950000000000001066e+00 3.981359068118123901e+02 1.799995933816374816e+02
5.100000000000001421e+00 3.980125106609775685e+02 1.799996098918917085e+02
5.250000000000001776e+00 3.979731759295212896e+02 1.799996266168687953e+02
5.400000000000002132e+00 3.979607052712157156e+02 1.799996427750641601e+02
5.550000000000002487e+00 3.979567427914809059e+02 1.799996577164635880e+02
5.700000000000002842e+00 3.979554848059679557e+02 1.799996728392922591e+02
5.850000000000003197e+00 3.979550852909341074e+02 1.799996874627228465e+02
6.000000000000003553e+00 3.979549584285069841e+02 1.799997010211395718e+02
6.150000000000003908e+00 3.979549181423761297e+02 1.799997147380652223e+02
6.300000000000004263e+00 3.979549053495807698e+02 1.799997280186861701e+02
6.450000000000004619e+00 3.979549012875561971e+02 1.799997403727272172e+02
6.600000000000004974e+00 3.979548999988385845e+02 1.799997528646718763e+02
6.750000000000005329e+00 3.979548995933482161e+02 1.799997649777052118e+02
6.900000000000005684e+00 3.979548994763795235e+02 1.799997762903589376e+02
7.050000000000006040e+00 3.979548994763804330e+02 1.799997877221426847e+02
7.200000000000006395e+00 3.979548995933512856e+02 1.799997988273979956e+02
7.350000000000006750e+00 3.979548999988434161e+02 1.799998092478863612e+02
7.500000000000007105e+00 3.979549012875631320e+02 1.799998197703058622e+02
7.650000000000007461e+00 3.979549053495896942e+02 1.799998300142597145e+02
7.800000000000007816e+00 3.979549181423874984e+02 1.799998396799939826e+02
7.950000000000008171e+00 3.979549584285203991e+02 1.799998494318093094e+02
8.100000000000008527e+00 3.979550852909496257e+02 1.799998589495312444e+02
8.250000000000008882e+00 3.979554848059859182e+02 1.799998679879087149e+02
8.400000000000009237e+00 3.979567427915015401e+02 1.799998770976176274e+02
8.550000000000009592e+00 3.979607052712389077e+02 1.799998860143818149e+02
8.700000000000009948e+00 3.979731759295474944e+02 1.799998945439384954e+02
8.850000000000010303e+00 3.980125106610078660e+02 1.799999031298742409e+02
9.000000000000010658e+00 3.981359068118493951e+02 1.799999115577105044e+02
9.150000000000011013e+00 3.985286290596367849e+02 1.799999196747862129e+02
9.300000000000011369e+00 3.997358776491899448e+02 1.799999277951874603e+02
9.450000000000011724e+00 4.038095149061580855e+02 1.799999357047770445e+02
9.600000000000012079e+00 4.146859018529465288e+02 1.799999429448996011e+02
9.750000000000012434e+00 4.682314755414711271e+02 1.799999496198184374e+02
9.900000000000012790e+00 5.157414950176583943e+02 1.799999528845338546e+02
1.005000000000001315e+01 7.999999989159841789e+02 1.799999535725494013e+02
1.020000000000001350e+01 7.999999989159841789e+02 1.799999535725494013e+02
1.035000000000001386e+01 7.999999989159841789e+02 1.799999535725494013e+02
1.050000000000001421e+01 7.999999989159841789e+02 1.799999535725494013e+02
1.065000000000001457e+01 7.999999989159841789e+02 1.799999535725494013e+02
1.080000000000001492e+01 7.999999989159841789e+02 1.799999535725494013e+02
1.095000000000001528e+01 7.999999989159841789e+02 1.799999535725494013e+02
1.110000000000001563e+01 7.999999989159841789e+02 1.799999535725494013e+02
1.125000000000001599e+01 7.999999989159841789e+02 1.799999535725494013e+02
1.140000000000001634e+01 7.999999989159841789e+02 1.799999535725494013e+02
1.155000000000001670e+01 7.999999989159841789e+02 1.799999535725494013e+02
1.170000000000001705e+01 7.999999989159841789e+02 1.799999535725494013e+02
1.185000000000001741e+01 7.999999989159841789e+02 1.799999535725494013e+02
1.200000000000001776e+01 7.999999989159841789e+02 1.799999535725494013e+02
1.215000000000001812e+01 7.999999989159841789e+02 1.799999535725494013e+02
1.230000000000001847e+01 7.999999989159841789e+02 1.799999535725494013e+02
1.245000000000001883e+01 7.999999989159841789e+02 1.799999535725494013e+02
1.260000000000001918e+01 7.999999989159841789e+02 1.799999535725494013e+02
1.275000000000001954e+01 7.999999989159841789e+02 1.799999535725494013e+02
1.290000000000001990e+01 7.999999989159841789e+02 1.799999535725494013e+02
1.305000000000002025e+01 7.999999918921552080e+02 1.799999537628820008e+02
1.320000000000002061e+01 7.999999918921552080e+02 1.799999537628820008e+02
1.335000000000002096e+01 7.999999918921552080e+02 1.799999537628820008e+02
1.350000000000002132e+01 7.999999918921552080e+02 1.799999537628820008e+02
1.365000000000002167e+01 7.999999918921552080e+02 1.799999537628820008e+02
1.380000000000002203e+01 7.999999918921552080e+02 1.799999537628820008e+02
1.395000000000002238e+01 7.999999918921552080e+02 1.799999537628820008e+02
1.410000000000002274e+01 7.999999918921552080e+02 1.799999537628820008e+02
1.425000000000002309e+01 7.999999918921552080e+02 1.799999537628820008e+02
1.440000000000002345e+01 7.999999918921552080e+02 1.799999537628820008e+02
1.455000000000002380e+01 7.999999918921552080e+02 1.799999537628820008e+02
1.470000000000002416e+01 7.999999918921552080e+02 1.799999537628820008e+02
1.485000000000002451e+01 7.999999918921552080e+02 1.799999537628820008e+02
1.500000000000002487e+01 7.999999918921552080e+02 1.799999537628820008e+02
1.515000000000002522e+01 7.999999918921552080e+02 1.799999537628820008e+02
1.530000000000002558e+01 7.999999918921552080e+02 1.799999537628820008e+02
1.545000000000002593e+01 7.999999918921552080e+02 1.799999537628820008e+02
1.560000000000002629e+01 7.999999918921552080e+02 1.799999537628820008e+02
1.575000000000002665e+01 7.999999918921552080e+02 1.799999537628820008e+02
1.590000000000002700e+01 7.999999918921552080e+02 1.799999537628820008e+02
