1.499999999999999944e-01 7.998486074985132745e+02 8.329662667398798703e+01
2.999999999999999889e-01 7.998486074985132745e+02 8.329662667398798703e+01
4.499999999999999556e-01 7.998486074985132745e+02 8.329662667398798703e+01
5.999999999999999778e-01 7.998486074985132745e+02 8.329662667398798703e+01
7.500000000000000000e-01 7.998486074985132745e+02 8.329662667398798703e+01
9.000000000000000222e-01 7.998486074985132745e+02 8.329662667398798703e+01
1.050000000000000044e+00 7.998486074985132745e+02 8.329662667398798703e+01
1.199999999999999956e+00 7.998486074985132745e+02 8.329662667398798703e+01
1.349999999999999867e+00 7.998486074985132745e+02 8.329662667398798703e+01
1.499999999999999778e+00 7.998486074985132745e+02 8.329662667398798703e+01
1.649999999999999689e+00 7.998486074985132745e+02 8.329662667398798703e+01
1.799999999999999600e+00 7.998486074985132745e+02 8.329662667398798703e+01
1.949999999999999512e+00 7.998486074985132745e+02 8.329662667398798703e+01
2.099999999999999645e+00 7.999292267379292980e+02 8.330127987497260733e+01
2.249999999999999556e+00 7.999292267379292980e+02 8.330127987497260733e+01
2.399999999999999467e+00 7.999292267379292980e+02 8.330127987497260733e+01
2.549999999999999378e+00 7.999292267379292980e+02 8.330127987497260733e+01
2.699999999999999289e+00 7.999292267379292980e+02 8.330127987497260733e+01
2.849999999999999201e+00 7.999292267379292980e+02 8.330127987497260733e+01
2.999999999999999112e+00 7.999292267379292980e+02 8.330127987497260733e+01
3.149999999999999023e+00 7.999292267379292980e+02 8.330127987497260733e+01
3.299999999999998934e+00 7.999292267379292980e+02 8.330127987497260733e+01
3.449999999999998845e+00 7.999292267379292980e+02 8.330127987497260733e+01
3.599999999999998757e+00 7.999292267379292980e+02 8.330127987497260733e+01
3.749999999999998668e+00 7.999292267379292980e+02 8.330127987497260733e+01
3.899999999999998579e+00 7.999292267379292980e+02 8.330127987497260733e+01
4.049999999999998934e+00 4.548494483152591670e+02 8.334406779514175412e+01
4.199999999999999289e+00 2.364395733035420051e+02 8.346388272102515771e+01
4.349999999999999645e+00 8.633964552892990696e+01 8.386237483310267748e+01
4.500000000000000000e+00 3.565079163873014778e+01 8.477947554247536743e+01
4.650000000000000355e+00 1.411579634015818385e+01 8.716330030867000289e+01
4.800000000000000711e+00 5.682152279271448947e+00 9.306158503150956562e+01
4.950000000000001066e+00 2.381078242889799412e+00 1.072975295338090831e+02
5.100000000000001421e+00 1.260511009346885203e+00 1.336385949519389271e+02
5.250000000000001776e+00 1.003921132564869367e+00 1.586268351779187356e+02
5.400000000000002132e+00 9.720838643140155000e-01 1.713163987002791373e+02
5.550000000000002487e+00 9.731782400901920482e-01 1.765320064970939313e+02
5.700000000000002842e+00 9.758754428535780789e-01 1.786134756114633433e+02
5.850000000000003197e+00 9.773177612000836234e-01 1.794447075996596084e+02
6.000000000000003553e+00 9.779539912671566526e-01 1.797774099357501711e+02
6.150000000000003908e+00 9.782184848775727914e-01 1.799107395134408307e+02
6.300000000000004263e+00 9.783261484775493955e-01 1.799641999820253773e+02
6.450000000000004619e+00 9.783697801561288543e-01 1.799856406097666763e+02
6.600000000000004974e+00 9.783878353355817126e-01 1.799942402995934572e+02
6.750000000000005329e+00 9.783963685057415205e-01 1.799976897019282944e+02
6.900000000000005684e+00 9.784029952148216580e-01 1.799990733041255169e+02
7.050000000000006040e+00 9.784136383785266844e-01 1.799996282898533195e+02
7.200000000000006395e+00 9.784378143418166474e-01 1.799998509041359398e+02
7.350000000000006750e+00 9.784971400580388945e-01 1.799999401985906502e+02
7.500000000000007105e+00 9.786446622122753070e-01 1.799999760162073699e+02
7.650000000000007461e+00 9.790122888413179680e-01 1.799999903832868995e+02
7.800000000000007816e+00 9.799287356451600317e-01 1.799999961461707301e+02
7.950000000000008171e+00 9.822134510881710412e-01 1.799999984577563339e+02
8.100000000000008527e+00 9.879093244245495953e-01 1.799999993849450846e+02
8.250000000000008882e+00 1.002109409195270473e+00 1.799999997567859964e+02
8.400000000000009237e+00 1.037510474569558028e+00 1.799999999057703803e+02
8.550000000000009592e+00 1.125769212900820548e+00 1.799999999651638234e+02
8.700000000000009948e+00 1.345784061054473568e+00 1.799999999883063424e+02
8.850000000000010303e+00 1.894423767460750696e+00 1.799999999966596249e+02
9.000000000000010658e+00 3.261227046617335645e+00 1.799999999992095638e+02
9.150000000000011013e+00 6.676065651998605688e+00 1.799999999998302656e+02
9.300000000000011369e+00 1.513580931833307019e+01 1.799999999999536726e+02
9.450000000000011724e+00 3.663202555529147730e+01 1.799999999999755573e+02
9.600000000000012079e+00 8.719244515173502919e+01 1.799999999999788542e+02
9.750000000000012434e+00 2.369877894563661300e+02 1.799999999999792522e+02
9.900000000000012790e+00 4.549583165152156994e+02 1.799999999999792237e+02
1.005000000000001315e+01 7.999306722172883610e+02 1.799999999999793090e+02
1.020000000000001350e+01 7.999306722172883610e+02 1.799999999999793090e+02
1.035000000000001386e+01 7.999306722172883610e+02 1.799999999999793090e+02
1.050000000000001421e+01 7.999306722172883610e+02 1.799999999999793090e+02
1.065000000000001457e+01 7.999306722172883610e+02 1.799999999999793090e+02
1.080000000000001492e+01 7.999306722172883610e+02 1.799999999999793090e+02
1.095000000000001528e+01 7.999306722172883610e+02 1.799999999999793090e+02
1.110000000000001563e+01 7.999306722172883610e+02 1.799999999999793090e+02
1.125000000000001599e+01 7.999306722172883610e+02 1.799999999999793090e+02
1.140000000000001634e+01 7.999306722172883610e+02 1.799999999999793090e+02
1.155000000000001670e+01 7.999306722172883610e+02 1.799999999999793090e+02
1.170000000000001705e+01 7.999306722172883610e+02 1.799999999999793090e+02
1.185000000000001741e+01 7.999306722172883610e+02 1.799999999999793090e+02
1.200000000000001776e+01 7.999306722172883610e+02 1.799999999999793090e+02
1.215000000000001812e+01 7.999306722172883610e+02 1.799999999999793090e+02
1.230000000000001847e+01 7.999306722172883610e+02 1.799999999999793090e+02
1.245000000000001883e+01 7.999306722172883610e+02 1.799999999999793090e+02
1.260000000000001918e+01 7.999306722172883610e+02 1.799999999999793090e+02
1.275000000000001954e+01 7.999306722172883610e+02 1.799999999999793090e+02
1.290000000000001990e+01 7.999306722172883610e+02 1.799999999999793090e+02
1.305000000000002025e+01 7.998516433346713939e+02 1.799999999999792806e+02
1.320000000000002061e+01 7.998516433346713939e+02 1.799999999999792806e+02
1.335000000000002096e+01 7.998516433346713939e+02 1.799999999999792806e+02
1.350000000000002132e+01 7.998516433346713939e+02 1.799999999999792806e+02
1.365000000000002167e+01 7.998516433346713939e+02 1.799999999999792806e+02
1.380000000000002203e+01 7.998516433346713939e+02 1.799999999999792806e+02
1.395000000000002238e+01 7.998516433346713939e+02 1.799999999999792806e+02
1.410000000000002274e+01 7.998516433346713939e+02 1.799999999999792806e+02
1.425000000000002309e+01 7.998516433346713939e+02 1.799999999999792806e+02
1.440000000000002345e+01 7.998516433346713939e+02 1.799999999999792806e+02
1.455000000000002380e+01 7.998516433346713939e+02 1.799999999999792806e+02
1.470000000000002416e+01 7.998516433346713939e+02 1.799999999999792806e+02
1.485000000000002451e+01 7.998516433346713939e+02 1.799999999999792806e+02
1.500000000000002487e+01 7.998516433346713939e+02 1.799999999999792806e+02
1.515000000000002522e+01 7.998516433346713939e+02 1.799999999999792806e+02
1.530000000000002558e+01 7.998516433346713939e+02 1.799999999999792806e+02
1.545000000000002593e+01 7.998516433346713939e+02 1.799999999999792806e+02
1.560000000000002629e+01 7.998516433346713939e+02 1.799999999999792806e+02
1.575000000000002665e+01 7.998516433346713939e+02 1.799999999999792806e+02
1.590000000000002700e+01 7.998516433346713939e+02 1.799999999999792806e+02
