1.499999999999999944e-01 7.996031514804353719e+02 8.198369760847867838e-10
2.999999999999999889e-01 7.996031514804353719e+02 8.198369760847867838e-10
4.499999999999999556e-01 7.996031514804353719e+02 8.198369760847867838e-10
5.999999999999999778e-01 7.996031514804353719e+02 8.198369760847867838e-10
7.500000000000000000e-01 7.996031514804353719e+02 8.198369760847867838e-10
9.000000000000000222e-01 7.996031514804353719e+02 8.198369760847867838e-10
1.050000000000000044e+00 7.996031514804353719e+02 8.198369760847867838e-10
1.199999999999999956e+00 7.996031514804353719e+02 8.198369760847867838e-10
1.349999999999999867e+00 7.996031514804353719e+02 8.198369760847867838e-10
1.499999999999999778e+00 7.996031514804353719e+02 8.198369760847867838e-10
1.649999999999999689e+00 7.996031514804353719e+02 8.198369760847867838e-10
1.799999999999999600e+00 7.996031514804353719e+02 8.198369760847867838e-10
1.949999999999999512e+00 7.996031514804353719e+02 8.198369760847867838e-10
2.099999999999999645e+00 7.997896940938994703e+02 8.186344935268152767e-10
2.249999999999999556e+00 7.997896940938994703e+02 8.186344935268152767e-10
2.399999999999999467e+00 7.997896940938994703e+02 8.186344935268152767e-10
2.549999999999999378e+00 7.997896940938994703e+02 8.186344935268152767e-10
2.699999999999999289e+00 7.997896940938994703e+02 8.186344935268152767e-10
2.849999999999999201e+00 7.997896940938994703e+02 8.186344935268152767e-10
2.999999999999999112e+00 7.997896940938994703e+02 8.186344935268152767e-10
3.149999999999999023e+00 7.997896940938994703e+02 8.186344935268152767e-10
3.299999999999998934e+00 7.997896940938994703e+02 8.186344935268152767e-10
3.449999999999998845e+00 7.997896940938994703e+02 8.186344935268152767e-10
3.599999999999998757e+00 7.997896940938994703e+02 8.186344935268152767e-10
3.749999999999998668e+00 7.997896940938994703e+02 8.186344935268152767e-10
3.899999999999998579e+00 7.997896940938994703e+02 8.186344935268152767e-10
4.049999999999998934e+00 4.332112037899891561e+02 8.192084788305464826e-10
4.199999999999999289e+00 2.029144023806366590e+02 8.228258074893801677e-10
4.349999999999999645e+00 6.495476709601082632e+01 8.246610061490855514e-10
4.500000000000000000e+00 2.379810623480624088e+01 8.284803953984010150e-10
4.650000000000000355e+00 8.213838527339433426e+00 8.430809383952464486e-10
4.800000000000000711e+00 2.813961888436566028e+00 8.768170633999261554e-10
4.950000000000001066e+00 8.837717281385266688e-01 9.881173657078079486e-10
5.100000000000001421e+00 2.016743853066600423e-01 1.542108662988539436e-09
5.250000000000001776e+00 4.037943263392662629e-02 1.799999999972697822e+02
5.400000000000002132e+00 1.261444675074017141e-01 1.799999999996900044e+02
5.550000000000002487e+00 1.565500330798386130e-01 1.799999999999108979e+02
5.700000000000002842e+00 1.673272415732753871e-01 1.799999999999700719e+02
5.850000000000003197e+00 1.711474963296950591e-01 1.799999999999885461e+02
6.000000000000003553e+00 1.725016455272907479e-01 1.799999999999929798e+02
6.150000000000003908e+00 1.729816513725381810e-01 1.799999999999888871e+02
6.300000000000004263e+00 1.731518026256253506e-01 1.799999999999718057e+02
6.450000000000004619e+00 1.732121288341659238e-01 1.799999999999220393e+02
6.600000000000004974e+00 1.732335496894847893e-01 1.799999999997806981e+02
6.750000000000005329e+00 1.732412472820215044e-01 1.799999999993821689e+02
6.900000000000005684e+00 1.732442706197616644e-01 1.799999999982566123e+02
7.050000000000006040e+00 1.732461741896713647e-01 1.799999999950884160e+02
7.200000000000006395e+00 1.732491956393005239e-01 1.799999999861634876e+02
7.350000000000006750e+00 1.732568873314903612e-01 1.799999999609516124e+02
7.500000000000007105e+00 1.732782909577963437e-01 1.799999998900030391e+02
7.650000000000007461e+00 1.733385691375133320e-01 1.799999996902154749e+02
7.800000000000007816e+00 1.735085844466084382e-01 1.799999991265726180e+02
7.950000000000008171e+00 1.739882064152880048e-01 1.799999975460915493e+02
8.100000000000008527e+00 1.753412733712593763e-01 1.799999931400091953e+02
8.250000000000008882e+00 1.791584744621559366e-01 1.799999810519298080e+02
8.400000000000009237e+00 1.899270682131373178e-01 1.799999496452269057e+02
8.550000000000009592e+00 2.203083315548610699e-01 1.799998776960878502e+02
8.700000000000009948e+00 3.060048145462133107e-01 1.799997515158534611e+02
8.850000000000010303e+00 5.478652523941036634e-01 1.799996089026647041e+02
9.000000000000010658e+00 1.229417533306616406e+00 1.799995093043357883e+02
9.150000000000011013e+00 3.158071184170964329e+00 1.799994599431672384e+02
9.300000000000011369e+00 8.553643006534073834e+00 1.799994409206082651e+02
9.450000000000011724e+00 2.412584617989924141e+01 1.799994342643258562e+02
9.600000000000012079e+00 6.525026342964125092e+01 1.799994313941313351e+02
9.750000000000012434e+00 2.031241725101627367e+02 1.799994312806162213e+02
9.900000000000012790e+00 4.332649082285294639e+02 1.799994315402189784e+02
1.005000000000001315e+01 7.997886588880659247e+02 1.799994313826204007e+02
1.020000000000001350e+01 7.997886588880659247e+02 1.799994313826204007e+02
1.035000000000001386e+01 7.997886588880659247e+02 1.799994313826204007e+02
1.050000000000001421e+01 7.997886588880659247e+02 1.799994313826204007e+02
1.065000000000001457e+01 7.997886588880659247e+02 1.799994313826204007e+02
1.080000000000001492e+01 7.997886588880659247e+02 1.799994313826204007e+02
1.095000000000001528e+01 7.997886588880659247e+02 1.799994313826204007e+02
1.110000000000001563e+01 7.997886588880659247e+02 1.799994313826204007e+02
1.125000000000001599e+01 7.997886588880659247e+02 1.799994313826204007e+02
1.140000000000001634e+01 7.997886588880659247e+02 1.799994313826204007e+02
1.155000000000001670e+01 7.997886588880659247e+02 1.799994313826204007e+02
1.170000000000001705e+01 7.997886588880659247e+02 1.799994313826204007e+02
1.185000000000001741e+01 7.997886588880659247e+02 1.799994313826204007e+02
1.200000000000001776e+01 7.997886588880659247e+02 1.799994313826204007e+02
1.215000000000001812e+01 7.997886588880659247e+02 1.799994313826204007e+02
1.230000000000001847e+01 7.997886588880659247e+02 1.799994313826204007e+02
1.245000000000001883e+01 7.997886588880659247e+02 1.799994313826204007e+02
1.260000000000001918e+01 7.997886588880659247e+02 1.799994313826204007e+02
1.275000000000001954e+01 7.997886588880659247e+02 1.799994313826204007e+02
1.290000000000001990e+01 7.997886588880659247e+02 1.799994313826204007e+02
1.305000000000002025e+01 7.996011402315335772e+02 1.799994319398793152e+02
1.320000000000002061e+01 7.996011402315335772e+02 1.799994319398793152e+02
1.335000000000002096e+01 7.996011402315335772e+02 1.799994319398793152e+02
1.350000000000002132e+01 7.996011402315335772e+02 1.799994319398793152e+02
1.365000000000002167e+01 7.996011402315335772e+02 1.799994319398793152e+02
1.380000000000002203e+01 7.996011402315335772e+02 1.799994319398793152e+02
1.395000000000002238e+01 7.996011402315335772e+02 1.799994319398793152e+02
1.410000000000002274e+01 7.996011402315335772e+02 1.799994319398793152e+02
1.425000000000002309e+01 7.996011402315335772e+02 1.799994319398793152e+02
1.440000000000002345e+01 7.996011402315335772e+02 1.799994319398793152e+02
1.455000000000002380e+01 7.996011402315335772e+02 1.799994319398793152e+02
1.470000000000002416e+01 7.996011402315335772e+02 1.799994319398793152e+02
1.485000000000002451e+01 7.996011402315335772e+02 1.799994319398793152e+02
1.500000000000002487e+01 7.996011402315335772e+02 1.799994319398793152e+02
1.515000000000002522e+01 7.996011402315335772e+02 1.799994319398793152e+02
1.530000000000002558e+01 7.996011402315335772e+02 1.799994319398793152e+02
1.545000000000002593e+01 7.996011402315335772e+02 1.799994319398793152e+02
1.560000000000002629e+01 7.996011402315335772e+02 1.799994319398793152e+02
1.575000000000002665e+01 7.996011402315335772e+02 1.799994319398793152e+02
1.590000000000002700e+01 7.996011402315335772e+02 1.799994319398793152e+02
