1.499999999999999944e-01 7.999919264389252476e+02 1.799991444618348737e+02
2.999999999999999889e-01 7.999919264389252476e+02 1.799991444618348737e+02
4.499999999999999556e-01 7.999919264389252476e+02 1.799991444618348737e+02
5.999999999999999778e-01 7.999919264389252476e+02 1.799991444618348737e+02
7.500000000000000000e-01 7.999919264389252476e+02 1.799991444618348737e+02
9.000000000000000222e-01 7.999919264389252476e+02 1.799991444618348737e+02
1.050000000000000044e+00 7.999919264389252476e+02 1.799991444618348737e+02
1.199999999999999956e+00 7.999919264389252476e+02 1.799991444618348737e+02
1.349999999999999867e+00 7.999919264389252476e+02 1.799991444618348737e+02
1.499999999999999778e+00 7.999919264389252476e+02 1.799991444618348737e+02
1.649999999999999689e+00 7.999919264389252476e+02 1.799991444618348737e+02
1.799999999999999600e+00 7.999919264389252476e+02 1.799991444618348737e+02
1.949999999999999512e+00 7.999919264389252476e+02 1.799991444618348737e+02
2.099999999999999645e+00 7.999974303412865311e+02 1.799991449729807300e+02
2.249999999999999556e+00 7.999974303412865311e+02 1.799991449729807300e+02
2.399999999999999467e+00 7.999974303412865311e+02 1.799991449729807300e+02
2.549999999999999378e+00 7.999974303412865311e+02 1.799991449729807300e+02
2.699999999999999289e+00 7.999974303412865311e+02 1.799991449729807300e+02
2.849999999999999201e+00 7.999974303412865311e+02 1.799991449729807300e+02
2.999999999999999112e+00 7.999974303412865311e+02 1.799991449729807300e+02
3.149999999999999023e+00 7.999974303412865311e+02 1.799991449729807300e+02
3.299999999999998934e+00 7.999974303412865311e+02 1.799991449729807300e+02
3.449999999999998845e+00 7.999974303412865311e+02 1.799991449729807300e+02
3.599999999999998757e+00 7.999974303412865311e+02 1.799991449729807300e+02
3.749999999999998668e+00 7.999974303412865311e+02 1.799991449729807300e+02
3.899999999999998579e+00 7.999974303412865311e+02 1.799991449729807300e+02
4.049999999999998934e+00 4.928075794551384661e+02 1.799991457702156197e+02
4.199999999999999289e+00 3.339434126782514909e+02 1.799991475997026669e+02
4.349999999999999645e+00 1.789053346976559737e+02 1.799991549569813287e+02
4.500000000000000000e+00 1.076997340401537713e+02 1.799991672388170230e+02
4.650000000000000355e+00 6.484801139848489981e+01 1.799991873767884272e+02
4.800000000000000711e+00 4.004708665207756724e+01 1.799992209047703113e+02
4.950000000000001066e+00 2.537810265330580251e+01 1.799992719976881119e+02
5.100000000000001421e+00 1.670883008270954306e+01 1.799993439206212145e+02
5.250000000000001776e+00 1.157504688568320006e+01 1.799994386351341973e+02
5.400000000000002132e+00 8.534195072603601773e+00 1.799995486417271024e+02
5.550000000000002487e+00 6.732578930067724343e+00 1.799996604192144218e+02
5.700000000000002842e+00 5.665119049294119691e+00 1.799997607460297502e+02
5.850000000000003197e+00 5.032675141867329671e+00 1.799998403319981435e+02
6.000000000000003553e+00 4.658061719912424792e+00 1.799998976070280605e+02
6.150000000000003908e+00 4.436340247425505368e+00 1.799999362612548452e+02
6.300000000000004263e+00 4.305405595526494267e+00 1.799999610624923321e+02
6.450000000000004619e+00 4.228583893470286625e+00 1.799999764685424850e+02
6.600000000000004974e+00 4.184358430045833188e+00 1.799999859016088806e+02
6.750000000000005329e+00 4.160342421553139047e+00 1.799999915933271950e+02
6.900000000000005684e+00 4.149809451745468891e+00 1.799999949975005791e+02
7.050000000000006040e+00 4.149809451996233634e+00 1.799999970342007600e+02
7.200000000000006395e+00 4.160342422364436743e+00 1.799999982461382615e+02
7.350000000000006750e+00 4.184358431661053146e+00 1.799999989649604970e+02
7.500000000000007105e+00 4.228583896361456596e+00 1.799999993927820583e+02
7.650000000000007461e+00 4.305405600490161078e+00 1.799999996464277103e+02
7.800000000000007816e+00 4.436340255840875102e+00 1.799999997963304281e+02
7.950000000000008171e+00 4.658061734154387068e+00 1.799999998850007046e+02
8.100000000000008527e+00 5.032675165925994065e+00 1.799999999368968702e+02
8.250000000000008882e+00 5.665119089862692192e+00 1.799999999667261363e+02
8.400000000000009237e+00 6.732578998496997258e+00 1.799999999833994480e+02
8.550000000000009592e+00 8.534195188029137569e+00 1.799999999922329721e+02
8.700000000000009948e+00 1.157504708040571018e+01 1.799999999965964719e+02
8.850000000000010303e+00 1.670883041134964486e+01 1.799999999985965360e+02
9.000000000000010658e+00 2.537810320820945620e+01 1.799999999994452082e+02
9.150000000000011013e+00 4.004708759191524337e+01 1.799999999997832276e+02
9.300000000000011369e+00 6.484801298849147599e+01 1.799999999999117506e+02
9.450000000000011724e+00 1.076997368189410338e+02 1.799999999999587317e+02
9.600000000000012079e+00 1.789053392776944236e+02 1.799999999999748184e+02
9.750000000000012434e+00 3.339434238516545292e+02 1.799999999999803606e+02
9.900000000000012790e+00 4.928075885101453650e+02 1.799999999999813554e+02
1.005000000000001315e+01 7.999975063870246004e+02 1.799999999999815259e+02
1.020000000000001350e+01 7.999975063870246004e+02 1.799999999999815259e+02
1.035000000000001386e+01 7.999975063870246004e+02 1.799999999999815259e+02
1.050000000000001421e+01 7.999975063870246004e+02 1.799999999999815259e+02
1.065000000000001457e+01 7.999975063870246004e+02 1.799999999999815259e+02
1.080000000000001492e+01 7.999975063870246004e+02 1.799999999999815259e+02
1.095000000000001528e+01 7.999975063870246004e+02 1.799999999999815259e+02
1.110000000000001563e+01 7.999975063870246004e+02 1.799999999999815259e+02
1.125000000000001599e+01 7.999975063870246004e+02 1.799999999999815259e+02
1.140000000000001634e+01 7.999975063870246004e+02 1.799999999999815259e+02
1.155000000000001670e+01 7.999975063870246004e+02 1.799999999999815259e+02
1.170000000000001705e+01 7.999975063870246004e+02 1.799999999999815259e+02
1.185000000000001741e+01 7.999975063870246004e+02 1.799999999999815259e+02
1.200000000000001776e+01 7.999975063870246004e+02 1.799999999999815259e+02
1.215000000000001812e+01 7.999975063870246004e+02 1.799999999999815259e+02
1.230000000000001847e+01 7.999975063870246004e+02 1.799999999999815259e+02
1.245000000000001883e+01 7.999975063870246004e+02 1.799999999999815259e+02
1.260000000000001918e+01 7.999975063870246004e+02 1.799999999999815259e+02
1.275000000000001954e+01 7.999975063870246004e+02 1.799999999999815259e+02
1.290000000000001990e+01 7.999975063870246004e+02 1.799999999999815259e+02
1.305000000000002025e+01 7.999921653656207354e+02 1.799999999999816112e+02
1.320000000000002061e+01 7.999921653656207354e+02 1.799999999999816112e+02
1.335000000000002096e+01 7.999921653656207354e+02 1.799999999999816112e+02
1.350000000000002132e+01 7.999921653656207354e+02 1.799999999999816112e+02
1.365000000000002167e+01 7.999921653656207354e+02 1.799999999999816112e+02
1.380000000000002203e+01 7.999921653656207354e+02 1.799999999999816112e+02
1.395000000000002238e+01 7.999921653656207354e+02 1.799999999999816112e+02
1.410000000000002274e+01 7.999921653656207354e+02 1.799999999999816112e+02
1.425000000000002309e+01 7.999921653656207354e+02 1.799999999999816112e+02
1.440000000000002345e+01 7.999921653656207354e+02 1.799999999999816112e+02
1.455000000000002380e+01 7.999921653656207354e+02 1.799999999999816112e+02
1.470000000000002416e+01 7.999921653656207354e+02 1.799999999999816112e+02
1.485000000000002451e+01 7.999921653656207354e+02 1.799999999999816112e+02
1.500000000000002487e+01 7.999921653656207354e+02 1.799999999999816112e+02
1.515000000000002522e+01 7.999921653656207354e+02 1.799999999999816112e+02
1.530000000000002558e+01 7.999921653656207354e+02 1.799999999999816112e+02
1.545000000000002593e+01 7.999921653656207354e+02 1.799999999999816112e+02
1.560000000000002629e+01 7.999921653656207354e+02 1.799999999999816112e+02
1.575000000000002665e+01 7.999921653656207354e+02 1.799999999999816112e+02
1.590000000000002700e+01 7.999921653656207354e+02 1.799999999999816112e+02
