1.499999999999999944e-01 7.996029971418690820e+02 3.870990061827228601e-08
2.999999999999999889e-01 7.996029971418690820e+02 3.870990061827228601e-08
4.499999999999999556e-01 7.996029971418690820e+02 3.870990061827228601e-08
5.999999999999999778e-01 7.996029971418690820e+02 3.870990061827228601e-08
7.500000000000000000e-01 7.996029971418690820e+02 3.870990061827228601e-08
9.000000000000000222e-01 7.996029971418690820e+02 3.870990061827228601e-08
1.050000000000000044e+00 7.996029971418690820e+02 3.870990061827228601e-08
1.199999999999999956e+00 7.996029971418690820e+02 3.870990061827228601e-08
1.349999999999999867e+00 7.996029971418690820e+02 3.870990061827228601e-08
1.499999999999999778e+00 7.996029971418690820e+02 3.870990061827228601e-08
1.649999999999999689e+00 7.996029971418690820e+02 3.870990061827228601e-08
1.799999999999999600e+00 7.996029971418690820e+02 3.870990061827228601e-08
1.949999999999999512e+00 7.996029971418690820e+02 3.870990061827228601e-08
2.099999999999999645e+00 7.997896102039424022e+02 3.865598685592885886e-08
2.249999999999999556e+00 7.997896102039424022e+02 3.865598685592885886e-08
2.399999999999999467e+00 7.997896102039424022e+02 3.865598685592885886e-08
2.549999999999999378e+00 7.997896102039424022e+02 3.865598685592885886e-08
2.699999999999999289e+00 7.997896102039424022e+02 3.865598685592885886e-08
2.849999999999999201e+00 7.997896102039424022e+02 3.865598685592885886e-08
2.999999999999999112e+00 7.997896102039424022e+02 3.865598685592885886e-08
3.149999999999999023e+00 7.997896102039424022e+02 3.865598685592885886e-08
3.299999999999998934e+00 7.997896102039424022e+02 3.865598685592885886e-08
3.449999999999998845e+00 7.997896102039424022e+02 3.865598685592885886e-08
3.599999999999998757e+00 7.997896102039424022e+02 3.865598685592885886e-08
3.749999999999998668e+00 7.997896102039424022e+02 3.865598685592885886e-08
3.899999999999998579e+00 7.997896102039424022e+02 3.865598685592885886e-08
4.049999999999998934e+00 4.332074628752050103e+02 3.868235098902772506e-08
4.199999999999999289e+00 2.028999056423774050e+02 3.883997057307908563e-08
4.349999999999999645e+00 6.493437735895804508e+01 3.893161959478419476e-08
4.500000000000000000e+00 2.377549863958252985e+01 3.914279844696721966e-08
4.650000000000000355e+00 8.190401755792784400e+00 3.990575092593928730e-08
4.800000000000000711e+00 2.790229402128716174e+00 4.173047207789437607e-08
4.950000000000001066e+00 8.599337646263620627e-01 4.792327179536925996e-08
5.100000000000001421e+00 1.777990288771889027e-01 8.252236738393037285e-08
5.250000000000001776e+00 6.426804525472107343e-02 1.799999999190750941e+02
5.400000000000002132e+00 1.500377779843802273e-01 1.799999999877087475e+02
5.550000000000002487e+00 1.804450075726435898e-01 1.799999999963635560e+02
5.700000000000002842e+00 1.912228056287403888e-01 1.799999999987830392e+02
5.850000000000003197e+00 1.950432691394325957e-01 1.799999999995760618e+02
6.000000000000003553e+00 1.963974924453850690e-01 1.799999999998478870e+02
6.150000000000003908e+00 1.968775242521587643e-01 1.799999999999394902e+02
6.300000000000004263e+00 1.970476847097870632e-01 1.799999999999598970e+02
6.450000000000004619e+00 1.971080144585357630e-01 1.799999999999330669e+02
6.600000000000004974e+00 1.971294363759170665e-01 1.799999999998279350e+02
6.750000000000005329e+00 1.971371340864607191e-01 1.799999999995209521e+02
6.900000000000005684e+00 1.971401577782216918e-01 1.799999999986500541e+02
7.050000000000006040e+00 1.971420611121175170e-01 1.799999999961981416e+02
7.200000000000006395e+00 1.971450826797536138e-01 1.799999999892918368e+02
7.350000000000006750e+00 1.971527738999157009e-01 1.799999999697785427e+02
7.500000000000007105e+00 1.971741762281453703e-01 1.799999999148828067e+02
7.650000000000007461e+00 1.972344511036681070e-01 1.799999997603190423e+02
7.800000000000007816e+00 1.974044568542012712e-01 1.799999993241108882e+02
7.950000000000008171e+00 1.978840523893268255e-01 1.799999981008013776e+02
8.100000000000008527e+00 1.992370442928859120e-01 1.799999946867668825e+02
8.250000000000008882e+00 2.030540341513642488e-01 1.799999852858416602e+02
8.400000000000009237e+00 2.138220317312971019e-01 1.799999606415425433e+02
8.550000000000009592e+00 2.442016150082508830e-01 1.799999029257509733e+02
8.700000000000009948e+00 3.298933613191366021e-01 1.799997972045775327e+02
8.850000000000010303e+00 5.717404468590530087e-01 1.799996703275334937e+02
9.000000000000010658e+00 1.253255117337971569e+00 1.799995766362459335e+02
9.150000000000011013e+00 3.181802817325532828e+00 1.799995285316699949e+02
9.300000000000011369e+00 8.577077982284336599e+00 1.799995096915688464e+02
9.450000000000011724e+00 2.414845040286082423e+01 1.799995030571684254e+02
9.600000000000012079e+00 6.527064815240085238e+01 1.799995001889067510e+02
9.750000000000012434e+00 2.031386672263727746e+02 1.799995000754980481e+02
9.900000000000012790e+00 4.332686562098460286e+02 1.799995003351647540e+02
1.005000000000001315e+01 7.997887872304012262e+02 1.799995001775446326e+02
1.020000000000001350e+01 7.997887872304012262e+02 1.799995001775446326e+02
1.035000000000001386e+01 7.997887872304012262e+02 1.799995001775446326e+02
1.050000000000001421e+01 7.997887872304012262e+02 1.799995001775446326e+02
1.065000000000001457e+01 7.997887872304012262e+02 1.799995001775446326e+02
1.080000000000001492e+01 7.997887872304012262e+02 1.799995001775446326e+02
1.095000000000001528e+01 7.997887872304012262e+02 1.799995001775446326e+02
1.110000000000001563e+01 7.997887872304012262e+02 1.799995001775446326e+02
1.125000000000001599e+01 7.997887872304012262e+02 1.799995001775446326e+02
1.140000000000001634e+01 7.997887872304012262e+02 1.799995001775446326e+02
1.155000000000001670e+01 7.997887872304012262e+02 1.799995001775446326e+02
1.170000000000001705e+01 7.997887872304012262e+02 1.799995001775446326e+02
1.185000000000001741e+01 7.997887872304012262e+02 1.799995001775446326e+02
1.200000000000001776e+01 7.997887872304012262e+02 1.799995001775446326e+02
1.215000000000001812e+01 7.997887872304012262e+02 1.799995001775446326e+02
1.230000000000001847e+01 7.997887872304012262e+02 1.799995001775446326e+02
1.245000000000001883e+01 7.997887872304012262e+02 1.799995001775446326e+02
1.260000000000001918e+01 7.997887872304012262e+02 1.799995001775446326e+02
1.275000000000001954e+01 7.997887872304012262e+02 1.799995001775446326e+02
1.290000000000001990e+01 7.997887872304012262e+02 1.799995001775446326e+02
1.305000000000002025e+01 7.996013784761571515e+02 1.799995007348656202e+02
1.320000000000002061e+01 7.996013784761571515e+02 1.799995007348656202e+02
1.335000000000002096e+01 7.996013784761571515e+02 1.799995007348656202e+02
1.350000000000002132e+01 7.996013784761571515e+02 1.799995007348656202e+02
1.365000000000002167e+01 7.996013784761571515e+02 1.799995007348656202e+02
1.380000000000002203e+01 7.996013784761571515e+02 1.799995007348656202e+02
1.395000000000002238e+01 7.996013784761571515e+02 1.799995007348656202e+02
1.410000000000002274e+01 7.996013784761571515e+02 1.799995007348656202e+02
1.425000000000002309e+01 7.996013784761571515e+02 1.799995007348656202e+02
1.440000000000002345e+01 7.996013784761571515e+02 1.799995007348656202e+02
1.455000000000002380e+01 7.996013784761571515e+02 1.799995007348656202e+02
1.470000000000002416e+01 7.996013784761571515e+02 1.799995007348656202e+02
1.485000000000002451e+01 7.996013784761571515e+02 1.799995007348656202e+02
1.500000000000002487e+01 7.996013784761571515e+02 1.799995007348656202e+02
1.515000000000002522e+01 7.996013784761571515e+02 1.799995007348656202e+02
1.530000000000002558e+01 7.996013784761571515e+02 1.799995007348656202e+02
1.545000000000002593e+01 7.996013784761571515e+02 1.799995007348656202e+02
1.560000000000002629e+01 7.996013784761571515e+02 1.799995007348656202e+02
1.575000000000002665e+01 7.996013784761571515e+02 1.799995007348656202e+02
1.590000000000002700e+01 7.996013784761571515e+02 1.799995007348656202e+02
