1.499999999999999944e-01 7.999257172751938469e+02 1.799984373560365327e+02
2.999999999999999889e-01 7.999257172751938469e+02 1.799984373560365327e+02
4.499999999999999556e-01 7.999257172751938469e+02 1.799984373560365327e+02
5.999999999999999778e-01 7.999257172751938469e+02 1.799984373560365327e+02
7.500000000000000000e-01 7.999257172751938469e+02 1.799984373560365327e+02
9.000000000000000222e-01 7.999257172751938469e+02 1.799984373560365327e+02
1.050000000000000044e+00 7.999257172751938469e+02 1.799984373560365327e+02
1.199999999999999956e+00 7.999257172751938469e+02 1.799984373560365327e+02
1.349999999999999867e+00 7.999257172751938469e+02 1.799984373560365327e+02
1.499999999999999778e+00 7.999257172751938469e+02 1.799984373560365327e+02
1.649999999999999689e+00 7.999257172751938469e+02 1.799984373560365327e+02
1.799999999999999600e+00 7.999257172751938469e+02 1.799984373560365327e+02
1.949999999999999512e+00 7.999257172751938469e+02 1.799984373560365327e+02
2.099999999999999645e+00 7.999683606395351489e+02 1.799984379083309136e+02
2.249999999999999556e+00 7.999683606395351489e+02 1.799984379083309136e+02
2.399999999999999467e+00 7.999683606395351489e+02 1.799984379083309136e+02
2.549999999999999378e+00 7.999683606395351489e+02 1.799984379083309136e+02
2.699999999999999289e+00 7.999683606395351489e+02 1.799984379083309136e+02
2.849999999999999201e+00 7.999683606395351489e+02 1.799984379083309136e+02
2.999999999999999112e+00 7.999683606395351489e+02 1.799984379083309136e+02
3.149999999999999023e+00 7.999683606395351489e+02 1.799984379083309136e+02
3.299999999999998934e+00 7.999683606395351489e+02 1.799984379083309136e+02
3.449999999999998845e+00 7.999683606395351489e+02 1.799984379083309136e+02
3.599999999999998757e+00 7.999683606395351489e+02 1.799984379083309136e+02
3.749999999999998668e+00 7.999683606395351489e+02 1.799984379083309136e+02
3.899999999999998579e+00 7.999683606395351489e+02 1.799984379083309136e+02
4.049999999999998934e+00 4.673492784464300485e+02 1.799984391322942088e+02
4.199999999999999289e+00 2.613611333683621751e+02 1.799984419728838816e+02
4.349999999999999645e+00 1.055504884134438868e+02 1.799984537607701895e+02
4.500000000000000000e+00 4.828413166765523812e+01 1.799984783726708315e+02
4.650000000000000355e+00 2.180091122664299519e+01 1.799985326757919211e+02
4.800000000000000711e+00 1.037733475126004379e+01 1.799986439062135730e+02
4.950000000000001066e+00 5.339272407086852468e+00 1.799988443407930276e+02
5.100000000000001421e+00 3.132327982831668578e+00 1.799991347783001743e+02
5.250000000000001776e+00 2.163445216081953504e+00 1.799994503194028255e+02
5.400000000000002132e+00 1.738376438359068743e+00 1.799996997930285829e+02
5.550000000000002487e+00 1.551849318663556687e+00 1.799998523318499508e+02
5.700000000000002842e+00 1.470003619059383482e+00 1.799999315904425146e+02
5.850000000000003197e+00 1.434090035925493112e+00 1.799999692279673980e+02
6.000000000000003553e+00 1.418331494392560899e+00 1.799999863374926861e+02
6.150000000000003908e+00 1.411417009242995846e+00 1.799999939750901490e+02
6.300000000000004263e+00 1.408383617842787316e+00 1.799999973503851436e+02
6.450000000000004619e+00 1.407054058724327206e+00 1.799999988354222751e+02
6.600000000000004974e+00 1.406474022144834635e+00 1.799999994887361083e+02
6.750000000000005329e+00 1.406227178625556462e+00 1.799999997756017933e+02
6.900000000000005684e+00 1.406136352697956227e+00 1.799999999014576133e+02
7.050000000000006040e+00 1.406136352697956227e+00 1.799999999567564259e+02
7.200000000000006395e+00 1.406227178655058196e+00 1.799999999810246720e+02
7.350000000000006750e+00 1.406474022351346775e+00 1.799999999916692275e+02
7.500000000000007105e+00 1.407054059107849753e+00 1.799999999963455366e+02
7.650000000000007461e+00 1.408383618786842817e+00 1.799999999983980103e+02
7.800000000000007816e+00 1.411417011485127659e+00 1.799999999992979554e+02
7.950000000000008171e+00 1.418331499511111815e+00 1.799999999996934434e+02
8.100000000000008527e+00 1.434090047637681664e+00 1.799999999998667590e+02
8.250000000000008882e+00 1.470003645743702236e+00 1.799999999999426450e+02
8.400000000000009237e+00 1.551849379525634731e+00 1.799999999999755289e+02
8.550000000000009592e+00 1.738376577061472972e+00 1.799999999999893703e+02
8.700000000000009948e+00 2.163445532060279675e+00 1.799999999999940599e+02
8.850000000000010303e+00 3.132328703028008476e+00 1.799999999999950830e+02
9.000000000000010658e+00 5.339274046955509334e+00 1.799999999999948272e+02
9.150000000000011013e+00 1.037733849687399612e+01 1.799999999999938609e+02
9.300000000000011369e+00 2.180091970275588054e+01 1.799999999999933209e+02
9.450000000000011724e+00 4.828415145156441923e+01 1.799999999999929798e+02
9.600000000000012079e+00 1.055505303353312456e+02 1.799999999999927240e+02
9.750000000000012434e+00 2.613612556882652029e+02 1.799999999999926956e+02
9.900000000000012790e+00 4.673494084662241903e+02 1.799999999999926956e+02
1.005000000000001315e+01 7.999690964942373057e+02 1.799999999999926956e+02
1.020000000000001350e+01 7.999690964942373057e+02 1.799999999999926956e+02
1.035000000000001386e+01 7.999690964942373057e+02 1.799999999999926956e+02
1.050000000000001421e+01 7.999690964942373057e+02 1.799999999999926956e+02
1.065000000000001457e+01 7.999690964942373057e+02 1.799999999999926956e+02
1.080000000000001492e+01 7.999690964942373057e+02 1.799999999999926956e+02
1.095000000000001528e+01 7.999690964942373057e+02 1.799999999999926956e+02
1.110000000000001563e+01 7.999690964942373057e+02 1.799999999999926956e+02
1.125000000000001599e+01 7.999690964942373057e+02 1.799999999999926956e+02
1.140000000000001634e+01 7.999690964942373057e+02 1.799999999999926956e+02
1.155000000000001670e+01 7.999690964942373057e+02 1.799999999999926956e+02
1.170000000000001705e+01 7.999690964942373057e+02 1.799999999999926956e+02
1.185000000000001741e+01 7.999690964942373057e+02 1.799999999999926956e+02
1.200000000000001776e+01 7.999690964942373057e+02 1.799999999999926956e+02
1.215000000000001812e+01 7.999690964942373057e+02 1.799999999999926956e+02
1.230000000000001847e+01 7.999690964942373057e+02 1.799999999999926956e+02
1.245000000000001883e+01 7.999690964942373057e+02 1.799999999999926956e+02
1.260000000000001918e+01 7.999690964942373057e+02 1.799999999999926956e+02
1.275000000000001954e+01 7.999690964942373057e+02 1.799999999999926956e+02
1.290000000000001990e+01 7.999690964942373057e+02 1.799999999999926956e+02
1.305000000000002025e+01 7.999274449206066038e+02 1.799999999999926672e+02
1.320000000000002061e+01 7.999274449206066038e+02 1.799999999999926672e+02
1.335000000000002096e+01 7.999274449206066038e+02 1.799999999999926672e+02
1.350000000000002132e+01 7.999274449206066038e+02 1.799999999999926672e+02
1.365000000000002167e+01 7.999274449206066038e+02 1.799999999999926672e+02
1.380000000000002203e+01 7.999274449206066038e+02 1.799999999999926672e+02
1.395000000000002238e+01 7.999274449206066038e+02 1.799999999999926672e+02
1.410000000000002274e+01 7.999274449206066038e+02 1.799999999999926672e+02
1.425000000000002309e+01 7.999274449206066038e+02 1.799999999999926672e+02
1.440000000000002345e+01 7.999274449206066038e+02 1.799999999999926672e+02
1.455000000000002380e+01 7.999274449206066038e+02 1.799999999999926672e+02
1.470000000000002416e+01 7.999274449206066038e+02 1.799999999999926672e+02
1.485000000000002451e+01 7.999274449206066038e+02 1.799999999999926672e+02
1.500000000000002487e+01 7.999274449206066038e+02 1.799999999999926672e+02
1.515000000000002522e+01 7.999274449206066038e+02 1.799999999999926672e+02
1.530000000000002558e+01 7.999274449206066038e+02 1.799999999999926672e+02
1.545000000000002593e+01 7.999274449206066038e+02 1.799999999999926672e+02
1.560000000000002629e+01 7.999274449206066038e+02 1.799999999999926672e+02
1.575000000000002665e+01 7.999274449206066038e+02 1.799999999999926672e+02
1.590000000000002700e+01 7.999274449206066038e+02 1.799999999999926672e+02
