1.499999999999999944e-01 7.995307962720796695e+02 1.827582529756455187e-11
2.999999999999999889e-01 7.995307962720796695e+02 1.827582529756455187e-11
4.499999999999999556e-01 7.995307962720796695e+02 1.827582529756455187e-11
5.999999999999999778e-01 7.995307962720796695e+02 1.827582529756455187e-11
7.500000000000000000e-01 7.995307962720796695e+02 1.827582529756455187e-11
9.000000000000000222e-01 7.995307962720796695e+02 1.827582529756455187e-11
1.050000000000000044e+00 7.995307962720796695e+02 1.827582529756455187e-11
1.199999999999999956e+00 7.995307962720796695e+02 1.827582529756455187e-11
1.349999999999999867e+00 7.995307962720796695e+02 1.827582529756455187e-11
1.499999999999999778e+00 7.995307962720796695e+02 1.827582529756455187e-11
1.649999999999999689e+00 7.995307962720796695e+02 1.827582529756455187e-11
1.799999999999999600e+00 7.995307962720796695e+02 1.827582529756455187e-11
1.949999999999999512e+00 7.995307962720796695e+02 1.827582529756455187e-11
2.099999999999999645e+00 7.997459476379966645e+02 1.824673745431937277e-11
2.249999999999999556e+00 7.997459476379966645e+02 1.824673745431937277e-11
2.399999999999999467e+00 7.997459476379966645e+02 1.824673745431937277e-11
2.549999999999999378e+00 7.997459476379966645e+02 1.824673745431937277e-11
2.699999999999999289e+00 7.997459476379966645e+02 1.824673745431937277e-11
2.849999999999999201e+00 7.997459476379966645e+02 1.824673745431937277e-11
2.999999999999999112e+00 7.997459476379966645e+02 1.824673745431937277e-11
3.149999999999999023e+00 7.997459476379966645e+02 1.824673745431937277e-11
3.299999999999998934e+00 7.997459476379966645e+02 1.824673745431937277e-11
3.449999999999998845e+00 7.997459476379966645e+02 1.824673745431937277e-11
3.599999999999998757e+00 7.997459476379966645e+02 1.824673745431937277e-11
3.749999999999998668e+00 7.997459476379966645e+02 1.824673745431937277e-11
3.899999999999998579e+00 7.997459476379966645e+02 1.824673745431937277e-11
4.049999999999998934e+00 4.288326722216978055e+02 1.823374784493125844e-11
4.199999999999999289e+00 1.971737744619205159e+02 1.819444594985952790e-11
4.349999999999999645e+00 6.173343185359456697e+01 1.836786278630597735e-11
4.500000000000000000e+00 2.222858172574500912e+01 1.833777574233863561e-11
4.650000000000000355e+00 7.571131248706571171e+00 1.850708475359397198e-11
4.800000000000000711e+00 2.605912900154805811e+00 1.874078670027756743e-11
4.950000000000001066e+00 8.686617564811172088e-01 1.936395488399966780e-11
5.100000000000001421e+00 2.681166601209952205e-01 2.234978868642656380e-11
5.250000000000001776e+00 5.958338035816268530e-02 3.496891665122348059e-11
5.400000000000002132e+00 1.270702857436845079e-02 1.799999999999423324e+02
5.550000000000002487e+00 3.778285801490710583e-02 1.799999999999925251e+02
5.700000000000002842e+00 4.647906349146069260e-02 1.799999999999952820e+02
5.850000000000003197e+00 4.949513483643386280e-02 1.799999999999919851e+02
6.000000000000003553e+00 5.054115399525471730e-02 1.799999999999786553e+02
6.150000000000003908e+00 5.090393517093616538e-02 1.799999999999392060e+02
6.300000000000004263e+00 5.102975699992384762e-02 1.799999999998252918e+02
6.450000000000004619e+00 5.107340115773695288e-02 1.799999999994965094e+02
6.600000000000004974e+00 5.108856080096302321e-02 1.799999999985492423e+02
6.750000000000005329e+00 5.109388480195775628e-02 1.799999999958193655e+02
6.900000000000005684e+00 5.109592537792195799e-02 1.799999999879449319e+02
7.050000000000006040e+00 5.109718710809829645e-02 1.799999999652562508e+02
7.200000000000006395e+00 5.109922579595149728e-02 1.799999998998677029e+02
7.350000000000006750e+00 5.110454932491848012e-02 1.799999997112769563e+02
7.500000000000007105e+00 5.111970613597804913e-02 1.799999991681058304e+02
7.650000000000007461e+00 5.116334038120839978e-02 1.799999976044074685e+02
7.800000000000007816e+00 5.128913294447556837e-02 1.799999931087323546e+02
7.950000000000008171e+00 5.165182915516197681e-02 1.799999802778415017e+02
8.100000000000008527e+00 5.269760521969146794e-02 1.799999442860628562e+02
8.250000000000008882e+00 5.571297560345556121e-02 1.799998480316074847e+02
8.400000000000009237e+00 6.440716221732145641e-02 1.799996211345395238e+02
8.550000000000009592e+00 8.947717202772764722e-02 1.799992139720504554e+02
8.700000000000009948e+00 1.617507928212944535e-01 1.799987462400217453e+02
8.850000000000010303e+00 3.702356738087928534e-01 1.799984208939334565e+02
9.000000000000010658e+00 9.706413345580813257e-01 1.799982652325286381e+02
9.150000000000011013e+00 2.707490619567622048e+00 1.799982031758318612e+02
9.300000000000011369e+00 7.671557782796725178e+00 1.799981815636287195e+02
9.450000000000011724e+00 2.232570503923120242e+01 1.799981743619577230e+02
9.600000000000012079e+00 6.182151030364586575e+01 1.799981713871488012e+02
9.750000000000012434e+00 1.972370610971830445e+02 1.799981712567223440e+02
9.900000000000012790e+00 4.288492117369419816e+02 1.799981715136138121e+02
1.005000000000001315e+01 7.997434640187501600e+02 1.799981713554233238e+02
1.020000000000001350e+01 7.997434640187501600e+02 1.799981713554233238e+02
1.035000000000001386e+01 7.997434640187501600e+02 1.799981713554233238e+02
1.050000000000001421e+01 7.997434640187501600e+02 1.799981713554233238e+02
1.065000000000001457e+01 7.997434640187501600e+02 1.799981713554233238e+02
1.080000000000001492e+01 7.997434640187501600e+02 1.799981713554233238e+02
1.095000000000001528e+01 7.997434640187501600e+02 1.799981713554233238e+02
1.110000000000001563e+01 7.997434640187501600e+02 1.799981713554233238e+02
1.125000000000001599e+01 7.997434640187501600e+02 1.799981713554233238e+02
1.140000000000001634e+01 7.997434640187501600e+02 1.799981713554233238e+02
1.155000000000001670e+01 7.997434640187501600e+02 1.799981713554233238e+02
1.170000000000001705e+01 7.997434640187501600e+02 1.799981713554233238e+02
1.185000000000001741e+01 7.997434640187501600e+02 1.799981713554233238e+02
1.200000000000001776e+01 7.997434640187501600e+02 1.799981713554233238e+02
1.215000000000001812e+01 7.997434640187501600e+02 1.799981713554233238e+02
1.230000000000001847e+01 7.997434640187501600e+02 1.799981713554233238e+02
1.245000000000001883e+01 7.997434640187501600e+02 1.799981713554233238e+02
1.260000000000001918e+01 7.997434640187501600e+02 1.799981713554233238e+02
1.275000000000001954e+01 7.997434640187501600e+02 1.799981713554233238e+02
1.290000000000001990e+01 7.997434640187501600e+02 1.799981713554233238e+02
1.305000000000002025e+01 7.995261883772784586e+02 1.799981719125003679e+02
1.320000000000002061e+01 7.995261883772784586e+02 1.799981719125003679e+02
1.335000000000002096e+01 7.995261883772784586e+02 1.799981719125003679e+02
1.350000000000002132e+01 7.995261883772784586e+02 1.799981719125003679e+02
1.365000000000002167e+01 7.995261883772784586e+02 1.799981719125003679e+02
1.380000000000002203e+01 7.995261883772784586e+02 1.799981719125003679e+02
1.395000000000002238e+01 7.995261883772784586e+02 1.799981719125003679e+02
1.410000000000002274e+01 7.995261883772784586e+02 1.799981719125003679e+02
1.425000000000002309e+01 7.995261883772784586e+02 1.799981719125003679e+02
1.440000000000002345e+01 7.995261883772784586e+02 1.799981719125003679e+02
1.455000000000002380e+01 7.995261883772784586e+02 1.799981719125003679e+02
1.470000000000002416e+01 7.995261883772784586e+02 1.799981719125003679e+02
1.485000000000002451e+01 7.995261883772784586e+02 1.799981719125003679e+02
1.500000000000002487e+01 7.995261883772784586e+02 1.799981719125003679e+02
1.515000000000002522e+01 7.995261883772784586e+02 1.799981719125003679e+02
1.530000000000002558e+01 7.995261883772784586e+02 1.799981719125003679e+02
1.545000000000002593e+01 7.995261883772784586e+02 1.799981719125003679e+02
1.560000000000002629e+01 7.995261883772784586e+02 1.799981719125003679e+02
1.575000000000002665e+01 7.995261883772784586e+02 1.799981719125003679e+02
1.590000000000002700e+01 7.995261883772784586e+02 1.799981719125003679e+02
