1.499999999999999944e-01 7.999992350383242865e+02 4.635438699583296085e+01
2.999999999999999889e-01 7.999992350383242865e+02 4.635438699583296085e+01
4.499999999999999556e-01 7.999992350383242865e+02 4.635438699583296085e+01
5.999999999999999778e-01 7.999992350383242865e+02 4.635438699583296085e+01
7.500000000000000000e-01 7.999992350383242865e+02 4.635438699583296085e+01
9.000000000000000222e-01 7.999992350383242865e+02 4.635438699583296085e+01
1.050000000000000044e+00 7.999992350383242865e+02 4.635438699583296085e+01
1.199999999999999956e+00 7.999992350383242865e+02 4.635438699583296085e+01
1.349999999999999867e+00 7.999992350383242865e+02 4.635438699583296085e+01
1.499999999999999778e+00 7.999992350383242865e+02 4.635438699583296085e+01
1.649999999999999689e+00 7.999992350383242865e+02 4.635438699583296085e+01
1.799999999999999600e+00 7.999992350383242865e+02 4.635438699583296085e+01
1.949999999999999512e+00 7.999992350383242865e+02 4.635438699583296085e+01
2.099999999999999645e+00 7.999998210851463227e+02 4.637980457556341207e+01
2.249999999999999556e+00 7.999998210851463227e+02 4.637980457556341207e+01
2.399999999999999467e+00 7.999998210851463227e+02 4.637980457556341207e+01
2.549999999999999378e+00 7.999998210851463227e+02 4.637980457556341207e+01
2.699999999999999289e+00 7.999998210851463227e+02 4.637980457556341207e+01
2.849999999999999201e+00 7.999998210851463227e+02 4.637980457556341207e+01
2.999999999999999112e+00 7.999998210851463227e+02 4.637980457556341207e+01
3.149999999999999023e+00 7.999998210851463227e+02 4.637980457556341207e+01
3.299999999999998934e+00 7.999998210851463227e+02 4.637980457556341207e+01
3.449999999999998845e+00 7.999998210851463227e+02 4.637980457556341207e+01
3.599999999999998757e+00 7.999998210851463227e+02 4.637980457556341207e+01
3.749999999999998668e+00 7.999998210851463227e+02 4.637980457556341207e+01
3.899999999999998579e+00 7.999998210851463227e+02 4.637980457556341207e+01
4.049999999999998934e+00 5.063358857408865106e+02 4.652217546325297093e+01
4.199999999999999289e+00 3.997944251858721714e+02 4.718475628798989874e+01
4.349999999999999645e+00 2.842349239064273547e+02 4.897230347054749444e+01
4.500000000000000000e+00 2.349417316427242213e+02 5.169160457412738907e+01
4.650000000000000355e+00 2.035807397638008069e+02 5.546180073493216867e+01
4.800000000000000711e+00 1.836845721754426108e+02 6.010321542435605124e+01
4.950000000000001066e+00 1.703180260808252626e+02 6.546291828482178232e+01
5.100000000000001421e+00 1.612479232124529744e+02 7.134302335044566235e+01
5.250000000000001776e+00 1.551501880669678997e+02 7.754891214556518264e+01
5.400000000000002132e+00 1.511990368301184446e+02 8.389879493817798561e+01
5.550000000000002487e+00 1.488235631408244899e+02 9.023758706657122275e+01
5.700000000000002842e+00 1.476010324906149549e+02 9.644363873193124448e+01
5.850000000000003197e+00 1.472052293653424613e+02 1.024302544310669703e+02
6.000000000000003553e+00 1.473815895240455234e+02 1.081425657998629930e+02
6.150000000000003908e+00 1.479335500731357058e+02 1.135517449756196555e+02
6.300000000000004263e+00 1.487130649086536209e+02 1.186484220928571887e+02
6.450000000000004619e+00 1.496124685005899266e+02 1.234366057911567793e+02
6.600000000000004974e+00 1.505569545450710507e+02 1.279287492700704973e+02
6.750000000000005329e+00 1.514977528602503867e+02 1.321420959989241339e+02
6.900000000000005684e+00 1.524062735403703073e+02 1.360961480610328920e+02
7.050000000000006040e+00 1.532694249371730848e+02 1.398110112787297794e+02
7.200000000000006395e+00 1.540862025125960884e+02 1.433063662263881213e+02
7.350000000000006750e+00 1.548655716972951097e+02 1.466008456101129411e+02
7.500000000000007105e+00 1.556256559501241270e+02 1.497116590438576225e+02
7.650000000000007461e+00 1.563942940911885273e+02 1.526543472087931264e+02
7.800000000000007816e+00 1.572111482701844523e+02 1.554425722136373622e+02
7.950000000000008171e+00 1.581317390587801697e+02 1.580878796648561320e+02
8.100000000000008527e+00 1.592340938282857508e+02 1.605993776818980905e+02
8.250000000000008882e+00 1.606291980401227875e+02 1.629832793738594603e+02
8.400000000000009237e+00 1.624772996299543593e+02 1.652422677633703927e+02
8.550000000000009592e+00 1.650136928120873847e+02 1.673746579270816994e+02
8.700000000000009948e+00 1.685905597853717950e+02 1.693733655361404544e+02
8.850000000000010303e+00 1.737481183362425270e+02 1.712248211135482165e+02
9.000000000000010658e+00 1.813389277290405062e+02 1.729080231514253398e+02
9.150000000000011013e+00 1.927824774039361557e+02 1.743949403076532576e+02
9.300000000000011369e+00 2.104750721869166341e+02 1.756508134256675930e+02
9.450000000000011724e+00 2.395663059159328725e+02 1.766464232563903067e+02
9.600000000000012079e+00 2.867895155094610118e+02 1.773445841516927430e+02
9.750000000000012434e+00 4.005904835150180361e+02 1.777830798757541970e+02
9.900000000000012790e+00 5.063804875038530326e+02 1.779364802981934872e+02
1.005000000000001315e+01 7.999998249368543384e+02 1.779651087568798857e+02
1.020000000000001350e+01 7.999998249368543384e+02 1.779651087568798857e+02
1.035000000000001386e+01 7.999998249368543384e+02 1.779651087568798857e+02
1.050000000000001421e+01 7.999998249368543384e+02 1.779651087568798857e+02
1.065000000000001457e+01 7.999998249368543384e+02 1.779651087568798857e+02
1.080000000000001492e+01 7.999998249368543384e+02 1.779651087568798857e+02
1.095000000000001528e+01 7.999998249368543384e+02 1.779651087568798857e+02
1.110000000000001563e+01 7.999998249368543384e+02 1.779651087568798857e+02
1.125000000000001599e+01 7.999998249368543384e+02 1.779651087568798857e+02
1.140000000000001634e+01 7.999998249368543384e+02 1.779651087568798857e+02
1.155000000000001670e+01 7.999998249368543384e+02 1.779651087568798857e+02
1.170000000000001705e+01 7.999998249368543384e+02 1.779651087568798857e+02
1.185000000000001741e+01 7.999998249368543384e+02 1.779651087568798857e+02
1.200000000000001776e+01 7.999998249368543384e+02 1.779651087568798857e+02
1.215000000000001812e+01 7.999998249368543384e+02 1.779651087568798857e+02
1.230000000000001847e+01 7.999998249368543384e+02 1.779651087568798857e+02
1.245000000000001883e+01 7.999998249368543384e+02 1.779651087568798857e+02
1.260000000000001918e+01 7.999998249368543384e+02 1.779651087568798857e+02
1.275000000000001954e+01 7.999998249368543384e+02 1.779651087568798857e+02
1.290000000000001990e+01 7.999998249368543384e+02 1.779651087568798857e+02
1.305000000000002025e+01 7.999992510202755511e+02 1.779705694086567860e+02
1.320000000000002061e+01 7.999992510202755511e+02 1.779705694086567860e+02
1.335000000000002096e+01 7.999992510202755511e+02 1.779705694086567860e+02
1.350000000000002132e+01 7.999992510202755511e+02 1.779705694086567860e+02
1.365000000000002167e+01 7.999992510202755511e+02 1.779705694086567860e+02
1.380000000000002203e+01 7.999992510202755511e+02 1.779705694086567860e+02
1.395000000000002238e+01 7.999992510202755511e+02 1.779705694086567860e+02
1.410000000000002274e+01 7.999992510202755511e+02 1.779705694086567860e+02
1.425000000000002309e+01 7.999992510202755511e+02 1.779705694086567860e+02
1.440000000000002345e+01 7.999992510202755511e+02 1.779705694086567860e+02
1.455000000000002380e+01 7.999992510202755511e+02 1.779705694086567860e+02
1.470000000000002416e+01 7.999992510202755511e+02 1.779705694086567860e+02
1.485000000000002451e+01 7.999992510202755511e+02 1.779705694086567860e+02
1.500000000000002487e+01 7.999992510202755511e+02 1.779705694086567860e+02
1.515000000000002522e+01 7.999992510202755511e+02 1.779705694086567860e+02
1.530000000000002558e+01 7.999992510202755511e+02 1.779705694086567860e+02
1.545000000000002593e+01 7.999992510202755511e+02 1.779705694086567860e+02
1.560000000000002629e+01 7.999992510202755511e+02 1.779705694086567860e+02
1.575000000000002665e+01 7.999992510202755511e+02 1.779705694086567860e+02
1.590000000000002700e+01 7.999992510202755511e+02 1.779705694086567860e+02
