1.499999999999999944e-01 7.999992431467800316e+02 1.077038430013113057e+01
2.999999999999999889e-01 7.999992431467800316e+02 1.077038430013113057e+01
4.499999999999999556e-01 7.999992431467800316e+02 1.077038430013113057e+01
5.999999999999999778e-01 7.999992431467800316e+02 1.077038430013113057e+01
7.500000000000000000e-01 7.999992431467800316e+02 1.077038430013113057e+01
9.000000000000000222e-01 7.999992431467800316e+02 1.077038430013113057e+01
1.050000000000000044e+00 7.999992431467800316e+02 1.077038430013113057e+01
1.199999999999999956e+00 7.999992431467800316e+02 1.077038430013113057e+01
1.349999999999999867e+00 7.999992431467800316e+02 1.077038430013113057e+01
1.499999999999999778e+00 7.999992431467800316e+02 1.077038430013113057e+01
1.649999999999999689e+00 7.999992431467800316e+02 1.077038430013113057e+01
1.799999999999999600e+00 7.999992431467800316e+02 1.077038430013113057e+01
1.949999999999999512e+00 7.999992431467800316e+02 1.077038430013113057e+01
2.099999999999999645e+00 7.999998230047565357e+02 1.078743497808136453e+01
2.249999999999999556e+00 7.999998230047565357e+02 1.078743497808136453e+01
2.399999999999999467e+00 7.999998230047565357e+02 1.078743497808136453e+01
2.549999999999999378e+00 7.999998230047565357e+02 1.078743497808136453e+01
2.699999999999999289e+00 7.999998230047565357e+02 1.078743497808136453e+01
2.849999999999999201e+00 7.999998230047565357e+02 1.078743497808136453e+01
2.999999999999999112e+00 7.999998230047565357e+02 1.078743497808136453e+01
3.149999999999999023e+00 7.999998230047565357e+02 1.078743497808136453e+01
3.299999999999998934e+00 7.999998230047565357e+02 1.078743497808136453e+01
3.449999999999998845e+00 7.999998230047565357e+02 1.078743497808136453e+01
3.599999999999998757e+00 7.999998230047565357e+02 1.078743497808136453e+01
3.749999999999998668e+00 7.999998230047565357e+02 1.078743497808136453e+01
3.899999999999998579e+00 7.999998230047565357e+02 1.078743497808136453e+01
4.049999999999998934e+00 5.063435869251948702e+02 1.087879776025876843e+01
4.199999999999999289e+00 3.999434385768002471e+02 1.134698706343359476e+01
4.349999999999999645e+00 2.847085324336244980e+02 1.266718315132833794e+01
4.500000000000000000e+00 2.357447383004215737e+02 1.475630906115624974e+01
4.650000000000000355e+00 2.046301829057976818e+02 1.774189117686201556e+01
4.800000000000000711e+00 1.847962642918525376e+02 2.152768119334831809e+01
4.950000000000001066e+00 1.712347125109876345e+02 2.603440940899774603e+01
5.100000000000001421e+00 1.616805632514457898e+02 3.114752469273021873e+01
5.250000000000001776e+00 1.548219049047487772e+02 3.675075921207805152e+01
5.400000000000002132e+00 1.498848834257823057e+02 4.272792340683836443e+01
5.550000000000002487e+00 1.463777117278111746e+02 4.896863977788385824e+01
5.700000000000002842e+00 1.439678640890702752e+02 5.537139991478981926e+01
5.850000000000003197e+00 1.424148849839852460e+02 6.184624457950643972e+01
6.000000000000003553e+00 1.415341084451306983e+02 6.831663264600432228e+01
6.150000000000003908e+00 1.411772017951473970e+02 7.472037311435791196e+01
6.300000000000004263e+00 1.412220714384048961e+02 8.100951828655196607e+01
6.450000000000004619e+00 1.415677652911861912e+02 8.714934097696595927e+01
6.600000000000004974e+00 1.421318271166884983e+02 9.311665455008704839e+01
6.750000000000005329e+00 1.428486916547879275e+02 9.889778373087079899e+01
6.900000000000005684e+00 1.436684396215069057e+02 1.044864741378182629e+02
7.050000000000006040e+00 1.445556834003048721e+02 1.098819321541673730e+02
7.200000000000006395e+00 1.454886105774115208e+02 1.150870929347292986e+02
7.350000000000006750e+00 1.464583467466884770e+02 1.201071559646828035e+02
7.500000000000007105e+00 1.474688683088137680e+02 1.249483578548478135e+02
7.650000000000007461e+00 1.485377465009586047e+02 1.296169185212242496e+02
7.800000000000007816e+00 1.496980793019282601e+02 1.341181012494406559e+02
7.950000000000008171e+00 1.510021054385413777e+02 1.384553022936264597e+02
8.100000000000008527e+00 1.525272446990960589e+02 1.426290842728328698e+02
8.250000000000008882e+00 1.543857636942873910e+02 1.466360958985254399e+02
8.400000000000009237e+00 1.567400926528028435e+02 1.504678161808153618e+02
8.550000000000009592e+00 1.598273790205863918e+02 1.541091005063303498e+02
8.700000000000009948e+00 1.639998343610605787e+02 1.575366039604104742e+02
8.850000000000010303e+00 1.697941546405412510e+02 1.607173472738798523e+02
9.000000000000010658e+00 1.780540321999251319e+02 1.636077392058712121e+02
9.150000000000011013e+00 1.901832030569184155e+02 1.661550547032285579e+02
9.300000000000011369e+00 2.085543547116700154e+02 1.682985528548857985e+02
9.450000000000011724e+00 2.382879915693559667e+02 1.699904527266306502e+02
9.600000000000012079e+00 2.860745425249934328e+02 1.711718945078638683e+02
9.750000000000012434e+00 4.003596818223475680e+02 1.719114882307375183e+02
9.900000000000012790e+00 5.063666290120548865e+02 1.721697161519924180e+02
1.005000000000001315e+01 7.999998224136393219e+02 1.722178818565895426e+02
1.020000000000001350e+01 7.999998224136393219e+02 1.722178818565895426e+02
1.035000000000001386e+01 7.999998224136393219e+02 1.722178818565895426e+02
1.050000000000001421e+01 7.999998224136393219e+02 1.722178818565895426e+02
1.065000000000001457e+01 7.999998224136393219e+02 1.722178818565895426e+02
1.080000000000001492e+01 7.999998224136393219e+02 1.722178818565895426e+02
1.095000000000001528e+01 7.999998224136393219e+02 1.722178818565895426e+02
1.110000000000001563e+01 7.999998224136393219e+02 1.722178818565895426e+02
1.125000000000001599e+01 7.999998224136393219e+02 1.722178818565895426e+02
1.140000000000001634e+01 7.999998224136393219e+02 1.722178818565895426e+02
1.155000000000001670e+01 7.999998224136393219e+02 1.722178818565895426e+02
1.170000000000001705e+01 7.999998224136393219e+02 1.722178818565895426e+02
1.185000000000001741e+01 7.999998224136393219e+02 1.722178818565895426e+02
1.200000000000001776e+01 7.999998224136393219e+02 1.722178818565895426e+02
1.215000000000001812e+01 7.999998224136393219e+02 1.722178818565895426e+02
1.230000000000001847e+01 7.999998224136393219e+02 1.722178818565895426e+02
1.245000000000001883e+01 7.999998224136393219e+02 1.722178818565895426e+02
1.260000000000001918e+01 7.999998224136393219e+02 1.722178818565895426e+02
1.275000000000001954e+01 7.999998224136393219e+02 1.722178818565895426e+02
1.290000000000001990e+01 7.999998224136393219e+02 1.722178818565895426e+02
1.305000000000002025e+01 7.999992403655002136e+02 1.722270776524154883e+02
1.320000000000002061e+01 7.999992403655002136e+02 1.722270776524154883e+02
1.335000000000002096e+01 7.999992403655002136e+02 1.722270776524154883e+02
1.350000000000002132e+01 7.999992403655002136e+02 1.722270776524154883e+02
1.365000000000002167e+01 7.999992403655002136e+02 1.722270776524154883e+02
1.380000000000002203e+01 7.999992403655002136e+02 1.722270776524154883e+02
1.395000000000002238e+01 7.999992403655002136e+02 1.722270776524154883e+02
1.410000000000002274e+01 7.999992403655002136e+02 1.722270776524154883e+02
1.425000000000002309e+01 7.999992403655002136e+02 1.722270776524154883e+02
1.440000000000002345e+01 7.999992403655002136e+02 1.722270776524154883e+02
1.455000000000002380e+01 7.999992403655002136e+02 1.722270776524154883e+02
1.470000000000002416e+01 7.999992403655002136e+02 1.722270776524154883e+02
1.485000000000002451e+01 7.999992403655002136e+02 1.722270776524154883e+02
1.500000000000002487e+01 7.999992403655002136e+02 1.722270776524154883e+02
1.515000000000002522e+01 7.999992403655002136e+02 1.722270776524154883e+02
1.530000000000002558e+01 7.999992403655002136e+02 1.722270776524154883e+02
1.545000000000002593e+01 7.999992403655002136e+02 1.722270776524154883e+02
1.560000000000002629e+01 7.999992403655002136e+02 1.722270776524154883e+02
1.575000000000002665e+01 7.999992403655002136e+02 1.722270776524154883e+02
1.590000000000002700e+01 7.999992403655002136e+02 1.722270776524154883e+02
