1.499999999999999944e-01 7.999999990880755831e+02 6.755796400535109569e+01
2.999999999999999889e-01 7.999999990880755831e+02 6.755796400535109569e+01
4.499999999999999556e-01 7.999999990880755831e+02 6.755796400535109569e+01
5.999999999999999778e-01 7.999999990880755831e+02 6.755796400535109569e+01
7.500000000000000000e-01 7.999999990880755831e+02 6.755796400535109569e+01
9.000000000000000222e-01 7.999999990880755831e+02 6.755796400535109569e+01
1.050000000000000044e+00 7.999999990880755831e+02 6.755796400535109569e+01
1.199999999999999956e+00 7.999999990880755831e+02 6.755796400535109569e+01
1.349999999999999867e+00 7.999999990880755831e+02 6.755796400535109569e+01
1.499999999999999778e+00 7.999999990880755831e+02 6.755796400535109569e+01
1.649999999999999689e+00 7.999999990880755831e+02 6.755796400535109569e+01
1.799999999999999600e+00 7.999999990880755831e+02 6.755796400535109569e+01
1.949999999999999512e+00 7.999999990880755831e+02 6.755796400535109569e+01
2.099999999999999645e+00 7.999999999063851419e+02 6.763042973170028915e+01
2.249999999999999556e+00 7.999999999063851419e+02 6.763042973170028915e+01
2.399999999999999467e+00 7.999999999063851419e+02 6.763042973170028915e+01
2.549999999999999378e+00 7.999999999063851419e+02 6.763042973170028915e+01
2.699999999999999289e+00 7.999999999063851419e+02 6.763042973170028915e+01
2.849999999999999201e+00 7.999999999063851419e+02 6.763042973170028915e+01
2.999999999999999112e+00 7.999999999063851419e+02 6.763042973170028915e+01
3.149999999999999023e+00 7.999999999063851419e+02 6.763042973170028915e+01
3.299999999999998934e+00 7.999999999063851419e+02 6.763042973170028915e+01
3.449999999999998845e+00 7.999999999063851419e+02 6.763042973170028915e+01
3.599999999999998757e+00 7.999999999063851419e+02 6.763042973170028915e+01
3.749999999999998668e+00 7.999999999063851419e+02 6.763042973170028915e+01
3.899999999999998579e+00 7.999999999063851419e+02 6.763042973170028915e+01
4.049999999999998934e+00 5.172924141393169748e+02 6.800794320562435757e+01
4.199999999999999289e+00 4.840768872714683084e+02 6.960509062178380191e+01
4.349999999999999645e+00 4.444899525178052500e+02 7.261154518503300892e+01
4.500000000000000000e+00 4.384479531249152160e+02 7.567721125524452930e+01
4.650000000000000355e+00 4.364975841518725019e+02 7.881120667983338990e+01
4.800000000000000711e+00 4.360643928029576273e+02 8.190197600629085173e+01
4.950000000000001066e+00 4.359668773302032605e+02 8.494368262700190542e+01
5.100000000000001421e+00 4.359604778169785391e+02 8.793052267329743188e+01
5.250000000000001776e+00 4.359763817632273799e+02 9.086167061646435172e+01
5.400000000000002132e+00 4.359976721211894528e+02 9.373683357688516082e+01
5.550000000000002487e+00 4.360199158819624472e+02 9.655609355998848287e+01
5.700000000000002842e+00 4.360419572729329047e+02 9.931970553377814781e+01
5.850000000000003197e+00 4.360634737741345930e+02 1.020280593349556000e+02
6.000000000000003553e+00 4.360843613765614464e+02 1.046816637820572709e+02
6.150000000000003908e+00 4.361045766015687377e+02 1.072811387554482678e+02
6.300000000000004263e+00 4.361240958573500279e+02 1.098272009192583596e+02
6.450000000000004619e+00 4.361429045034548153e+02 1.123206580924180287e+02
6.600000000000004974e+00 4.361609938894782204e+02 1.147624037299963504e+02
6.750000000000005329e+00 4.361783601782184405e+02 1.171534043178959905e+02
6.900000000000005684e+00 4.361950035221666440e+02 1.194946947016983074e+02
7.050000000000006040e+00 4.362109276905949287e+02 1.217873735047296009e+02
7.200000000000006395e+00 4.362261396033773053e+02 1.240325919323952348e+02
7.350000000000006750e+00 4.362406487625319755e+02 1.262315501237642508e+02
7.500000000000007105e+00 4.362544669905515207e+02 1.283854936044004660e+02
7.650000000000007461e+00 4.362676080971105534e+02 1.304957035861786494e+02
7.800000000000007816e+00 4.362800875709390311e+02 1.325634943643925112e+02
7.950000000000008171e+00 4.362919229992660348e+02 1.345902107895062159e+02
8.100000000000008527e+00 4.363031362206802442e+02 1.365772200068540769e+02
8.250000000000008882e+00 4.363137625722742428e+02 1.385259097447302850e+02
8.400000000000009237e+00 4.363238885705753205e+02 1.404376863717884021e+02
8.550000000000009592e+00 4.363338012446439507e+02 1.423139668691765962e+02
8.700000000000009948e+00 4.363445722433950209e+02 1.441561722968160097e+02
8.850000000000010303e+00 4.363604061089202446e+02 1.459657130900415041e+02
9.000000000000010658e+00 4.363974950805372828e+02 1.477438772232149518e+02
9.150000000000011013e+00 4.365225198078267113e+02 1.494917410496598791e+02
9.300000000000011369e+00 4.369729707980114313e+02 1.512078811701185259e+02
9.450000000000011724e+00 4.389130081185139147e+02 1.528908282851712954e+02
9.600000000000012079e+00 4.448745366501067338e+02 1.544863910976405350e+02
9.750000000000012434e+00 4.842175989704643371e+02 1.560001738928561679e+02
9.900000000000012790e+00 5.172962890711927457e+02 1.567818659229225489e+02
1.005000000000001315e+01 7.999999999075679398e+02 1.569563467352124917e+02
1.020000000000001350e+01 7.999999999075679398e+02 1.569563467352124917e+02
1.035000000000001386e+01 7.999999999075679398e+02 1.569563467352124917e+02
1.050000000000001421e+01 7.999999999075679398e+02 1.569563467352124917e+02
1.065000000000001457e+01 7.999999999075679398e+02 1.569563467352124917e+02
1.080000000000001492e+01 7.999999999075679398e+02 1.569563467352124917e+02
1.095000000000001528e+01 7.999999999075679398e+02 1.569563467352124917e+02
1.110000000000001563e+01 7.999999999075679398e+02 1.569563467352124917e+02
1.125000000000001599e+01 7.999999999075679398e+02 1.569563467352124917e+02
1.140000000000001634e+01 7.999999999075679398e+02 1.569563467352124917e+02
1.155000000000001670e+01 7.999999999075679398e+02 1.569563467352124917e+02
1.170000000000001705e+01 7.999999999075679398e+02 1.569563467352124917e+02
1.185000000000001741e+01 7.999999999075679398e+02 1.569563467352124917e+02
1.200000000000001776e+01 7.999999999075679398e+02 1.569563467352124917e+02
1.215000000000001812e+01 7.999999999075679398e+02 1.569563467352124917e+02
1.230000000000001847e+01 7.999999999075679398e+02 1.569563467352124917e+02
1.245000000000001883e+01 7.999999999075679398e+02 1.569563467352124917e+02
1.260000000000001918e+01 7.999999999075679398e+02 1.569563467352124917e+02
1.275000000000001954e+01 7.999999999075679398e+02 1.569563467352124917e+02
1.290000000000001990e+01 7.999999999075679398e+02 1.569563467352124917e+02
1.305000000000002025e+01 7.999999990992325820e+02 1.569907447345615310e+02
1.320000000000002061e+01 7.999999990992325820e+02 1.569907447345615310e+02
1.335000000000002096e+01 7.999999990992325820e+02 1.569907447345615310e+02
1.350000000000002132e+01 7.999999990992325820e+02 1.569907447345615310e+02
1.365000000000002167e+01 7.999999990992325820e+02 1.569907447345615310e+02
1.380000000000002203e+01 7.999999990992325820e+02 1.569907447345615310e+02
1.395000000000002238e+01 7.999999990992325820e+02 1.569907447345615310e+02
1.410000000000002274e+01 7.999999990992325820e+02 1.569907447345615310e+02
1.425000000000002309e+01 7.999999990992325820e+02 1.569907447345615310e+02
1.440000000000002345e+01 7.999999990992325820e+02 1.569907447345615310e+02
1.455000000000002380e+01 7.999999990992325820e+02 1.569907447345615310e+02
1.470000000000002416e+01 7.999999990992325820e+02 1.569907447345615310e+02
1.485000000000002451e+01 7.999999990992325820e+02 1.569907447345615310e+02
1.500000000000002487e+01 7.999999990992325820e+02 1.569907447345615310e+02
1.515000000000002522e+01 7.999999990992325820e+02 1.569907447345615310e+02
1.530000000000002558e+01 7.999999990992325820e+02 1.569907447345615310e+02
1.545000000000002593e+01 7.999999990992325820e+02 1.569907447345615310e+02
1.560000000000002629e+01 7.999999990992325820e+02 1.569907447345615310e+02
1.575000000000002665e+01 7.999999990992325820e+02 1.569907447345615310e+02
1.590000000000002700e+01 7.999999990992325820e+02 1.569907447345615310e+02
