1.499999999999999944e-01 7.999997768245509633e+02 1.799992851029919052e+02
2.999999999999999889e-01 7.999997768245509633e+02 1.799992851029919052e+02
4.499999999999999556e-01 7.999997768245509633e+02 1.799992851029919052e+02
5.999999999999999778e-01 7.999997768245509633e+02 1.799992851029919052e+02
7.500000000000000000e-01 7.999997768245509633e+02 1.799992851029919052e+02
9.000000000000000222e-01 7.999997768245509633e+02 1.799992851029919052e+02
1.050000000000000044e+00 7.999997768245509633e+02 1.799992851029919052e+02
1.199999999999999956e+00 7.999997768245509633e+02 1.799992851029919052e+02
1.349999999999999867e+00 7.999997768245509633e+02 1.799992851029919052e+02
1.499999999999999778e+00 7.999997768245509633e+02 1.799992851029919052e+02
1.649999999999999689e+00 7.999997768245509633e+02 1.799992851029919052e+02
1.799999999999999600e+00 7.999997768245509633e+02 1.799992851029919052e+02
1.949999999999999512e+00 7.999997768245509633e+02 1.799992851029919052e+02
2.099999999999999645e+00 7.999999554424816779e+02 1.799992858914252167e+02
2.249999999999999556e+00 7.999999554424816779e+02 1.799992858914252167e+02
2.399999999999999467e+00 7.999999554424816779e+02 1.799992858914252167e+02
2.549999999999999378e+00 7.999999554424816779e+02 1.799992858914252167e+02
2.699999999999999289e+00 7.999999554424816779e+02 1.799992858914252167e+02
2.849999999999999201e+00 7.999999554424816779e+02 1.799992858914252167e+02
2.999999999999999112e+00 7.999999554424816779e+02 1.799992858914252167e+02
3.149999999999999023e+00 7.999999554424816779e+02 1.799992858914252167e+02
3.299999999999998934e+00 7.999999554424816779e+02 1.799992858914252167e+02
3.449999999999998845e+00 7.999999554424816779e+02 1.799992858914252167e+02
3.599999999999998757e+00 7.999999554424816779e+02 1.799992858914252167e+02
3.749999999999998668e+00 7.999999554424816779e+02 1.799992858914252167e+02
3.899999999999998579e+00 7.999999554424816779e+02 1.799992858914252167e+02
4.049999999999998934e+00 5.103617826550947711e+02 1.799992880695064059e+02
4.199999999999999289e+00 4.264082765354846742e+02 1.799992969262542033e+02
4.349999999999999645e+00 3.359466122338022274e+02 1.799993194453282399e+02
4.500000000000000000e+00 3.057284077151130646e+02 1.799993471529281805e+02
4.650000000000000355e+00 2.901403076348067316e+02 1.799993775819204700e+02
4.800000000000000711e+00 2.827111023605043556e+02 1.799994096818363971e+02
4.950000000000001066e+00 2.789862283434799224e+02 1.799994414279953219e+02
5.100000000000001421e+00 2.771192535952028493e+02 1.799994714454714995e+02
5.250000000000001776e+00 2.761766780723712600e+02 1.799995009963905375e+02
5.400000000000002132e+00 2.757000674703618870e+02 1.799995292132603879e+02
5.550000000000002487e+00 2.754587375601665826e+02 1.799995554753739384e+02
5.700000000000002842e+00 2.753364767379592877e+02 1.799995810996229011e+02
5.850000000000003197e+00 2.752745188923826731e+02 1.799996054845196909e+02
6.000000000000003553e+00 2.752431173287612296e+02 1.799996281742150757e+02
6.150000000000003908e+00 2.752272036296512852e+02 1.799996503029845769e+02
6.300000000000004263e+00 2.752191435594031645e+02 1.799996713830660724e+02
6.450000000000004619e+00 2.752150710140458045e+02 1.799996910449550285e+02
6.600000000000004974e+00 2.752130326896584620e+02 1.799997102379447540e+02
6.750000000000005329e+00 2.752120509847829339e+02 1.799997285595766243e+02
6.900000000000005684e+00 2.752116550718833423e+02 1.799997457093395781e+02
7.050000000000006040e+00 2.752116550718905046e+02 1.799997624731146004e+02
7.200000000000006395e+00 2.752120509848041365e+02 1.799997785212974577e+02
7.350000000000006750e+00 2.752130326896940460e+02 1.799997936135039254e+02
7.500000000000007105e+00 2.752150710140971910e+02 1.799998083926273864e+02
7.650000000000007461e+00 2.752191435594718314e+02 1.799998225928466411e+02
7.800000000000007816e+00 2.752272036297410409e+02 1.799998360271981994e+02
7.950000000000008171e+00 2.752431173288776449e+02 1.799998492122313678e+02
8.100000000000008527e+00 2.752745188925370030e+02 1.799998619380334333e+02
8.250000000000008882e+00 2.753364767381730758e+02 1.799998740645590374e+02
8.400000000000009237e+00 2.754587375604799604e+02 1.799998859928922741e+02
8.550000000000009592e+00 2.757000674708538099e+02 1.799998975578960483e+02
8.700000000000009948e+00 2.761766780731977633e+02 1.799999086519160016e+02
8.850000000000010303e+00 2.771192535966725359e+02 1.799999195509861636e+02
9.000000000000010658e+00 2.789862283462073265e+02 1.799999300908677924e+02
9.150000000000011013e+00 2.827111023657547548e+02 1.799999401201653484e+02
9.300000000000011369e+00 2.901403076450900471e+02 1.799999496557098269e+02
9.450000000000011724e+00 3.057284077368635167e+02 1.799999583304229134e+02
9.600000000000012079e+00 3.359466122753415789e+02 1.799999654514351164e+02
9.750000000000012434e+00 4.264082766762294909e+02 1.799999708535257810e+02
9.900000000000012790e+00 5.103617827555122517e+02 1.799999730413304064e+02
1.005000000000001315e+01 7.999999570926614751e+02 1.799999734671964120e+02
1.020000000000001350e+01 7.999999570926614751e+02 1.799999734671964120e+02
1.035000000000001386e+01 7.999999570926614751e+02 1.799999734671964120e+02
1.050000000000001421e+01 7.999999570926614751e+02 1.799999734671964120e+02
1.065000000000001457e+01 7.999999570926614751e+02 1.799999734671964120e+02
1.080000000000001492e+01 7.999999570926614751e+02 1.799999734671964120e+02
1.095000000000001528e+01 7.999999570926614751e+02 1.799999734671964120e+02
1.110000000000001563e+01 7.999999570926614751e+02 1.799999734671964120e+02
1.125000000000001599e+01 7.999999570926614751e+02 1.799999734671964120e+02
1.140000000000001634e+01 7.999999570926614751e+02 1.799999734671964120e+02
1.155000000000001670e+01 7.999999570926614751e+02 1.799999734671964120e+02
1.170000000000001705e+01 7.999999570926614751e+02 1.799999734671964120e+02
1.185000000000001741e+01 7.999999570926614751e+02 1.799999734671964120e+02
1.200000000000001776e+01 7.999999570926614751e+02 1.799999734671964120e+02
1.215000000000001812e+01 7.999999570926614751e+02 1.799999734671964120e+02
1.230000000000001847e+01 7.999999570926614751e+02 1.799999734671964120e+02
1.245000000000001883e+01 7.999999570926614751e+02 1.799999734671964120e+02
1.260000000000001918e+01 7.999999570926614751e+02 1.799999734671964120e+02
1.275000000000001954e+01 7.999999570926614751e+02 1.799999734671964120e+02
1.290000000000001990e+01 7.999999570926614751e+02 1.799999734671964120e+02
1.305000000000002025e+01 7.999997850898139404e+02 1.799999735717367173e+02
1.320000000000002061e+01 7.999997850898139404e+02 1.799999735717367173e+02
1.335000000000002096e+01 7.999997850898139404e+02 1.799999735717367173e+02
1.350000000000002132e+01 7.999997850898139404e+02 1.799999735717367173e+02
1.365000000000002167e+01 7.999997850898139404e+02 1.799999735717367173e+02
1.380000000000002203e+01 7.999997850898139404e+02 1.799999735717367173e+02
1.395000000000002238e+01 7.999997850898139404e+02 1.799999735717367173e+02
1.410000000000002274e+01 7.999997850898139404e+02 1.799999735717367173e+02
1.425000000000002309e+01 7.999997850898139404e+02 1.799999735717367173e+02
1.440000000000002345e+01 7.999997850898139404e+02 1.799999735717367173e+02
1.455000000000002380e+01 7.999997850898139404e+02 1.799999735717367173e+02
1.470000000000002416e+01 7.999997850898139404e+02 1.799999735717367173e+02
1.485000000000002451e+01 7.999997850898139404e+02 1.799999735717367173e+02
1.500000000000002487e+01 7.999997850898139404e+02 1.799999735717367173e+02
1.515000000000002522e+01 7.999997850898139404e+02 1.799999735717367173e+02
1.530000000000002558e+01 7.999997850898139404e+02 1.799999735717367173e+02
1.545000000000002593e+01 7.999997850898139404e+02 1.799999735717367173e+02
1.560000000000002629e+01 7.999997850898139404e+02 1.799999735717367173e+02
1.575000000000002665e+01 7.999997850898139404e+02 1.799999735717367173e+02
1.590000000000002700e+01 7.999997850898139404e+02 1.799999735717367173e+02
