1.499999999999999944e-01 7.994443852220509825e+02 1.799994703001634946e+02
2.999999999999999889e-01 7.994443852220509825e+02 1.799994703001634946e+02
4.499999999999999556e-01 7.994443852220509825e+02 1.799994703001634946e+02
5.999999999999999778e-01 7.994443852220509825e+02 1.799994703001634946e+02
7.500000000000000000e-01 7.994443852220509825e+02 1.799994703001634946e+02
9.000000000000000222e-01 7.994443852220509825e+02 1.799994703001634946e+02
1.050000000000000044e+00 7.994443852220509825e+02 1.799994703001634946e+02
1.199999999999999956e+00 7.994443852220509825e+02 1.799994703001634946e+02
1.349999999999999867e+00 7.994443852220509825e+02 1.799994703001634946e+02
1.499999999999999778e+00 7.994443852220509825e+02 1.799994703001634946e+02
1.649999999999999689e+00 7.994443852220509825e+02 1.799994703001634946e+02
1.799999999999999600e+00 7.994443852220509825e+02 1.799994703001634946e+02
1.949999999999999512e+00 7.994443852220509825e+02 1.799994703001634946e+02
2.099999999999999645e+00 7.996930479576964217e+02 1.799994707559289111e+02
2.249999999999999556e+00 7.996930479576964217e+02 1.799994707559289111e+02
2.399999999999999467e+00 7.996930479576964217e+02 1.799994707559289111e+02
2.549999999999999378e+00 7.996930479576964217e+02 1.799994707559289111e+02
2.699999999999999289e+00 7.996930479576964217e+02 1.799994707559289111e+02
2.849999999999999201e+00 7.996930479576964217e+02 1.799994707559289111e+02
2.999999999999999112e+00 7.996930479576964217e+02 1.799994707559289111e+02
3.149999999999999023e+00 7.996930479576964217e+02 1.799994707559289111e+02
3.299999999999998934e+00 7.996930479576964217e+02 1.799994707559289111e+02
3.449999999999998845e+00 7.996930479576964217e+02 1.799994707559289111e+02
3.599999999999998757e+00 7.996930479576964217e+02 1.799994707559289111e+02
3.749999999999998668e+00 7.996930479576964217e+02 1.799994707559289111e+02
3.899999999999998579e+00 7.996930479576964217e+02 1.799994707559289111e+02
4.049999999999998934e+00 4.245996624544650899e+02 1.799994711399788514e+02
4.199999999999999289e+00 1.922322320125745989e+02 1.799994716118677331e+02
4.349999999999999645e+00 5.949187341989157574e+01 1.799994770864896907e+02
4.500000000000000000e+00 2.162553491967358710e+01 1.799994913437293746e+02
4.650000000000000355e+00 7.847790157312708459e+00 1.799995298046551397e+02
4.800000000000000711e+00 3.281538648236235645e+00 1.799996160204672719e+02
4.950000000000001066e+00 1.716445890322432888e+00 1.799997511772868677e+02
5.100000000000001421e+00 1.186784910429025786e+00 1.799998774486926436e+02
5.250000000000001776e+00 1.006675225174774368e+00 1.799999509439244321e+02
5.400000000000002132e+00 9.455400376863281053e-01 1.799999822594342618e+02
5.550000000000002487e+00 9.247745769677067074e-01 1.799999938279341052e+02
5.700000000000002842e+00 9.177230975495831444e-01 1.799999978875842714e+02
5.850000000000003197e+00 9.153283428499321417e-01 1.799999992806680211e+02
6.000000000000003553e+00 9.145150895137703628e-01 1.799999997550070816e+02
6.150000000000003908e+00 9.142389071981824600e-01 1.799999999167658018e+02
6.300000000000004263e+00 9.141451171723247171e-01 1.799999999717274477e+02
6.450000000000004619e+00 9.141132709351040830e-01 1.799999999903789103e+02
6.600000000000004974e+00 9.141024706156599677e-01 1.799999999967322992e+02
6.750000000000005329e+00 9.140988459735694960e-01 1.799999999988900186e+02
6.900000000000005684e+00 9.140977424021912157e-01 1.799999999996224460e+02
7.050000000000006040e+00 9.140977423431877469e-01 1.799999999998717044e+02
7.200000000000006395e+00 9.140988460030712304e-01 1.799999999999564295e+02
7.350000000000006750e+00 9.141024705861582333e-01 1.799999999999851070e+02
7.500000000000007105e+00 9.141132710236092862e-01 1.799999999999949978e+02
7.650000000000007461e+00 9.141451173493351234e-01 1.799999999999981810e+02
7.800000000000007816e+00 9.142389078472206165e-01 1.799999999999994031e+02
7.950000000000008171e+00 9.145150914608848325e-01 1.799999999999998863e+02
8.100000000000008527e+00 9.153283485732686131e-01 1.800000000000000000e+02
8.250000000000008882e+00 9.177231146015856211e-01 -1.799999999999999716e+02
8.400000000000009237e+00 9.247746271206551683e-01 1.800000000000000000e+02
8.550000000000009592e+00 9.455401853130069867e-01 1.800000000000000000e+02
8.700000000000009948e+00 1.006675659735321915e+00 1.799999999999994600e+02
8.850000000000010303e+00 1.186786190804298258e+00 1.799999999999986642e+02
9.000000000000010658e+00 1.716449654183207940e+00 1.799999999999970441e+02
9.150000000000011013e+00 3.281549780789461579e+00 1.799999999999956231e+02
9.300000000000011369e+00 7.847822554022791053e+00 1.799999999999945715e+02
9.450000000000011724e+00 2.162563333095160800e+01 1.799999999999942020e+02
9.600000000000012079e+00 5.949213868087898049e+01 1.799999999999941167e+02
9.750000000000012434e+00 1.922332064484420471e+02 1.799999999999940883e+02
9.900000000000012790e+00 4.246011252572496346e+02 1.799999999999940599e+02
1.005000000000001315e+01 7.996991681503606060e+02 1.799999999999940599e+02
1.020000000000001350e+01 7.996991681503606060e+02 1.799999999999940599e+02
1.035000000000001386e+01 7.996991681503606060e+02 1.799999999999940599e+02
1.050000000000001421e+01 7.996991681503606060e+02 1.799999999999940599e+02
1.065000000000001457e+01 7.996991681503606060e+02 1.799999999999940599e+02
1.080000000000001492e+01 7.996991681503606060e+02 1.799999999999940599e+02
1.095000000000001528e+01 7.996991681503606060e+02 1.799999999999940599e+02
1.110000000000001563e+01 7.996991681503606060e+02 1.799999999999940599e+02
1.125000000000001599e+01 7.996991681503606060e+02 1.799999999999940599e+02
1.140000000000001634e+01 7.996991681503606060e+02 1.799999999999940599e+02
1.155000000000001670e+01 7.996991681503606060e+02 1.799999999999940599e+02
1.170000000000001705e+01 7.996991681503606060e+02 1.799999999999940599e+02
1.185000000000001741e+01 7.996991681503606060e+02 1.799999999999940599e+02
1.200000000000001776e+01 7.996991681503606060e+02 1.799999999999940599e+02
1.215000000000001812e+01 7.996991681503606060e+02 1.799999999999940599e+02
1.230000000000001847e+01 7.996991681503606060e+02 1.799999999999940599e+02
1.245000000000001883e+01 7.996991681503606060e+02 1.799999999999940599e+02
1.260000000000001918e+01 7.996991681503606060e+02 1.799999999999940599e+02
1.275000000000001954e+01 7.996991681503606060e+02 1.799999999999940599e+02
1.290000000000001990e+01 7.996991681503606060e+02 1.799999999999940599e+02
1.305000000000002025e+01 7.994554637687759850e+02 1.799999999999940314e+02
1.320000000000002061e+01 7.994554637687759850e+02 1.799999999999940314e+02
1.335000000000002096e+01 7.994554637687759850e+02 1.799999999999940314e+02
1.350000000000002132e+01 7.994554637687759850e+02 1.799999999999940314e+02
1.365000000000002167e+01 7.994554637687759850e+02 1.799999999999940314e+02
1.380000000000002203e+01 7.994554637687759850e+02 1.799999999999940314e+02
1.395000000000002238e+01 7.994554637687759850e+02 1.799999999999940314e+02
1.410000000000002274e+01 7.994554637687759850e+02 1.799999999999940314e+02
1.425000000000002309e+01 7.994554637687759850e+02 1.799999999999940314e+02
1.440000000000002345e+01 7.994554637687759850e+02 1.799999999999940314e+02
1.455000000000002380e+01 7.994554637687759850e+02 1.799999999999940314e+02
1.470000000000002416e+01 7.994554637687759850e+02 1.799999999999940314e+02
1.485000000000002451e+01 7.994554637687759850e+02 1.799999999999940314e+02
1.500000000000002487e+01 7.994554637687759850e+02 1.799999999999940314e+02
1.515000000000002522e+01 7.994554637687759850e+02 1.799999999999940314e+02
1.530000000000002558e+01 7.994554637687759850e+02 1.799999999999940314e+02
1.545000000000002593e+01 7.994554637687759850e+02 1.799999999999940314e+02
1.560000000000002629e+01 7.994554637687759850e+02 1.799999999999940314e+02
1.575000000000002665e+01 7.994554637687759850e+02 1.799999999999940314e+02
1.590000000000002700e+01 7.994554637687759850e+02 1.799999999999940314e+02
