1.499999999999999944e-01 7.999965019620751718e+02 1.798892406676463906e+02
2.999999999999999889e-01 7.999965019620751718e+02 1.798892406676463906e+02
4.499999999999999556e-01 7.999965019620751718e+02 1.798892406676463906e+02
5.999999999999999778e-01 7.999965019620751718e+02 1.798892406676463906e+02
7.500000000000000000e-01 7.999965019620751718e+02 1.798892406676463906e+02
9.000000000000000222e-01 7.999965019620751718e+02 1.798892406676463906e+02
1.050000000000000044e+00 7.999965019620751718e+02 1.798892406676463906e+02
1.199999999999999956e+00 7.999965019620751718e+02 1.798892406676463906e+02
1.349999999999999867e+00 7.999965019620751718e+02 1.798892406676463906e+02
1.499999999999999778e+00 7.999965019620751718e+02 1.798892406676463906e+02
1.649999999999999689e+00 7.999965019620751718e+02 1.798892406676463906e+02
1.799999999999999600e+00 7.999965019620751718e+02 1.798892406676463906e+02
1.949999999999999512e+00 7.999965019620751718e+02 1.798892406676463906e+02
2.099999999999999645e+00 7.999990030259962168e+02 1.798892702999262667e+02
2.249999999999999556e+00 7.999990030259962168e+02 1.798892702999262667e+02
2.399999999999999467e+00 7.999990030259962168e+02 1.798892702999262667e+02
2.549999999999999378e+00 7.999990030259962168e+02 1.798892702999262667e+02
2.699999999999999289e+00 7.999990030259962168e+02 1.798892702999262667e+02
2.849999999999999201e+00 7.999990030259962168e+02 1.798892702999262667e+02
2.999999999999999112e+00 7.999990030259962168e+02 1.798892702999262667e+02
3.149999999999999023e+00 7.999990030259962168e+02 1.798892702999262667e+02
3.299999999999998934e+00 7.999990030259962168e+02 1.798892702999262667e+02
3.449999999999998845e+00 7.999990030259962168e+02 1.798892702999262667e+02
3.599999999999998757e+00 7.999990030259962168e+02 1.798892702999262667e+02
3.749999999999998668e+00 7.999990030259962168e+02 1.798892702999262667e+02
3.899999999999998579e+00 7.999990030259962168e+02 1.798892702999262667e+02
4.049999999999998934e+00 4.987921235574362413e+02 1.798893866766950396e+02
4.199999999999999289e+00 3.592482467161267436e+02 1.798897370146978290e+02
4.349999999999999645e+00 2.139059906806602100e+02 1.798906871707763173e+02
4.500000000000000000e+00 1.442144296822802971e+02 1.798921371447891318e+02
4.650000000000000355e+00 9.837553336114891067e+01 1.798943362788996296e+02
4.800000000000000711e+00 6.867384229289542930e+01 1.798975123411805441e+02
4.950000000000001066e+00 4.876677319463819771e+01 1.799019003216510555e+02
5.100000000000001421e+00 3.532850265675453016e+01 1.799077007880528356e+02
5.250000000000001776e+00 2.620518277189872691e+01 1.799151153704427202e+02
5.400000000000002132e+00 1.999653480430958297e+01 1.799240687092117525e+02
5.550000000000002487e+00 1.576604683049611921e+01 1.799342224126244503e+02
5.700000000000002842e+00 1.288216579720342381e+01 1.799450218062022202e+02
5.850000000000003197e+00 1.091666782068321950e+01 1.799556888190631980e+02
6.000000000000003553e+00 9.578592187604876074e+00 1.799654952780095130e+02
6.150000000000003908e+00 8.670207734028721802e+00 1.799739613462677141e+02
6.300000000000004263e+00 8.057422461653892753e+00 1.799808605276672324e+02
6.450000000000004619e+00 7.649838538926530873e+00 1.799862252505291451e+02
6.600000000000004974e+00 7.387353895036731899e+00 1.799902560528824722e+02
6.750000000000005329e+00 7.231272580007100714e+00 1.799932001638860015e+02
6.900000000000005684e+00 7.158588356213186898e+00 1.799953064604960673e+02
7.050000000000006040e+00 7.158588520423528223e+00 1.799967938226124886e+02
7.200000000000006395e+00 7.231273091393852326e+00 1.799978318813769818e+02
7.350000000000006750e+00 7.387354809907641595e+00 1.799985498595550837e+02
7.500000000000007105e+00 7.649839950680402012e+00 1.799990434432328072e+02
7.650000000000007461e+00 8.057424497041239420e+00 1.799993796843397149e+02
7.800000000000007816e+00 8.670210542394698905e+00 1.799996061575345152e+02
7.950000000000008171e+00 9.578595919327199226e+00 1.799997565417760939e+02
8.100000000000008527e+00 1.091667259456906081e+01 1.799998541372328873e+02
8.250000000000008882e+00 1.288217166244876921e+01 1.799999155918532381e+02
8.400000000000009237e+00 1.576605373626579265e+01 1.799999529308028912e+02
8.550000000000009592e+00 1.999654258954439712e+01 1.799999746804484744e+02
8.700000000000009948e+00 2.620519117556457189e+01 1.799999868155972536e+02
8.850000000000010303e+00 3.532851134222185863e+01 1.799999933223635935e+02
9.000000000000010658e+00 4.876678177834990180e+01 1.799999966834816121e+02
9.150000000000011013e+00 6.867385037190759078e+01 1.799999983640281584e+02
9.300000000000011369e+00 9.837554055050769364e+01 1.799999991788692455e+02
9.450000000000011724e+00 1.442144357219191591e+02 1.799999995619690480e+02
9.600000000000012079e+00 2.139059954746373080e+02 1.799999997303114299e+02
9.750000000000012434e+00 3.592482518738540875e+02 1.799999998019181646e+02
9.900000000000012790e+00 4.987921266695175291e+02 1.799999998211895331e+02
1.005000000000001315e+01 7.999990326888946583e+02 1.799999998244289827e+02
1.020000000000001350e+01 7.999990326888946583e+02 1.799999998244289827e+02
1.035000000000001386e+01 7.999990326888946583e+02 1.799999998244289827e+02
1.050000000000001421e+01 7.999990326888946583e+02 1.799999998244289827e+02
1.065000000000001457e+01 7.999990326888946583e+02 1.799999998244289827e+02
1.080000000000001492e+01 7.999990326888946583e+02 1.799999998244289827e+02
1.095000000000001528e+01 7.999990326888946583e+02 1.799999998244289827e+02
1.110000000000001563e+01 7.999990326888946583e+02 1.799999998244289827e+02
1.125000000000001599e+01 7.999990326888946583e+02 1.799999998244289827e+02
1.140000000000001634e+01 7.999990326888946583e+02 1.799999998244289827e+02
1.155000000000001670e+01 7.999990326888946583e+02 1.799999998244289827e+02
1.170000000000001705e+01 7.999990326888946583e+02 1.799999998244289827e+02
1.185000000000001741e+01 7.999990326888946583e+02 1.799999998244289827e+02
1.200000000000001776e+01 7.999990326888946583e+02 1.799999998244289827e+02
1.215000000000001812e+01 7.999990326888946583e+02 1.799999998244289827e+02
1.230000000000001847e+01 7.999990326888946583e+02 1.799999998244289827e+02
1.245000000000001883e+01 7.999990326888946583e+02 1.799999998244289827e+02
1.260000000000001918e+01 7.999990326888946583e+02 1.799999998244289827e+02
1.275000000000001954e+01 7.999990326888946583e+02 1.799999998244289827e+02
1.290000000000001990e+01 7.999990326888946583e+02 1.799999998244289827e+02
1.305000000000002025e+01 7.999966060389521090e+02 1.799999998250654301e+02
1.320000000000002061e+01 7.999966060389521090e+02 1.799999998250654301e+02
1.335000000000002096e+01 7.999966060389521090e+02 1.799999998250654301e+02
1.350000000000002132e+01 7.999966060389521090e+02 1.799999998250654301e+02
1.365000000000002167e+01 7.999966060389521090e+02 1.799999998250654301e+02
1.380000000000002203e+01 7.999966060389521090e+02 1.799999998250654301e+02
1.395000000000002238e+01 7.999966060389521090e+02 1.799999998250654301e+02
1.410000000000002274e+01 7.999966060389521090e+02 1.799999998250654301e+02
1.425000000000002309e+01 7.999966060389521090e+02 1.799999998250654301e+02
1.440000000000002345e+01 7.999966060389521090e+02 1.799999998250654301e+02
1.455000000000002380e+01 7.999966060389521090e+02 1.799999998250654301e+02
1.470000000000002416e+01 7.999966060389521090e+02 1.799999998250654301e+02
1.485000000000002451e+01 7.999966060389521090e+02 1.799999998250654301e+02
1.500000000000002487e+01 7.999966060389521090e+02 1.799999998250654301e+02
1.515000000000002522e+01 7.999966060389521090e+02 1.799999998250654301e+02
1.530000000000002558e+01 7.999966060389521090e+02 1.799999998250654301e+02
1.545000000000002593e+01 7.999966060389521090e+02 1.799999998250654301e+02
1.560000000000002629e+01 7.999966060389521090e+02 1.799999998250654301e+02
1.575000000000002665e+01 7.999966060389521090e+02 1.799999998250654301e+02
1.590000000000002700e+01 7.999966060389521090e+02 1.799999998250654301e+02
