1.499999999999999944e-01 7.999919141323871372e+02 5.283086904637634973e-01
2.999999999999999889e-01 7.999919141323871372e+02 5.283086904637634973e-01
4.499999999999999556e-01 7.999919141323871372e+02 5.283086904637634973e-01
5.999999999999999778e-01 7.999919141323871372e+02 5.283086904637634973e-01
7.500000000000000000e-01 7.999919141323871372e+02 5.283086904637634973e-01
9.000000000000000222e-01 7.999919141323871372e+02 5.283086904637634973e-01
1.050000000000000044e+00 7.999919141323871372e+02 5.283086904637634973e-01
1.199999999999999956e+00 7.999919141323871372e+02 5.283086904637634973e-01
1.349999999999999867e+00 7.999919141323871372e+02 5.283086904637634973e-01
1.499999999999999778e+00 7.999919141323871372e+02 5.283086904637634973e-01
1.649999999999999689e+00 7.999919141323871372e+02 5.283086904637634973e-01
1.799999999999999600e+00 7.999919141323871372e+02 5.283086904637634973e-01
1.949999999999999512e+00 7.999919141323871372e+02 5.283086904637634973e-01
2.099999999999999645e+00 7.999974239837148389e+02 5.283281734819728070e-01
2.249999999999999556e+00 7.999974239837148389e+02 5.283281734819728070e-01
2.399999999999999467e+00 7.999974239837148389e+02 5.283281734819728070e-01
2.549999999999999378e+00 7.999974239837148389e+02 5.283281734819728070e-01
2.699999999999999289e+00 7.999974239837148389e+02 5.283281734819728070e-01
2.849999999999999201e+00 7.999974239837148389e+02 5.283281734819728070e-01
2.999999999999999112e+00 7.999974239837148389e+02 5.283281734819728070e-01
3.149999999999999023e+00 7.999974239837148389e+02 5.283281734819728070e-01
3.299999999999998934e+00 7.999974239837148389e+02 5.283281734819728070e-01
3.449999999999998845e+00 7.999974239837148389e+02 5.283281734819728070e-01
3.599999999999998757e+00 7.999974239837148389e+02 5.283281734819728070e-01
3.749999999999998668e+00 7.999974239837148389e+02 5.283281734819728070e-01
3.899999999999998579e+00 7.999974239837148389e+02 5.283281734819728070e-01
4.049999999999998934e+00 4.926847921704666078e+02 5.288226134298903425e-01
4.199999999999999289e+00 3.326264208810896434e+02 5.303662300365394877e-01
4.349999999999999645e+00 1.758433575173988288e+02 5.341060345932316933e-01
4.500000000000000000e+00 1.032590878871748572e+02 5.404415393490779040e-01
4.650000000000000355e+00 5.939436873268168426e+01 5.521210579315271039e-01
4.800000000000000711e+00 3.391806560729204278e+01 5.727605528770660648e-01
4.950000000000001066e+00 1.881842048873369677e+01 6.114549867606262623e-01
5.100000000000001421e+00 9.882567087136450823e+00 6.902436028103302590e-01
5.250000000000001776e+00 4.586548344011561085e+00 8.815041508348574473e-01
5.400000000000002132e+00 1.448085500383712088e+00 1.655035725134654578e+00
5.550000000000002487e+00 4.134336491611065867e-01 1.765617479603676259e+02
5.700000000000002842e+00 1.515271866570969905e+00 1.794442975734593233e+02
5.850000000000003197e+00 2.168721875540256860e+00 1.797698750247948567e+02
6.000000000000003553e+00 2.556167292687490544e+00 1.798842519733885581e+02
6.150000000000003908e+00 2.786058933102040669e+00 1.799370566015260522e+02
6.300000000000004263e+00 2.922761021387827896e+00 1.799644381539680182e+02
6.450000000000004619e+00 3.004549775763351249e+00 1.799794915775417792e+02
6.600000000000004974e+00 3.054326623583392575e+00 1.799880427117113584e+02
6.750000000000005329e+00 3.086029694138346713e+00 1.799929856985929462e+02
6.900000000000005684e+00 3.108536333553914233e+00 1.799958717872233933e+02
7.050000000000006040e+00 3.128148789434092691e+00 1.799975685425905851e+02
7.200000000000006395e+00 3.150358914381257591e+00 1.799985690321644540e+02
7.350000000000006750e+00 3.181385981855157752e+00 1.799991599476353201e+02
7.500000000000007105e+00 3.229918223323309689e+00 1.799995095822275459e+02
7.650000000000007461e+00 3.309545777926857113e+00 1.799997163234049253e+02
7.800000000000007816e+00 3.442566425760531956e+00 1.799998383261733750e+02
7.950000000000008171e+00 3.666230085278428419e+00 1.799999100226395399e+02
8.100000000000008527e+00 4.043171517858141328e+00 1.799999516429900268e+02
8.250000000000008882e+00 4.678955559471233983e+00 1.799999752281751171e+02
8.400000000000009237e+00 5.751655353456477826e+00 1.799999880559526275e+02
8.550000000000009592e+00 7.561785487933875061e+00 1.799999946147391654e+02
8.700000000000009948e+00 1.061661718779257768e+01 1.799999977248114078e+02
8.850000000000010303e+00 1.577333845021538039e+01 1.799999990905039340e+02
9.000000000000010658e+00 2.447994641676490346e+01 1.799999996502713202e+02
9.150000000000011013e+00 3.920875536298927244e+01 1.799999998676827886e+02
9.300000000000011369e+00 6.410284142265513196e+01 1.799999999487448292e+02
9.450000000000011724e+00 1.070935072761545399e+02 1.799999999781343263e+02
9.600000000000012079e+00 1.784874608146078288e+02 1.799999999882395230e+02
9.750000000000012434e+00 3.337636286141540722e+02 1.799999999917029072e+02
9.900000000000012790e+00 4.927907872051740696e+02 1.799999999925001077e+02
1.005000000000001315e+01 7.999974858399700679e+02 1.799999999926253622e+02
1.020000000000001350e+01 7.999974858399700679e+02 1.799999999926253622e+02
1.035000000000001386e+01 7.999974858399700679e+02 1.799999999926253622e+02
1.050000000000001421e+01 7.999974858399700679e+02 1.799999999926253622e+02
1.065000000000001457e+01 7.999974858399700679e+02 1.799999999926253622e+02
1.080000000000001492e+01 7.999974858399700679e+02 1.799999999926253622e+02
1.095000000000001528e+01 7.999974858399700679e+02 1.799999999926253622e+02
1.110000000000001563e+01 7.999974858399700679e+02 1.799999999926253622e+02
1.125000000000001599e+01 7.999974858399700679e+02 1.799999999926253622e+02
1.140000000000001634e+01 7.999974858399700679e+02 1.799999999926253622e+02
1.155000000000001670e+01 7.999974858399700679e+02 1.799999999926253622e+02
1.170000000000001705e+01 7.999974858399700679e+02 1.799999999926253622e+02
1.185000000000001741e+01 7.999974858399700679e+02 1.799999999926253622e+02
1.200000000000001776e+01 7.999974858399700679e+02 1.799999999926253622e+02
1.215000000000001812e+01 7.999974858399700679e+02 1.799999999926253622e+02
1.230000000000001847e+01 7.999974858399700679e+02 1.799999999926253622e+02
1.245000000000001883e+01 7.999974858399700679e+02 1.799999999926253622e+02
1.260000000000001918e+01 7.999974858399700679e+02 1.799999999926253622e+02
1.275000000000001954e+01 7.999974858399700679e+02 1.799999999926253622e+02
1.290000000000001990e+01 7.999974858399700679e+02 1.799999999926253622e+02
1.305000000000002025e+01 7.999921018318974575e+02 1.799999999926494922e+02
1.320000000000002061e+01 7.999921018318974575e+02 1.799999999926494922e+02
1.335000000000002096e+01 7.999921018318974575e+02 1.799999999926494922e+02
1.350000000000002132e+01 7.999921018318974575e+02 1.799999999926494922e+02
1.365000000000002167e+01 7.999921018318974575e+02 1.799999999926494922e+02
1.380000000000002203e+01 7.999921018318974575e+02 1.799999999926494922e+02
1.395000000000002238e+01 7.999921018318974575e+02 1.799999999926494922e+02
1.410000000000002274e+01 7.999921018318974575e+02 1.799999999926494922e+02
1.425000000000002309e+01 7.999921018318974575e+02 1.799999999926494922e+02
1.440000000000002345e+01 7.999921018318974575e+02 1.799999999926494922e+02
1.455000000000002380e+01 7.999921018318974575e+02 1.799999999926494922e+02
1.470000000000002416e+01 7.999921018318974575e+02 1.799999999926494922e+02
1.485000000000002451e+01 7.999921018318974575e+02 1.799999999926494922e+02
1.500000000000002487e+01 7.999921018318974575e+02 1.799999999926494922e+02
1.515000000000002522e+01 7.999921018318974575e+02 1.799999999926494922e+02
1.530000000000002558e+01 7.999921018318974575e+02 1.799999999926494922e+02
1.545000000000002593e+01 7.999921018318974575e+02 1.799999999926494922e+02
1.560000000000002629e+01 7.999921018318974575e+02 1.799999999926494922e+02
1.575000000000002665e+01 7.999921018318974575e+02 1.799999999926494922e+02
1.590000000000002700e+01 7.999921018318974575e+02 1.799999999926494922e+02
