1.499999999999999944e-01 7.999768464304625013e+02 2.306887236791510531e-09
2.999999999999999889e-01 7.999768464304625013e+02 2.306887236791510531e-09
4.499999999999999556e-01 7.999768464304625013e+02 2.306887236791510531e-09
5.999999999999999778e-01 7.999768464304625013e+02 2.306887236791510531e-09
7.500000000000000000e-01 7.999768464304625013e+02 2.306887236791510531e-09
9.000000000000000222e-01 7.999768464304625013e+02 2.306887236791510531e-09
1.050000000000000044e+00 7.999768464304625013e+02 2.306887236791510531e-09
1.199999999999999956e+00 7.999768464304625013e+02 2.306887236791510531e-09
1.349999999999999867e+00 7.999768464304625013e+02 2.306887236791510531e-09
1.499999999999999778e+00 7.999768464304625013e+02 2.306887236791510531e-09
1.649999999999999689e+00 7.999768464304625013e+02 2.306887236791510531e-09
1.799999999999999600e+00 7.999768464304625013e+02 2.306887236791510531e-09
1.949999999999999512e+00 7.999768464304625013e+02 2.306887236791510531e-09
2.099999999999999645e+00 7.999915159460420000e+02 2.312307678664637933e-09
2.249999999999999556e+00 7.999915159460420000e+02 2.312307678664637933e-09
2.399999999999999467e+00 7.999915159460420000e+02 2.312307678664637933e-09
2.549999999999999378e+00 7.999915159460420000e+02 2.312307678664637933e-09
2.699999999999999289e+00 7.999915159460420000e+02 2.312307678664637933e-09
2.849999999999999201e+00 7.999915159460420000e+02 2.312307678664637933e-09
2.999999999999999112e+00 7.999915159460420000e+02 2.312307678664637933e-09
3.149999999999999023e+00 7.999915159460420000e+02 2.312307678664637933e-09
3.299999999999998934e+00 7.999915159460420000e+02 2.312307678664637933e-09
3.449999999999998845e+00 7.999915159460420000e+02 2.312307678664637933e-09
3.599999999999998757e+00 7.999915159460420000e+02 2.312307678664637933e-09
3.749999999999998668e+00 7.999915159460420000e+02 2.312307678664637933e-09
3.899999999999998579e+00 7.999915159460420000e+02 2.312307678664637933e-09
4.049999999999998934e+00 4.825541315313318478e+02 2.342115723585891374e-09
4.199999999999999289e+00 2.991529765700658459e+02 2.544531141346340064e-09
4.349999999999999645e+00 1.389267016035571771e+02 3.619872068760798811e-09
4.500000000000000000e+00 7.193115842144507610e+01 7.726436601629416145e-09
4.650000000000000355e+00 3.637551138491434699e+01 2.395485132478114565e-08
4.800000000000000711e+00 1.854592415939477590e+01 8.642132154346171546e-08
4.950000000000001066e+00 9.434462484023981688e+00 3.278099536263567870e-07
5.100000000000001421e+00 4.798661857162230149e+00 1.259674809239719195e-06
5.250000000000001776e+00 2.436528179613361544e+00 4.864521789937903407e-06
5.400000000000002132e+00 1.233347461350660978e+00 1.885893446884612246e-05
5.550000000000002487e+00 6.204218372439527229e-01 7.359009817275996568e-05
5.700000000000002842e+00 3.081926394490892562e-01 2.907957421341977877e-04
5.850000000000003197e+00 1.491375696136856277e-01 1.179595016104761918e-03
6.000000000000003553e+00 6.810916635186003987e-02 5.070468178225207012e-03
6.150000000000003908e+00 2.682420795463258401e-02 2.527192632612362821e-02
6.300000000000004263e+00 5.777015467174351215e-03 2.303421579762223725e-01
6.450000000000004619e+00 4.976818920113146305e-03 1.794751141549191118e+02
6.600000000000004974e+00 1.051764302974333987e-02 1.795124614895910042e+02
6.750000000000005329e+00 1.346388353340444155e-02 1.792523892835720574e+02
6.900000000000005684e+00 1.520858306321315467e-02 1.787006798240019521e+02
7.050000000000006040e+00 1.657990675448672846e-02 1.776599894613925130e+02
7.200000000000006395e+00 1.823864625475835055e-02 1.758218634208272988e+02
7.350000000000006750e+00 2.100686432459042408e-02 1.728667728295039012e+02
7.500000000000007105e+00 2.628594432644604240e-02 1.687669535937185117e+02
7.650000000000007461e+00 3.673933305071841460e-02 1.641223137393274669e+02
7.800000000000007816e+00 5.751490283364546485e-02 1.599362574248119131e+02
7.950000000000008171e+00 9.859829971719591413e-02 1.568696572459307674e+02
8.100000000000008527e+00 1.794940543306893233e-01 1.549396262352530300e+02
8.250000000000008882e+00 3.384613746793547762e-01 1.538345759317577404e+02
8.400000000000009237e+00 6.506191662402898146e-01 1.532374209765168587e+02
8.550000000000009592e+00 1.263459844144563249e+00 1.529240471275427069e+02
8.700000000000009948e+00 2.466503291397685871e+00 1.527609297894155418e+02
8.850000000000010303e+00 4.828383672955439465e+00 1.526786241989187261e+02
9.000000000000010658e+00 9.463699068724316987e+00 1.526372327658958170e+02
9.150000000000011013e+00 1.857422819146104231e+01 1.526152501054287995e+02
9.300000000000011369e+00 3.640205002594013450e+01 1.526055606741464885e+02
9.450000000000011724e+00 7.195444373312113839e+01 1.526013237503903497e+02
9.600000000000012079e+00 1.389444717144807271e+02 1.525983375349183859e+02
9.750000000000012434e+00 2.991619326889049262e+02 1.525984331322409560e+02
9.900000000000012790e+00 4.825552031731190823e+02 1.525988903013754339e+02
1.005000000000001315e+01 7.999913761588736634e+02 1.525986600565339302e+02
1.020000000000001350e+01 7.999913761588736634e+02 1.525986600565339302e+02
1.035000000000001386e+01 7.999913761588736634e+02 1.525986600565339302e+02
1.050000000000001421e+01 7.999913761588736634e+02 1.525986600565339302e+02
1.065000000000001457e+01 7.999913761588736634e+02 1.525986600565339302e+02
1.080000000000001492e+01 7.999913761588736634e+02 1.525986600565339302e+02
1.095000000000001528e+01 7.999913761588736634e+02 1.525986600565339302e+02
1.110000000000001563e+01 7.999913761588736634e+02 1.525986600565339302e+02
1.125000000000001599e+01 7.999913761588736634e+02 1.525986600565339302e+02
1.140000000000001634e+01 7.999913761588736634e+02 1.525986600565339302e+02
1.155000000000001670e+01 7.999913761588736634e+02 1.525986600565339302e+02
1.170000000000001705e+01 7.999913761588736634e+02 1.525986600565339302e+02
1.185000000000001741e+01 7.999913761588736634e+02 1.525986600565339302e+02
1.200000000000001776e+01 7.999913761588736634e+02 1.525986600565339302e+02
1.215000000000001812e+01 7.999913761588736634e+02 1.525986600565339302e+02
1.230000000000001847e+01 7.999913761588736634e+02 1.525986600565339302e+02
1.245000000000001883e+01 7.999913761588736634e+02 1.525986600565339302e+02
1.260000000000001918e+01 7.999913761588736634e+02 1.525986600565339302e+02
1.275000000000001954e+01 7.999913761588736634e+02 1.525986600565339302e+02
1.290000000000001990e+01 7.999913761588736634e+02 1.525986600565339302e+02
1.305000000000002025e+01 7.999764647924047267e+02 1.525995434713660188e+02
1.320000000000002061e+01 7.999764647924047267e+02 1.525995434713660188e+02
1.335000000000002096e+01 7.999764647924047267e+02 1.525995434713660188e+02
1.350000000000002132e+01 7.999764647924047267e+02 1.525995434713660188e+02
1.365000000000002167e+01 7.999764647924047267e+02 1.525995434713660188e+02
1.380000000000002203e+01 7.999764647924047267e+02 1.525995434713660188e+02
1.395000000000002238e+01 7.999764647924047267e+02 1.525995434713660188e+02
1.410000000000002274e+01 7.999764647924047267e+02 1.525995434713660188e+02
1.425000000000002309e+01 7.999764647924047267e+02 1.525995434713660188e+02
1.440000000000002345e+01 7.999764647924047267e+02 1.525995434713660188e+02
1.455000000000002380e+01 7.999764647924047267e+02 1.525995434713660188e+02
1.470000000000002416e+01 7.999764647924047267e+02 1.525995434713660188e+02
1.485000000000002451e+01 7.999764647924047267e+02 1.525995434713660188e+02
1.500000000000002487e+01 7.999764647924047267e+02 1.525995434713660188e+02
1.515000000000002522e+01 7.999764647924047267e+02 1.525995434713660188e+02
1.530000000000002558e+01 7.999764647924047267e+02 1.525995434713660188e+02
1.545000000000002593e+01 7.999764647924047267e+02 1.525995434713660188e+02
1.560000000000002629e+01 7.999764647924047267e+02 1.525995434713660188e+02
1.575000000000002665e+01 7.999764647924047267e+02 1.525995434713660188e+02
1.590000000000002700e+01 7.999764647924047267e+02 1.525995434713660188e+02
