1.499999999999999944e-01 7.999965085243406975e+02 1.799986731371640758e+02
2.999999999999999889e-01 7.999965085243406975e+02 1.799986731371640758e+02
4.499999999999999556e-01 7.999965085243406975e+02 1.799986731371640758e+02
5.999999999999999778e-01 7.999965085243406975e+02 1.799986731371640758e+02
7.500000000000000000e-01 7.999965085243406975e+02 1.799986731371640758e+02
9.000000000000000222e-01 7.999965085243406975e+02 1.799986731371640758e+02
1.050000000000000044e+00 7.999965085243406975e+02 1.799986731371640758e+02
1.199999999999999956e+00 7.999965085243406975e+02 1.799986731371640758e+02
1.349999999999999867e+00 7.999965085243406975e+02 1.799986731371640758e+02
1.499999999999999778e+00 7.999965085243406975e+02 1.799986731371640758e+02
1.649999999999999689e+00 7.999965085243406975e+02 1.799986731371640758e+02
1.799999999999999600e+00 7.999965085243406975e+02 1.799986731371640758e+02
1.949999999999999512e+00 7.999965085243406975e+02 1.799986731371640758e+02
2.099999999999999645e+00 7.999990049412753024e+02 1.799986737398794503e+02
2.249999999999999556e+00 7.999990049412753024e+02 1.799986737398794503e+02
2.399999999999999467e+00 7.999990049412753024e+02 1.799986737398794503e+02
2.549999999999999378e+00 7.999990049412753024e+02 1.799986737398794503e+02
2.699999999999999289e+00 7.999990049412753024e+02 1.799986737398794503e+02
2.849999999999999201e+00 7.999990049412753024e+02 1.799986737398794503e+02
2.999999999999999112e+00 7.999990049412753024e+02 1.799986737398794503e+02
3.149999999999999023e+00 7.999990049412753024e+02 1.799986737398794503e+02
3.299999999999998934e+00 7.999990049412753024e+02 1.799986737398794503e+02
3.449999999999998845e+00 7.999990049412753024e+02 1.799986737398794503e+02
3.599999999999998757e+00 7.999990049412753024e+02 1.799986737398794503e+02
3.749999999999998668e+00 7.999990049412753024e+02 1.799986737398794503e+02
3.899999999999998579e+00 7.999990049412753024e+02 1.799986737398794503e+02
4.049999999999998934e+00 4.987968227620175412e+02 1.799986751363843211e+02
4.199999999999999289e+00 3.593095382523380295e+02 1.799986790257628968e+02
4.349999999999999645e+00 2.140691150838781311e+02 1.799986912142758229e+02
4.500000000000000000e+00 1.444760294778603509e+02 1.799987099376922401e+02
4.650000000000000355e+00 9.872667488243101275e+01 1.799987378191112271e+02
4.800000000000000711e+00 6.909898074240240362e+01 1.799987788555647796e+02
4.950000000000001066e+00 4.924995491962275196e+01 1.799988353124061859e+02
5.100000000000001421e+00 3.585550831328364296e+01 1.799989089301601268e+02
5.250000000000001776e+00 2.676443921338741916e+01 1.799990027300856923e+02
5.400000000000002132e+00 2.057910800505186444e+01 1.799991145177915257e+02
5.550000000000002487e+00 1.636527238958020902e+01 1.799992389889353603e+02
5.700000000000002842e+00 1.349318143783769486e+01 1.799993695319643336e+02
5.850000000000003197e+00 1.153597684056520123e+01 1.799994962278405524e+02
6.000000000000003553e+00 1.020370226536665825e+01 1.799996105984338328e+02
6.150000000000003908e+00 9.299350367621222802e+00 1.799997080822491284e+02
6.300000000000004263e+00 8.689342580541165262e+00 1.799997865506455241e+02
6.450000000000004619e+00 8.283639628491471285e+00 1.799998469043118519e+02
6.600000000000004974e+00 8.022384573446004197e+00 1.799998919910165398e+02
6.750000000000005329e+00 7.867042739977350152e+00 1.799999247454644546e+02
6.900000000000005684e+00 7.794705285333343170e+00 1.799999480659638209e+02
7.050000000000006040e+00 7.794705286045072512e+00 1.799999645161737476e+02
7.200000000000006395e+00 7.867042742219481966e+00 1.799999759789251641e+02
7.350000000000006750e+00 8.022384577554120710e+00 1.799999838937848153e+02
7.500000000000007105e+00 8.283639635055607187e+00 1.799999893431386511e+02
7.650000000000007461e+00 8.689342590538565503e+00 1.799999930593918407e+02
7.800000000000007816e+00 9.299350382493784650e+00 1.799999955663402034e+02
7.950000000000008171e+00 1.020370228727538375e+01 1.799999972399703267e+02
8.100000000000008527e+00 1.153597687268705840e+01 1.799999983327429049e+02
8.250000000000008882e+00 1.349318148483948931e+01 1.799999990260186848e+02
8.400000000000009237e+00 1.636527245829343613e+01 1.799999994518744870e+02
8.550000000000009592e+00 2.057910810552555247e+01 1.799999997025930156e+02
8.700000000000009948e+00 2.676443936048399053e+01 1.799999998438910325e+02
8.850000000000010303e+00 3.585550852913031861e+01 1.799999999204586061e+02
9.000000000000010658e+00 4.924995523754957105e+01 1.799999999603305412e+02
9.150000000000011013e+00 6.909898121466063969e+01 1.799999999803854962e+02
9.300000000000011369e+00 9.872667559081030220e+01 1.799999999901650654e+02
9.450000000000011724e+00 1.444760305935576241e+02 1.799999999947788751e+02
9.600000000000012079e+00 2.140691167892543660e+02 1.799999999968093789e+02
9.750000000000012434e+00 3.593095423394433965e+02 1.799999999976756158e+02
9.900000000000012790e+00 4.987968258751865278e+02 1.799999999979088443e+02
1.005000000000001315e+01 7.999990355214359852e+02 1.799999999979479242e+02
1.020000000000001350e+01 7.999990355214359852e+02 1.799999999979479242e+02
1.035000000000001386e+01 7.999990355214359852e+02 1.799999999979479242e+02
1.050000000000001421e+01 7.999990355214359852e+02 1.799999999979479242e+02
1.065000000000001457e+01 7.999990355214359852e+02 1.799999999979479242e+02
1.080000000000001492e+01 7.999990355214359852e+02 1.799999999979479242e+02
1.095000000000001528e+01 7.999990355214359852e+02 1.799999999979479242e+02
1.110000000000001563e+01 7.999990355214359852e+02 1.799999999979479242e+02
1.125000000000001599e+01 7.999990355214359852e+02 1.799999999979479242e+02
1.140000000000001634e+01 7.999990355214359852e+02 1.799999999979479242e+02
1.155000000000001670e+01 7.999990355214359852e+02 1.799999999979479242e+02
1.170000000000001705e+01 7.999990355214359852e+02 1.799999999979479242e+02
1.185000000000001741e+01 7.999990355214359852e+02 1.799999999979479242e+02
1.200000000000001776e+01 7.999990355214359852e+02 1.799999999979479242e+02
1.215000000000001812e+01 7.999990355214359852e+02 1.799999999979479242e+02
1.230000000000001847e+01 7.999990355214359852e+02 1.799999999979479242e+02
1.245000000000001883e+01 7.999990355214359852e+02 1.799999999979479242e+02
1.260000000000001918e+01 7.999990355214359852e+02 1.799999999979479242e+02
1.275000000000001954e+01 7.999990355214359852e+02 1.799999999979479242e+02
1.290000000000001990e+01 7.999990355214359852e+02 1.799999999979479242e+02
1.305000000000002025e+01 7.999966158244264989e+02 1.799999999979561949e+02
1.320000000000002061e+01 7.999966158244264989e+02 1.799999999979561949e+02
1.335000000000002096e+01 7.999966158244264989e+02 1.799999999979561949e+02
1.350000000000002132e+01 7.999966158244264989e+02 1.799999999979561949e+02
1.365000000000002167e+01 7.999966158244264989e+02 1.799999999979561949e+02
1.380000000000002203e+01 7.999966158244264989e+02 1.799999999979561949e+02
1.395000000000002238e+01 7.999966158244264989e+02 1.799999999979561949e+02
1.410000000000002274e+01 7.999966158244264989e+02 1.799999999979561949e+02
1.425000000000002309e+01 7.999966158244264989e+02 1.799999999979561949e+02
1.440000000000002345e+01 7.999966158244264989e+02 1.799999999979561949e+02
1.455000000000002380e+01 7.999966158244264989e+02 1.799999999979561949e+02
1.470000000000002416e+01 7.999966158244264989e+02 1.799999999979561949e+02
1.485000000000002451e+01 7.999966158244264989e+02 1.799999999979561949e+02
1.500000000000002487e+01 7.999966158244264989e+02 1.799999999979561949e+02
1.515000000000002522e+01 7.999966158244264989e+02 1.799999999979561949e+02
1.530000000000002558e+01 7.999966158244264989e+02 1.799999999979561949e+02
1.545000000000002593e+01 7.999966158244264989e+02 1.799999999979561949e+02
1.560000000000002629e+01 7.999966158244264989e+02 1.799999999979561949e+02
1.575000000000002665e+01 7.999966158244264989e+02 1.799999999979561949e+02
1.590000000000002700e+01 7.999966158244264989e+02 1.799999999979561949e+02
