1.499999999999999944e-01 7.999680509083815423e+02 2.158087908821215706e-05
2.999999999999999889e-01 7.999680509083815423e+02 2.158087908821215706e-05
4.499999999999999556e-01 7.999680509083815423e+02 2.158087908821215706e-05
5.999999999999999778e-01 7.999680509083815423e+02 2.158087908821215706e-05
7.500000000000000000e-01 7.999680509083815423e+02 2.158087908821215706e-05
9.000000000000000222e-01 7.999680509083815423e+02 2.158087908821215706e-05
1.050000000000000044e+00 7.999680509083815423e+02 2.158087908821215706e-05
1.199999999999999956e+00 7.999680509083815423e+02 2.158087908821215706e-05
1.349999999999999867e+00 7.999680509083815423e+02 2.158087908821215706e-05
1.499999999999999778e+00 7.999680509083815423e+02 2.158087908821215706e-05
1.649999999999999689e+00 7.999680509083815423e+02 2.158087908821215706e-05
1.799999999999999600e+00 7.999680509083815423e+02 2.158087908821215706e-05
1.949999999999999512e+00 7.999680509083815423e+02 2.158087908821215706e-05
2.099999999999999645e+00 7.999877985739707356e+02 2.156428682031918953e-05
2.249999999999999556e+00 7.999877985739707356e+02 2.156428682031918953e-05
2.399999999999999467e+00 7.999877985739707356e+02 2.156428682031918953e-05
2.549999999999999378e+00 7.999877985739707356e+02 2.156428682031918953e-05
2.699999999999999289e+00 7.999877985739707356e+02 2.156428682031918953e-05
2.849999999999999201e+00 7.999877985739707356e+02 2.156428682031918953e-05
2.999999999999999112e+00 7.999877985739707356e+02 2.156428682031918953e-05
3.149999999999999023e+00 7.999877985739707356e+02 2.156428682031918953e-05
3.299999999999998934e+00 7.999877985739707356e+02 2.156428682031918953e-05
3.449999999999998845e+00 7.999877985739707356e+02 2.156428682031918953e-05
3.599999999999998757e+00 7.999877985739707356e+02 2.156428682031918953e-05
3.749999999999998668e+00 7.999877985739707356e+02 2.156428682031918953e-05
3.899999999999998579e+00 7.999877985739707356e+02 2.156428682031918953e-05
4.049999999999998934e+00 4.788514796328988723e+02 2.158205378310906752e-05
4.199999999999999289e+00 2.885455702170466452e+02 2.165915345087032762e-05
4.349999999999999645e+00 1.283337011307368982e+02 2.174791147768750932e-05
4.500000000000000000e+00 6.348671363795227762e+01 2.191097562131982812e-05
4.650000000000000355e+00 3.033592208612625285e+01 2.230533689795421992e-05
4.800000000000000711e+00 1.438409251966051272e+01 2.303578115381288427e-05
4.950000000000001066e+00 6.558545288761472136e+00 2.468468386429556460e-05
5.100000000000001421e+00 2.738971435797381559e+00 2.896286077047616203e-05
5.250000000000001776e+00 8.717094651615298062e-01 4.448714304861045576e-05
5.400000000000002132e+00 4.072888705013610888e-02 1.799995345143189525e+02
5.550000000000002487e+00 4.866499733906266556e-01 1.799999809138317062e+02
5.700000000000002842e+00 7.045694435713016901e-01 1.799999935552121997e+02
5.850000000000003197e+00 8.110673465322975062e-01 1.799999972630191394e+02
6.000000000000003553e+00 8.631143277002024661e-01 1.799999987399487225e+02
6.150000000000003908e+00 8.885531334998972852e-01 1.799999994016306744e+02
6.300000000000004263e+00 9.009923185714114879e-01 1.799999997115118617e+02
6.450000000000004619e+00 9.070862671588884041e-01 1.799999998596125863e+02
6.600000000000004974e+00 9.100949576714469913e-01 1.799999999315951698e+02
6.750000000000005329e+00 9.116278995046513955e-01 1.799999999666148938e+02
6.900000000000005684e+00 9.125051449938723636e-01 1.799999999836594782e+02
7.050000000000006040e+00 9.131959799686342194e-01 1.799999999920173650e+02
7.200000000000006395e+00 9.140699689384064186e-01 1.799999999961011099e+02
7.350000000000006750e+00 9.155946553012768163e-01 1.799999999980927896e+02
7.500000000000007105e+00 9.185856754845076466e-01 1.799999999990698711e+02
7.650000000000007461e+00 9.246430863804562250e-01 1.799999999995470432e+02
7.800000000000007816e+00 9.370073217647245656e-01 1.799999999997784244e+02
7.950000000000008171e+00 9.622926773021731606e-01 1.799999999998896953e+02
8.100000000000008527e+00 1.014025643720344760e+00 1.799999999999392912e+02
8.250000000000008882e+00 1.119881087913086049e+00 1.799999999999554348e+02
8.400000000000009237e+00 1.336486406551102846e+00 1.799999999999516831e+02
8.550000000000009592e+00 1.779720453210188680e+00 1.799999999999362217e+02
8.700000000000009948e+00 2.686669108599716083e+00 1.799999999999169518e+02
8.850000000000010303e+00 4.542733459359155290e+00 1.799999999999006377e+02
9.000000000000010658e+00 8.339546674801098902e+00 1.799999999998898659e+02
9.150000000000011013e+00 1.611912586038959105e+01 1.799999999998834141e+02
9.300000000000011369e+00 3.197956192821122556e+01 1.799999999998802593e+02
9.450000000000011724e+00 6.495282367097921394e+01 1.799999999998788383e+02
9.600000000000012079e+00 1.294811564881077857e+02 1.799999999998778719e+02
9.750000000000012434e+00 2.891510202571345189e+02 1.799999999998778435e+02
9.900000000000012790e+00 4.789312673514148742e+02 1.799999999998778151e+02
1.005000000000001315e+01 7.999878650796756574e+02 1.799999999998778151e+02
1.020000000000001350e+01 7.999878650796756574e+02 1.799999999998778151e+02
1.035000000000001386e+01 7.999878650796756574e+02 1.799999999998778151e+02
1.050000000000001421e+01 7.999878650796756574e+02 1.799999999998778151e+02
1.065000000000001457e+01 7.999878650796756574e+02 1.799999999998778151e+02
1.080000000000001492e+01 7.999878650796756574e+02 1.799999999998778151e+02
1.095000000000001528e+01 7.999878650796756574e+02 1.799999999998778151e+02
1.110000000000001563e+01 7.999878650796756574e+02 1.799999999998778151e+02
1.125000000000001599e+01 7.999878650796756574e+02 1.799999999998778151e+02
1.140000000000001634e+01 7.999878650796756574e+02 1.799999999998778151e+02
1.155000000000001670e+01 7.999878650796756574e+02 1.799999999998778151e+02
1.170000000000001705e+01 7.999878650796756574e+02 1.799999999998778151e+02
1.185000000000001741e+01 7.999878650796756574e+02 1.799999999998778151e+02
1.200000000000001776e+01 7.999878650796756574e+02 1.799999999998778151e+02
1.215000000000001812e+01 7.999878650796756574e+02 1.799999999998778151e+02
1.230000000000001847e+01 7.999878650796756574e+02 1.799999999998778151e+02
1.245000000000001883e+01 7.999878650796756574e+02 1.799999999998778151e+02
1.260000000000001918e+01 7.999878650796756574e+02 1.799999999998778151e+02
1.275000000000001954e+01 7.999878650796756574e+02 1.799999999998778151e+02
1.290000000000001990e+01 7.999878650796756574e+02 1.799999999998778151e+02
1.305000000000002025e+01 7.999682115784994494e+02 1.799999999998781277e+02
1.320000000000002061e+01 7.999682115784994494e+02 1.799999999998781277e+02
1.335000000000002096e+01 7.999682115784994494e+02 1.799999999998781277e+02
1.350000000000002132e+01 7.999682115784994494e+02 1.799999999998781277e+02
1.365000000000002167e+01 7.999682115784994494e+02 1.799999999998781277e+02
1.380000000000002203e+01 7.999682115784994494e+02 1.799999999998781277e+02
1.395000000000002238e+01 7.999682115784994494e+02 1.799999999998781277e+02
1.410000000000002274e+01 7.999682115784994494e+02 1.799999999998781277e+02
1.425000000000002309e+01 7.999682115784994494e+02 1.799999999998781277e+02
1.440000000000002345e+01 7.999682115784994494e+02 1.799999999998781277e+02
1.455000000000002380e+01 7.999682115784994494e+02 1.799999999998781277e+02
1.470000000000002416e+01 7.999682115784994494e+02 1.799999999998781277e+02
1.485000000000002451e+01 7.999682115784994494e+02 1.799999999998781277e+02
1.500000000000002487e+01 7.999682115784994494e+02 1.799999999998781277e+02
1.515000000000002522e+01 7.999682115784994494e+02 1.799999999998781277e+02
1.530000000000002558e+01 7.999682115784994494e+02 1.799999999998781277e+02
1.545000000000002593e+01 7.999682115784994494e+02 1.799999999998781277e+02
1.560000000000002629e+01 7.999682115784994494e+02 1.799999999998781277e+02
1.575000000000002665e+01 7.999682115784994494e+02 1.799999999998781277e+02
1.590000000000002700e+01 7.999682115784994494e+02 1.799999999998781277e+02
