1.499999999999999944e-01 7.999978126762123338e+02 6.305070794452271699e+00
2.999999999999999889e-01 7.999978126762123338e+02 6.305070794452271699e+00
4.499999999999999556e-01 7.999978126762123338e+02 6.305070794452271699e+00
5.999999999999999778e-01 7.999978126762123338e+02 6.305070794452271699e+00
7.500000000000000000e-01 7.999978126762123338e+02 6.305070794452271699e+00
9.000000000000000222e-01 7.999978126762123338e+02 6.305070794452271699e+00
1.050000000000000044e+00 7.999978126762123338e+02 6.305070794452271699e+00
1.199999999999999956e+00 7.999978126762123338e+02 6.305070794452271699e+00
1.349999999999999867e+00 7.999978126762123338e+02 6.305070794452271699e+00
1.499999999999999778e+00 7.999978126762123338e+02 6.305070794452271699e+00
1.649999999999999689e+00 7.999978126762123338e+02 6.305070794452271699e+00
1.799999999999999600e+00 7.999978126762123338e+02 6.305070794452271699e+00
1.949999999999999512e+00 7.999978126762123338e+02 6.305070794452271699e+00
2.099999999999999645e+00 7.999994131789712810e+02 6.305885781485964792e+00
2.249999999999999556e+00 7.999994131789712810e+02 6.305885781485964792e+00
2.399999999999999467e+00 7.999994131789712810e+02 6.305885781485964792e+00
2.549999999999999378e+00 7.999994131789712810e+02 6.305885781485964792e+00
2.699999999999999289e+00 7.999994131789712810e+02 6.305885781485964792e+00
2.849999999999999201e+00 7.999994131789712810e+02 6.305885781485964792e+00
2.999999999999999112e+00 7.999994131789712810e+02 6.305885781485964792e+00
3.149999999999999023e+00 7.999994131789712810e+02 6.305885781485964792e+00
3.299999999999998934e+00 7.999994131789712810e+02 6.305885781485964792e+00
3.449999999999998845e+00 7.999994131789712810e+02 6.305885781485964792e+00
3.599999999999998757e+00 7.999994131789712810e+02 6.305885781485964792e+00
3.749999999999998668e+00 7.999994131789712810e+02 6.305885781485964792e+00
3.899999999999998579e+00 7.999994131789712810e+02 6.305885781485964792e+00
4.049999999999998934e+00 5.014381345506983507e+02 6.313332057802610642e+00
4.199999999999999289e+00 3.715340364183844599e+02 6.338809641534881578e+00
4.349999999999999645e+00 2.320378687973141041e+02 6.400748007445459464e+00
4.500000000000000000e+00 1.639979844554144393e+02 6.495202162489695397e+00
4.650000000000000355e+00 1.169609099032077353e+02 6.641228278155740128e+00
4.800000000000000711e+00 8.424616936960147484e+01 6.852828293971672480e+00
4.950000000000001066e+00 6.038860887720405657e+01 7.162804646679743037e+00
5.100000000000001421e+00 4.270516544394369163e+01 7.625901212550268760e+00
5.250000000000001776e+00 2.945940706898967676e+01 8.343076984258946283e+00
5.400000000000002132e+00 1.948913586676628285e+01 9.533449200733237205e+00
5.550000000000002487e+00 1.197057830916347498e+01 1.175625494026911788e+01
5.700000000000002842e+00 6.316385160671977417e+00 1.696500516270741699e+01
5.850000000000003197e+00 2.224483283742785034e+00 3.876361853514897859e+01
6.000000000000003553e+00 1.867070712566032853e+00 1.456865749577780207e+02
6.150000000000003908e+00 4.124834417583997492e+00 1.688836298613128406e+02
6.300000000000004263e+00 6.009512595939391133e+00 1.742618231292018720e+02
6.450000000000004619e+00 7.504773556456292738e+00 1.765320798447867503e+02
6.600000000000004974e+00 8.709059622297132819e+00 1.777434358359184898e+02
6.750000000000005329e+00 9.712985638018579948e+00 1.784719787657399479e+02
6.900000000000005684e+00 1.059474574520115198e+01 1.789419754778308231e+02
7.050000000000006040e+00 1.142397461700834427e+01 1.792590585530359135e+02
7.200000000000006395e+00 1.226662376866566362e+01 1.794790064175284101e+02
7.350000000000006750e+00 1.319000511822635957e+01 1.796342042941405452e+02
7.500000000000007105e+00 1.426812018342821275e+01 1.797448014925222424e+02
7.650000000000007461e+00 1.558763215665807422e+01 1.798237745533995451e+02
7.800000000000007816e+00 1.725496925282217830e+01 1.798799477671376792e+02
7.950000000000008171e+00 1.940520036905129331e+01 1.799195653500977414e+02
8.100000000000008527e+00 2.221356074422552496e+01 1.799471074565095989e+02
8.250000000000008882e+00 2.591090508179678409e+01 1.799659079153854009e+02
8.400000000000009237e+00 3.080507598604156527e+01 1.799784810181474484e+02
8.550000000000009592e+00 3.731153734441561198e+01 1.799866966396143653e+02
8.700000000000009948e+00 4.599926360807886994e+01 1.799919382030980159e+02
8.850000000000010303e+00 5.766428021601083032e+01 1.799952045999951622e+02
9.000000000000010658e+00 7.345310042620293700e+01 1.799971902099691192e+02
9.150000000000011013e+00 9.511499796961307140e+01 1.799983660276669468e+02
9.300000000000011369e+00 1.253939463666800975e+02 1.799990407979863107e+02
9.450000000000011724e+00 1.698723236744000076e+02 1.799994135741859793e+02
9.600000000000012079e+00 2.354567397550726753e+02 1.799996032141407341e+02
9.750000000000012434e+00 3.727145600288043283e+02 1.799996944400172367e+02
9.900000000000012790e+00 5.015187875078746060e+02 1.799997211558499544e+02
1.005000000000001315e+01 7.999994288248154817e+02 1.799997258085714691e+02
1.020000000000001350e+01 7.999994288248154817e+02 1.799997258085714691e+02
1.035000000000001386e+01 7.999994288248154817e+02 1.799997258085714691e+02
1.050000000000001421e+01 7.999994288248154817e+02 1.799997258085714691e+02
1.065000000000001457e+01 7.999994288248154817e+02 1.799997258085714691e+02
1.080000000000001492e+01 7.999994288248154817e+02 1.799997258085714691e+02
1.095000000000001528e+01 7.999994288248154817e+02 1.799997258085714691e+02
1.110000000000001563e+01 7.999994288248154817e+02 1.799997258085714691e+02
1.125000000000001599e+01 7.999994288248154817e+02 1.799997258085714691e+02
1.140000000000001634e+01 7.999994288248154817e+02 1.799997258085714691e+02
1.155000000000001670e+01 7.999994288248154817e+02 1.799997258085714691e+02
1.170000000000001705e+01 7.999994288248154817e+02 1.799997258085714691e+02
1.185000000000001741e+01 7.999994288248154817e+02 1.799997258085714691e+02
1.200000000000001776e+01 7.999994288248154817e+02 1.799997258085714691e+02
1.215000000000001812e+01 7.999994288248154817e+02 1.799997258085714691e+02
1.230000000000001847e+01 7.999994288248154817e+02 1.799997258085714691e+02
1.245000000000001883e+01 7.999994288248154817e+02 1.799997258085714691e+02
1.260000000000001918e+01 7.999994288248154817e+02 1.799997258085714691e+02
1.275000000000001954e+01 7.999994288248154817e+02 1.799997258085714691e+02
1.290000000000001990e+01 7.999994288248154817e+02 1.799997258085714691e+02
1.305000000000002025e+01 7.999978691162231144e+02 1.799997267045430647e+02
1.320000000000002061e+01 7.999978691162231144e+02 1.799997267045430647e+02
1.335000000000002096e+01 7.999978691162231144e+02 1.799997267045430647e+02
1.350000000000002132e+01 7.999978691162231144e+02 1.799997267045430647e+02
1.365000000000002167e+01 7.999978691162231144e+02 1.799997267045430647e+02
1.380000000000002203e+01 7.999978691162231144e+02 1.799997267045430647e+02
1.395000000000002238e+01 7.999978691162231144e+02 1.799997267045430647e+02
1.410000000000002274e+01 7.999978691162231144e+02 1.799997267045430647e+02
1.425000000000002309e+01 7.999978691162231144e+02 1.799997267045430647e+02
1.440000000000002345e+01 7.999978691162231144e+02 1.799997267045430647e+02
1.455000000000002380e+01 7.999978691162231144e+02 1.799997267045430647e+02
1.470000000000002416e+01 7.999978691162231144e+02 1.799997267045430647e+02
1.485000000000002451e+01 7.999978691162231144e+02 1.799997267045430647e+02
1.500000000000002487e+01 7.999978691162231144e+02 1.799997267045430647e+02
1.515000000000002522e+01 7.999978691162231144e+02 1.799997267045430647e+02
1.530000000000002558e+01 7.999978691162231144e+02 1.799997267045430647e+02
1.545000000000002593e+01 7.999978691162231144e+02 1.799997267045430647e+02
1.560000000000002629e+01 7.999978691162231144e+02 1.799997267045430647e+02
1.575000000000002665e+01 7.999978691162231144e+02 1.799997267045430647e+02
1.590000000000002700e+01 7.999978691162231144e+02 1.799997267045430647e+02
