1.499999999999999944e-01 7.999965203222222954e+02 1.002576007091970922e-04
2.999999999999999889e-01 7.999965203222222954e+02 1.002576007091970922e-04
4.499999999999999556e-01 7.999965203222222954e+02 1.002576007091970922e-04
5.999999999999999778e-01 7.999965203222222954e+02 1.002576007091970922e-04
7.500000000000000000e-01 7.999965203222222954e+02 1.002576007091970922e-04
9.000000000000000222e-01 7.999965203222222954e+02 1.002576007091970922e-04
1.050000000000000044e+00 7.999965203222222954e+02 1.002576007091970922e-04
1.199999999999999956e+00 7.999965203222222954e+02 1.002576007091970922e-04
1.349999999999999867e+00 7.999965203222222954e+02 1.002576007091970922e-04
1.499999999999999778e+00 7.999965203222222954e+02 1.002576007091970922e-04
1.649999999999999689e+00 7.999965203222222954e+02 1.002576007091970922e-04
1.799999999999999600e+00 7.999965203222222954e+02 1.002576007091970922e-04
1.949999999999999512e+00 7.999965203222222954e+02 1.002576007091970922e-04
2.099999999999999645e+00 7.999990074348379494e+02 1.002347106153766987e-04
2.249999999999999556e+00 7.999990074348379494e+02 1.002347106153766987e-04
2.399999999999999467e+00 7.999990074348379494e+02 1.002347106153766987e-04
2.549999999999999378e+00 7.999990074348379494e+02 1.002347106153766987e-04
2.699999999999999289e+00 7.999990074348379494e+02 1.002347106153766987e-04
2.849999999999999201e+00 7.999990074348379494e+02 1.002347106153766987e-04
2.999999999999999112e+00 7.999990074348379494e+02 1.002347106153766987e-04
3.149999999999999023e+00 7.999990074348379494e+02 1.002347106153766987e-04
3.299999999999998934e+00 7.999990074348379494e+02 1.002347106153766987e-04
3.449999999999998845e+00 7.999990074348379494e+02 1.002347106153766987e-04
3.599999999999998757e+00 7.999990074348379494e+02 1.002347106153766987e-04
3.749999999999998668e+00 7.999990074348379494e+02 1.002347106153766987e-04
3.899999999999998579e+00 7.999990074348379494e+02 1.002347106153766987e-04
4.049999999999998934e+00 4.987061450109815723e+02 1.003401517447599645e-04
4.199999999999999289e+00 3.581205840266673022e+02 1.007236511488818209e-04
4.349999999999999645e+00 2.108959049134747374e+02 1.014421217951921861e-04
4.500000000000000000e+00 1.393798561781954390e+02 1.025432983934315700e-04
4.650000000000000355e+00 9.188526848256930180e+01 1.044056871460918856e-04
4.800000000000000711e+00 6.082217801473653651e+01 1.071226960199789247e-04
4.950000000000001066e+00 3.985537957506765849e+01 1.113861250746639442e-04
5.100000000000001421e+00 2.562453797272576850e+01 1.183830209047220805e-04
5.250000000000001776e+00 1.592393233968396160e+01 1.301424169017906252e-04
5.400000000000002132e+00 9.301938686954294155e+00 1.522481031861477874e-04
5.550000000000002487e+00 4.778184764148193153e+00 2.027556770071159420e-04
5.700000000000002842e+00 1.686421633472150461e+00 3.926273542698144325e-04
5.850000000000003197e+00 4.279676532362373109e-01 1.799989425881313423e+02
6.000000000000003553e+00 1.875764062849981428e+00 1.799998349597934748e+02
6.150000000000003908e+00 2.869793716548912244e+00 1.799999262752403411e+02
6.300000000000004263e+00 3.556214509038966298e+00 1.799999593400602578e+02
6.450000000000004619e+00 4.035979911065140868e+00 1.799999754923117905e+02
6.600000000000004974e+00 4.379664988992161057e+00 1.799999845654849651e+02
6.750000000000005329e+00 4.637835435347511748e+00 1.799999900391159713e+02
6.900000000000005684e+00 4.848480386367569395e+00 1.799999934823017611e+02
7.050000000000006040e+00 5.042599103920309744e+00 1.799999957172951781e+02
7.200000000000006395e+00 5.248761599806471168e+00 1.799999971882028262e+02
7.350000000000006750e+00 5.497313529777429153e+00 1.799999981636174198e+02
7.500000000000007105e+00 5.824844335323682287e+00 1.799999988156411632e+02
7.650000000000007461e+00 6.279577588649281950e+00 1.799999992492774368e+02
7.800000000000007816e+00 6.928480530821005345e+00 1.799999995346190360e+02
7.950000000000008171e+00 7.867148086625427084e+00 1.799999997199498978e+02
8.100000000000008527e+00 9.233937896695110226e+00 1.799999998369754337e+02
8.250000000000008882e+00 1.123049223738654945e+01 1.799999999083283342e+02
8.400000000000009237e+00 1.415181033654396359e+01 1.799999999502873891e+02
8.550000000000009592e+00 1.843070073944633336e+01 1.799999999739004579e+02
8.700000000000009948e+00 2.470418973920438788e+01 1.799999999866500104e+02
8.850000000000010303e+00 3.391533113537388999e+01 1.799999999933074264e+02
9.000000000000010658e+00 4.747181599464429524e+01 1.799999999966692315e+02
9.150000000000011013e+00 6.753483930805199975e+01 1.799999999983199928e+02
9.300000000000011369e+00 9.743505145750913243e+01 1.799999999991109974e+02
9.450000000000011724e+00 1.435140221137905598e+02 1.799999999994795701e+02
9.600000000000012079e+00 2.134694786790630019e+02 1.799999999996403233e+02
9.750000000000012434e+00 3.590843630841678760e+02 1.799999999997083080e+02
9.900000000000012790e+00 4.987795766059290941e+02 1.799999999997268958e+02
1.005000000000001315e+01 7.999990250944127865e+02 1.799999999997298517e+02
1.020000000000001350e+01 7.999990250944127865e+02 1.799999999997298517e+02
1.035000000000001386e+01 7.999990250944127865e+02 1.799999999997298517e+02
1.050000000000001421e+01 7.999990250944127865e+02 1.799999999997298517e+02
1.065000000000001457e+01 7.999990250944127865e+02 1.799999999997298517e+02
1.080000000000001492e+01 7.999990250944127865e+02 1.799999999997298517e+02
1.095000000000001528e+01 7.999990250944127865e+02 1.799999999997298517e+02
1.110000000000001563e+01 7.999990250944127865e+02 1.799999999997298517e+02
1.125000000000001599e+01 7.999990250944127865e+02 1.799999999997298517e+02
1.140000000000001634e+01 7.999990250944127865e+02 1.799999999997298517e+02
1.155000000000001670e+01 7.999990250944127865e+02 1.799999999997298517e+02
1.170000000000001705e+01 7.999990250944127865e+02 1.799999999997298517e+02
1.185000000000001741e+01 7.999990250944127865e+02 1.799999999997298517e+02
1.200000000000001776e+01 7.999990250944127865e+02 1.799999999997298517e+02
1.215000000000001812e+01 7.999990250944127865e+02 1.799999999997298517e+02
1.230000000000001847e+01 7.999990250944127865e+02 1.799999999997298517e+02
1.245000000000001883e+01 7.999990250944127865e+02 1.799999999997298517e+02
1.260000000000001918e+01 7.999990250944127865e+02 1.799999999997298517e+02
1.275000000000001954e+01 7.999990250944127865e+02 1.799999999997298517e+02
1.290000000000001990e+01 7.999990250944127865e+02 1.799999999997298517e+02
1.305000000000002025e+01 7.999965798057569373e+02 1.799999999997305906e+02
1.320000000000002061e+01 7.999965798057569373e+02 1.799999999997305906e+02
1.335000000000002096e+01 7.999965798057569373e+02 1.799999999997305906e+02
1.350000000000002132e+01 7.999965798057569373e+02 1.799999999997305906e+02
1.365000000000002167e+01 7.999965798057569373e+02 1.799999999997305906e+02
1.380000000000002203e+01 7.999965798057569373e+02 1.799999999997305906e+02
1.395000000000002238e+01 7.999965798057569373e+02 1.799999999997305906e+02
1.410000000000002274e+01 7.999965798057569373e+02 1.799999999997305906e+02
1.425000000000002309e+01 7.999965798057569373e+02 1.799999999997305906e+02
1.440000000000002345e+01 7.999965798057569373e+02 1.799999999997305906e+02
1.455000000000002380e+01 7.999965798057569373e+02 1.799999999997305906e+02
1.470000000000002416e+01 7.999965798057569373e+02 1.799999999997305906e+02
1.485000000000002451e+01 7.999965798057569373e+02 1.799999999997305906e+02
1.500000000000002487e+01 7.999965798057569373e+02 1.799999999997305906e+02
1.515000000000002522e+01 7.999965798057569373e+02 1.799999999997305906e+02
1.530000000000002558e+01 7.999965798057569373e+02 1.799999999997305906e+02
1.545000000000002593e+01 7.999965798057569373e+02 1.799999999997305906e+02
1.560000000000002629e+01 7.999965798057569373e+02 1.799999999997305906e+02
1.575000000000002665e+01 7.999965798057569373e+02 1.799999999997305906e+02
1.590000000000002700e+01 7.999965798057569373e+02 1.799999999997305906e+02
