1.499999999999999944e-01 7.999998899677568716e+02 1.799995639388561983e+02
2.999999999999999889e-01 7.999998899677568716e+02 1.799995639388561983e+02
4.499999999999999556e-01 7.999998899677568716e+02 1.799995639388561983e+02
5.999999999999999778e-01 7.999998899677568716e+02 1.799995639388561983e+02
7.500000000000000000e-01 7.999998899677568716e+02 1.799995639388561983e+02
9.000000000000000222e-01 7.999998899677568716e+02 1.799995639388561983e+02
1.050000000000000044e+00 7.999998899677568716e+02 1.799995639388561983e+02
1.199999999999999956e+00 7.999998899677568716e+02 1.799995639388561983e+02
1.349999999999999867e+00 7.999998899677568716e+02 1.799995639388561983e+02
1.499999999999999778e+00 7.999998899677568716e+02 1.799995639388561983e+02
1.649999999999999689e+00 7.999998899677568716e+02 1.799995639388561983e+02
1.799999999999999600e+00 7.999998899677568716e+02 1.799995639388561983e+02
1.949999999999999512e+00 7.999998899677568716e+02 1.799995639388561983e+02
2.099999999999999645e+00 7.999999798825327844e+02 1.799995646002645344e+02
2.249999999999999556e+00 7.999999798825327844e+02 1.799995646002645344e+02
2.399999999999999467e+00 7.999999798825327844e+02 1.799995646002645344e+02
2.549999999999999378e+00 7.999999798825327844e+02 1.799995646002645344e+02
2.699999999999999289e+00 7.999999798825327844e+02 1.799995646002645344e+02
2.849999999999999201e+00 7.999999798825327844e+02 1.799995646002645344e+02
2.999999999999999112e+00 7.999999798825327844e+02 1.799995646002645344e+02
3.149999999999999023e+00 7.999999798825327844e+02 1.799995646002645344e+02
3.299999999999998934e+00 7.999999798825327844e+02 1.799995646002645344e+02
3.449999999999998845e+00 7.999999798825327844e+02 1.799995646002645344e+02
3.599999999999998757e+00 7.999999798825327844e+02 1.799995646002645344e+02
3.749999999999998668e+00 7.999999798825327844e+02 1.799995646002645344e+02
3.899999999999998579e+00 7.999999798825327844e+02 1.799995646002645344e+02
4.049999999999998934e+00 5.120184693723448390e+02 1.799995660576514922e+02
4.199999999999999289e+00 4.381013832060376672e+02 1.799995717802243576e+02
4.349999999999999645e+00 3.580308209577909224e+02 1.799995864206082388e+02
4.500000000000000000e+00 3.341941900746703595e+02 1.799996035228777771e+02
4.650000000000000355e+00 3.228883267953750646e+02 1.799996212589477409e+02
4.800000000000000711e+00 3.180963224532234221e+02 1.799996399204422346e+02
4.950000000000001066e+00 3.159517193998438529e+02 1.799996581534841482e+02
5.100000000000001421e+00 3.149994944600086910e+02 1.799996749901247597e+02
5.250000000000001776e+00 3.145739057725042471e+02 1.799996918881747945e+02
5.400000000000002132e+00 3.143837336525763817e+02 1.799997080581778732e+02
5.550000000000002487e+00 3.142986808748695466e+02 1.799997228865933039e+02
5.700000000000002842e+00 3.142606383436036026e+02 1.799997377022067440e+02
5.850000000000003197e+00 3.142436203452395489e+02 1.799997518695140855e+02
6.000000000000003553e+00 3.142360073160829188e+02 1.799997648848696485e+02
6.150000000000003908e+00 3.142326016765337613e+02 1.799997778845132359e+02
6.300000000000004263e+00 3.142310784872772160e+02 1.799997903322017976e+02
6.450000000000004619e+00 3.142303979302093353e+02 1.799998018058276728e+02
6.600000000000004974e+00 3.142300954232010213e+02 1.799998132660788883e+02
6.750000000000005329e+00 3.142299644608915514e+02 1.799998242611955277e+02
6.900000000000005684e+00 3.142299156425273168e+02 1.799998344400991641e+02
7.050000000000006040e+00 3.142299156425291926e+02 1.799998446081129657e+02
7.200000000000006395e+00 3.142299644608974063e+02 1.799998543879379156e+02
7.350000000000006750e+00 3.142300954232106847e+02 1.799998634918155460e+02
7.500000000000007105e+00 3.142303979302226935e+02 1.799998725870759415e+02
7.650000000000007461e+00 3.142310784872947238e+02 1.799998813626844196e+02
7.800000000000007816e+00 3.142326016765561576e+02 1.799998895879352574e+02
7.950000000000008171e+00 3.142360073161106584e+02 1.799998978065492565e+02
8.100000000000008527e+00 3.142436203452747918e+02 1.799999057668926810e+02
8.250000000000008882e+00 3.142606383436502711e+02 1.799999132900318557e+02
8.400000000000009237e+00 3.142986808749358829e+02 1.799999208072545684e+02
8.550000000000009592e+00 3.143837336526802915e+02 1.799999281195567846e+02
8.700000000000009948e+00 3.145739057726866577e+02 1.799999350929611523e+02
8.850000000000010303e+00 3.149994944603587896e+02 1.799999420494262949e+02
9.000000000000010658e+00 3.159517194005629790e+02 1.799999488242628445e+02
9.150000000000011013e+00 3.180963224547744517e+02 1.799999552959391167e+02
9.300000000000011369e+00 3.228883267987664567e+02 1.799999616154788669e+02
9.450000000000011724e+00 3.341941900827121117e+02 1.799999675374318997e+02
9.600000000000012079e+00 3.580308209743757857e+02 1.799999725956222960e+02
9.750000000000012434e+00 4.381013832685137004e+02 1.799999767079958986e+02
9.900000000000012790e+00 5.120184694163390304e+02 1.799999784751571497e+02
1.005000000000001315e+01 7.999999807031281307e+02 1.799999788245613956e+02
1.020000000000001350e+01 7.999999807031281307e+02 1.799999788245613956e+02
1.035000000000001386e+01 7.999999807031281307e+02 1.799999788245613956e+02
1.050000000000001421e+01 7.999999807031281307e+02 1.799999788245613956e+02
1.065000000000001457e+01 7.999999807031281307e+02 1.799999788245613956e+02
1.080000000000001492e+01 7.999999807031281307e+02 1.799999788245613956e+02
1.095000000000001528e+01 7.999999807031281307e+02 1.799999788245613956e+02
1.110000000000001563e+01 7.999999807031281307e+02 1.799999788245613956e+02
1.125000000000001599e+01 7.999999807031281307e+02 1.799999788245613956e+02
1.140000000000001634e+01 7.999999807031281307e+02 1.799999788245613956e+02
1.155000000000001670e+01 7.999999807031281307e+02 1.799999788245613956e+02
1.170000000000001705e+01 7.999999807031281307e+02 1.799999788245613956e+02
1.185000000000001741e+01 7.999999807031281307e+02 1.799999788245613956e+02
1.200000000000001776e+01 7.999999807031281307e+02 1.799999788245613956e+02
1.215000000000001812e+01 7.999999807031281307e+02 1.799999788245613956e+02
1.230000000000001847e+01 7.999999807031281307e+02 1.799999788245613956e+02
1.245000000000001883e+01 7.999999807031281307e+02 1.799999788245613956e+02
1.260000000000001918e+01 7.999999807031281307e+02 1.799999788245613956e+02
1.275000000000001954e+01 7.999999807031281307e+02 1.799999788245613956e+02
1.290000000000001990e+01 7.999999807031281307e+02 1.799999788245613956e+02
1.305000000000002025e+01 7.999998944559936263e+02 1.799999789215692090e+02
1.320000000000002061e+01 7.999998944559936263e+02 1.799999789215692090e+02
1.335000000000002096e+01 7.999998944559936263e+02 1.799999789215692090e+02
1.350000000000002132e+01 7.999998944559936263e+02 1.799999789215692090e+02
1.365000000000002167e+01 7.999998944559936263e+02 1.799999789215692090e+02
1.380000000000002203e+01 7.999998944559936263e+02 1.799999789215692090e+02
1.395000000000002238e+01 7.999998944559936263e+02 1.799999789215692090e+02
1.410000000000002274e+01 7.999998944559936263e+02 1.799999789215692090e+02
1.425000000000002309e+01 7.999998944559936263e+02 1.799999789215692090e+02
1.440000000000002345e+01 7.999998944559936263e+02 1.799999789215692090e+02
1.455000000000002380e+01 7.999998944559936263e+02 1.799999789215692090e+02
1.470000000000002416e+01 7.999998944559936263e+02 1.799999789215692090e+02
1.485000000000002451e+01 7.999998944559936263e+02 1.799999789215692090e+02
1.500000000000002487e+01 7.999998944559936263e+02 1.799999789215692090e+02
1.515000000000002522e+01 7.999998944559936263e+02 1.799999789215692090e+02
1.530000000000002558e+01 7.999998944559936263e+02 1.799999789215692090e+02
1.545000000000002593e+01 7.999998944559936263e+02 1.799999789215692090e+02
1.560000000000002629e+01 7.999998944559936263e+02 1.799999789215692090e+02
1.575000000000002665e+01 7.999998944559936263e+02 1.799999789215692090e+02
1.590000000000002700e+01 7.999998944559936263e+02 1.799999789215692090e+02
