1.499999999999999944e-01 7.999978409310130019e+02 8.295920606027351596e-08
2.999999999999999889e-01 7.999978409310130019e+02 8.295920606027351596e-08
4.499999999999999556e-01 7.999978409310130019e+02 8.295920606027351596e-08
5.999999999999999778e-01 7.999978409310130019e+02 8.295920606027351596e-08
7.500000000000000000e-01 7.999978409310130019e+02 8.295920606027351596e-08
9.000000000000000222e-01 7.999978409310130019e+02 8.295920606027351596e-08
1.050000000000000044e+00 7.999978409310130019e+02 8.295920606027351596e-08
1.199999999999999956e+00 7.999978409310130019e+02 8.295920606027351596e-08
1.349999999999999867e+00 7.999978409310130019e+02 8.295920606027351596e-08
1.499999999999999778e+00 7.999978409310130019e+02 8.295920606027351596e-08
1.649999999999999689e+00 7.999978409310130019e+02 8.295920606027351596e-08
1.799999999999999600e+00 7.999978409310130019e+02 8.295920606027351596e-08
1.949999999999999512e+00 7.999978409310130019e+02 8.295920606027351596e-08
2.099999999999999645e+00 7.999994209414567194e+02 8.292826669809016948e-08
2.249999999999999556e+00 7.999994209414567194e+02 8.292826669809016948e-08
2.399999999999999467e+00 7.999994209414567194e+02 8.292826669809016948e-08
2.549999999999999378e+00 7.999994209414567194e+02 8.292826669809016948e-08
2.699999999999999289e+00 7.999994209414567194e+02 8.292826669809016948e-08
2.849999999999999201e+00 7.999994209414567194e+02 8.292826669809016948e-08
2.999999999999999112e+00 7.999994209414567194e+02 8.292826669809016948e-08
3.149999999999999023e+00 7.999994209414567194e+02 8.292826669809016948e-08
3.299999999999998934e+00 7.999994209414567194e+02 8.292826669809016948e-08
3.449999999999998845e+00 7.999994209414567194e+02 8.292826669809016948e-08
3.599999999999998757e+00 7.999994209414567194e+02 8.292826669809016948e-08
3.749999999999998668e+00 7.999994209414567194e+02 8.292826669809016948e-08
3.899999999999998579e+00 7.999994209414567194e+02 8.292826669809016948e-08
4.049999999999998934e+00 5.014667424884701745e+02 8.320193189970126468e-08
4.199999999999999289e+00 3.719557128708423761e+02 8.465940803947802351e-08
4.349999999999999645e+00 2.332648958056251729e+02 8.877943058482884453e-08
4.500000000000000000e+00 1.661131762066754050e+02 9.712742643497307427e-08
4.650000000000000355e+00 1.200027806687120915e+02 1.138224491326056409e-07
4.800000000000000711e+00 8.816838851324089887e+01 1.443117574329022545e-07
4.950000000000001066e+00 6.509981045538629019e+01 1.998809235903564741e-07
5.100000000000001421e+00 4.809053750627668933e+01 3.010100134703819208e-07
5.250000000000001776e+00 3.539897642773047437e+01 4.835044171702662652e-07
5.400000000000002132e+00 2.586810821616099432e+01 8.169646044109413197e-07
5.550000000000002487e+00 1.868172649453084944e+01 1.438477263415727236e-06
5.700000000000002842e+00 1.324710831454175164e+01 2.617399684878840560e-06
5.850000000000003197e+00 9.125218146217882520e+00 4.949860455405463711e-06
6.000000000000003553e+00 5.986831276728693751e+00 9.901547818658151812e-06
6.150000000000003908e+00 3.582769698126895719e+00 2.174010926636604779e-05
6.300000000000004263e+00 1.722729130622752791e+00 5.951247608348975149e-05
6.450000000000004619e+00 2.596713641812584683e-01 5.212056124377362210e-04
6.600000000000004974e+00 9.220016719868340260e-01 1.799998064804903208e+02
6.750000000000005329e+00 1.915651125063504878e+00 1.799998771695883022e+02
6.900000000000005684e+00 2.799798309060349766e+00 1.799998889352041544e+02
7.050000000000006040e+00 3.644335127101598459e+00 1.799998874393297683e+02
7.200000000000006395e+00 4.516052547199294054e+00 1.799998801654770659e+02
7.350000000000006750e+00 5.483931294912224530e+00 1.799998695509564755e+02
7.500000000000007105e+00 6.624620546467347992e+00 1.799998575194981356e+02
7.650000000000007461e+00 8.028551411647804059e+00 1.799998448733089447e+02
7.800000000000007816e+00 9.807197062151317368e+00 1.799998321015747820e+02
7.950000000000008171e+00 1.210211477121265844e+01 1.799998204400577890e+02
8.100000000000008527e+00 1.509661811649903029e+01 1.799998100086799013e+02
8.250000000000008882e+00 1.903129686622868988e+01 1.799998006489960574e+02
8.400000000000009237e+00 2.422526855544167290e+01 1.799997931655787795e+02
8.550000000000009592e+00 3.110634688898625200e+01 1.799997871300244299e+02
8.700000000000009948e+00 4.025587889344139114e+01 1.799997819859492836e+02
8.850000000000010303e+00 5.248034455372189910e+01 1.799997783845417700e+02
9.000000000000010658e+00 6.893163180730680040e+01 1.799997757367358702e+02
9.150000000000011013e+00 9.135489105242612595e+01 1.799997734390908022e+02
9.300000000000011369e+00 1.224743590400643427e+02 1.799997722069647352e+02
9.450000000000011724e+00 1.678344326246950686e+02 1.799997714820183035e+02
9.600000000000012079e+00 2.342665096544214123e+02 1.799997707199319450e+02
9.750000000000012434e+00 3.723015300161744676e+02 1.799997707259336437e+02
9.900000000000012790e+00 5.014903669275527136e+02 1.799997708506737695e+02
1.005000000000001315e+01 7.999994171216679888e+02 1.799997707876630386e+02
1.020000000000001350e+01 7.999994171216679888e+02 1.799997707876630386e+02
1.035000000000001386e+01 7.999994171216679888e+02 1.799997707876630386e+02
1.050000000000001421e+01 7.999994171216679888e+02 1.799997707876630386e+02
1.065000000000001457e+01 7.999994171216679888e+02 1.799997707876630386e+02
1.080000000000001492e+01 7.999994171216679888e+02 1.799997707876630386e+02
1.095000000000001528e+01 7.999994171216679888e+02 1.799997707876630386e+02
1.110000000000001563e+01 7.999994171216679888e+02 1.799997707876630386e+02
1.125000000000001599e+01 7.999994171216679888e+02 1.799997707876630386e+02
1.140000000000001634e+01 7.999994171216679888e+02 1.799997707876630386e+02
1.155000000000001670e+01 7.999994171216679888e+02 1.799997707876630386e+02
1.170000000000001705e+01 7.999994171216679888e+02 1.799997707876630386e+02
1.185000000000001741e+01 7.999994171216679888e+02 1.799997707876630386e+02
1.200000000000001776e+01 7.999994171216679888e+02 1.799997707876630386e+02
1.215000000000001812e+01 7.999994171216679888e+02 1.799997707876630386e+02
1.230000000000001847e+01 7.999994171216679888e+02 1.799997707876630386e+02
1.245000000000001883e+01 7.999994171216679888e+02 1.799997707876630386e+02
1.260000000000001918e+01 7.999994171216679888e+02 1.799997707876630386e+02
1.275000000000001954e+01 7.999994171216679888e+02 1.799997707876630386e+02
1.290000000000001990e+01 7.999994171216679888e+02 1.799997707876630386e+02
1.305000000000002025e+01 7.999978261270860003e+02 1.799997710398992012e+02
1.320000000000002061e+01 7.999978261270860003e+02 1.799997710398992012e+02
1.335000000000002096e+01 7.999978261270860003e+02 1.799997710398992012e+02
1.350000000000002132e+01 7.999978261270860003e+02 1.799997710398992012e+02
1.365000000000002167e+01 7.999978261270860003e+02 1.799997710398992012e+02
1.380000000000002203e+01 7.999978261270860003e+02 1.799997710398992012e+02
1.395000000000002238e+01 7.999978261270860003e+02 1.799997710398992012e+02
1.410000000000002274e+01 7.999978261270860003e+02 1.799997710398992012e+02
1.425000000000002309e+01 7.999978261270860003e+02 1.799997710398992012e+02
1.440000000000002345e+01 7.999978261270860003e+02 1.799997710398992012e+02
1.455000000000002380e+01 7.999978261270860003e+02 1.799997710398992012e+02
1.470000000000002416e+01 7.999978261270860003e+02 1.799997710398992012e+02
1.485000000000002451e+01 7.999978261270860003e+02 1.799997710398992012e+02
1.500000000000002487e+01 7.999978261270860003e+02 1.799997710398992012e+02
1.515000000000002522e+01 7.999978261270860003e+02 1.799997710398992012e+02
1.530000000000002558e+01 7.999978261270860003e+02 1.799997710398992012e+02
1.545000000000002593e+01 7.999978261270860003e+02 1.799997710398992012e+02
1.560000000000002629e+01 7.999978261270860003e+02 1.799997710398992012e+02
1.575000000000002665e+01 7.999978261270860003e+02 1.799997710398992012e+02
1.590000000000002700e+01 7.999978261270860003e+02 1.799997710398992012e+02
