1.499999999999999944e-01 7.995278809081871714e+02 1.799995488198381111e+02
2.999999999999999889e-01 7.995278809081871714e+02 1.799995488198381111e+02
4.499999999999999556e-01 7.995278809081871714e+02 1.799995488198381111e+02
5.999999999999999778e-01 7.995278809081871714e+02 1.799995488198381111e+02
7.500000000000000000e-01 7.995278809081871714e+02 1.799995488198381111e+02
9.000000000000000222e-01 7.995278809081871714e+02 1.799995488198381111e+02
1.050000000000000044e+00 7.995278809081871714e+02 1.799995488198381111e+02
1.199999999999999956e+00 7.995278809081871714e+02 1.799995488198381111e+02
1.349999999999999867e+00 7.995278809081871714e+02 1.799995488198381111e+02
1.499999999999999778e+00 7.995278809081871714e+02 1.799995488198381111e+02
1.649999999999999689e+00 7.995278809081871714e+02 1.799995488198381111e+02
1.799999999999999600e+00 7.995278809081871714e+02 1.799995488198381111e+02
1.949999999999999512e+00 7.995278809081871714e+02 1.799995488198381111e+02
2.099999999999999645e+00 7.997444850543336088e+02 1.799995492680222924e+02
2.249999999999999556e+00 7.997444850543336088e+02 1.799995492680222924e+02
2.399999999999999467e+00 7.997444850543336088e+02 1.799995492680222924e+02
2.549999999999999378e+00 7.997444850543336088e+02 1.799995492680222924e+02
2.699999999999999289e+00 7.997444850543336088e+02 1.799995492680222924e+02
2.849999999999999201e+00 7.997444850543336088e+02 1.799995492680222924e+02
2.999999999999999112e+00 7.997444850543336088e+02 1.799995492680222924e+02
3.149999999999999023e+00 7.997444850543336088e+02 1.799995492680222924e+02
3.299999999999998934e+00 7.997444850543336088e+02 1.799995492680222924e+02
3.449999999999998845e+00 7.997444850543336088e+02 1.799995492680222924e+02
3.599999999999998757e+00 7.997444850543336088e+02 1.799995492680222924e+02
3.749999999999998668e+00 7.997444850543336088e+02 1.799995492680222924e+02
3.899999999999998579e+00 7.997444850543336088e+02 1.799995492680222924e+02
4.049999999999998934e+00 4.290090628261763186e+02 1.799995495981877127e+02
4.199999999999999289e+00 1.978311015925296772e+02 1.799995499205531360e+02
4.349999999999999645e+00 6.264426868501707446e+01 1.799995547207923323e+02
4.500000000000000000e+00 2.323237470588259157e+01 1.799995669996699235e+02
4.650000000000000355e+00 8.608899938976470878e+00 1.799995993011245901e+02
4.800000000000000711e+00 3.655546612505531812e+00 1.799996710118231533e+02
4.950000000000001066e+00 1.922443895423782578e+00 1.799997834203379909e+02
5.100000000000001421e+00 1.323340720021803918e+00 1.799998905483443821e+02
5.250000000000001776e+00 1.115308781316002751e+00 1.799999549654959026e+02
5.400000000000002132e+00 1.043192551862375694e+00 1.799999832976217249e+02
5.550000000000002487e+00 1.018177236703934341e+00 1.799999940513104946e+02
5.700000000000002842e+00 1.009502054605832200e+00 1.799999979188499992e+02
5.850000000000003197e+00 1.006493287624778077e+00 1.799999992759682641e+02
6.000000000000003553e+00 1.005449806677177094e+00 1.799999997480430523e+02
6.150000000000003908e+00 1.005087909992994355e+00 1.799999999125735712e+02
6.300000000000004263e+00 1.004962401147906803e+00 1.799999999696710518e+02
6.450000000000004619e+00 1.004918880602360787e+00 1.799999999894564553e+02
6.600000000000004974e+00 1.004903810083874305e+00 1.799999999963428081e+02
6.750000000000005329e+00 1.004898649935512367e+00 1.799999999987313970e+02
6.900000000000005684e+00 1.004897052564103888e+00 1.799999999995591224e+02
7.050000000000006040e+00 1.004897052475598684e+00 1.799999999998470344e+02
7.200000000000006395e+00 1.004898649994515836e+00 1.799999999999469367e+02
7.350000000000006750e+00 1.004903810054372570e+00 1.799999999999815543e+02
7.500000000000007105e+00 1.004918880631862521e+00 1.799999999999936620e+02
7.650000000000007461e+00 1.004962401413422413e+00 1.799999999999979536e+02
7.800000000000007816e+00 1.005087910701035980e+00 1.799999999999992610e+02
7.950000000000008171e+00 1.005449808860305438e+00 1.799999999999997726e+02
8.100000000000008527e+00 1.006493293908647502e+00 1.799999999999998579e+02
8.250000000000008882e+00 1.009502072867405786e+00 1.799999999999999147e+02
8.400000000000009237e+00 1.018177289600544100e+00 -1.800000000000000000e+02
8.550000000000009592e+00 1.043192704356840750e+00 1.799999999999998295e+02
8.700000000000009948e+00 1.115309220862343409e+00 1.799999999999997726e+02
8.850000000000010303e+00 1.323341988124354884e+00 1.799999999999994316e+02
9.000000000000010658e+00 1.922447546145406250e+00 1.799999999999985789e+02
9.150000000000011013e+00 3.655557183360485851e+00 1.799999999999980389e+02
9.300000000000011369e+00 8.608930074762135121e+00 1.799999999999975557e+02
9.450000000000011724e+00 2.323246427927994873e+01 1.799999999999974136e+02
9.600000000000012079e+00 6.264450536676903880e+01 1.799999999999974136e+02
9.750000000000012434e+00 1.978319538939173583e+02 1.799999999999973568e+02
9.900000000000012790e+00 4.290103043067804265e+02 1.799999999999973568e+02
1.005000000000001315e+01 7.997497894682040851e+02 1.799999999999973852e+02
1.020000000000001350e+01 7.997497894682040851e+02 1.799999999999973852e+02
1.035000000000001386e+01 7.997497894682040851e+02 1.799999999999973852e+02
1.050000000000001421e+01 7.997497894682040851e+02 1.799999999999973852e+02
1.065000000000001457e+01 7.997497894682040851e+02 1.799999999999973852e+02
1.080000000000001492e+01 7.997497894682040851e+02 1.799999999999973852e+02
1.095000000000001528e+01 7.997497894682040851e+02 1.799999999999973852e+02
1.110000000000001563e+01 7.997497894682040851e+02 1.799999999999973852e+02
1.125000000000001599e+01 7.997497894682040851e+02 1.799999999999973852e+02
1.140000000000001634e+01 7.997497894682040851e+02 1.799999999999973852e+02
1.155000000000001670e+01 7.997497894682040851e+02 1.799999999999973852e+02
1.170000000000001705e+01 7.997497894682040851e+02 1.799999999999973852e+02
1.185000000000001741e+01 7.997497894682040851e+02 1.799999999999973852e+02
1.200000000000001776e+01 7.997497894682040851e+02 1.799999999999973852e+02
1.215000000000001812e+01 7.997497894682040851e+02 1.799999999999973852e+02
1.230000000000001847e+01 7.997497894682040851e+02 1.799999999999973852e+02
1.245000000000001883e+01 7.997497894682040851e+02 1.799999999999973852e+02
1.260000000000001918e+01 7.997497894682040851e+02 1.799999999999973852e+02
1.275000000000001954e+01 7.997497894682040851e+02 1.799999999999973852e+02
1.290000000000001990e+01 7.997497894682040851e+02 1.799999999999973852e+02
1.305000000000002025e+01 7.995376822506250392e+02 1.799999999999974136e+02
1.320000000000002061e+01 7.995376822506250392e+02 1.799999999999974136e+02
1.335000000000002096e+01 7.995376822506250392e+02 1.799999999999974136e+02
1.350000000000002132e+01 7.995376822506250392e+02 1.799999999999974136e+02
1.365000000000002167e+01 7.995376822506250392e+02 1.799999999999974136e+02
1.380000000000002203e+01 7.995376822506250392e+02 1.799999999999974136e+02
1.395000000000002238e+01 7.995376822506250392e+02 1.799999999999974136e+02
1.410000000000002274e+01 7.995376822506250392e+02 1.799999999999974136e+02
1.425000000000002309e+01 7.995376822506250392e+02 1.799999999999974136e+02
1.440000000000002345e+01 7.995376822506250392e+02 1.799999999999974136e+02
1.455000000000002380e+01 7.995376822506250392e+02 1.799999999999974136e+02
1.470000000000002416e+01 7.995376822506250392e+02 1.799999999999974136e+02
1.485000000000002451e+01 7.995376822506250392e+02 1.799999999999974136e+02
1.500000000000002487e+01 7.995376822506250392e+02 1.799999999999974136e+02
1.515000000000002522e+01 7.995376822506250392e+02 1.799999999999974136e+02
1.530000000000002558e+01 7.995376822506250392e+02 1.799999999999974136e+02
1.545000000000002593e+01 7.995376822506250392e+02 1.799999999999974136e+02
1.560000000000002629e+01 7.995376822506250392e+02 1.799999999999974136e+02
1.575000000000002665e+01 7.995376822506250392e+02 1.799999999999974136e+02
1.590000000000002700e+01 7.995376822506250392e+02 1.799999999999974136e+02
