1.499999999999999944e-01 7.999679026624736480e+02 2.773914575792124637e-04
2.999999999999999889e-01 7.999679026624736480e+02 2.773914575792124637e-04
4.499999999999999556e-01 7.999679026624736480e+02 2.773914575792124637e-04
5.999999999999999778e-01 7.999679026624736480e+02 2.773914575792124637e-04
7.500000000000000000e-01 7.999679026624736480e+02 2.773914575792124637e-04
9.000000000000000222e-01 7.999679026624736480e+02 2.773914575792124637e-04
1.050000000000000044e+00 7.999679026624736480e+02 2.773914575792124637e-04
1.199999999999999956e+00 7.999679026624736480e+02 2.773914575792124637e-04
1.349999999999999867e+00 7.999679026624736480e+02 2.773914575792124637e-04
1.499999999999999778e+00 7.999679026624736480e+02 2.773914575792124637e-04
1.649999999999999689e+00 7.999679026624736480e+02 2.773914575792124637e-04
1.799999999999999600e+00 7.999679026624736480e+02 2.773914575792124637e-04
1.949999999999999512e+00 7.999679026624736480e+02 2.773914575792124637e-04
2.099999999999999645e+00 7.999877405162394552e+02 2.773361191384937641e-04
2.249999999999999556e+00 7.999877405162394552e+02 2.773361191384937641e-04
2.399999999999999467e+00 7.999877405162394552e+02 2.773361191384937641e-04
2.549999999999999378e+00 7.999877405162394552e+02 2.773361191384937641e-04
2.699999999999999289e+00 7.999877405162394552e+02 2.773361191384937641e-04
2.849999999999999201e+00 7.999877405162394552e+02 2.773361191384937641e-04
2.999999999999999112e+00 7.999877405162394552e+02 2.773361191384937641e-04
3.149999999999999023e+00 7.999877405162394552e+02 2.773361191384937641e-04
3.299999999999998934e+00 7.999877405162394552e+02 2.773361191384937641e-04
3.449999999999998845e+00 7.999877405162394552e+02 2.773361191384937641e-04
3.599999999999998757e+00 7.999877405162394552e+02 2.773361191384937641e-04
3.749999999999998668e+00 7.999877405162394552e+02 2.773361191384937641e-04
3.899999999999998579e+00 7.999877405162394552e+02 2.773361191384937641e-04
4.049999999999998934e+00 4.788293336567187453e+02 2.775651713706750456e-04
4.199999999999999289e+00 2.883775019236849744e+02 2.783357961917420909e-04
4.349999999999999645e+00 1.280153226315405846e+02 2.799729786189253389e-04
4.500000000000000000e+00 6.308010903683128134e+01 2.831450717798444927e-04
4.650000000000000355e+00 2.988029361608561629e+01 2.902970260640902467e-04
4.800000000000000711e+00 1.390330503462842771e+01 3.054471956094317875e-04
4.950000000000001066e+00 6.065147581384728426e+00 3.420301177796680747e-04
5.100000000000001421e+00 2.239352939449418045e+00 4.531776360849892882e-04
5.250000000000001776e+00 3.690422209124335495e-01 1.343974631464184277e-03
5.400000000000002132e+00 5.448849471817993617e-01 1.799995550991823166e+02
5.550000000000002487e+00 9.915318699742670105e-01 1.799998804148220017e+02
5.700000000000002842e+00 1.209804901802613131e+00 1.799999520969076912e+02
5.850000000000003197e+00 1.316474954464183611e+00 1.799999784840579196e+02
6.000000000000003553e+00 1.368605735146360303e+00 1.799999898769408446e+02
6.150000000000003908e+00 1.394085323465134252e+00 1.799999951427007545e+02
6.300000000000004263e+00 1.406544344676802893e+00 1.799999976469841556e+02
6.450000000000004619e+00 1.412647920284996417e+00 1.799999988540612890e+02
6.600000000000004974e+00 1.415661240770248241e+00 1.799999994411050466e+02
6.750000000000005329e+00 1.417196323042787753e+00 1.799999997271313532e+02
6.900000000000005684e+00 1.418074380478742569e+00 1.799999998666166334e+02
7.050000000000006040e+00 1.418765141846677125e+00 1.799999999348393374e+02
7.200000000000006395e+00 1.419638139513921260e+00 1.799999999681718350e+02
7.350000000000006750e+00 1.421160395641919649e+00 1.799999999844487775e+02
7.500000000000007105e+00 1.424146262049163170e+00 1.799999999924150416e+02
7.650000000000007461e+00 1.430193069372734271e+00 1.799999999963083042e+02
7.800000000000007816e+00 1.442535641146662329e+00 1.799999999982094891e+02
7.950000000000008171e+00 1.467776812128278152e+00 1.799999999991395896e+02
8.100000000000008527e+00 1.519419701372868303e+00 1.799999999995929727e+02
8.250000000000008882e+00 1.625091545769890899e+00 1.799999999998125020e+02
8.400000000000009237e+00 1.841322725389005655e+00 1.799999999999167244e+02
8.550000000000009592e+00 2.283794655203962520e+00 1.799999999999635065e+02
8.700000000000009948e+00 3.189192140051630986e+00 1.799999999999818385e+02
8.850000000000010303e+00 5.042104304961384287e+00 1.799999999999871534e+02
9.000000000000010658e+00 8.832533858290084083e+00 1.799999999999879492e+02
9.150000000000011013e+00 1.659926647343181472e+01 1.799999999999876934e+02
9.300000000000011369e+00 3.243424750474083851e+01 1.799999999999875513e+02
9.450000000000011724e+00 6.535821477244527955e+01 1.799999999999872671e+02
9.600000000000012079e+00 1.297982954078341038e+02 1.799999999999871818e+02
9.750000000000012434e+00 2.893182957236880384e+02 1.799999999999872955e+02
9.900000000000012790e+00 4.789533282121417415e+02 1.799999999999873523e+02
1.005000000000001315e+01 7.999879525401664750e+02 1.799999999999871534e+02
1.020000000000001350e+01 7.999879525401664750e+02 1.799999999999871534e+02
1.035000000000001386e+01 7.999879525401664750e+02 1.799999999999871534e+02
1.050000000000001421e+01 7.999879525401664750e+02 1.799999999999871534e+02
1.065000000000001457e+01 7.999879525401664750e+02 1.799999999999871534e+02
1.080000000000001492e+01 7.999879525401664750e+02 1.799999999999871534e+02
1.095000000000001528e+01 7.999879525401664750e+02 1.799999999999871534e+02
1.110000000000001563e+01 7.999879525401664750e+02 1.799999999999871534e+02
1.125000000000001599e+01 7.999879525401664750e+02 1.799999999999871534e+02
1.140000000000001634e+01 7.999879525401664750e+02 1.799999999999871534e+02
1.155000000000001670e+01 7.999879525401664750e+02 1.799999999999871534e+02
1.170000000000001705e+01 7.999879525401664750e+02 1.799999999999871534e+02
1.185000000000001741e+01 7.999879525401664750e+02 1.799999999999871534e+02
1.200000000000001776e+01 7.999879525401664750e+02 1.799999999999871534e+02
1.215000000000001812e+01 7.999879525401664750e+02 1.799999999999871534e+02
1.230000000000001847e+01 7.999879525401664750e+02 1.799999999999871534e+02
1.245000000000001883e+01 7.999879525401664750e+02 1.799999999999871534e+02
1.260000000000001918e+01 7.999879525401664750e+02 1.799999999999871534e+02
1.275000000000001954e+01 7.999879525401664750e+02 1.799999999999871534e+02
1.290000000000001990e+01 7.999879525401664750e+02 1.799999999999871534e+02
1.305000000000002025e+01 7.999684369920657900e+02 1.799999999999872387e+02
1.320000000000002061e+01 7.999684369920657900e+02 1.799999999999872387e+02
1.335000000000002096e+01 7.999684369920657900e+02 1.799999999999872387e+02
1.350000000000002132e+01 7.999684369920657900e+02 1.799999999999872387e+02
1.365000000000002167e+01 7.999684369920657900e+02 1.799999999999872387e+02
1.380000000000002203e+01 7.999684369920657900e+02 1.799999999999872387e+02
1.395000000000002238e+01 7.999684369920657900e+02 1.799999999999872387e+02
1.410000000000002274e+01 7.999684369920657900e+02 1.799999999999872387e+02
1.425000000000002309e+01 7.999684369920657900e+02 1.799999999999872387e+02
1.440000000000002345e+01 7.999684369920657900e+02 1.799999999999872387e+02
1.455000000000002380e+01 7.999684369920657900e+02 1.799999999999872387e+02
1.470000000000002416e+01 7.999684369920657900e+02 1.799999999999872387e+02
1.485000000000002451e+01 7.999684369920657900e+02 1.799999999999872387e+02
1.500000000000002487e+01 7.999684369920657900e+02 1.799999999999872387e+02
1.515000000000002522e+01 7.999684369920657900e+02 1.799999999999872387e+02
1.530000000000002558e+01 7.999684369920657900e+02 1.799999999999872387e+02
1.545000000000002593e+01 7.999684369920657900e+02 1.799999999999872387e+02
1.560000000000002629e+01 7.999684369920657900e+02 1.799999999999872387e+02
1.575000000000002665e+01 7.999684369920657900e+02 1.799999999999872387e+02
1.590000000000002700e+01 7.999684369920657900e+02 1.799999999999872387e+02
