1.499999999999999944e-01 7.994435564754098777e+02 1.799991986666319121e+02
2.999999999999999889e-01 7.994435564754098777e+02 1.799991986666319121e+02
4.499999999999999556e-01 7.994435564754098777e+02 1.799991986666319121e+02
5.999999999999999778e-01 7.994435564754098777e+02 1.799991986666319121e+02
7.500000000000000000e-01 7.994435564754098777e+02 1.799991986666319121e+02
9.000000000000000222e-01 7.994435564754098777e+02 1.799991986666319121e+02
1.050000000000000044e+00 7.994435564754098777e+02 1.799991986666319121e+02
1.199999999999999956e+00 7.994435564754098777e+02 1.799991986666319121e+02
1.349999999999999867e+00 7.994435564754098777e+02 1.799991986666319121e+02
1.499999999999999778e+00 7.994435564754098777e+02 1.799991986666319121e+02
1.649999999999999689e+00 7.994435564754098777e+02 1.799991986666319121e+02
1.799999999999999600e+00 7.994435564754098777e+02 1.799991986666319121e+02
1.949999999999999512e+00 7.994435564754098777e+02 1.799991986666319121e+02
2.099999999999999645e+00 7.996925784125342034e+02 1.799991991413773746e+02
2.249999999999999556e+00 7.996925784125342034e+02 1.799991991413773746e+02
2.399999999999999467e+00 7.996925784125342034e+02 1.799991991413773746e+02
2.549999999999999378e+00 7.996925784125342034e+02 1.799991991413773746e+02
2.699999999999999289e+00 7.996925784125342034e+02 1.799991991413773746e+02
2.849999999999999201e+00 7.996925784125342034e+02 1.799991991413773746e+02
2.999999999999999112e+00 7.996925784125342034e+02 1.799991991413773746e+02
3.149999999999999023e+00 7.996925784125342034e+02 1.799991991413773746e+02
3.299999999999998934e+00 7.996925784125342034e+02 1.799991991413773746e+02
3.449999999999998845e+00 7.996925784125342034e+02 1.799991991413773746e+02
3.599999999999998757e+00 7.996925784125342034e+02 1.799991991413773746e+02
3.749999999999998668e+00 7.996925784125342034e+02 1.799991991413773746e+02
3.899999999999998579e+00 7.996925784125342034e+02 1.799991991413773746e+02
4.049999999999998934e+00 4.245840435025345982e+02 1.799991997174968787e+02
4.199999999999999289e+00 1.921768906396957277e+02 1.799992007302246861e+02
4.349999999999999645e+00 5.941643856246285793e+01 1.799992082679672762e+02
4.500000000000000000e+00 2.154290213656572917e+01 1.799992279017482986e+02
4.650000000000000355e+00 7.762585778049768237e+00 1.799992816928991317e+02
4.800000000000000711e+00 3.195454598828717963e+00 1.799994041617441667e+02
4.950000000000001066e+00 1.630060391138243858e+00 1.799996041090084304e+02
5.100000000000001421e+00 1.100296688831349456e+00 1.799998004069327067e+02
5.250000000000001776e+00 9.201519840743230816e-01 1.799999189651577467e+02
5.400000000000002132e+00 8.590048669400403014e-01 1.799999705161035308e+02
5.550000000000002487e+00 8.382353419739843048e-01 1.799999897259992565e+02
5.700000000000002842e+00 8.311824780099641430e-01 1.799999964810126869e+02
5.850000000000003197e+00 8.287872516660854671e-01 1.799999988014110954e+02
6.000000000000003553e+00 8.279738376634782071e-01 1.799999995920182982e+02
6.150000000000003908e+00 8.276976006221730131e-01 1.799999998613923538e+02
6.300000000000004263e+00 8.276037919512191365e-01 1.799999999529198362e+02
6.450000000000004619e+00 8.275719394006273433e-01 1.799999999839898805e+02
6.600000000000004974e+00 8.275611368095496800e-01 1.799999999945624438e+02
6.750000000000005329e+00 8.275575115774245205e-01 1.799999999981533279e+02
6.900000000000005684e+00 8.275564077405306307e-01 1.799999999993720508e+02
7.050000000000006040e+00 8.275564076815271619e-01 1.799999999997866382e+02
7.200000000000006395e+00 8.275575115774245205e-01 1.799999999999274678e+02
7.350000000000006750e+00 8.275611369275566176e-01 1.799999999999754436e+02
7.500000000000007105e+00 8.275719394006273433e-01 1.799999999999916440e+02
7.650000000000007461e+00 8.276037921872330116e-01 1.799999999999970441e+02
7.800000000000007816e+00 8.276976013007129040e-01 1.799999999999989768e+02
7.950000000000008171e+00 8.279738395515892080e-01 1.799999999999996305e+02
8.100000000000008527e+00 8.287872573009167354e-01 1.799999999999998863e+02
8.250000000000008882e+00 8.311824944129284631e-01 1.799999999999999432e+02
8.400000000000009237e+00 8.382353901503165616e-01 1.799999999999998863e+02
8.550000000000009592e+00 8.590050089908913833e-01 1.799999999999998863e+02
8.700000000000009948e+00 9.201524023499132454e-01 1.799999999999997442e+02
8.850000000000010303e+00 1.100297921000787937e+00 1.799999999999993747e+02
9.000000000000010658e+00 1.630064013420195579e+00 1.799999999999986926e+02
9.150000000000011013e+00 3.195465312501568178e+00 1.799999999999980389e+02
9.300000000000011369e+00 7.762616955696557852e+00 1.799999999999976978e+02
9.450000000000011724e+00 2.154299684395539316e+01 1.799999999999977263e+02
9.600000000000012079e+00 5.941669384031180101e+01 1.799999999999976978e+02
9.750000000000012434e+00 1.921778283579588162e+02 1.799999999999976410e+02
9.900000000000012790e+00 4.245854511857223770e+02 1.799999999999976694e+02
1.005000000000001315e+01 7.996984670055111337e+02 1.799999999999977263e+02
1.020000000000001350e+01 7.996984670055111337e+02 1.799999999999977263e+02
1.035000000000001386e+01 7.996984670055111337e+02 1.799999999999977263e+02
1.050000000000001421e+01 7.996984670055111337e+02 1.799999999999977263e+02
1.065000000000001457e+01 7.996984670055111337e+02 1.799999999999977263e+02
1.080000000000001492e+01 7.996984670055111337e+02 1.799999999999977263e+02
1.095000000000001528e+01 7.996984670055111337e+02 1.799999999999977263e+02
1.110000000000001563e+01 7.996984670055111337e+02 1.799999999999977263e+02
1.125000000000001599e+01 7.996984670055111337e+02 1.799999999999977263e+02
1.140000000000001634e+01 7.996984670055111337e+02 1.799999999999977263e+02
1.155000000000001670e+01 7.996984670055111337e+02 1.799999999999977263e+02
1.170000000000001705e+01 7.996984670055111337e+02 1.799999999999977263e+02
1.185000000000001741e+01 7.996984670055111337e+02 1.799999999999977263e+02
1.200000000000001776e+01 7.996984670055111337e+02 1.799999999999977263e+02
1.215000000000001812e+01 7.996984670055111337e+02 1.799999999999977263e+02
1.230000000000001847e+01 7.996984670055111337e+02 1.799999999999977263e+02
1.245000000000001883e+01 7.996984670055111337e+02 1.799999999999977263e+02
1.260000000000001918e+01 7.996984670055111337e+02 1.799999999999977263e+02
1.275000000000001954e+01 7.996984670055111337e+02 1.799999999999977263e+02
1.290000000000001990e+01 7.996984670055111337e+02 1.799999999999977263e+02
1.305000000000002025e+01 7.994542153837181786e+02 1.799999999999977263e+02
1.320000000000002061e+01 7.994542153837181786e+02 1.799999999999977263e+02
1.335000000000002096e+01 7.994542153837181786e+02 1.799999999999977263e+02
1.350000000000002132e+01 7.994542153837181786e+02 1.799999999999977263e+02
1.365000000000002167e+01 7.994542153837181786e+02 1.799999999999977263e+02
1.380000000000002203e+01 7.994542153837181786e+02 1.799999999999977263e+02
1.395000000000002238e+01 7.994542153837181786e+02 1.799999999999977263e+02
1.410000000000002274e+01 7.994542153837181786e+02 1.799999999999977263e+02
1.425000000000002309e+01 7.994542153837181786e+02 1.799999999999977263e+02
1.440000000000002345e+01 7.994542153837181786e+02 1.799999999999977263e+02
1.455000000000002380e+01 7.994542153837181786e+02 1.799999999999977263e+02
1.470000000000002416e+01 7.994542153837181786e+02 1.799999999999977263e+02
1.485000000000002451e+01 7.994542153837181786e+02 1.799999999999977263e+02
1.500000000000002487e+01 7.994542153837181786e+02 1.799999999999977263e+02
1.515000000000002522e+01 7.994542153837181786e+02 1.799999999999977263e+02
1.530000000000002558e+01 7.994542153837181786e+02 1.799999999999977263e+02
1.545000000000002593e+01 7.994542153837181786e+02 1.799999999999977263e+02
1.560000000000002629e+01 7.994542153837181786e+02 1.799999999999977263e+02
1.575000000000002665e+01 7.994542153837181786e+02 1.799999999999977263e+02
1.590000000000002700e+01 7.994542153837181786e+02 1.799999999999977263e+02
