1.499999999999999944e-01 7.999999914754788506e+02 1.799992821245921846e+02
2.999999999999999889e-01 7.999999914754788506e+02 1.799992821245921846e+02
4.499999999999999556e-01 7.999999914754788506e+02 1.799992821245921846e+02
5.999999999999999778e-01 7.999999914754788506e+02 1.799992821245921846e+02
7.500000000000000000e-01 7.999999914754788506e+02 1.799992821245921846e+02
9.000000000000000222e-01 7.999999914754788506e+02 1.799992821245921846e+02
1.050000000000000044e+00 7.999999914754788506e+02 1.799992821245921846e+02
1.199999999999999956e+00 7.999999914754788506e+02 1.799992821245921846e+02
1.349999999999999867e+00 7.999999914754788506e+02 1.799992821245921846e+02
1.499999999999999778e+00 7.999999914754788506e+02 1.799992821245921846e+02
1.649999999999999689e+00 7.999999914754788506e+02 1.799992821245921846e+02
1.799999999999999600e+00 7.999999914754788506e+02 1.799992821245921846e+02
1.949999999999999512e+00 7.999999914754788506e+02 1.799992821245921846e+02
2.099999999999999645e+00 7.999999988602506846e+02 1.799992830743389334e+02
2.249999999999999556e+00 7.999999988602506846e+02 1.799992830743389334e+02
2.399999999999999467e+00 7.999999988602506846e+02 1.799992830743389334e+02
2.549999999999999378e+00 7.999999988602506846e+02 1.799992830743389334e+02
2.699999999999999289e+00 7.999999988602506846e+02 1.799992830743389334e+02
2.849999999999999201e+00 7.999999988602506846e+02 1.799992830743389334e+02
2.999999999999999112e+00 7.999999988602506846e+02 1.799992830743389334e+02
3.149999999999999023e+00 7.999999988602506846e+02 1.799992830743389334e+02
3.299999999999998934e+00 7.999999988602506846e+02 1.799992830743389334e+02
3.449999999999998845e+00 7.999999988602506846e+02 1.799992830743389334e+02
3.599999999999998757e+00 7.999999988602506846e+02 1.799992830743389334e+02
3.749999999999998668e+00 7.999999988602506846e+02 1.799992830743389334e+02
3.899999999999998579e+00 7.999999988602506846e+02 1.799992830743389334e+02
4.049999999999998934e+00 5.157404291780746917e+02 1.799992860436103399e+02
4.199999999999999289e+00 4.682107561360766113e+02 1.799992978428935544e+02
4.349999999999999645e+00 4.146350338153411030e+02 1.799993227867869621e+02
4.500000000000000000e+00 4.037457563650550014e+02 1.799993489180895949e+02
4.650000000000000355e+00 3.996657174820981027e+02 1.799993748225716956e+02
4.800000000000000711e+00 3.984558531857153980e+02 1.799994009739932324e+02
4.950000000000001066e+00 3.980620809445541681e+02 1.799994263275269191e+02
5.100000000000001421e+00 3.979382856027851858e+02 1.799994500559435266e+02
5.250000000000001776e+00 3.978988024585215726e+02 1.799994737354415975e+02
5.400000000000002132e+00 3.978862778819695336e+02 1.799994965959867557e+02
5.550000000000002487e+00 3.978822961081019685e+02 1.799995180009207161e+02
5.700000000000002842e+00 3.978810313073422549e+02 1.799995393529833052e+02
5.850000000000003197e+00 3.978806294091176596e+02 1.799995599845937306e+02
6.000000000000003553e+00 3.978805017203595185e+02 1.799995793431608035e+02
6.150000000000003908e+00 3.978804611497251358e+02 1.799995986555229877e+02
6.300000000000004263e+00 3.978804482595658101e+02 1.799996173393375614e+02
6.450000000000004619e+00 3.978804441643977157e+02 1.799996349162588274e+02
6.600000000000004974e+00 3.978804428644610880e+02 1.799996524533203228e+02
6.750000000000005329e+00 3.978804424552266710e+02 1.799996694452159716e+02
6.900000000000005684e+00 3.978804423371259418e+02 1.799996854812140157e+02
7.050000000000006040e+00 3.978804423371278176e+02 1.799997014831604076e+02
7.200000000000006395e+00 3.978804424552322985e+02 1.799997170158465565e+02
7.350000000000006750e+00 3.978804428644707514e+02 1.799997317305167712e+02
7.500000000000007105e+00 3.978804441644109602e+02 1.799997464164756877e+02
7.650000000000007461e+00 3.978804482595830905e+02 1.799997607026409128e+02
7.800000000000007816e+00 3.978804611497463952e+02 1.799997742974444463e+02
7.950000000000008171e+00 3.978805017203850980e+02 1.799997878684811781e+02
8.100000000000008527e+00 3.978806294091475593e+02 1.799998011036963419e+02
8.250000000000008882e+00 3.978810313073768725e+02 1.799998137646933003e+02
8.400000000000009237e+00 3.978822961081415315e+02 1.799998264064855960e+02
8.550000000000009592e+00 3.978862778820139852e+02 1.799998387716463242e+02
8.700000000000009948e+00 3.978988024585718790e+02 1.799998506713076551e+02
8.850000000000010303e+00 3.979382856028415745e+02 1.799998625544573372e+02
9.000000000000010658e+00 3.980620809446198791e+02 1.799998742111449985e+02
9.150000000000011013e+00 3.984558531857983326e+02 1.799998854899762932e+02
9.300000000000011369e+00 3.996657174822200886e+02 1.799998967008305897e+02
9.450000000000011724e+00 4.037457563653052830e+02 1.799999076135497660e+02
9.600000000000012079e+00 4.146350338158703721e+02 1.799999176354221220e+02
9.750000000000012434e+00 4.682107561386590646e+02 1.799999268213588834e+02
9.900000000000012790e+00 5.157404291797771521e+02 1.799999313058102359e+02
1.005000000000001315e+01 7.999999989097450452e+02 1.799999322569840103e+02
1.020000000000001350e+01 7.999999989097450452e+02 1.799999322569840103e+02
1.035000000000001386e+01 7.999999989097450452e+02 1.799999322569840103e+02
1.050000000000001421e+01 7.999999989097450452e+02 1.799999322569840103e+02
1.065000000000001457e+01 7.999999989097450452e+02 1.799999322569840103e+02
1.080000000000001492e+01 7.999999989097450452e+02 1.799999322569840103e+02
1.095000000000001528e+01 7.999999989097450452e+02 1.799999322569840103e+02
1.110000000000001563e+01 7.999999989097450452e+02 1.799999322569840103e+02
1.125000000000001599e+01 7.999999989097450452e+02 1.799999322569840103e+02
1.140000000000001634e+01 7.999999989097450452e+02 1.799999322569840103e+02
1.155000000000001670e+01 7.999999989097450452e+02 1.799999322569840103e+02
1.170000000000001705e+01 7.999999989097450452e+02 1.799999322569840103e+02
1.185000000000001741e+01 7.999999989097450452e+02 1.799999322569840103e+02
1.200000000000001776e+01 7.999999989097450452e+02 1.799999322569840103e+02
1.215000000000001812e+01 7.999999989097450452e+02 1.799999322569840103e+02
1.230000000000001847e+01 7.999999989097450452e+02 1.799999322569840103e+02
1.245000000000001883e+01 7.999999989097450452e+02 1.799999322569840103e+02
1.260000000000001918e+01 7.999999989097450452e+02 1.799999322569840103e+02
1.275000000000001954e+01 7.999999989097450452e+02 1.799999322569840103e+02
1.290000000000001990e+01 7.999999989097450452e+02 1.799999322569840103e+02
1.305000000000002025e+01 7.999999918456617252e+02 1.799999325006299102e+02
1.320000000000002061e+01 7.999999918456617252e+02 1.799999325006299102e+02
1.335000000000002096e+01 7.999999918456617252e+02 1.799999325006299102e+02
1.350000000000002132e+01 7.999999918456617252e+02 1.799999325006299102e+02
1.365000000000002167e+01 7.999999918456617252e+02 1.799999325006299102e+02
1.380000000000002203e+01 7.999999918456617252e+02 1.799999325006299102e+02
1.395000000000002238e+01 7.999999918456617252e+02 1.799999325006299102e+02
1.410000000000002274e+01 7.999999918456617252e+02 1.799999325006299102e+02
1.425000000000002309e+01 7.999999918456617252e+02 1.799999325006299102e+02
1.440000000000002345e+01 7.999999918456617252e+02 1.799999325006299102e+02
1.455000000000002380e+01 7.999999918456617252e+02 1.799999325006299102e+02
1.470000000000002416e+01 7.999999918456617252e+02 1.799999325006299102e+02
1.485000000000002451e+01 7.999999918456617252e+02 1.799999325006299102e+02
1.500000000000002487e+01 7.999999918456617252e+02 1.799999325006299102e+02
1.515000000000002522e+01 7.999999918456617252e+02 1.799999325006299102e+02
1.530000000000002558e+01 7.999999918456617252e+02 1.799999325006299102e+02
1.545000000000002593e+01 7.999999918456617252e+02 1.799999325006299102e+02
1.560000000000002629e+01 7.999999918456617252e+02 1.799999325006299102e+02
1.575000000000002665e+01 7.999999918456617252e+02 1.799999325006299102e+02
1.590000000000002700e+01 7.999999918456617252e+02 1.799999325006299102e+02
