1.499999999999999944e-01 7.998143770095853142e+02 4.247172480376093517e-08
2.999999999999999889e-01 7.998143770095853142e+02 4.247172480376093517e-08
4.499999999999999556e-01 7.998143770095853142e+02 4.247172480376093517e-08
5.999999999999999778e-01 7.998143770095853142e+02 4.247172480376093517e-08
7.500000000000000000e-01 7.998143770095853142e+02 4.247172480376093517e-08
9.000000000000000222e-01 7.998143770095853142e+02 4.247172480376093517e-08
1.050000000000000044e+00 7.998143770095853142e+02 4.247172480376093517e-08
1.199999999999999956e+00 7.998143770095853142e+02 4.247172480376093517e-08
1.349999999999999867e+00 7.998143770095853142e+02 4.247172480376093517e-08
1.499999999999999778e+00 7.998143770095853142e+02 4.247172480376093517e-08
1.649999999999999689e+00 7.998143770095853142e+02 4.247172480376093517e-08
1.799999999999999600e+00 7.998143770095853142e+02 4.247172480376093517e-08
1.949999999999999512e+00 7.998143770095853142e+02 4.247172480376093517e-08
2.099999999999999645e+00 7.999107825876218385e+02 4.241393403159321451e-08
2.249999999999999556e+00 7.999107825876218385e+02 4.241393403159321451e-08
2.399999999999999467e+00 7.999107825876218385e+02 4.241393403159321451e-08
2.549999999999999378e+00 7.999107825876218385e+02 4.241393403159321451e-08
2.699999999999999289e+00 7.999107825876218385e+02 4.241393403159321451e-08
2.849999999999999201e+00 7.999107825876218385e+02 4.241393403159321451e-08
2.999999999999999112e+00 7.999107825876218385e+02 4.241393403159321451e-08
3.149999999999999023e+00 7.999107825876218385e+02 4.241393403159321451e-08
3.299999999999998934e+00 7.999107825876218385e+02 4.241393403159321451e-08
3.449999999999998845e+00 7.999107825876218385e+02 4.241393403159321451e-08
3.599999999999998757e+00 7.999107825876218385e+02 4.241393403159321451e-08
3.749999999999998668e+00 7.999107825876218385e+02 4.241393403159321451e-08
3.899999999999998579e+00 7.999107825876218385e+02 4.241393403159321451e-08
4.049999999999998934e+00 4.505827554184206747e+02 4.244454532287278425e-08
4.199999999999999289e+00 2.290243862083102613e+02 4.261921682235936260e-08
4.349999999999999645e+00 8.121140578179040403e+01 4.271829245894309679e-08
4.500000000000000000e+00 3.259297349677933653e+01 4.292394872873472877e-08
4.650000000000000355e+00 1.243835761736330880e+01 4.361737060420978196e-08
4.800000000000000711e+00 4.722494031598643005e+00 4.503037287495459395e-08
4.950000000000001066e+00 1.689540680827519736e+00 4.909720496826253111e-08
5.100000000000001421e+00 5.080798267974842020e-01 6.401474361705794536e-08
5.250000000000001776e+00 4.642149262690509204e-02 2.736014067528103055e-07
5.400000000000002132e+00 1.337806022670520179e-01 1.799999999629178262e+02
5.550000000000002487e+00 2.041457165666997753e-01 1.799999999904745493e+02
5.700000000000002842e+00 2.316183696930238511e-01 1.799999999967172926e+02
5.850000000000003197e+00 2.423449810598867771e-01 1.799999999987653609e+02
6.000000000000003553e+00 2.465330962465941411e-01 1.799999999995009716e+02
6.150000000000003908e+00 2.481683341932239273e-01 1.799999999997472457e+02
6.300000000000004263e+00 2.488068444788495981e-01 1.799999999997505142e+02
6.450000000000004619e+00 2.490562600478369859e-01 1.799999999995157509e+02
6.600000000000004974e+00 2.491539341540374153e-01 1.799999999988224886e+02
6.750000000000005329e+00 2.491928179119895503e-01 1.799999999970131057e+02
6.900000000000005684e+00 2.492099146390955866e-01 1.799999999923566349e+02
7.050000000000006040e+00 2.492214935978154244e-01 1.799999999804600463e+02
7.200000000000006395e+00 2.492385741579710157e-01 1.799999999500392676e+02
7.350000000000006750e+00 2.492774107131481287e-01 1.799999998720119549e+02
7.500000000000007105e+00 2.493749615020988131e-01 1.799999996728484746e+02
7.650000000000007461e+00 2.496240603404658032e-01 1.799999991642720829e+02
7.800000000000007816e+00 2.502617590923819080e-01 1.799999978641733946e+02
7.950000000000008171e+00 2.518949172847442242e-01 1.799999945738618692e+02
8.100000000000008527e+00 2.560777074083944171e-01 1.799999863514085519e+02
8.250000000000008882e+00 2.667906789433800441e-01 1.799999664340479342e+02
8.400000000000009237e+00 2.942284007181115157e-01 1.799999221726646681e+02
8.550000000000009592e+00 3.645040538403918617e-01 1.799998393534376078e+02
8.700000000000009948e+00 5.444770698909451312e-01 1.799997244617915726e+02
8.850000000000010303e+00 1.005548918048873475e+00 1.799996184329507685e+02
9.000000000000010658e+00 2.185509858469913524e+00 1.799995512674242946e+02
9.150000000000011013e+00 5.214630954167375876e+00 1.799995175379328600e+02
9.300000000000011369e+00 1.292077754548046542e+01 1.799995038780566006e+02
9.450000000000011724e+00 3.305086771543199831e+01 1.799994987640276065e+02
9.600000000000012079e+00 8.161075689504491493e+01 1.799994962439168660e+02
9.750000000000012434e+00 2.292863808993757004e+02 1.799994961939517850e+02
9.900000000000012790e+00 4.506376048579710982e+02 1.799994964645183018e+02
1.005000000000001315e+01 7.999103994718017248e+02 1.799994963093473643e+02
1.020000000000001350e+01 7.999103994718017248e+02 1.799994963093473643e+02
1.035000000000001386e+01 7.999103994718017248e+02 1.799994963093473643e+02
1.050000000000001421e+01 7.999103994718017248e+02 1.799994963093473643e+02
1.065000000000001457e+01 7.999103994718017248e+02 1.799994963093473643e+02
1.080000000000001492e+01 7.999103994718017248e+02 1.799994963093473643e+02
1.095000000000001528e+01 7.999103994718017248e+02 1.799994963093473643e+02
1.110000000000001563e+01 7.999103994718017248e+02 1.799994963093473643e+02
1.125000000000001599e+01 7.999103994718017248e+02 1.799994963093473643e+02
1.140000000000001634e+01 7.999103994718017248e+02 1.799994963093473643e+02
1.155000000000001670e+01 7.999103994718017248e+02 1.799994963093473643e+02
1.170000000000001705e+01 7.999103994718017248e+02 1.799994963093473643e+02
1.185000000000001741e+01 7.999103994718017248e+02 1.799994963093473643e+02
1.200000000000001776e+01 7.999103994718017248e+02 1.799994963093473643e+02
1.215000000000001812e+01 7.999103994718017248e+02 1.799994963093473643e+02
1.230000000000001847e+01 7.999103994718017248e+02 1.799994963093473643e+02
1.245000000000001883e+01 7.999103994718017248e+02 1.799994963093473643e+02
1.260000000000001918e+01 7.999103994718017248e+02 1.799994963093473643e+02
1.275000000000001954e+01 7.999103994718017248e+02 1.799994963093473643e+02
1.290000000000001990e+01 7.999103994718017248e+02 1.799994963093473643e+02
1.305000000000002025e+01 7.998135461738878575e+02 1.799994968690400867e+02
1.320000000000002061e+01 7.998135461738878575e+02 1.799994968690400867e+02
1.335000000000002096e+01 7.998135461738878575e+02 1.799994968690400867e+02
1.350000000000002132e+01 7.998135461738878575e+02 1.799994968690400867e+02
1.365000000000002167e+01 7.998135461738878575e+02 1.799994968690400867e+02
1.380000000000002203e+01 7.998135461738878575e+02 1.799994968690400867e+02
1.395000000000002238e+01 7.998135461738878575e+02 1.799994968690400867e+02
1.410000000000002274e+01 7.998135461738878575e+02 1.799994968690400867e+02
1.425000000000002309e+01 7.998135461738878575e+02 1.799994968690400867e+02
1.440000000000002345e+01 7.998135461738878575e+02 1.799994968690400867e+02
1.455000000000002380e+01 7.998135461738878575e+02 1.799994968690400867e+02
1.470000000000002416e+01 7.998135461738878575e+02 1.799994968690400867e+02
1.485000000000002451e+01 7.998135461738878575e+02 1.799994968690400867e+02
1.500000000000002487e+01 7.998135461738878575e+02 1.799994968690400867e+02
1.515000000000002522e+01 7.998135461738878575e+02 1.799994968690400867e+02
1.530000000000002558e+01 7.998135461738878575e+02 1.799994968690400867e+02
1.545000000000002593e+01 7.998135461738878575e+02 1.799994968690400867e+02
1.560000000000002629e+01 7.998135461738878575e+02 1.799994968690400867e+02
1.575000000000002665e+01 7.998135461738878575e+02 1.799994968690400867e+02
1.590000000000002700e+01 7.998135461738878575e+02 1.799994968690400867e+02
