1.499999999999999944e-01 7.994445922148036061e+02 1.799995180956153149e+02
2.999999999999999889e-01 7.994445922148036061e+02 1.799995180956153149e+02
4.499999999999999556e-01 7.994445922148036061e+02 1.799995180956153149e+02
5.999999999999999778e-01 7.994445922148036061e+02 1.799995180956153149e+02
7.500000000000000000e-01 7.994445922148036061e+02 1.799995180956153149e+02
9.000000000000000222e-01 7.994445922148036061e+02 1.799995180956153149e+02
1.050000000000000044e+00 7.994445922148036061e+02 1.799995180956153149e+02
1.199999999999999956e+00 7.994445922148036061e+02 1.799995180956153149e+02
1.349999999999999867e+00 7.994445922148036061e+02 1.799995180956153149e+02
1.499999999999999778e+00 7.994445922148036061e+02 1.799995180956153149e+02
1.649999999999999689e+00 7.994445922148036061e+02 1.799995180956153149e+02
1.799999999999999600e+00 7.994445922148036061e+02 1.799995180956153149e+02
1.949999999999999512e+00 7.994445922148036061e+02 1.799995180956153149e+02
2.099999999999999645e+00 7.996931652310320260e+02 1.799995185425277100e+02
2.249999999999999556e+00 7.996931652310320260e+02 1.799995185425277100e+02
2.399999999999999467e+00 7.996931652310320260e+02 1.799995185425277100e+02
2.549999999999999378e+00 7.996931652310320260e+02 1.799995185425277100e+02
2.699999999999999289e+00 7.996931652310320260e+02 1.799995185425277100e+02
2.849999999999999201e+00 7.996931652310320260e+02 1.799995185425277100e+02
2.999999999999999112e+00 7.996931652310320260e+02 1.799995185425277100e+02
3.149999999999999023e+00 7.996931652310320260e+02 1.799995185425277100e+02
3.299999999999998934e+00 7.996931652310320260e+02 1.799995185425277100e+02
3.449999999999998845e+00 7.996931652310320260e+02 1.799995185425277100e+02
3.599999999999998757e+00 7.996931652310320260e+02 1.799995185425277100e+02
3.749999999999998668e+00 7.996931652310320260e+02 1.799995185425277100e+02
3.899999999999998579e+00 7.996931652310320260e+02 1.799995185425277100e+02
4.049999999999998934e+00 4.246035666754494287e+02 1.799995188926561411e+02
4.199999999999999289e+00 1.922460660890969280e+02 1.799995192770502399e+02
4.349999999999999645e+00 5.951073124660241120e+01 1.799995243694233693e+02
4.500000000000000000e+00 2.164619261461574240e+01 1.799995376293696552e+02
4.650000000000000355e+00 7.869091006626995011e+00 1.799995732679314813e+02
4.800000000000000711e+00 3.303059542424449546e+00 1.799996528419857782e+02
4.950000000000001066e+00 1.738042204846436789e+00 1.799997763742123027e+02
5.100000000000001421e+00 1.208406930168223425e+00 1.799998904500274648e+02
5.250000000000001776e+00 1.028306009790753706e+00 1.799999562881330633e+02
5.400000000000002132e+00 9.671738087038761478e-01 1.799999842134792516e+02
5.550000000000002487e+00 9.464093656180807557e-01 1.799999945095940177e+02
5.700000000000002842e+00 9.393582328453362607e-01 1.799999981211986437e+02
5.850000000000003197e+00 9.369635963001314849e-01 1.799999993602523318e+02
6.000000000000003553e+00 9.361503832338371467e-01 1.799999997820798399e+02
6.150000000000003908e+00 9.358742146070540002e-01 1.799999999259633796e+02
6.300000000000004263e+00 9.357804293014737596e-01 1.799999999748513346e+02
6.450000000000004619e+00 9.357485846278450481e-01 1.799999999914406317e+02
6.600000000000004974e+00 9.357377847804286830e-01 1.799999999970930276e+02
6.750000000000005329e+00 9.357341604333555551e-01 1.799999999990125445e+02
6.900000000000005684e+00 9.357330568324755404e-01 1.799999999996639986e+02
7.050000000000006040e+00 9.357330568029738060e-01 1.799999999998856595e+02
7.200000000000006395e+00 9.357341603448503520e-01 1.799999999999611191e+02
7.350000000000006750e+00 9.357377848099304174e-01 1.799999999999866986e+02
7.500000000000007105e+00 9.357485846573467825e-01 1.799999999999955094e+02
7.650000000000007461e+00 9.357804294489824315e-01 1.799999999999985505e+02
7.800000000000007816e+00 9.358742152265904224e-01 1.799999999999996021e+02
7.950000000000008171e+00 9.361503852399550851e-01 1.799999999999999716e+02
8.100000000000008527e+00 9.369636021709766283e-01 1.799999999999999432e+02
8.250000000000008882e+00 9.393582500743491437e-01 1.800000000000000000e+02
8.400000000000009237e+00 9.464094162430569668e-01 1.799999999999998010e+02
8.550000000000009592e+00 9.671739576876348110e-01 1.799999999999997442e+02
8.700000000000009948e+00 1.028306448363537129e+00 1.799999999999997442e+02
8.850000000000010303e+00 1.208408222521200059e+00 1.799999999999990337e+02
9.000000000000010658e+00 1.738046004035538772e+00 1.799999999999978115e+02
9.150000000000011013e+00 3.303070779399064349e+00 1.799999999999965894e+02
9.300000000000011369e+00 7.869123707256569844e+00 1.799999999999959357e+02
9.450000000000011724e+00 2.164629194931188039e+01 1.799999999999954241e+02
9.600000000000012079e+00 5.951099899648750124e+01 1.799999999999954525e+02
9.750000000000012434e+00 1.922470496796123314e+02 1.799999999999952536e+02
9.900000000000012790e+00 4.246050432209748919e+02 1.799999999999952252e+02
1.005000000000001315e+01 7.996993431802272880e+02 1.799999999999952252e+02
1.020000000000001350e+01 7.996993431802272880e+02 1.799999999999952252e+02
1.035000000000001386e+01 7.996993431802272880e+02 1.799999999999952252e+02
1.050000000000001421e+01 7.996993431802272880e+02 1.799999999999952252e+02
1.065000000000001457e+01 7.996993431802272880e+02 1.799999999999952252e+02
1.080000000000001492e+01 7.996993431802272880e+02 1.799999999999952252e+02
1.095000000000001528e+01 7.996993431802272880e+02 1.799999999999952252e+02
1.110000000000001563e+01 7.996993431802272880e+02 1.799999999999952252e+02
1.125000000000001599e+01 7.996993431802272880e+02 1.799999999999952252e+02
1.140000000000001634e+01 7.996993431802272880e+02 1.799999999999952252e+02
1.155000000000001670e+01 7.996993431802272880e+02 1.799999999999952252e+02
1.170000000000001705e+01 7.996993431802272880e+02 1.799999999999952252e+02
1.185000000000001741e+01 7.996993431802272880e+02 1.799999999999952252e+02
1.200000000000001776e+01 7.996993431802272880e+02 1.799999999999952252e+02
1.215000000000001812e+01 7.996993431802272880e+02 1.799999999999952252e+02
1.230000000000001847e+01 7.996993431802272880e+02 1.799999999999952252e+02
1.245000000000001883e+01 7.996993431802272880e+02 1.799999999999952252e+02
1.260000000000001918e+01 7.996993431802272880e+02 1.799999999999952252e+02
1.275000000000001954e+01 7.996993431802272880e+02 1.799999999999952252e+02
1.290000000000001990e+01 7.996993431802272880e+02 1.799999999999952252e+02
1.305000000000002025e+01 7.994557754165409733e+02 1.799999999999951967e+02
1.320000000000002061e+01 7.994557754165409733e+02 1.799999999999951967e+02
1.335000000000002096e+01 7.994557754165409733e+02 1.799999999999951967e+02
1.350000000000002132e+01 7.994557754165409733e+02 1.799999999999951967e+02
1.365000000000002167e+01 7.994557754165409733e+02 1.799999999999951967e+02
1.380000000000002203e+01 7.994557754165409733e+02 1.799999999999951967e+02
1.395000000000002238e+01 7.994557754165409733e+02 1.799999999999951967e+02
1.410000000000002274e+01 7.994557754165409733e+02 1.799999999999951967e+02
1.425000000000002309e+01 7.994557754165409733e+02 1.799999999999951967e+02
1.440000000000002345e+01 7.994557754165409733e+02 1.799999999999951967e+02
1.455000000000002380e+01 7.994557754165409733e+02 1.799999999999951967e+02
1.470000000000002416e+01 7.994557754165409733e+02 1.799999999999951967e+02
1.485000000000002451e+01 7.994557754165409733e+02 1.799999999999951967e+02
1.500000000000002487e+01 7.994557754165409733e+02 1.799999999999951967e+02
1.515000000000002522e+01 7.994557754165409733e+02 1.799999999999951967e+02
1.530000000000002558e+01 7.994557754165409733e+02 1.799999999999951967e+02
1.545000000000002593e+01 7.994557754165409733e+02 1.799999999999951967e+02
1.560000000000002629e+01 7.994557754165409733e+02 1.799999999999951967e+02
1.575000000000002665e+01 7.994557754165409733e+02 1.799999999999951967e+02
1.590000000000002700e+01 7.994557754165409733e+02 1.799999999999951967e+02
