1.499999999999999944e-01 7.996678197984468852e+02 7.424616477180734364e-12
2.999999999999999889e-01 7.996678197984468852e+02 7.424616477180734364e-12
4.499999999999999556e-01 7.996678197984468852e+02 7.424616477180734364e-12
5.999999999999999778e-01 7.996678197984468852e+02 7.424616477180734364e-12
7.500000000000000000e-01 7.996678197984468852e+02 7.424616477180734364e-12
9.000000000000000222e-01 7.996678197984468852e+02 7.424616477180734364e-12
1.050000000000000044e+00 7.996678197984468852e+02 7.424616477180734364e-12
1.199999999999999956e+00 7.996678197984468852e+02 7.424616477180734364e-12
1.349999999999999867e+00 7.996678197984468852e+02 7.424616477180734364e-12
1.499999999999999778e+00 7.996678197984468852e+02 7.424616477180734364e-12
1.649999999999999689e+00 7.996678197984468852e+02 7.424616477180734364e-12
1.799999999999999600e+00 7.996678197984468852e+02 7.424616477180734364e-12
1.949999999999999512e+00 7.996678197984468852e+02 7.424616477180734364e-12
2.099999999999999645e+00 7.998279046178711269e+02 7.400413615243905952e-12
2.249999999999999556e+00 7.998279046178711269e+02 7.400413615243905952e-12
2.399999999999999467e+00 7.998279046178711269e+02 7.400413615243905952e-12
2.549999999999999378e+00 7.998279046178711269e+02 7.400413615243905952e-12
2.699999999999999289e+00 7.998279046178711269e+02 7.400413615243905952e-12
2.849999999999999201e+00 7.998279046178711269e+02 7.400413615243905952e-12
2.999999999999999112e+00 7.998279046178711269e+02 7.400413615243905952e-12
3.149999999999999023e+00 7.998279046178711269e+02 7.400413615243905952e-12
3.299999999999998934e+00 7.998279046178711269e+02 7.400413615243905952e-12
3.449999999999998845e+00 7.998279046178711269e+02 7.400413615243905952e-12
3.599999999999998757e+00 7.998279046178711269e+02 7.400413615243905952e-12
3.749999999999998668e+00 7.998279046178711269e+02 7.400413615243905952e-12
3.899999999999998579e+00 7.998279046178711269e+02 7.400413615243905952e-12
4.049999999999998934e+00 4.376017602767450967e+02 7.437161997358998633e-12
4.199999999999999289e+00 2.090271242908383442e+02 7.432388038353110460e-12
4.349999999999999645e+00 6.858494311503336860e+01 7.300049453817791800e-12
4.500000000000000000e+00 2.570521999730881291e+01 7.398526236102043185e-12
4.650000000000000355e+00 9.120662257837516051e+00 7.478129226967666909e-12
4.800000000000000711e+00 3.237841731468463990e+00 7.705946991620749031e-12
4.950000000000001066e+00 1.087689561006584427e+00 8.417599950405474374e-12
5.100000000000001421e+00 3.102813673181117338e-01 1.047717468338760227e-11
5.250000000000001776e+00 2.810205410241906065e-02 4.208977610886677212e-11
5.400000000000002132e+00 7.417747911222249968e-02 1.799999999999940599e+02
5.550000000000002487e+00 1.112688865691779938e-01 1.799999999999978400e+02
5.700000000000002842e+00 1.247175181779311970e-01 1.799999999999980673e+02
5.850000000000003197e+00 1.295940576346765738e-01 1.799999999999956515e+02
6.000000000000003553e+00 1.313622728789596295e-01 1.799999999999884039e+02
6.150000000000003908e+00 1.320034293521530344e-01 1.799999999999685087e+02
6.300000000000004263e+00 1.322359197761215910e-01 1.799999999999135127e+02
6.450000000000004619e+00 1.323202421053792932e-01 1.799999999997619398e+02
6.600000000000004974e+00 1.323508778864379565e-01 1.799999999993440838e+02
6.750000000000005329e+00 1.323621525052658399e-01 1.799999999981930898e+02
6.900000000000005684e+00 1.323666988405420852e-01 1.799999999950157417e+02
7.050000000000006040e+00 1.323696126678441942e-01 1.799999999862678237e+02
7.200000000000006395e+00 1.323741566429816885e-01 1.799999999621672657e+02
7.350000000000006750e+00 1.323854248894349439e-01 1.799999998956423326e+02
7.500000000000007105e+00 1.324160413173558482e-01 1.799999997125474920e+02
7.650000000000007461e+00 1.325003107795055257e-01 1.799999992085341205e+02
7.800000000000007816e+00 1.327326555829131394e-01 1.799999978204604929e+02
7.950000000000008171e+00 1.333734108325188572e-01 1.799999940239277407e+02
8.100000000000008527e+00 1.351405205878108973e-01 1.799999837504512072e+02
8.250000000000008882e+00 1.400140088571788510e-01 1.799999567336412269e+02
8.400000000000009237e+00 1.534542265712843800e-01 1.799998912370313633e+02
8.550000000000009592e+00 1.905224307961361774e-01 1.799997586385035220e+02
8.700000000000009948e+00 2.927379798231868335e-01 1.799995666931117171e+02
8.850000000000010303e+00 5.747408580343744688e-01 1.799993918145510747e+02
9.000000000000010658e+00 1.351662945877734501e+00 1.799992879186562504e+02
9.150000000000011013e+00 3.500475931948415109e+00 1.799992402609832141e+02
9.300000000000011369e+00 9.379630793534296629e+00 1.799992223068132944e+02
9.450000000000011724e+00 2.595416095863129158e+01 1.799992160078442396e+02
9.600000000000012079e+00 6.880777723692288816e+01 1.799992132216792697e+02
9.750000000000012434e+00 2.091824771284821622e+02 1.799992131239869479e+02
9.900000000000012790e+00 4.376396036550940494e+02 1.799992133863246977e+02
1.005000000000001315e+01 7.998266820730663085e+02 1.799992132292250915e+02
1.020000000000001350e+01 7.998266820730663085e+02 1.799992132292250915e+02
1.035000000000001386e+01 7.998266820730663085e+02 1.799992132292250915e+02
1.050000000000001421e+01 7.998266820730663085e+02 1.799992132292250915e+02
1.065000000000001457e+01 7.998266820730663085e+02 1.799992132292250915e+02
1.080000000000001492e+01 7.998266820730663085e+02 1.799992132292250915e+02
1.095000000000001528e+01 7.998266820730663085e+02 1.799992132292250915e+02
1.110000000000001563e+01 7.998266820730663085e+02 1.799992132292250915e+02
1.125000000000001599e+01 7.998266820730663085e+02 1.799992132292250915e+02
1.140000000000001634e+01 7.998266820730663085e+02 1.799992132292250915e+02
1.155000000000001670e+01 7.998266820730663085e+02 1.799992132292250915e+02
1.170000000000001705e+01 7.998266820730663085e+02 1.799992132292250915e+02
1.185000000000001741e+01 7.998266820730663085e+02 1.799992132292250915e+02
1.200000000000001776e+01 7.998266820730663085e+02 1.799992132292250915e+02
1.215000000000001812e+01 7.998266820730663085e+02 1.799992132292250915e+02
1.230000000000001847e+01 7.998266820730663085e+02 1.799992132292250915e+02
1.245000000000001883e+01 7.998266820730663085e+02 1.799992132292250915e+02
1.260000000000001918e+01 7.998266820730663085e+02 1.799992132292250915e+02
1.275000000000001954e+01 7.998266820730663085e+02 1.799992132292250915e+02
1.290000000000001990e+01 7.998266820730663085e+02 1.799992132292250915e+02
1.305000000000002025e+01 7.996654240762463814e+02 1.799992137872441447e+02
1.320000000000002061e+01 7.996654240762463814e+02 1.799992137872441447e+02
1.335000000000002096e+01 7.996654240762463814e+02 1.799992137872441447e+02
1.350000000000002132e+01 7.996654240762463814e+02 1.799992137872441447e+02
1.365000000000002167e+01 7.996654240762463814e+02 1.799992137872441447e+02
1.380000000000002203e+01 7.996654240762463814e+02 1.799992137872441447e+02
1.395000000000002238e+01 7.996654240762463814e+02 1.799992137872441447e+02
1.410000000000002274e+01 7.996654240762463814e+02 1.799992137872441447e+02
1.425000000000002309e+01 7.996654240762463814e+02 1.799992137872441447e+02
1.440000000000002345e+01 7.996654240762463814e+02 1.799992137872441447e+02
1.455000000000002380e+01 7.996654240762463814e+02 1.799992137872441447e+02
1.470000000000002416e+01 7.996654240762463814e+02 1.799992137872441447e+02
1.485000000000002451e+01 7.996654240762463814e+02 1.799992137872441447e+02
1.500000000000002487e+01 7.996654240762463814e+02 1.799992137872441447e+02
1.515000000000002522e+01 7.996654240762463814e+02 1.799992137872441447e+02
1.530000000000002558e+01 7.996654240762463814e+02 1.799992137872441447e+02
1.545000000000002593e+01 7.996654240762463814e+02 1.799992137872441447e+02
1.560000000000002629e+01 7.996654240762463814e+02 1.799992137872441447e+02
1.575000000000002665e+01 7.996654240762463814e+02 1.799992137872441447e+02
1.590000000000002700e+01 7.996654240762463814e+02 1.799992137872441447e+02
