1.499999999999999944e-01 7.999920266117518395e+02 1.565636509326395753e-12
2.999999999999999889e-01 7.999920266117518395e+02 1.565636509326395753e-12
4.499999999999999556e-01 7.999920266117518395e+02 1.565636509326395753e-12
5.999999999999999778e-01 7.999920266117518395e+02 1.565636509326395753e-12
7.500000000000000000e-01 7.999920266117518395e+02 1.565636509326395753e-12
9.000000000000000222e-01 7.999920266117518395e+02 1.565636509326395753e-12
1.050000000000000044e+00 7.999920266117518395e+02 1.565636509326395753e-12
1.199999999999999956e+00 7.999920266117518395e+02 1.565636509326395753e-12
1.349999999999999867e+00 7.999920266117518395e+02 1.565636509326395753e-12
1.499999999999999778e+00 7.999920266117518395e+02 1.565636509326395753e-12
1.649999999999999689e+00 7.999920266117518395e+02 1.565636509326395753e-12
1.799999999999999600e+00 7.999920266117518395e+02 1.565636509326395753e-12
1.949999999999999512e+00 7.999920266117518395e+02 1.565636509326395753e-12
2.099999999999999645e+00 7.999974607035877625e+02 1.570077401424896379e-12
2.249999999999999556e+00 7.999974607035877625e+02 1.570077401424896379e-12
2.399999999999999467e+00 7.999974607035877625e+02 1.570077401424896379e-12
2.549999999999999378e+00 7.999974607035877625e+02 1.570077401424896379e-12
2.699999999999999289e+00 7.999974607035877625e+02 1.570077401424896379e-12
2.849999999999999201e+00 7.999974607035877625e+02 1.570077401424896379e-12
2.999999999999999112e+00 7.999974607035877625e+02 1.570077401424896379e-12
3.149999999999999023e+00 7.999974607035877625e+02 1.570077401424896379e-12
3.299999999999998934e+00 7.999974607035877625e+02 1.570077401424896379e-12
3.449999999999998845e+00 7.999974607035877625e+02 1.570077401424896379e-12
3.599999999999998757e+00 7.999974607035877625e+02 1.570077401424896379e-12
3.749999999999998668e+00 7.999974607035877625e+02 1.570077401424896379e-12
3.899999999999998579e+00 7.999974607035877625e+02 1.570077401424896379e-12
4.049999999999998934e+00 4.927299285561105648e+02 1.843969421599922498e-12
4.199999999999999289e+00 3.331112686088131341e+02 3.366640299873324693e-12
4.349999999999999645e+00 1.769708579687759027e+02 1.017674833292403491e-11
4.500000000000000000e+00 1.048938226663715341e+02 3.047984087345412263e-11
4.650000000000000355e+00 6.140069777528228201e+01 9.109846210719751980e-11
4.800000000000000711e+00 3.617108941233212249e+01 2.648816721517732731e-10
4.950000000000001066e+00 2.122791872685963455e+01 7.671329127489912025e-10
5.100000000000001421e+00 1.238833015366671475e+01 2.225547190981558288e-09
5.250000000000001776e+00 7.150482593300637291e+00 6.508412253580786455e-09
5.400000000000002132e+00 4.046657086523197222e+00 1.939546168117090019e-08
5.550000000000002487e+00 2.207114386601290335e+00 6.001184837955975127e-08
5.700000000000002842e+00 1.116820127171592958e+00 1.999144561004584375e-07
5.850000000000003197e+00 4.705340634832282376e-01 7.997922997216022623e-07
6.000000000000003553e+00 8.733336005434466642e-02 7.270266046743856236e-06
6.150000000000003908e+00 1.400555156733389595e-01 1.799999923588569857e+02
6.300000000000004263e+00 2.752878640676499344e-01 1.799999934476302030e+02
6.450000000000004619e+00 3.562207354032125295e-01 1.799999914567417250e+02
6.600000000000004974e+00 4.055105771105900203e-01 1.799999873506850747e+02
6.750000000000005329e+00 4.369556654419284314e-01 1.799999802139875840e+02
6.900000000000005684e+00 4.593587959351452810e-01 1.799999682458272332e+02
7.050000000000006040e+00 4.789915452323612044e-01 1.799999486723376378e+02
7.200000000000006395e+00 5.013499474380296306e-01 1.799999173458107862e+02
7.350000000000006750e+00 5.326930649715677646e-01 1.799998687540072808e+02
7.500000000000007105e+00 5.817951674948744767e-01 1.799997974559241243e+02
7.650000000000007461e+00 6.624020352248862764e-01 1.799997001565262735e+02
7.800000000000007816e+00 7.970790233819116111e-01 1.799995795907370564e+02
7.950000000000008171e+00 1.023528198478175000e+00 1.799994481758918141e+02
8.100000000000008527e+00 1.405143177798066745e+00 1.799993225035683793e+02
8.250000000000008882e+00 2.048757499413113692e+00 1.799992160370719887e+02
8.400000000000009237e+00 3.134557184735697888e+00 1.799991363475731703e+02
8.550000000000009592e+00 4.966555747383679886e+00 1.799990812589209668e+02
8.700000000000009948e+00 8.057764580290523782e+00 1.799990445562496859e+02
8.850000000000010303e+00 1.327464030459126931e+01 1.799990223779551854e+02
9.000000000000010658e+00 2.207972636653076393e+01 1.799990091475794145e+02
9.150000000000011013e+00 3.696709178714099409e+01 1.799990005646351392e+02
9.300000000000011369e+00 6.210909273331242986e+01 1.799989964457265330e+02
9.450000000000011724e+00 1.054707058373016650e+02 1.799989944311988950e+02
9.600000000000012079e+00 1.773686531124059229e+02 1.799989926903067499e+02
9.750000000000012434e+00 3.332823506792868784e+02 1.799989927760408932e+02
9.900000000000012790e+00 4.927458702666156114e+02 1.799989930780797351e+02
1.005000000000001315e+01 7.999974302130040087e+02 1.799989929338201478e+02
1.020000000000001350e+01 7.999974302130040087e+02 1.799989929338201478e+02
1.035000000000001386e+01 7.999974302130040087e+02 1.799989929338201478e+02
1.050000000000001421e+01 7.999974302130040087e+02 1.799989929338201478e+02
1.065000000000001457e+01 7.999974302130040087e+02 1.799989929338201478e+02
1.080000000000001492e+01 7.999974302130040087e+02 1.799989929338201478e+02
1.095000000000001528e+01 7.999974302130040087e+02 1.799989929338201478e+02
1.110000000000001563e+01 7.999974302130040087e+02 1.799989929338201478e+02
1.125000000000001599e+01 7.999974302130040087e+02 1.799989929338201478e+02
1.140000000000001634e+01 7.999974302130040087e+02 1.799989929338201478e+02
1.155000000000001670e+01 7.999974302130040087e+02 1.799989929338201478e+02
1.170000000000001705e+01 7.999974302130040087e+02 1.799989929338201478e+02
1.185000000000001741e+01 7.999974302130040087e+02 1.799989929338201478e+02
1.200000000000001776e+01 7.999974302130040087e+02 1.799989929338201478e+02
1.215000000000001812e+01 7.999974302130040087e+02 1.799989929338201478e+02
1.230000000000001847e+01 7.999974302130040087e+02 1.799989929338201478e+02
1.245000000000001883e+01 7.999974302130040087e+02 1.799989929338201478e+02
1.260000000000001918e+01 7.999974302130040087e+02 1.799989929338201478e+02
1.275000000000001954e+01 7.999974302130040087e+02 1.799989929338201478e+02
1.290000000000001990e+01 7.999974302130040087e+02 1.799989929338201478e+02
1.305000000000002025e+01 7.999919298777292624e+02 1.799989935059173263e+02
1.320000000000002061e+01 7.999919298777292624e+02 1.799989935059173263e+02
1.335000000000002096e+01 7.999919298777292624e+02 1.799989935059173263e+02
1.350000000000002132e+01 7.999919298777292624e+02 1.799989935059173263e+02
1.365000000000002167e+01 7.999919298777292624e+02 1.799989935059173263e+02
1.380000000000002203e+01 7.999919298777292624e+02 1.799989935059173263e+02
1.395000000000002238e+01 7.999919298777292624e+02 1.799989935059173263e+02
1.410000000000002274e+01 7.999919298777292624e+02 1.799989935059173263e+02
1.425000000000002309e+01 7.999919298777292624e+02 1.799989935059173263e+02
1.440000000000002345e+01 7.999919298777292624e+02 1.799989935059173263e+02
1.455000000000002380e+01 7.999919298777292624e+02 1.799989935059173263e+02
1.470000000000002416e+01 7.999919298777292624e+02 1.799989935059173263e+02
1.485000000000002451e+01 7.999919298777292624e+02 1.799989935059173263e+02
1.500000000000002487e+01 7.999919298777292624e+02 1.799989935059173263e+02
1.515000000000002522e+01 7.999919298777292624e+02 1.799989935059173263e+02
1.530000000000002558e+01 7.999919298777292624e+02 1.799989935059173263e+02
1.545000000000002593e+01 7.999919298777292624e+02 1.799989935059173263e+02
1.560000000000002629e+01 7.999919298777292624e+02 1.799989935059173263e+02
1.575000000000002665e+01 7.999919298777292624e+02 1.799989935059173263e+02
1.590000000000002700e+01 7.999919298777292624e+02 1.799989935059173263e+02
