1.499999999999999944e-01 7.999998888793849119e+02 1.268237170577009465e+02
2.999999999999999889e-01 7.999998888793849119e+02 1.268237170577009465e+02
4.499999999999999556e-01 7.999998888793849119e+02 1.268237170577009465e+02
5.999999999999999778e-01 7.999998888793849119e+02 1.268237170577009465e+02
7.500000000000000000e-01 7.999998888793849119e+02 1.268237170577009465e+02
9.000000000000000222e-01 7.999998888793849119e+02 1.268237170577009465e+02
1.050000000000000044e+00 7.999998888793849119e+02 1.268237170577009465e+02
1.199999999999999956e+00 7.999998888793849119e+02 1.268237170577009465e+02
1.349999999999999867e+00 7.999998888793849119e+02 1.268237170577009465e+02
1.499999999999999778e+00 7.999998888793849119e+02 1.268237170577009465e+02
1.649999999999999689e+00 7.999998888793849119e+02 1.268237170577009465e+02
1.799999999999999600e+00 7.999998888793849119e+02 1.268237170577009465e+02
1.949999999999999512e+00 7.999998888793849119e+02 1.268237170577009465e+02
2.099999999999999645e+00 7.999999796775036884e+02 1.268553342142974998e+02
2.249999999999999556e+00 7.999999796775036884e+02 1.268553342142974998e+02
2.399999999999999467e+00 7.999999796775036884e+02 1.268553342142974998e+02
2.549999999999999378e+00 7.999999796775036884e+02 1.268553342142974998e+02
2.699999999999999289e+00 7.999999796775036884e+02 1.268553342142974998e+02
2.849999999999999201e+00 7.999999796775036884e+02 1.268553342142974998e+02
2.999999999999999112e+00 7.999999796775036884e+02 1.268553342142974998e+02
3.149999999999999023e+00 7.999999796775036884e+02 1.268553342142974998e+02
3.299999999999998934e+00 7.999999796775036884e+02 1.268553342142974998e+02
3.449999999999998845e+00 7.999999796775036884e+02 1.268553342142974998e+02
3.599999999999998757e+00 7.999999796775036884e+02 1.268553342142974998e+02
3.749999999999998668e+00 7.999999796775036884e+02 1.268553342142974998e+02
3.899999999999998579e+00 7.999999796775036884e+02 1.268553342142974998e+02
4.049999999999998934e+00 5.120034196553092443e+02 1.270282046559560456e+02
4.199999999999999289e+00 4.378219247643763197e+02 1.277782295987406940e+02
4.349999999999999645e+00 3.572649593172227469e+02 1.294335374284468685e+02
4.500000000000000000e+00 3.330939953938886333e+02 1.313828017642005648e+02
4.650000000000000355e+00 3.215812481266846703e+02 1.335197220832043001e+02
4.800000000000000711e+00 3.166911684359356514e+02 1.356737509279488165e+02
4.950000000000001066e+00 3.145200898926341324e+02 1.377911244532871251e+02
5.100000000000001421e+00 3.135826235921621219e+02 1.398435019761469391e+02
5.250000000000001776e+00 3.131929132315186735e+02 1.418214883827947119e+02
5.400000000000002132e+00 3.130477543264096312e+02 1.437227357177156364e+02
5.550000000000002487e+00 3.130102927755498854e+02 1.455482301048091927e+02
5.700000000000002842e+00 3.130190637962549545e+02 1.473003835498754199e+02
5.850000000000003197e+00 3.130464997816441155e+02 1.489821013821342319e+02
6.000000000000003553e+00 3.130803300998004488e+02 1.505964822954766191e+02
6.150000000000003908e+00 3.131151785765568434e+02 1.521467080328958161e+02
6.300000000000004263e+00 3.131487706399362310e+02 1.536358724025955951e+02
6.450000000000004619e+00 3.131802186417115763e+02 1.550670066415699466e+02
6.600000000000004974e+00 3.132092519929390733e+02 1.564431070590184447e+02
6.750000000000005329e+00 3.132358697734163684e+02 1.577670432378800172e+02
6.900000000000005684e+00 3.132601836070987815e+02 1.590416042228056597e+02
7.050000000000006040e+00 3.132823520499396750e+02 1.602695330215211698e+02
7.200000000000006395e+00 3.133025556459712675e+02 1.614534545993477650e+02
7.350000000000006750e+00 3.133209954806537212e+02 1.625959182015128306e+02
7.500000000000007105e+00 3.133379188225487155e+02 1.636994277607648485e+02
7.650000000000007461e+00 3.133536837719761934e+02 1.647663826679171564e+02
7.800000000000007816e+00 3.133689060092700061e+02 1.657991134042378292e+02
7.950000000000008171e+00 3.133847899160509769e+02 1.667999048413674075e+02
8.100000000000008527e+00 3.134038633946605046e+02 1.677709430651769651e+02
8.250000000000008882e+00 3.134316120592397965e+02 1.687143339530281878e+02
8.400000000000009237e+00 3.134801185417023248e+02 1.696320965809760821e+02
8.550000000000009592e+00 3.135761704809560797e+02 1.705260652530488414e+02
8.700000000000009948e+00 3.137793064258361824e+02 1.713977820664595413e+02
8.850000000000010303e+00 3.142223631695695758e+02 1.722482292065537877e+02
9.000000000000010658e+00 3.152009353680203390e+02 1.730771472236257011e+02
9.150000000000011013e+00 3.173879210040063867e+02 1.738818605769787666e+02
9.300000000000011369e+00 3.222487805385620732e+02 1.746537069291937030e+02
9.450000000000011724e+00 3.336642637796767303e+02 1.753764631386965505e+02
9.600000000000012079e+00 3.576570152320094280e+02 1.760002573535020929e+02
9.750000000000012434e+00 4.379577782325967519e+02 1.764977483966701186e+02
9.900000000000012790e+00 5.120097261176402981e+02 1.767098312652902337e+02
1.005000000000001315e+01 7.999999803160412739e+02 1.767528886842148381e+02
1.020000000000001350e+01 7.999999803160412739e+02 1.767528886842148381e+02
1.035000000000001386e+01 7.999999803160412739e+02 1.767528886842148381e+02
1.050000000000001421e+01 7.999999803160412739e+02 1.767528886842148381e+02
1.065000000000001457e+01 7.999999803160412739e+02 1.767528886842148381e+02
1.080000000000001492e+01 7.999999803160412739e+02 1.767528886842148381e+02
1.095000000000001528e+01 7.999999803160412739e+02 1.767528886842148381e+02
1.110000000000001563e+01 7.999999803160412739e+02 1.767528886842148381e+02
1.125000000000001599e+01 7.999999803160412739e+02 1.767528886842148381e+02
1.140000000000001634e+01 7.999999803160412739e+02 1.767528886842148381e+02
1.155000000000001670e+01 7.999999803160412739e+02 1.767528886842148381e+02
1.170000000000001705e+01 7.999999803160412739e+02 1.767528886842148381e+02
1.185000000000001741e+01 7.999999803160412739e+02 1.767528886842148381e+02
1.200000000000001776e+01 7.999999803160412739e+02 1.767528886842148381e+02
1.215000000000001812e+01 7.999999803160412739e+02 1.767528886842148381e+02
1.230000000000001847e+01 7.999999803160412739e+02 1.767528886842148381e+02
1.245000000000001883e+01 7.999999803160412739e+02 1.767528886842148381e+02
1.260000000000001918e+01 7.999999803160412739e+02 1.767528886842148381e+02
1.275000000000001954e+01 7.999999803160412739e+02 1.767528886842148381e+02
1.290000000000001990e+01 7.999999803160412739e+02 1.767528886842148381e+02
1.305000000000002025e+01 7.999998923531569517e+02 1.767612293304124194e+02
1.320000000000002061e+01 7.999998923531569517e+02 1.767612293304124194e+02
1.335000000000002096e+01 7.999998923531569517e+02 1.767612293304124194e+02
1.350000000000002132e+01 7.999998923531569517e+02 1.767612293304124194e+02
1.365000000000002167e+01 7.999998923531569517e+02 1.767612293304124194e+02
1.380000000000002203e+01 7.999998923531569517e+02 1.767612293304124194e+02
1.395000000000002238e+01 7.999998923531569517e+02 1.767612293304124194e+02
1.410000000000002274e+01 7.999998923531569517e+02 1.767612293304124194e+02
1.425000000000002309e+01 7.999998923531569517e+02 1.767612293304124194e+02
1.440000000000002345e+01 7.999998923531569517e+02 1.767612293304124194e+02
1.455000000000002380e+01 7.999998923531569517e+02 1.767612293304124194e+02
1.470000000000002416e+01 7.999998923531569517e+02 1.767612293304124194e+02
1.485000000000002451e+01 7.999998923531569517e+02 1.767612293304124194e+02
1.500000000000002487e+01 7.999998923531569517e+02 1.767612293304124194e+02
1.515000000000002522e+01 7.999998923531569517e+02 1.767612293304124194e+02
1.530000000000002558e+01 7.999998923531569517e+02 1.767612293304124194e+02
1.545000000000002593e+01 7.999998923531569517e+02 1.767612293304124194e+02
1.560000000000002629e+01 7.999998923531569517e+02 1.767612293304124194e+02
1.575000000000002665e+01 7.999998923531569517e+02 1.767612293304124194e+02
1.590000000000002700e+01 7.999998923531569517e+02 1.767612293304124194e+02
