1.499999999999999944e-01 7.997228612523066431e+02 1.799996278290830958e+02
2.999999999999999889e-01 7.997228612523066431e+02 1.799996278290830958e+02
4.499999999999999556e-01 7.997228612523066431e+02 1.799996278290830958e+02
5.999999999999999778e-01 7.997228612523066431e+02 1.799996278290830958e+02
7.500000000000000000e-01 7.997228612523066431e+02 1.799996278290830958e+02
9.000000000000000222e-01 7.997228612523066431e+02 1.799996278290830958e+02
1.050000000000000044e+00 7.997228612523066431e+02 1.799996278290830958e+02
1.199999999999999956e+00 7.997228612523066431e+02 1.799996278290830958e+02
1.349999999999999867e+00 7.997228612523066431e+02 1.799996278290830958e+02
1.499999999999999778e+00 7.997228612523066431e+02 1.799996278290830958e+02
1.649999999999999689e+00 7.997228612523066431e+02 1.799996278290830958e+02
1.799999999999999600e+00 7.997228612523066431e+02 1.799996278290830958e+02
1.949999999999999512e+00 7.997228612523066431e+02 1.799996278290830958e+02
2.099999999999999645e+00 7.998598689014751244e+02 1.799996282714585902e+02
2.249999999999999556e+00 7.998598689014751244e+02 1.799996282714585902e+02
2.399999999999999467e+00 7.998598689014751244e+02 1.799996282714585902e+02
2.549999999999999378e+00 7.998598689014751244e+02 1.799996282714585902e+02
2.699999999999999289e+00 7.998598689014751244e+02 1.799996282714585902e+02
2.849999999999999201e+00 7.998598689014751244e+02 1.799996282714585902e+02
2.999999999999999112e+00 7.998598689014751244e+02 1.799996282714585902e+02
3.149999999999999023e+00 7.998598689014751244e+02 1.799996282714585902e+02
3.299999999999998934e+00 7.998598689014751244e+02 1.799996282714585902e+02
3.449999999999998845e+00 7.998598689014751244e+02 1.799996282714585902e+02
3.599999999999998757e+00 7.998598689014751244e+02 1.799996282714585902e+02
3.749999999999998668e+00 7.998598689014751244e+02 1.799996282714585902e+02
3.899999999999998579e+00 7.998598689014751244e+02 1.799996282714585902e+02
4.049999999999998934e+00 4.421487363091675320e+02 1.799996285500358795e+02
4.199999999999999289e+00 2.161934617247512449e+02 1.799996287280449963e+02
4.349999999999999645e+00 7.363431042124126691e+01 1.799996327627833068e+02
4.500000000000000000e+00 2.908420488619501043e+01 1.799996425097157839e+02
4.650000000000000355e+00 1.146848947239150363e+01 1.799996664178633523e+02
4.800000000000000711e+00 5.066386092668949459e+00 1.799997184273372000e+02
4.950000000000001066e+00 2.671544077177202325e+00 1.799998020093137825e+02
5.100000000000001421e+00 1.784827658054609856e+00 1.799998896001229411e+02
5.250000000000001776e+00 1.455312878759826845e+00 1.799999497318695205e+02
5.400000000000002132e+00 1.333019090837751719e+00 1.799999796198467550e+02
5.550000000000002487e+00 1.287610972107472662e+00 1.799999921444274094e+02
5.700000000000002842e+00 1.270753521030826505e+00 1.799999970442296444e+02
5.850000000000003197e+00 1.264494946245577012e+00 1.799999988969898652e+02
6.000000000000003553e+00 1.262171408349217927e+00 1.799999995885588078e+02
6.150000000000003908e+00 1.261308777399676728e+00 1.799999998471130311e+02
6.300000000000004263e+00 1.260988531854138728e+00 1.799999999432131972e+02
6.450000000000004619e+00 1.260869674765103809e+00 1.799999999788546461e+02
6.600000000000004974e+00 1.260825647615774869e+00 1.799999999921477070e+02
6.750000000000005329e+00 1.260809570586616246e+00 1.799999999970843021e+02
6.900000000000005684e+00 1.260804324912726315e+00 1.799999999989142054e+02
7.050000000000006040e+00 1.260804324912726315e+00 1.799999999995969233e+02
7.200000000000006395e+00 1.260809570616117981e+00 1.799999999998503597e+02
7.350000000000006750e+00 1.260825647733781807e+00 1.799999999999444071e+02
7.500000000000007105e+00 1.260869674942114216e+00 1.799999999999792237e+02
7.650000000000007461e+00 1.260988532208159540e+00 1.799999999999922409e+02
7.800000000000007816e+00 1.261308778520742635e+00 1.799999999999972147e+02
7.950000000000008171e+00 1.262171411417398303e+00 1.799999999999990621e+02
8.100000000000008527e+00 1.264494954476560906e+00 1.799999999999997158e+02
8.250000000000008882e+00 1.270753543216130765e+00 1.799999999999999147e+02
8.400000000000009237e+00 1.287611031848484799e+00 1.799999999999996589e+02
8.550000000000009592e+00 1.333019251828716278e+00 1.799999999999990905e+02
8.700000000000009948e+00 1.455313312302564555e+00 1.799999999999974989e+02
8.850000000000010303e+00 1.784828826293789916e+00 1.799999999999946851e+02
9.000000000000010658e+00 2.671547219937963291e+00 1.799999999999901092e+02
9.150000000000011013e+00 5.066394587929380577e+00 1.799999999999861870e+02
9.300000000000011369e+00 1.146851212786490493e+01 1.799999999999833733e+02
9.450000000000011724e+00 2.908426765184112384e+01 1.799999999999821796e+02
9.600000000000012079e+00 7.363446592991742534e+01 1.799999999999815827e+02
9.750000000000012434e+00 2.161939872017347284e+02 1.799999999999812133e+02
9.900000000000012790e+00 4.421494314592931687e+02 1.799999999999814690e+02
1.005000000000001315e+01 7.998630661448644332e+02 1.799999999999812701e+02
1.020000000000001350e+01 7.998630661448644332e+02 1.799999999999812701e+02
1.035000000000001386e+01 7.998630661448644332e+02 1.799999999999812701e+02
1.050000000000001421e+01 7.998630661448644332e+02 1.799999999999812701e+02
1.065000000000001457e+01 7.998630661448644332e+02 1.799999999999812701e+02
1.080000000000001492e+01 7.998630661448644332e+02 1.799999999999812701e+02
1.095000000000001528e+01 7.998630661448644332e+02 1.799999999999812701e+02
1.110000000000001563e+01 7.998630661448644332e+02 1.799999999999812701e+02
1.125000000000001599e+01 7.998630661448644332e+02 1.799999999999812701e+02
1.140000000000001634e+01 7.998630661448644332e+02 1.799999999999812701e+02
1.155000000000001670e+01 7.998630661448644332e+02 1.799999999999812701e+02
1.170000000000001705e+01 7.998630661448644332e+02 1.799999999999812701e+02
1.185000000000001741e+01 7.998630661448644332e+02 1.799999999999812701e+02
1.200000000000001776e+01 7.998630661448644332e+02 1.799999999999812701e+02
1.215000000000001812e+01 7.998630661448644332e+02 1.799999999999812701e+02
1.230000000000001847e+01 7.998630661448644332e+02 1.799999999999812701e+02
1.245000000000001883e+01 7.998630661448644332e+02 1.799999999999812701e+02
1.260000000000001918e+01 7.998630661448644332e+02 1.799999999999812701e+02
1.275000000000001954e+01 7.998630661448644332e+02 1.799999999999812701e+02
1.290000000000001990e+01 7.998630661448644332e+02 1.799999999999812701e+02
1.305000000000002025e+01 7.997291845983635312e+02 1.799999999999813838e+02
1.320000000000002061e+01 7.997291845983635312e+02 1.799999999999813838e+02
1.335000000000002096e+01 7.997291845983635312e+02 1.799999999999813838e+02
1.350000000000002132e+01 7.997291845983635312e+02 1.799999999999813838e+02
1.365000000000002167e+01 7.997291845983635312e+02 1.799999999999813838e+02
1.380000000000002203e+01 7.997291845983635312e+02 1.799999999999813838e+02
1.395000000000002238e+01 7.997291845983635312e+02 1.799999999999813838e+02
1.410000000000002274e+01 7.997291845983635312e+02 1.799999999999813838e+02
1.425000000000002309e+01 7.997291845983635312e+02 1.799999999999813838e+02
1.440000000000002345e+01 7.997291845983635312e+02 1.799999999999813838e+02
1.455000000000002380e+01 7.997291845983635312e+02 1.799999999999813838e+02
1.470000000000002416e+01 7.997291845983635312e+02 1.799999999999813838e+02
1.485000000000002451e+01 7.997291845983635312e+02 1.799999999999813838e+02
1.500000000000002487e+01 7.997291845983635312e+02 1.799999999999813838e+02
1.515000000000002522e+01 7.997291845983635312e+02 1.799999999999813838e+02
1.530000000000002558e+01 7.997291845983635312e+02 1.799999999999813838e+02
1.545000000000002593e+01 7.997291845983635312e+02 1.799999999999813838e+02
1.560000000000002629e+01 7.997291845983635312e+02 1.799999999999813838e+02
1.575000000000002665e+01 7.997291845983635312e+02 1.799999999999813838e+02
1.590000000000002700e+01 7.997291845983635312e+02 1.799999999999813838e+02
