1.499999999999999944e-01 7.999999970483206653e+02 1.799996706773932260e+02
2.999999999999999889e-01 7.999999970483206653e+02 1.799996706773932260e+02
4.499999999999999556e-01 7.999999970483206653e+02 1.799996706773932260e+02
5.999999999999999778e-01 7.999999970483206653e+02 1.799996706773932260e+02
7.500000000000000000e-01 7.999999970483206653e+02 1.799996706773932260e+02
9.000000000000000222e-01 7.999999970483206653e+02 1.799996706773932260e+02
1.050000000000000044e+00 7.999999970483206653e+02 1.799996706773932260e+02
1.199999999999999956e+00 7.999999970483206653e+02 1.799996706773932260e+02
1.349999999999999867e+00 7.999999970483206653e+02 1.799996706773932260e+02
1.499999999999999778e+00 7.999999970483206653e+02 1.799996706773932260e+02
1.649999999999999689e+00 7.999999970483206653e+02 1.799996706773932260e+02
1.799999999999999600e+00 7.999999970483206653e+02 1.799996706773932260e+02
1.949999999999999512e+00 7.999999970483206653e+02 1.799996706773932260e+02
2.099999999999999645e+00 7.999999996519111392e+02 1.799996713187670139e+02
2.249999999999999556e+00 7.999999996519111392e+02 1.799996713187670139e+02
2.399999999999999467e+00 7.999999996519111392e+02 1.799996713187670139e+02
2.549999999999999378e+00 7.999999996519111392e+02 1.799996713187670139e+02
2.699999999999999289e+00 7.999999996519111392e+02 1.799996713187670139e+02
2.849999999999999201e+00 7.999999996519111392e+02 1.799996713187670139e+02
2.999999999999999112e+00 7.999999996519111392e+02 1.799996713187670139e+02
3.149999999999999023e+00 7.999999996519111392e+02 1.799996713187670139e+02
3.299999999999998934e+00 7.999999996519111392e+02 1.799996713187670139e+02
3.449999999999998845e+00 7.999999996519111392e+02 1.799996713187670139e+02
3.599999999999998757e+00 7.999999996519111392e+02 1.799996713187670139e+02
3.749999999999998668e+00 7.999999996519111392e+02 1.799996713187670139e+02
3.899999999999998579e+00 7.999999996519111392e+02 1.799996713187670139e+02
4.049999999999998934e+00 5.166061407768772824e+02 1.799996726374166371e+02
4.199999999999999289e+00 4.767114834875605993e+02 1.799996775099539832e+02
4.349999999999999645e+00 4.307138998946582547e+02 1.799996886001945597e+02
4.500000000000000000e+00 4.226374211669720466e+02 1.799996999691405790e+02
4.650000000000000355e+00 4.198302196096503849e+02 1.799997106520419266e+02
4.800000000000000711e+00 4.190987779804615343e+02 1.799997219589383519e+02
4.950000000000001066e+00 4.188844956190051789e+02 1.799997329532942842e+02
5.100000000000001421e+00 4.188247040211028889e+02 1.799997428429797708e+02
5.250000000000001776e+00 4.188076671940556253e+02 1.799997532207420079e+02
5.400000000000002132e+00 4.188028550940700256e+02 1.799997632886007750e+02
5.550000000000002487e+00 4.188014908142534978e+02 1.799997723711126412e+02
5.700000000000002842e+00 4.188011046343016233e+02 1.799997818837406953e+02
5.850000000000003197e+00 4.188009952472347663e+02 1.799997911211456483e+02
6.000000000000003553e+00 4.188009642716247072e+02 1.799997994891535313e+02
6.150000000000003908e+00 4.188009554990815673e+02 1.799998082362530454e+02
6.300000000000004263e+00 4.188009530147591590e+02 1.799998167404790195e+02
6.450000000000004619e+00 4.188009523112262968e+02 1.799998244822176900e+02
6.600000000000004974e+00 4.188009521120823138e+02 1.799998325560859769e+02
6.750000000000005329e+00 4.188009520560192982e+02 1.799998404168692900e+02
6.900000000000005684e+00 4.188009520413215228e+02 1.799998476139943477e+02
7.050000000000006040e+00 4.188009520413217501e+02 1.799998550998100484e+02
7.200000000000006395e+00 4.188009520560203214e+02 1.799998624000703558e+02
7.350000000000006750e+00 4.188009521120843033e+02 1.799998691284588404e+02
7.500000000000007105e+00 4.188009523112287411e+02 1.799998761051626843e+02
7.650000000000007461e+00 4.188009530147623991e+02 1.799998829218723984e+02
7.800000000000007816e+00 4.188009554990854326e+02 1.799998892524234861e+02
7.950000000000008171e+00 4.188009642716293683e+02 1.799998957935519570e+02
8.100000000000008527e+00 4.188009952472403938e+02 1.799999021985475167e+02
8.250000000000008882e+00 4.188011046343081034e+02 1.799999081979240145e+02
8.400000000000009237e+00 4.188014908142608874e+02 1.799999143723725297e+02
8.550000000000009592e+00 4.188028550940782111e+02 1.799999204330744078e+02
8.700000000000009948e+00 4.188076671940645497e+02 1.799999261642771273e+02
8.850000000000010303e+00 4.188247040211127228e+02 1.799999320365930373e+02
9.000000000000010658e+00 4.188844956190167181e+02 1.799999378151040332e+02
9.150000000000011013e+00 4.190987779804767115e+02 1.799999433331154819e+02
9.300000000000011369e+00 4.198302196096746570e+02 1.799999489430838651e+02
9.450000000000011724e+00 4.226374211670310501e+02 1.799999544437114878e+02
9.600000000000012079e+00 4.307138998947978621e+02 1.799999595078061532e+02
9.750000000000012434e+00 4.767114834883614662e+02 1.799999643642024978e+02
9.900000000000012790e+00 5.166061407773925112e+02 1.799999668268684161e+02
1.005000000000001315e+01 7.999999996697971483e+02 1.799999673490770533e+02
1.020000000000001350e+01 7.999999996697971483e+02 1.799999673490770533e+02
1.035000000000001386e+01 7.999999996697971483e+02 1.799999673490770533e+02
1.050000000000001421e+01 7.999999996697971483e+02 1.799999673490770533e+02
1.065000000000001457e+01 7.999999996697971483e+02 1.799999673490770533e+02
1.080000000000001492e+01 7.999999996697971483e+02 1.799999673490770533e+02
1.095000000000001528e+01 7.999999996697971483e+02 1.799999673490770533e+02
1.110000000000001563e+01 7.999999996697971483e+02 1.799999673490770533e+02
1.125000000000001599e+01 7.999999996697971483e+02 1.799999673490770533e+02
1.140000000000001634e+01 7.999999996697971483e+02 1.799999673490770533e+02
1.155000000000001670e+01 7.999999996697971483e+02 1.799999673490770533e+02
1.170000000000001705e+01 7.999999996697971483e+02 1.799999673490770533e+02
1.185000000000001741e+01 7.999999996697971483e+02 1.799999673490770533e+02
1.200000000000001776e+01 7.999999996697971483e+02 1.799999673490770533e+02
1.215000000000001812e+01 7.999999996697971483e+02 1.799999673490770533e+02
1.230000000000001847e+01 7.999999996697971483e+02 1.799999673490770533e+02
1.245000000000001883e+01 7.999999996697971483e+02 1.799999673490770533e+02
1.260000000000001918e+01 7.999999996697971483e+02 1.799999673490770533e+02
1.275000000000001954e+01 7.999999996697971483e+02 1.799999673490770533e+02
1.290000000000001990e+01 7.999999996697971483e+02 1.799999673490770533e+02
1.305000000000002025e+01 7.999999971999886839e+02 1.799999675117631455e+02
1.320000000000002061e+01 7.999999971999886839e+02 1.799999675117631455e+02
1.335000000000002096e+01 7.999999971999886839e+02 1.799999675117631455e+02
1.350000000000002132e+01 7.999999971999886839e+02 1.799999675117631455e+02
1.365000000000002167e+01 7.999999971999886839e+02 1.799999675117631455e+02
1.380000000000002203e+01 7.999999971999886839e+02 1.799999675117631455e+02
1.395000000000002238e+01 7.999999971999886839e+02 1.799999675117631455e+02
1.410000000000002274e+01 7.999999971999886839e+02 1.799999675117631455e+02
1.425000000000002309e+01 7.999999971999886839e+02 1.799999675117631455e+02
1.440000000000002345e+01 7.999999971999886839e+02 1.799999675117631455e+02
1.455000000000002380e+01 7.999999971999886839e+02 1.799999675117631455e+02
1.470000000000002416e+01 7.999999971999886839e+02 1.799999675117631455e+02
1.485000000000002451e+01 7.999999971999886839e+02 1.799999675117631455e+02
1.500000000000002487e+01 7.999999971999886839e+02 1.799999675117631455e+02
1.515000000000002522e+01 7.999999971999886839e+02 1.799999675117631455e+02
1.530000000000002558e+01 7.999999971999886839e+02 1.799999675117631455e+02
1.545000000000002593e+01 7.999999971999886839e+02 1.799999675117631455e+02
1.560000000000002629e+01 7.999999971999886839e+02 1.799999675117631455e+02
1.575000000000002665e+01 7.999999971999886839e+02 1.799999675117631455e+02
1.590000000000002700e+01 7.999999971999886839e+02 1.799999675117631455e+02
