1.499999999999999944e-01 7.999999779709680752e+02 1.561797341862624080e+02
2.999999999999999889e-01 7.999999779709680752e+02 1.561797341862624080e+02
4.499999999999999556e-01 7.999999779709680752e+02 1.561797341862624080e+02
5.999999999999999778e-01 7.999999779709680752e+02 1.561797341862624080e+02
7.500000000000000000e-01 7.999999779709680752e+02 1.561797341862624080e+02
9.000000000000000222e-01 7.999999779709680752e+02 1.561797341862624080e+02
1.050000000000000044e+00 7.999999779709680752e+02 1.561797341862624080e+02
1.199999999999999956e+00 7.999999779709680752e+02 1.561797341862624080e+02
1.349999999999999867e+00 7.999999779709680752e+02 1.561797341862624080e+02
1.499999999999999778e+00 7.999999779709680752e+02 1.561797341862624080e+02
1.649999999999999689e+00 7.999999779709680752e+02 1.561797341862624080e+02
1.799999999999999600e+00 7.999999779709680752e+02 1.561797341862624080e+02
1.949999999999999512e+00 7.999999779709680752e+02 1.561797341862624080e+02
2.099999999999999645e+00 7.999999966993459566e+02 1.561977817018631640e+02
2.249999999999999556e+00 7.999999966993459566e+02 1.561977817018631640e+02
2.399999999999999467e+00 7.999999966993459566e+02 1.561977817018631640e+02
2.549999999999999378e+00 7.999999966993459566e+02 1.561977817018631640e+02
2.699999999999999289e+00 7.999999966993459566e+02 1.561977817018631640e+02
2.849999999999999201e+00 7.999999966993459566e+02 1.561977817018631640e+02
2.999999999999999112e+00 7.999999966993459566e+02 1.561977817018631640e+02
3.149999999999999023e+00 7.999999966993459566e+02 1.561977817018631640e+02
3.299999999999998934e+00 7.999999966993459566e+02 1.561977817018631640e+02
3.449999999999998845e+00 7.999999966993459566e+02 1.561977817018631640e+02
3.599999999999998757e+00 7.999999966993459566e+02 1.561977817018631640e+02
3.749999999999998668e+00 7.999999966993459566e+02 1.561977817018631640e+02
3.899999999999998579e+00 7.999999966993459566e+02 1.561977817018631640e+02
4.049999999999998934e+00 5.146912584768271017e+02 1.562941478081227444e+02
4.199999999999999289e+00 4.588746919149803034e+02 1.566998279167028727e+02
4.349999999999999645e+00 3.970098361875662363e+02 1.575210466185872633e+02
4.500000000000000000e+00 3.825797705103100839e+02 1.584073212098882948e+02
4.650000000000000355e+00 3.767370824992729581e+02 1.593282135910022532e+02
4.800000000000000711e+00 3.747785126968768736e+02 1.602311632807338242e+02
4.950000000000001066e+00 3.740738652663832227e+02 1.611070064372385673e+02
5.100000000000001421e+00 3.738290765817832835e+02 1.619514731655989976e+02
5.250000000000001776e+00 3.737456989064736490e+02 1.627650914805430773e+02
5.400000000000002132e+00 3.737197675917209381e+02 1.635483540010442596e+02
5.550000000000002487e+00 3.737139729732473938e+02 1.643021577516179264e+02
5.700000000000002842e+00 3.737150802641745599e+02 1.650282905073467248e+02
5.850000000000003197e+00 3.737183954408515092e+02 1.657277164851726923e+02
6.000000000000003553e+00 3.737222584663892917e+02 1.664014201049432131e+02
6.150000000000003908e+00 3.737260976323905197e+02 1.670510540472808714e+02
6.300000000000004263e+00 3.737297312856729263e+02 1.676775174615990522e+02
6.450000000000004619e+00 3.737331045436765180e+02 1.682817150194956923e+02
6.600000000000004974e+00 3.737362135333422657e+02 1.688651231320831982e+02
6.750000000000005329e+00 3.737390741363180382e+02 1.694285649405449874e+02
6.900000000000005684e+00 3.737416997951249868e+02 1.699728688644945294e+02
7.050000000000006040e+00 3.737441076314768793e+02 1.704993527426905757e+02
7.200000000000006395e+00 3.737463175207532231e+02 1.710087732385164259e+02
7.350000000000006750e+00 3.737483436361861209e+02 1.715018930243186048e+02
7.500000000000007105e+00 3.737502034464304757e+02 1.719798900640284671e+02
7.650000000000007461e+00 3.737519219124252459e+02 1.724434647457512142e+02
7.800000000000007816e+00 3.737535361386302952e+02 1.728933244966189591e+02
7.950000000000008171e+00 3.737551326959283529e+02 1.733305245670242130e+02
8.100000000000008527e+00 3.737569359542825396e+02 1.737557185608786767e+02
8.250000000000008882e+00 3.737595504356700644e+02 1.741695675399446088e+02
8.400000000000009237e+00 3.737646593404357418e+02 1.745730161632851036e+02
8.550000000000009592e+00 3.737769753150317342e+02 1.749666705733574759e+02
8.700000000000009948e+00 3.738096956736727066e+02 1.753511266496036285e+02
8.850000000000010303e+00 3.738999711044962737e+02 1.757271557252348657e+02
9.000000000000010658e+00 3.741513456590803912e+02 1.760951031246271441e+02
9.150000000000011013e+00 3.748612497586996710e+02 1.764549555511175072e+02
9.300000000000011369e+00 3.768214811765247418e+02 1.768054776306904046e+02
9.450000000000011724e+00 3.826583159866309529e+02 1.771435155707748379e+02
9.600000000000012079e+00 3.970695233196765344e+02 1.774515518883558798e+02
9.750000000000012434e+00 4.588964016291620851e+02 1.777202811683488335e+02
9.900000000000012790e+00 5.146921178998771893e+02 1.778459187587614281e+02
1.005000000000001315e+01 7.999999968195479596e+02 1.778725678594644535e+02
1.020000000000001350e+01 7.999999968195479596e+02 1.778725678594644535e+02
1.035000000000001386e+01 7.999999968195479596e+02 1.778725678594644535e+02
1.050000000000001421e+01 7.999999968195479596e+02 1.778725678594644535e+02
1.065000000000001457e+01 7.999999968195479596e+02 1.778725678594644535e+02
1.080000000000001492e+01 7.999999968195479596e+02 1.778725678594644535e+02
1.095000000000001528e+01 7.999999968195479596e+02 1.778725678594644535e+02
1.110000000000001563e+01 7.999999968195479596e+02 1.778725678594644535e+02
1.125000000000001599e+01 7.999999968195479596e+02 1.778725678594644535e+02
1.140000000000001634e+01 7.999999968195479596e+02 1.778725678594644535e+02
1.155000000000001670e+01 7.999999968195479596e+02 1.778725678594644535e+02
1.170000000000001705e+01 7.999999968195479596e+02 1.778725678594644535e+02
1.185000000000001741e+01 7.999999968195479596e+02 1.778725678594644535e+02
1.200000000000001776e+01 7.999999968195479596e+02 1.778725678594644535e+02
1.215000000000001812e+01 7.999999968195479596e+02 1.778725678594644535e+02
1.230000000000001847e+01 7.999999968195479596e+02 1.778725678594644535e+02
1.245000000000001883e+01 7.999999968195479596e+02 1.778725678594644535e+02
1.260000000000001918e+01 7.999999968195479596e+02 1.778725678594644535e+02
1.275000000000001954e+01 7.999999968195479596e+02 1.778725678594644535e+02
1.290000000000001990e+01 7.999999968195479596e+02 1.778725678594644535e+02
1.305000000000002025e+01 7.999999787724483440e+02 1.778777934991260850e+02
1.320000000000002061e+01 7.999999787724483440e+02 1.778777934991260850e+02
1.335000000000002096e+01 7.999999787724483440e+02 1.778777934991260850e+02
1.350000000000002132e+01 7.999999787724483440e+02 1.778777934991260850e+02
1.365000000000002167e+01 7.999999787724483440e+02 1.778777934991260850e+02
1.380000000000002203e+01 7.999999787724483440e+02 1.778777934991260850e+02
1.395000000000002238e+01 7.999999787724483440e+02 1.778777934991260850e+02
1.410000000000002274e+01 7.999999787724483440e+02 1.778777934991260850e+02
1.425000000000002309e+01 7.999999787724483440e+02 1.778777934991260850e+02
1.440000000000002345e+01 7.999999787724483440e+02 1.778777934991260850e+02
1.455000000000002380e+01 7.999999787724483440e+02 1.778777934991260850e+02
1.470000000000002416e+01 7.999999787724483440e+02 1.778777934991260850e+02
1.485000000000002451e+01 7.999999787724483440e+02 1.778777934991260850e+02
1.500000000000002487e+01 7.999999787724483440e+02 1.778777934991260850e+02
1.515000000000002522e+01 7.999999787724483440e+02 1.778777934991260850e+02
1.530000000000002558e+01 7.999999787724483440e+02 1.778777934991260850e+02
1.545000000000002593e+01 7.999999787724483440e+02 1.778777934991260850e+02
1.560000000000002629e+01 7.999999787724483440e+02 1.778777934991260850e+02
1.575000000000002665e+01 7.999999787724483440e+02 1.778777934991260850e+02
1.590000000000002700e+01 7.999999787724483440e+02 1.778777934991260850e+02
