1.499999999999999944e-01 7.994436129917974085e+02 3.492197479720848818e-04
2.999999999999999889e-01 7.994436129917974085e+02 3.492197479720848818e-04
4.499999999999999556e-01 7.994436129917974085e+02 3.492197479720848818e-04
5.999999999999999778e-01 7.994436129917974085e+02 3.492197479720848818e-04
7.500000000000000000e-01 7.994436129917974085e+02 3.492197479720848818e-04
9.000000000000000222e-01 7.994436129917974085e+02 3.492197479720848818e-04
1.050000000000000044e+00 7.994436129917974085e+02 3.492197479720848818e-04
1.199999999999999956e+00 7.994436129917974085e+02 3.492197479720848818e-04
1.349999999999999867e+00 7.994436129917974085e+02 3.492197479720848818e-04
1.499999999999999778e+00 7.994436129917974085e+02 3.492197479720848818e-04
1.649999999999999689e+00 7.994436129917974085e+02 3.492197479720848818e-04
1.799999999999999600e+00 7.994436129917974085e+02 3.492197479720848818e-04
1.949999999999999512e+00 7.994436129917974085e+02 3.492197479720848818e-04
2.099999999999999645e+00 7.996924262764412106e+02 3.490987920734545114e-04
2.249999999999999556e+00 7.996924262764412106e+02 3.490987920734545114e-04
2.399999999999999467e+00 7.996924262764412106e+02 3.490987920734545114e-04
2.549999999999999378e+00 7.996924262764412106e+02 3.490987920734545114e-04
2.699999999999999289e+00 7.996924262764412106e+02 3.490987920734545114e-04
2.849999999999999201e+00 7.996924262764412106e+02 3.490987920734545114e-04
2.999999999999999112e+00 7.996924262764412106e+02 3.490987920734545114e-04
3.149999999999999023e+00 7.996924262764412106e+02 3.490987920734545114e-04
3.299999999999998934e+00 7.996924262764412106e+02 3.490987920734545114e-04
3.449999999999998845e+00 7.996924262764412106e+02 3.490987920734545114e-04
3.599999999999998757e+00 7.996924262764412106e+02 3.490987920734545114e-04
3.749999999999998668e+00 7.996924262764412106e+02 3.490987920734545114e-04
3.899999999999998579e+00 7.996924262764412106e+02 3.490987920734545114e-04
4.049999999999998934e+00 4.243413116295789109e+02 3.493425368247260465e-04
4.199999999999999289e+00 1.913122918928816034e+02 3.502442828106078210e-04
4.349999999999999645e+00 5.823735214632424828e+01 3.524344795131639785e-04
4.500000000000000000e+00 2.025147273539085546e+01 3.583578227676076366e-04
4.650000000000000355e+00 6.431109782144552867e+00 3.782011881524605101e-04
4.800000000000000711e+00 1.850314728574574019e+00 4.488511393605509880e-04
4.950000000000001066e+00 2.802499252761663229e-01 1.004421363240304288e-03
5.100000000000001421e+00 2.511012657564606343e-01 1.799996186064847166e+02
5.250000000000001776e+00 4.317857858148954620e-01 1.799999246949639655e+02
5.400000000000002132e+00 4.931163276816050711e-01 1.799999776031978342e+02
5.550000000000002487e+00 5.139481841185897792e-01 1.799999926949047051e+02
5.700000000000002842e+00 5.210222275252363033e-01 1.799999975526764615e+02
5.850000000000003197e+00 5.234246506992121795e-01 1.799999991726549808e+02
6.000000000000003553e+00 5.242405103660985333e-01 1.799999997191728482e+02
6.150000000000003908e+00 5.245175796808325686e-01 1.799999999046754340e+02
6.300000000000004263e+00 5.246116745186100161e-01 1.799999999676314815e+02
6.450000000000004619e+00 5.246436342785045781e-01 1.799999999889966489e+02
6.600000000000004974e+00 5.246545025404429907e-01 1.799999999962631421e+02
6.750000000000005329e+00 5.246582367519749823e-01 1.799999999987309707e+02
6.900000000000005684e+00 5.246596323020185082e-01 1.799999999995687858e+02
7.050000000000006040e+00 5.246604813619342167e-01 1.799999999998534861e+02
7.200000000000006395e+00 5.246618742568216476e-01 1.799999999999500062e+02
7.350000000000006750e+00 5.246656000308576040e-01 1.799999999999830322e+02
7.500000000000007105e+00 5.246764433933321925e-01 1.799999999999942304e+02
7.650000000000007461e+00 5.247083293988907826e-01 1.799999999999981242e+02
7.800000000000007816e+00 5.248022069268927225e-01 1.799999999999992326e+02
7.950000000000008171e+00 5.250786362310009281e-01 1.799999999999996305e+02
8.100000000000008527e+00 5.258926120351361533e-01 1.799999999999998010e+02
8.250000000000008882e+00 5.282894872309498169e-01 1.799999999999998295e+02
8.400000000000009237e+00 5.353471946422132532e-01 1.799999999999996589e+02
8.550000000000009592e+00 5.561309473802111825e-01 1.799999999999992326e+02
8.700000000000009948e+00 6.173198558453805163e-01 1.799999999999981526e+02
8.850000000000010303e+00 7.975873239865904907e-01 1.799999999999955378e+02
9.000000000000010658e+00 1.327711374623390839e+00 1.799999999999926956e+02
9.150000000000011013e+00 2.894163845252990086e+00 1.799999999999899956e+02
9.300000000000011369e+00 7.464385079003626799e+00 1.799999999999884608e+02
9.450000000000011724e+00 2.125374388224695821e+01 1.799999999999879208e+02
9.600000000000012079e+00 5.915259188823188907e+01 1.799999999999876650e+02
9.750000000000012434e+00 1.919839399618690834e+02 1.799999999999876081e+02
9.900000000000012790e+00 4.245305639849709110e+02 1.799999999999876081e+02
1.005000000000001315e+01 7.996960000302183289e+02 1.799999999999876366e+02
1.020000000000001350e+01 7.996960000302183289e+02 1.799999999999876366e+02
1.035000000000001386e+01 7.996960000302183289e+02 1.799999999999876366e+02
1.050000000000001421e+01 7.996960000302183289e+02 1.799999999999876366e+02
1.065000000000001457e+01 7.996960000302183289e+02 1.799999999999876366e+02
1.080000000000001492e+01 7.996960000302183289e+02 1.799999999999876366e+02
1.095000000000001528e+01 7.996960000302183289e+02 1.799999999999876366e+02
1.110000000000001563e+01 7.996960000302183289e+02 1.799999999999876366e+02
1.125000000000001599e+01 7.996960000302183289e+02 1.799999999999876366e+02
1.140000000000001634e+01 7.996960000302183289e+02 1.799999999999876366e+02
1.155000000000001670e+01 7.996960000302183289e+02 1.799999999999876366e+02
1.170000000000001705e+01 7.996960000302183289e+02 1.799999999999876366e+02
1.185000000000001741e+01 7.996960000302183289e+02 1.799999999999876366e+02
1.200000000000001776e+01 7.996960000302183289e+02 1.799999999999876366e+02
1.215000000000001812e+01 7.996960000302183289e+02 1.799999999999876366e+02
1.230000000000001847e+01 7.996960000302183289e+02 1.799999999999876366e+02
1.245000000000001883e+01 7.996960000302183289e+02 1.799999999999876366e+02
1.260000000000001918e+01 7.996960000302183289e+02 1.799999999999876366e+02
1.275000000000001954e+01 7.996960000302183289e+02 1.799999999999876366e+02
1.290000000000001990e+01 7.996960000302183289e+02 1.799999999999876366e+02
1.305000000000002025e+01 7.994498233483343483e+02 1.799999999999876081e+02
1.320000000000002061e+01 7.994498233483343483e+02 1.799999999999876081e+02
1.335000000000002096e+01 7.994498233483343483e+02 1.799999999999876081e+02
1.350000000000002132e+01 7.994498233483343483e+02 1.799999999999876081e+02
1.365000000000002167e+01 7.994498233483343483e+02 1.799999999999876081e+02
1.380000000000002203e+01 7.994498233483343483e+02 1.799999999999876081e+02
1.395000000000002238e+01 7.994498233483343483e+02 1.799999999999876081e+02
1.410000000000002274e+01 7.994498233483343483e+02 1.799999999999876081e+02
1.425000000000002309e+01 7.994498233483343483e+02 1.799999999999876081e+02
1.440000000000002345e+01 7.994498233483343483e+02 1.799999999999876081e+02
1.455000000000002380e+01 7.994498233483343483e+02 1.799999999999876081e+02
1.470000000000002416e+01 7.994498233483343483e+02 1.799999999999876081e+02
1.485000000000002451e+01 7.994498233483343483e+02 1.799999999999876081e+02
1.500000000000002487e+01 7.994498233483343483e+02 1.799999999999876081e+02
1.515000000000002522e+01 7.994498233483343483e+02 1.799999999999876081e+02
1.530000000000002558e+01 7.994498233483343483e+02 1.799999999999876081e+02
1.545000000000002593e+01 7.994498233483343483e+02 1.799999999999876081e+02
1.560000000000002629e+01 7.994498233483343483e+02 1.799999999999876081e+02
1.575000000000002665e+01 7.994498233483343483e+02 1.799999999999876081e+02
1.590000000000002700e+01 7.994498233483343483e+02 1.799999999999876081e+02
