1.499999999999999944e-01 7.995297237650962643e+02 3.780792701135737843e-08
2.999999999999999889e-01 7.995297237650962643e+02 3.780792701135737843e-08
4.499999999999999556e-01 7.995297237650962643e+02 3.780792701135737843e-08
5.999999999999999778e-01 7.995297237650962643e+02 3.780792701135737843e-08
7.500000000000000000e-01 7.995297237650962643e+02 3.780792701135737843e-08
9.000000000000000222e-01 7.995297237650962643e+02 3.780792701135737843e-08
1.050000000000000044e+00 7.995297237650962643e+02 3.780792701135737843e-08
1.199999999999999956e+00 7.995297237650962643e+02 3.780792701135737843e-08
1.349999999999999867e+00 7.995297237650962643e+02 3.780792701135737843e-08
1.499999999999999778e+00 7.995297237650962643e+02 3.780792701135737843e-08
1.649999999999999689e+00 7.995297237650962643e+02 3.780792701135737843e-08
1.799999999999999600e+00 7.995297237650962643e+02 3.780792701135737843e-08
1.949999999999999512e+00 7.995297237650962643e+02 3.780792701135737843e-08
2.099999999999999645e+00 7.997453520233304971e+02 3.775468038202944854e-08
2.249999999999999556e+00 7.997453520233304971e+02 3.775468038202944854e-08
2.399999999999999467e+00 7.997453520233304971e+02 3.775468038202944854e-08
2.549999999999999378e+00 7.997453520233304971e+02 3.775468038202944854e-08
2.699999999999999289e+00 7.997453520233304971e+02 3.775468038202944854e-08
2.849999999999999201e+00 7.997453520233304971e+02 3.775468038202944854e-08
2.999999999999999112e+00 7.997453520233304971e+02 3.775468038202944854e-08
3.149999999999999023e+00 7.997453520233304971e+02 3.775468038202944854e-08
3.299999999999998934e+00 7.997453520233304971e+02 3.775468038202944854e-08
3.449999999999998845e+00 7.997453520233304971e+02 3.775468038202944854e-08
3.599999999999998757e+00 7.997453520233304971e+02 3.775468038202944854e-08
3.749999999999998668e+00 7.997453520233304971e+02 3.775468038202944854e-08
3.899999999999998579e+00 7.997453520233304971e+02 3.775468038202944854e-08
4.049999999999998934e+00 4.288096971521291039e+02 3.778034918244799201e-08
4.199999999999999289e+00 1.970887461764613988e+02 3.793428959841804726e-08
4.349999999999999645e+00 6.161580664252237938e+01 3.802435943889292957e-08
4.500000000000000000e+00 2.209901069083053926e+01 3.823709249228812723e-08
4.650000000000000355e+00 7.437203509212849895e+00 3.901714340504014444e-08
4.800000000000000711e+00 2.470466603515859561e+00 4.095348082877592333e-08
4.950000000000001066e+00 7.326856503932503983e-01 4.781114026908284131e-08
5.100000000000001421e+00 1.319567878181260312e-01 9.248139942741318009e-08
5.250000000000001776e+00 7.664024944097036496e-02 1.799999999447780397e+02
5.400000000000002132e+00 1.489527598928361840e-01 1.799999999901426406e+02
5.550000000000002487e+00 1.740362551820453518e-01 1.799999999970631279e+02
5.700000000000002842e+00 1.827351178208118654e-01 1.799999999990295407e+02
5.850000000000003197e+00 1.857521098559118400e-01 1.799999999996683187e+02
6.000000000000003553e+00 1.867984484595126560e-01 1.799999999998838405e+02
6.150000000000003908e+00 1.871613393816460302e-01 1.799999999999558327e+02
6.300000000000004263e+00 1.872871992088676052e-01 1.799999999999731699e+02
6.450000000000004619e+00 1.873308575275132171e-01 1.799999999999571969e+02
6.600000000000004974e+00 1.873460220090237272e-01 1.799999999998890701e+02
6.750000000000005329e+00 1.873513482521502738e-01 1.799999999996845759e+02
6.900000000000005684e+00 1.873533881200728501e-01 1.799999999990920116e+02
7.050000000000006040e+00 1.873546506762977515e-01 1.799999999973867375e+02
7.200000000000006395e+00 1.873566888921232021e-01 1.799999999924772283e+02
7.350000000000006750e+00 1.873620107689930592e-01 1.799999999783001670e+02
7.500000000000007105e+00 1.873771627417681884e-01 1.799999999375336870e+02
7.650000000000007461e+00 1.874207842422492831e-01 1.799999998202072788e+02
7.800000000000007816e+00 1.875465376272131834e-01 1.799999994817033553e+02
7.950000000000008171e+00 1.879091222033366648e-01 1.799999985107501743e+02
8.100000000000008527e+00 1.889545762269335683e-01 1.799999957363169187e+02
8.250000000000008882e+00 1.919690189581615414e-01 1.799999878937150584e+02
8.400000000000009237e+00 2.006605303547530639e-01 1.799999666572078070e+02
8.550000000000009592e+00 2.257228302999010339e-01 1.799999146641223149e+02
8.700000000000009948e+00 2.979742325112511026e-01 1.799998135406688391e+02
8.850000000000010303e+00 5.063950814003419509e-01 1.799996840533804630e+02
9.000000000000010658e+00 1.106616343299435812e+00 1.799995840601543762e+02
9.150000000000011013e+00 2.842934452111080645e+00 1.799995320769799605e+02
9.300000000000011369e+00 7.805480418530962083e+00 1.799995118291400331e+02
9.450000000000011724e+00 2.245526713998793866e+01 1.799995047940594759e+02
9.600000000000012079e+00 6.193912469253920960e+01 1.799995018395246404e+02
9.750000000000012434e+00 1.973221063219812095e+02 1.799995017100759469e+02
9.900000000000012790e+00 4.288722488971034750e+02 1.799995019666743303e+02
1.005000000000001315e+01 7.997443774024595768e+02 1.799995018087654728e+02
1.020000000000001350e+01 7.997443774024595768e+02 1.799995018087654728e+02
1.035000000000001386e+01 7.997443774024595768e+02 1.799995018087654728e+02
1.050000000000001421e+01 7.997443774024595768e+02 1.799995018087654728e+02
1.065000000000001457e+01 7.997443774024595768e+02 1.799995018087654728e+02
1.080000000000001492e+01 7.997443774024595768e+02 1.799995018087654728e+02
1.095000000000001528e+01 7.997443774024595768e+02 1.799995018087654728e+02
1.110000000000001563e+01 7.997443774024595768e+02 1.799995018087654728e+02
1.125000000000001599e+01 7.997443774024595768e+02 1.799995018087654728e+02
1.140000000000001634e+01 7.997443774024595768e+02 1.799995018087654728e+02
1.155000000000001670e+01 7.997443774024595768e+02 1.799995018087654728e+02
1.170000000000001705e+01 7.997443774024595768e+02 1.799995018087654728e+02
1.185000000000001741e+01 7.997443774024595768e+02 1.799995018087654728e+02
1.200000000000001776e+01 7.997443774024595768e+02 1.799995018087654728e+02
1.215000000000001812e+01 7.997443774024595768e+02 1.799995018087654728e+02
1.230000000000001847e+01 7.997443774024595768e+02 1.799995018087654728e+02
1.245000000000001883e+01 7.997443774024595768e+02 1.799995018087654728e+02
1.260000000000001918e+01 7.997443774024595768e+02 1.799995018087654728e+02
1.275000000000001954e+01 7.997443774024595768e+02 1.799995018087654728e+02
1.290000000000001990e+01 7.997443774024595768e+02 1.799995018087654728e+02
1.305000000000002025e+01 7.995278477620537387e+02 1.799995023647645382e+02
1.320000000000002061e+01 7.995278477620537387e+02 1.799995023647645382e+02
1.335000000000002096e+01 7.995278477620537387e+02 1.799995023647645382e+02
1.350000000000002132e+01 7.995278477620537387e+02 1.799995023647645382e+02
1.365000000000002167e+01 7.995278477620537387e+02 1.799995023647645382e+02
1.380000000000002203e+01 7.995278477620537387e+02 1.799995023647645382e+02
1.395000000000002238e+01 7.995278477620537387e+02 1.799995023647645382e+02
1.410000000000002274e+01 7.995278477620537387e+02 1.799995023647645382e+02
1.425000000000002309e+01 7.995278477620537387e+02 1.799995023647645382e+02
1.440000000000002345e+01 7.995278477620537387e+02 1.799995023647645382e+02
1.455000000000002380e+01 7.995278477620537387e+02 1.799995023647645382e+02
1.470000000000002416e+01 7.995278477620537387e+02 1.799995023647645382e+02
1.485000000000002451e+01 7.995278477620537387e+02 1.799995023647645382e+02
1.500000000000002487e+01 7.995278477620537387e+02 1.799995023647645382e+02
1.515000000000002522e+01 7.995278477620537387e+02 1.799995023647645382e+02
1.530000000000002558e+01 7.995278477620537387e+02 1.799995023647645382e+02
1.545000000000002593e+01 7.995278477620537387e+02 1.799995023647645382e+02
1.560000000000002629e+01 7.995278477620537387e+02 1.799995023647645382e+02
1.575000000000002665e+01 7.995278477620537387e+02 1.799995023647645382e+02
1.590000000000002700e+01 7.995278477620537387e+02 1.799995023647645382e+02
