1.499999999999999944e-01 7.999881804953832898e+02 1.799981261116010387e+02
2.999999999999999889e-01 7.999881804953832898e+02 1.799981261116010387e+02
4.499999999999999556e-01 7.999881804953832898e+02 1.799981261116010387e+02
5.999999999999999778e-01 7.999881804953832898e+02 1.799981261116010387e+02
7.500000000000000000e-01 7.999881804953832898e+02 1.799981261116010387e+02
9.000000000000000222e-01 7.999881804953832898e+02 1.799981261116010387e+02
1.050000000000000044e+00 7.999881804953832898e+02 1.799981261116010387e+02
1.199999999999999956e+00 7.999881804953832898e+02 1.799981261116010387e+02
1.349999999999999867e+00 7.999881804953832898e+02 1.799981261116010387e+02
1.499999999999999778e+00 7.999881804953832898e+02 1.799981261116010387e+02
1.649999999999999689e+00 7.999881804953832898e+02 1.799981261116010387e+02
1.799999999999999600e+00 7.999881804953832898e+02 1.799981261116010387e+02
1.949999999999999512e+00 7.999881804953832898e+02 1.799981261116010387e+02
2.099999999999999645e+00 7.999960455500500984e+02 1.799981267380141787e+02
2.249999999999999556e+00 7.999960455500500984e+02 1.799981267380141787e+02
2.399999999999999467e+00 7.999960455500500984e+02 1.799981267380141787e+02
2.549999999999999378e+00 7.999960455500500984e+02 1.799981267380141787e+02
2.699999999999999289e+00 7.999960455500500984e+02 1.799981267380141787e+02
2.849999999999999201e+00 7.999960455500500984e+02 1.799981267380141787e+02
2.999999999999999112e+00 7.999960455500500984e+02 1.799981267380141787e+02
3.149999999999999023e+00 7.999960455500500984e+02 1.799981267380141787e+02
3.299999999999998934e+00 7.999960455500500984e+02 1.799981267380141787e+02
3.449999999999998845e+00 7.999960455500500984e+02 1.799981267380141787e+02
3.599999999999998757e+00 7.999960455500500984e+02 1.799981267380141787e+02
3.749999999999998668e+00 7.999960455500500984e+02 1.799981267380141787e+02
3.899999999999998579e+00 7.999960455500500984e+02 1.799981267380141787e+02
4.049999999999998934e+00 4.895563656857398200e+02 1.799981284168955824e+02
4.199999999999999289e+00 3.219718982339370541e+02 1.799981327709530490e+02
4.349999999999999645e+00 1.642740740232420933e+02 1.799981469941571959e+02
4.500000000000000000e+00 9.399575775466473715e+01 1.799981714729587452e+02
4.650000000000000355e+00 5.353030321267067393e+01 1.799982146147448532e+02
4.800000000000000711e+00 3.128760064771650207e+01 1.799982883087744767e+02
4.950000000000001066e+00 1.881689098359072077e+01 1.799984063137602845e+02
5.100000000000001421e+00 1.184200629183647990e+01 1.799985802715402770e+02
5.250000000000001776e+00 7.934687485634391635e+00 1.799988127291478577e+02
5.400000000000002132e+00 5.745940214764750920e+00 1.799990812490844121e+02
5.550000000000002487e+00 4.519686823826049249e+00 1.799993451127781441e+02
5.700000000000002842e+00 3.832668416229196851e+00 1.799995672246226661e+02
5.850000000000003197e+00 3.447768449348913578e+00 1.799997304021962634e+02
6.000000000000003553e+00 3.232158022412590981e+00 1.799998387553800399e+02
6.150000000000003908e+00 3.111432727130605258e+00 1.799999061337123578e+02
6.300000000000004263e+00 3.043932834078546534e+00 1.799999462315483072e+02
6.450000000000004619e+00 3.006365844214769822e+00 1.799999694757407838e+02
6.600000000000004974e+00 2.985768432706407793e+00 1.799999827764121960e+02
6.750000000000005329e+00 2.975033031017517260e+00 1.799999903131899828e+02
6.900000000000005684e+00 2.970455171154085861e+00 1.799999945603109950e+02
7.050000000000006040e+00 2.970455171294219099e+00 1.799999969516356657e+02
7.200000000000006395e+00 2.975033031548548479e+00 1.799999982943462840e+02
7.350000000000006750e+00 2.985768433761094798e+00 1.799999990470922171e+02
7.500000000000007105e+00 3.006365846206136894e+00 1.799999994696560179e+02
7.650000000000007461e+00 3.043932837685133563e+00 1.799999997064668946e+02
7.800000000000007816e+00 3.111432733613611390e+00 1.799999998389889413e+02
7.950000000000008171e+00 3.232158033969895428e+00 1.799999999131407264e+02
8.100000000000008527e+00 3.447768469948499614e+00 1.799999999543681781e+02
8.250000000000008882e+00 3.832668452973607032e+00 1.799999999769830481e+02
8.400000000000009237e+00 4.519686889312524158e+00 1.799999999890602851e+02
8.550000000000009592e+00 5.745940331462549011e+00 1.799999999951749032e+02
8.700000000000009948e+00 7.934687693536801589e+00 1.799999999980369694e+02
8.850000000000010303e+00 1.184200666243542344e+01 1.799999999992578807e+02
9.000000000000010658e+00 1.881689164438163075e+01 1.799999999997326654e+02
9.150000000000011013e+00 3.128760182920749600e+01 1.799999999999036220e+02
9.300000000000011369e+00 5.353030531847774398e+01 1.799999999999618865e+02
9.450000000000011724e+00 9.399576162110511746e+01 1.799999999999810996e+02
9.600000000000012079e+00 1.642740806569237293e+02 1.799999999999869829e+02
9.750000000000012434e+00 3.219719147453355390e+02 1.799999999999886029e+02
9.900000000000012790e+00 4.895563795537911460e+02 1.799999999999890292e+02
1.005000000000001315e+01 7.999961541339142741e+02 1.799999999999890861e+02
1.020000000000001350e+01 7.999961541339142741e+02 1.799999999999890861e+02
1.035000000000001386e+01 7.999961541339142741e+02 1.799999999999890861e+02
1.050000000000001421e+01 7.999961541339142741e+02 1.799999999999890861e+02
1.065000000000001457e+01 7.999961541339142741e+02 1.799999999999890861e+02
1.080000000000001492e+01 7.999961541339142741e+02 1.799999999999890861e+02
1.095000000000001528e+01 7.999961541339142741e+02 1.799999999999890861e+02
1.110000000000001563e+01 7.999961541339142741e+02 1.799999999999890861e+02
1.125000000000001599e+01 7.999961541339142741e+02 1.799999999999890861e+02
1.140000000000001634e+01 7.999961541339142741e+02 1.799999999999890861e+02
1.155000000000001670e+01 7.999961541339142741e+02 1.799999999999890861e+02
1.170000000000001705e+01 7.999961541339142741e+02 1.799999999999890861e+02
1.185000000000001741e+01 7.999961541339142741e+02 1.799999999999890861e+02
1.200000000000001776e+01 7.999961541339142741e+02 1.799999999999890861e+02
1.215000000000001812e+01 7.999961541339142741e+02 1.799999999999890861e+02
1.230000000000001847e+01 7.999961541339142741e+02 1.799999999999890861e+02
1.245000000000001883e+01 7.999961541339142741e+02 1.799999999999890861e+02
1.260000000000001918e+01 7.999961541339142741e+02 1.799999999999890861e+02
1.275000000000001954e+01 7.999961541339142741e+02 1.799999999999890861e+02
1.290000000000001990e+01 7.999961541339142741e+02 1.799999999999890861e+02
1.305000000000002025e+01 7.999885050432083062e+02 1.799999999999890861e+02
1.320000000000002061e+01 7.999885050432083062e+02 1.799999999999890861e+02
1.335000000000002096e+01 7.999885050432083062e+02 1.799999999999890861e+02
1.350000000000002132e+01 7.999885050432083062e+02 1.799999999999890861e+02
1.365000000000002167e+01 7.999885050432083062e+02 1.799999999999890861e+02
1.380000000000002203e+01 7.999885050432083062e+02 1.799999999999890861e+02
1.395000000000002238e+01 7.999885050432083062e+02 1.799999999999890861e+02
1.410000000000002274e+01 7.999885050432083062e+02 1.799999999999890861e+02
1.425000000000002309e+01 7.999885050432083062e+02 1.799999999999890861e+02
1.440000000000002345e+01 7.999885050432083062e+02 1.799999999999890861e+02
1.455000000000002380e+01 7.999885050432083062e+02 1.799999999999890861e+02
1.470000000000002416e+01 7.999885050432083062e+02 1.799999999999890861e+02
1.485000000000002451e+01 7.999885050432083062e+02 1.799999999999890861e+02
1.500000000000002487e+01 7.999885050432083062e+02 1.799999999999890861e+02
1.515000000000002522e+01 7.999885050432083062e+02 1.799999999999890861e+02
1.530000000000002558e+01 7.999885050432083062e+02 1.799999999999890861e+02
1.545000000000002593e+01 7.999885050432083062e+02 1.799999999999890861e+02
1.560000000000002629e+01 7.999885050432083062e+02 1.799999999999890861e+02
1.575000000000002665e+01 7.999885050432083062e+02 1.799999999999890861e+02
1.590000000000002700e+01 7.999885050432083062e+02 1.799999999999890861e+02
