1.499999999999999944e-01 7.997221044054848562e+02 9.876940637487674479e-05
2.999999999999999889e-01 7.997221044054848562e+02 9.876940637487674479e-05
4.499999999999999556e-01 7.997221044054848562e+02 9.876940637487674479e-05
5.999999999999999778e-01 7.997221044054848562e+02 9.876940637487674479e-05
7.500000000000000000e-01 7.997221044054848562e+02 9.876940637487674479e-05
9.000000000000000222e-01 7.997221044054848562e+02 9.876940637487674479e-05
1.050000000000000044e+00 7.997221044054848562e+02 9.876940637487674479e-05
1.199999999999999956e+00 7.997221044054848562e+02 9.876940637487674479e-05
1.349999999999999867e+00 7.997221044054848562e+02 9.876940637487674479e-05
1.499999999999999778e+00 7.997221044054848562e+02 9.876940637487674479e-05
1.649999999999999689e+00 7.997221044054848562e+02 9.876940637487674479e-05
1.799999999999999600e+00 7.997221044054848562e+02 9.876940637487674479e-05
1.949999999999999512e+00 7.997221044054848562e+02 9.876940637487674479e-05
2.099999999999999645e+00 7.998593841122883532e+02 9.872421839074441152e-05
2.249999999999999556e+00 7.998593841122883532e+02 9.872421839074441152e-05
2.399999999999999467e+00 7.998593841122883532e+02 9.872421839074441152e-05
2.549999999999999378e+00 7.998593841122883532e+02 9.872421839074441152e-05
2.699999999999999289e+00 7.998593841122883532e+02 9.872421839074441152e-05
2.849999999999999201e+00 7.998593841122883532e+02 9.872421839074441152e-05
2.999999999999999112e+00 7.998593841122883532e+02 9.872421839074441152e-05
3.149999999999999023e+00 7.998593841122883532e+02 9.872421839074441152e-05
3.299999999999998934e+00 7.998593841122883532e+02 9.872421839074441152e-05
3.449999999999998845e+00 7.998593841122883532e+02 9.872421839074441152e-05
3.599999999999998757e+00 7.998593841122883532e+02 9.872421839074441152e-05
3.749999999999998668e+00 7.998593841122883532e+02 9.872421839074441152e-05
3.899999999999998579e+00 7.998593841122883532e+02 9.872421839074441152e-05
4.049999999999998934e+00 4.419031279413861171e+02 9.879530733969410505e-05
4.199999999999999289e+00 2.151403417570818988e+02 9.907173595447016368e-05
4.349999999999999645e+00 7.209601370969302536e+01 9.961554273552053473e-05
4.500000000000000000e+00 2.735215251509417556e+01 1.009554883435459516e-04
4.650000000000000355e+00 9.659875205423084310e+00 1.050283894447057165e-04
4.800000000000000711e+00 3.229029386617398245e+00 1.171511944855208043e-04
4.950000000000001066e+00 8.234163278087862636e-01 1.703238455365019277e-04
5.100000000000001421e+00 6.730937858083052561e-02 1.799992249495697934e+02
5.250000000000001776e+00 3.983160267894163553e-01 1.799999513796674080e+02
5.400000000000002132e+00 5.211644485423221340e-01 1.799999862018331953e+02
5.550000000000002487e+00 5.667787521210811974e-01 1.799999952831351493e+02
5.700000000000002842e+00 5.837128436588727709e-01 1.799999982994362711e+02
5.850000000000003197e+00 5.899999070004469104e-01 1.799999993753159799e+02
6.000000000000003553e+00 5.923340378485590918e-01 1.799999997686725521e+02
6.150000000000003908e+00 5.932006162481684441e-01 1.799999999142342801e+02
6.300000000000004263e+00 5.935223566170861886e-01 1.799999999681726592e+02
6.450000000000004619e+00 5.936418431846277599e-01 1.799999999881697761e+02
6.600000000000004974e+00 5.936863038324418085e-01 1.799999999956079364e+02
6.750000000000005329e+00 5.937030792266568824e-01 1.799999999983693897e+02
6.900000000000005684e+00 5.937100316053829374e-01 1.799999999993937934e+02
7.050000000000006040e+00 5.937145635438128011e-01 1.799999999997748716e+02
7.200000000000006395e+00 5.937215007586473803e-01 1.799999999999163833e+02
7.350000000000006750e+00 5.937382298351394638e-01 1.799999999999689635e+02
7.500000000000007105e+00 5.937825635664921720e-01 1.799999999999882334e+02
7.650000000000007461e+00 5.939017077959078961e-01 1.799999999999954809e+02
7.800000000000007816e+00 5.942225255275843665e-01 1.799999999999983800e+02
7.950000000000008171e+00 5.950866187600922785e-01 1.799999999999993463e+02
8.100000000000008527e+00 5.974140553696543066e-01 1.799999999999995737e+02
8.250000000000008882e+00 6.036830880772185992e-01 1.799999999999997442e+02
8.400000000000009237e+00 6.205686143318871473e-01 1.799999999999996589e+02
8.550000000000009592e+00 6.660521104065537656e-01 1.799999999999994031e+02
8.700000000000009948e+00 7.885482514475938842e-01 1.799999999999985789e+02
8.850000000000010303e+00 1.118606221351967633e+00 1.799999999999972431e+02
9.000000000000010658e+00 2.006779457581188808e+00 1.799999999999959073e+02
9.150000000000011013e+00 4.405527344075181873e+00 1.799999999999949125e+02
9.300000000000011369e+00 1.081803253877001936e+01 1.799999999999942304e+02
9.450000000000011724e+00 2.846140311454171723e+01 1.799999999999940883e+02
9.600000000000012079e+00 7.308136314412071499e+01 1.799999999999940599e+02
9.750000000000012434e+00 2.158152377236373241e+02 1.799999999999941451e+02
9.900000000000012790e+00 4.420607602969457730e+02 1.799999999999941451e+02
1.005000000000001315e+01 7.998608737685248116e+02 1.799999999999941735e+02
1.020000000000001350e+01 7.998608737685248116e+02 1.799999999999941735e+02
1.035000000000001386e+01 7.998608737685248116e+02 1.799999999999941735e+02
1.050000000000001421e+01 7.998608737685248116e+02 1.799999999999941735e+02
1.065000000000001457e+01 7.998608737685248116e+02 1.799999999999941735e+02
1.080000000000001492e+01 7.998608737685248116e+02 1.799999999999941735e+02
1.095000000000001528e+01 7.998608737685248116e+02 1.799999999999941735e+02
1.110000000000001563e+01 7.998608737685248116e+02 1.799999999999941735e+02
1.125000000000001599e+01 7.998608737685248116e+02 1.799999999999941735e+02
1.140000000000001634e+01 7.998608737685248116e+02 1.799999999999941735e+02
1.155000000000001670e+01 7.998608737685248116e+02 1.799999999999941735e+02
1.170000000000001705e+01 7.998608737685248116e+02 1.799999999999941735e+02
1.185000000000001741e+01 7.998608737685248116e+02 1.799999999999941735e+02
1.200000000000001776e+01 7.998608737685248116e+02 1.799999999999941735e+02
1.215000000000001812e+01 7.998608737685248116e+02 1.799999999999941735e+02
1.230000000000001847e+01 7.998608737685248116e+02 1.799999999999941735e+02
1.245000000000001883e+01 7.998608737685248116e+02 1.799999999999941735e+02
1.260000000000001918e+01 7.998608737685248116e+02 1.799999999999941735e+02
1.275000000000001954e+01 7.998608737685248116e+02 1.799999999999941735e+02
1.290000000000001990e+01 7.998608737685248116e+02 1.799999999999941735e+02
1.305000000000002025e+01 7.997249204326552672e+02 1.799999999999941451e+02
1.320000000000002061e+01 7.997249204326552672e+02 1.799999999999941451e+02
1.335000000000002096e+01 7.997249204326552672e+02 1.799999999999941451e+02
1.350000000000002132e+01 7.997249204326552672e+02 1.799999999999941451e+02
1.365000000000002167e+01 7.997249204326552672e+02 1.799999999999941451e+02
1.380000000000002203e+01 7.997249204326552672e+02 1.799999999999941451e+02
1.395000000000002238e+01 7.997249204326552672e+02 1.799999999999941451e+02
1.410000000000002274e+01 7.997249204326552672e+02 1.799999999999941451e+02
1.425000000000002309e+01 7.997249204326552672e+02 1.799999999999941451e+02
1.440000000000002345e+01 7.997249204326552672e+02 1.799999999999941451e+02
1.455000000000002380e+01 7.997249204326552672e+02 1.799999999999941451e+02
1.470000000000002416e+01 7.997249204326552672e+02 1.799999999999941451e+02
1.485000000000002451e+01 7.997249204326552672e+02 1.799999999999941451e+02
1.500000000000002487e+01 7.997249204326552672e+02 1.799999999999941451e+02
1.515000000000002522e+01 7.997249204326552672e+02 1.799999999999941451e+02
1.530000000000002558e+01 7.997249204326552672e+02 1.799999999999941451e+02
1.545000000000002593e+01 7.997249204326552672e+02 1.799999999999941451e+02
1.560000000000002629e+01 7.997249204326552672e+02 1.799999999999941451e+02
1.575000000000002665e+01 7.997249204326552672e+02 1.799999999999941451e+02
1.590000000000002700e+01 7.997249204326552672e+02 1.799999999999941451e+02
