1.499999999999999944e-01 7.999680344705091102e+02 5.527469989474731449e-05
2.999999999999999889e-01 7.999680344705091102e+02 5.527469989474731449e-05
4.499999999999999556e-01 7.999680344705091102e+02 5.527469989474731449e-05
5.999999999999999778e-01 7.999680344705091102e+02 5.527469989474731449e-05
7.500000000000000000e-01 7.999680344705091102e+02 5.527469989474731449e-05
9.000000000000000222e-01 7.999680344705091102e+02 5.527469989474731449e-05
1.050000000000000044e+00 7.999680344705091102e+02 5.527469989474731449e-05
1.199999999999999956e+00 7.999680344705091102e+02 5.527469989474731449e-05
1.349999999999999867e+00 7.999680344705091102e+02 5.527469989474731449e-05
1.499999999999999778e+00 7.999680344705091102e+02 5.527469989474731449e-05
1.649999999999999689e+00 7.999680344705091102e+02 5.527469989474731449e-05
1.799999999999999600e+00 7.999680344705091102e+02 5.527469989474731449e-05
1.949999999999999512e+00 7.999680344705091102e+02 5.527469989474731449e-05
2.099999999999999645e+00 7.999877921367922227e+02 5.523569671816996873e-05
2.249999999999999556e+00 7.999877921367922227e+02 5.523569671816996873e-05
2.399999999999999467e+00 7.999877921367922227e+02 5.523569671816996873e-05
2.549999999999999378e+00 7.999877921367922227e+02 5.523569671816996873e-05
2.699999999999999289e+00 7.999877921367922227e+02 5.523569671816996873e-05
2.849999999999999201e+00 7.999877921367922227e+02 5.523569671816996873e-05
2.999999999999999112e+00 7.999877921367922227e+02 5.523569671816996873e-05
3.149999999999999023e+00 7.999877921367922227e+02 5.523569671816996873e-05
3.299999999999998934e+00 7.999877921367922227e+02 5.523569671816996873e-05
3.449999999999998845e+00 7.999877921367922227e+02 5.523569671816996873e-05
3.599999999999998757e+00 7.999877921367922227e+02 5.523569671816996873e-05
3.749999999999998668e+00 7.999877921367922227e+02 5.523569671816996873e-05
3.899999999999998579e+00 7.999877921367922227e+02 5.523569671816996873e-05
4.049999999999998934e+00 4.788490199324349419e+02 5.528121838926924880e-05
4.199999999999999289e+00 2.885269045045984626e+02 5.547381375603510634e-05
4.349999999999999645e+00 1.282983389647373542e+02 5.571211096877526359e-05
4.500000000000000000e+00 6.344154817725922868e+01 5.615341595921474749e-05
4.650000000000000355e+00 3.028530652393702383e+01 5.720871271430727489e-05
4.800000000000000711e+00 1.433067826255729926e+01 5.920202223264059427e-05
4.950000000000001066e+00 6.503727313178202962e+00 6.373525850233985324e-05
5.100000000000001421e+00 2.683460485718256905e+00 7.567667512808906594e-05
5.250000000000001776e+00 8.158586391639346402e-01 1.216769785198357212e-04
5.400000000000002132e+00 9.674581524677705602e-02 1.799994983712171859e+02
5.550000000000002487e+00 5.427479442087133066e-01 1.799999562010078762e+02
5.700000000000002842e+00 7.607069225515488142e-01 1.799999847232643049e+02
5.850000000000003197e+00 8.672240775478599062e-01 1.799999934490918179e+02
6.000000000000003553e+00 9.192804379071617404e-01 1.799999969728507381e+02
6.150000000000003908e+00 9.447238119914231902e-01 1.799999985600020125e+02
6.300000000000004263e+00 9.571652209921808208e-01 1.799999993051921479e+02
6.450000000000004619e+00 9.632602497561606469e-01 1.799999996618129785e+02
6.600000000000004974e+00 9.662694604137982424e-01 1.799999998351885893e+02
6.750000000000005329e+00 9.678026431876673996e-01 1.799999999195577516e+02
6.900000000000005684e+00 9.686799808698083325e-01 1.799999999606323797e+02
7.050000000000006040e+00 9.693708092361816853e-01 1.799999999807683366e+02
7.200000000000006395e+00 9.702446899935921465e-01 1.799999999906069093e+02
7.350000000000006750e+00 9.717691093657663259e-01 1.799999999954059717e+02
7.500000000000007105e+00 9.747595624371570011e-01 1.799999999977611083e+02
7.650000000000007461e+00 9.808158054774480661e-01 1.799999999989121591e+02
7.800000000000007816e+00 9.931776530798401836e-01 1.799999999994734310e+02
7.950000000000008171e+00 1.018458135255286834e+00 1.799999999997482689e+02
8.100000000000008527e+00 1.070181159382457281e+00 1.799999999998816520e+02
8.250000000000008882e+00 1.176016324525505752e+00 1.799999999999449756e+02
8.400000000000009237e+00 1.392580289358107848e+00 1.799999999999732836e+02
8.550000000000009592e+00 1.835730039280690562e+00 1.799999999999837712e+02
8.700000000000009948e+00 2.742506999938015610e+00 1.799999999999861302e+02
8.850000000000010303e+00 4.598222197700465586e+00 1.799999999999855333e+02
9.000000000000010658e+00 8.394327831253669103e+00 1.799999999999845102e+02
9.150000000000011013e+00 1.617248210214589932e+01 1.799999999999835723e+02
9.300000000000011369e+00 3.203009292930904905e+01 1.799999999999832028e+02
9.450000000000011724e+00 6.499788031062058735e+01 1.799999999999828333e+02
9.600000000000012079e+00 1.295164075140351940e+02 1.799999999999826343e+02
9.750000000000012434e+00 2.891696149693152620e+02 1.799999999999826912e+02
9.900000000000012790e+00 4.789337195214828853e+02 1.799999999999825491e+02
1.005000000000001315e+01 7.999878748288625729e+02 1.799999999999825775e+02
1.020000000000001350e+01 7.999878748288625729e+02 1.799999999999825775e+02
1.035000000000001386e+01 7.999878748288625729e+02 1.799999999999825775e+02
1.050000000000001421e+01 7.999878748288625729e+02 1.799999999999825775e+02
1.065000000000001457e+01 7.999878748288625729e+02 1.799999999999825775e+02
1.080000000000001492e+01 7.999878748288625729e+02 1.799999999999825775e+02
1.095000000000001528e+01 7.999878748288625729e+02 1.799999999999825775e+02
1.110000000000001563e+01 7.999878748288625729e+02 1.799999999999825775e+02
1.125000000000001599e+01 7.999878748288625729e+02 1.799999999999825775e+02
1.140000000000001634e+01 7.999878748288625729e+02 1.799999999999825775e+02
1.155000000000001670e+01 7.999878748288625729e+02 1.799999999999825775e+02
1.170000000000001705e+01 7.999878748288625729e+02 1.799999999999825775e+02
1.185000000000001741e+01 7.999878748288625729e+02 1.799999999999825775e+02
1.200000000000001776e+01 7.999878748288625729e+02 1.799999999999825775e+02
1.215000000000001812e+01 7.999878748288625729e+02 1.799999999999825775e+02
1.230000000000001847e+01 7.999878748288625729e+02 1.799999999999825775e+02
1.245000000000001883e+01 7.999878748288625729e+02 1.799999999999825775e+02
1.260000000000001918e+01 7.999878748288625729e+02 1.799999999999825775e+02
1.275000000000001954e+01 7.999878748288625729e+02 1.799999999999825775e+02
1.290000000000001990e+01 7.999878748288625729e+02 1.799999999999825775e+02
1.305000000000002025e+01 7.999682367037786435e+02 1.799999999999825491e+02
1.320000000000002061e+01 7.999682367037786435e+02 1.799999999999825491e+02
1.335000000000002096e+01 7.999682367037786435e+02 1.799999999999825491e+02
1.350000000000002132e+01 7.999682367037786435e+02 1.799999999999825491e+02
1.365000000000002167e+01 7.999682367037786435e+02 1.799999999999825491e+02
1.380000000000002203e+01 7.999682367037786435e+02 1.799999999999825491e+02
1.395000000000002238e+01 7.999682367037786435e+02 1.799999999999825491e+02
1.410000000000002274e+01 7.999682367037786435e+02 1.799999999999825491e+02
1.425000000000002309e+01 7.999682367037786435e+02 1.799999999999825491e+02
1.440000000000002345e+01 7.999682367037786435e+02 1.799999999999825491e+02
1.455000000000002380e+01 7.999682367037786435e+02 1.799999999999825491e+02
1.470000000000002416e+01 7.999682367037786435e+02 1.799999999999825491e+02
1.485000000000002451e+01 7.999682367037786435e+02 1.799999999999825491e+02
1.500000000000002487e+01 7.999682367037786435e+02 1.799999999999825491e+02
1.515000000000002522e+01 7.999682367037786435e+02 1.799999999999825491e+02
1.530000000000002558e+01 7.999682367037786435e+02 1.799999999999825491e+02
1.545000000000002593e+01 7.999682367037786435e+02 1.799999999999825491e+02
1.560000000000002629e+01 7.999682367037786435e+02 1.799999999999825491e+02
1.575000000000002665e+01 7.999682367037786435e+02 1.799999999999825491e+02
1.590000000000002700e+01 7.999682367037786435e+02 1.799999999999825491e+02
