1.499999999999999944e-01 7.999978206214051397e+02 1.799994236133084939e+02
2.999999999999999889e-01 7.999978206214051397e+02 1.799994236133084939e+02
4.499999999999999556e-01 7.999978206214051397e+02 1.799994236133084939e+02
5.999999999999999778e-01 7.999978206214051397e+02 1.799994236133084939e+02
7.500000000000000000e-01 7.999978206214051397e+02 1.799994236133084939e+02
9.000000000000000222e-01 7.999978206214051397e+02 1.799994236133084939e+02
1.050000000000000044e+00 7.999978206214051397e+02 1.799994236133084939e+02
1.199999999999999956e+00 7.999978206214051397e+02 1.799994236133084939e+02
1.349999999999999867e+00 7.999978206214051397e+02 1.799994236133084939e+02
1.499999999999999778e+00 7.999978206214051397e+02 1.799994236133084939e+02
1.649999999999999689e+00 7.999978206214051397e+02 1.799994236133084939e+02
1.799999999999999600e+00 7.999978206214051397e+02 1.799994236133084939e+02
1.949999999999999512e+00 7.999978206214051397e+02 1.799994236133084939e+02
2.099999999999999645e+00 7.999994159332975414e+02 1.799994241166115216e+02
2.249999999999999556e+00 7.999994159332975414e+02 1.799994241166115216e+02
2.399999999999999467e+00 7.999994159332975414e+02 1.799994241166115216e+02
2.549999999999999378e+00 7.999994159332975414e+02 1.799994241166115216e+02
2.699999999999999289e+00 7.999994159332975414e+02 1.799994241166115216e+02
2.849999999999999201e+00 7.999994159332975414e+02 1.799994241166115216e+02
2.999999999999999112e+00 7.999994159332975414e+02 1.799994241166115216e+02
3.149999999999999023e+00 7.999994159332975414e+02 1.799994241166115216e+02
3.299999999999998934e+00 7.999994159332975414e+02 1.799994241166115216e+02
3.449999999999998845e+00 7.999994159332975414e+02 1.799994241166115216e+02
3.599999999999998757e+00 7.999994159332975414e+02 1.799994241166115216e+02
3.749999999999998668e+00 7.999994159332975414e+02 1.799994241166115216e+02
3.899999999999998579e+00 7.999994159332975414e+02 1.799994241166115216e+02
4.049999999999998934e+00 5.015357487150905627e+02 1.799994248010504805e+02
4.199999999999999289e+00 3.729599539840577336e+02 1.799994265942908385e+02
4.349999999999999645e+00 2.361619459455701531e+02 1.799994335274312789e+02
4.500000000000000000e+00 1.710780219984497705e+02 1.799994439149810148e+02
4.650000000000000355e+00 1.271214243933056878e+02 1.799994580737242131e+02
4.800000000000000711e+00 9.734339454888649357e+01 1.799994780922988298e+02
4.950000000000001066e+00 7.614132298497857221e+01 1.799995034733732950e+02
5.100000000000001421e+00 6.076144709027455093e+01 1.799995334799366731e+02
5.250000000000001776e+00 4.945376664085861051e+01 1.799995695092826793e+02
5.400000000000002132e+00 4.107681072711740455e+01 1.799996099143824040e+02
5.550000000000002487e+00 3.484313697452142833e+01 1.799996528052226381e+02
5.700000000000002842e+00 3.019441707078316028e+01 1.799996977770080377e+02
5.850000000000003197e+00 2.672715599495573358e+01 1.799997422982442004e+02
6.000000000000003553e+00 2.414663871885668200e+01 1.799997842503046286e+02
6.150000000000003908e+00 2.223658161810016409e+01 1.799998230557163481e+02
6.300000000000004263e+00 2.083841576648023519e+01 1.799998573696003916e+02
6.450000000000004619e+00 1.983682416805767801e+01 1.799998866098068220e+02
6.600000000000004974e+00 1.914956657025751241e+01 1.799999112574305400e+02
6.750000000000005329e+00 1.872038198686595223e+01 1.799999314156130481e+02
6.900000000000005684e+00 1.851420362905330919e+01 1.799999475164010221e+02
7.050000000000006040e+00 1.851420363034216621e+01 1.799999603513733462e+02
7.200000000000006395e+00 1.872038199083762322e+01 1.799999703811867562e+02
7.350000000000006750e+00 1.914956657723098488e+01 1.799999780951882826e+02
7.500000000000007105e+00 1.983682417859532876e+01 1.799999840351293585e+02
7.650000000000007461e+00 2.083841578144130224e+01 1.799999885308152159e+02
7.800000000000007816e+00 2.223658163871173343e+01 1.799999918794324856e+02
7.950000000000008171e+00 2.414663874680312006e+01 1.799999943643477422e+02
8.100000000000008527e+00 2.672715603254647476e+01 1.799999961673949542e+02
8.250000000000008882e+00 3.019441712115829546e+01 1.799999974459529710e+02
8.400000000000009237e+00 3.484313704196516426e+01 1.799999983401587542e+02
8.550000000000009592e+00 4.107681081750795471e+01 1.799999989470373691e+02
8.700000000000009948e+00 4.945376676240114477e+01 1.799999993469551214e+02
8.850000000000010303e+00 6.076144725468356711e+01 1.799999996051543576e+02
9.000000000000010658e+00 7.614132320953378041e+01 1.799999997663518911e+02
9.150000000000011013e+00 9.734339486093833216e+01 1.799999998636976102e+02
9.300000000000011369e+00 1.271214248369562227e+02 1.799999999207451538e+02
9.450000000000011724e+00 1.710780226728268190e+02 1.799999999526625913e+02
9.600000000000012079e+00 2.361619469584587137e+02 1.799999999689956098e+02
9.750000000000012434e+00 3.729599564585282678e+02 1.799999999769425756e+02
9.900000000000012790e+00 5.015357505594316763e+02 1.799999999792849223e+02
1.005000000000001315e+01 7.999994357326496583e+02 1.799999999796867769e+02
1.020000000000001350e+01 7.999994357326496583e+02 1.799999999796867769e+02
1.035000000000001386e+01 7.999994357326496583e+02 1.799999999796867769e+02
1.050000000000001421e+01 7.999994357326496583e+02 1.799999999796867769e+02
1.065000000000001457e+01 7.999994357326496583e+02 1.799999999796867769e+02
1.080000000000001492e+01 7.999994357326496583e+02 1.799999999796867769e+02
1.095000000000001528e+01 7.999994357326496583e+02 1.799999999796867769e+02
1.110000000000001563e+01 7.999994357326496583e+02 1.799999999796867769e+02
1.125000000000001599e+01 7.999994357326496583e+02 1.799999999796867769e+02
1.140000000000001634e+01 7.999994357326496583e+02 1.799999999796867769e+02
1.155000000000001670e+01 7.999994357326496583e+02 1.799999999796867769e+02
1.170000000000001705e+01 7.999994357326496583e+02 1.799999999796867769e+02
1.185000000000001741e+01 7.999994357326496583e+02 1.799999999796867769e+02
1.200000000000001776e+01 7.999994357326496583e+02 1.799999999796867769e+02
1.215000000000001812e+01 7.999994357326496583e+02 1.799999999796867769e+02
1.230000000000001847e+01 7.999994357326496583e+02 1.799999999796867769e+02
1.245000000000001883e+01 7.999994357326496583e+02 1.799999999796867769e+02
1.260000000000001918e+01 7.999994357326496583e+02 1.799999999796867769e+02
1.275000000000001954e+01 7.999994357326496583e+02 1.799999999796867769e+02
1.290000000000001990e+01 7.999994357326496583e+02 1.799999999796867769e+02
1.305000000000002025e+01 7.999978945004365869e+02 1.799999999797836665e+02
1.320000000000002061e+01 7.999978945004365869e+02 1.799999999797836665e+02
1.335000000000002096e+01 7.999978945004365869e+02 1.799999999797836665e+02
1.350000000000002132e+01 7.999978945004365869e+02 1.799999999797836665e+02
1.365000000000002167e+01 7.999978945004365869e+02 1.799999999797836665e+02
1.380000000000002203e+01 7.999978945004365869e+02 1.799999999797836665e+02
1.395000000000002238e+01 7.999978945004365869e+02 1.799999999797836665e+02
1.410000000000002274e+01 7.999978945004365869e+02 1.799999999797836665e+02
1.425000000000002309e+01 7.999978945004365869e+02 1.799999999797836665e+02
1.440000000000002345e+01 7.999978945004365869e+02 1.799999999797836665e+02
1.455000000000002380e+01 7.999978945004365869e+02 1.799999999797836665e+02
1.470000000000002416e+01 7.999978945004365869e+02 1.799999999797836665e+02
1.485000000000002451e+01 7.999978945004365869e+02 1.799999999797836665e+02
1.500000000000002487e+01 7.999978945004365869e+02 1.799999999797836665e+02
1.515000000000002522e+01 7.999978945004365869e+02 1.799999999797836665e+02
1.530000000000002558e+01 7.999978945004365869e+02 1.799999999797836665e+02
1.545000000000002593e+01 7.999978945004365869e+02 1.799999999797836665e+02
1.560000000000002629e+01 7.999978945004365869e+02 1.799999999797836665e+02
1.575000000000002665e+01 7.999978945004365869e+02 1.799999999797836665e+02
1.590000000000002700e+01 7.999978945004365869e+02 1.799999999797836665e+02
