1.499999999999999944e-01 7.999992469699934645e+02 6.176030629612254685e+00
2.999999999999999889e-01 7.999992469699934645e+02 6.176030629612254685e+00
4.499999999999999556e-01 7.999992469699934645e+02 6.176030629612254685e+00
5.999999999999999778e-01 7.999992469699934645e+02 6.176030629612254685e+00
7.500000000000000000e-01 7.999992469699934645e+02 6.176030629612254685e+00
9.000000000000000222e-01 7.999992469699934645e+02 6.176030629612254685e+00
1.050000000000000044e+00 7.999992469699934645e+02 6.176030629612254685e+00
1.199999999999999956e+00 7.999992469699934645e+02 6.176030629612254685e+00
1.349999999999999867e+00 7.999992469699934645e+02 6.176030629612254685e+00
1.499999999999999778e+00 7.999992469699934645e+02 6.176030629612254685e+00
1.649999999999999689e+00 7.999992469699934645e+02 6.176030629612254685e+00
1.799999999999999600e+00 7.999992469699934645e+02 6.176030629612254685e+00
1.949999999999999512e+00 7.999992469699934645e+02 6.176030629612254685e+00
2.099999999999999645e+00 7.999998239229790897e+02 6.189096926053998082e+00
2.249999999999999556e+00 7.999998239229790897e+02 6.189096926053998082e+00
2.399999999999999467e+00 7.999998239229790897e+02 6.189096926053998082e+00
2.549999999999999378e+00 7.999998239229790897e+02 6.189096926053998082e+00
2.699999999999999289e+00 7.999998239229790897e+02 6.189096926053998082e+00
2.849999999999999201e+00 7.999998239229790897e+02 6.189096926053998082e+00
2.999999999999999112e+00 7.999998239229790897e+02 6.189096926053998082e+00
3.149999999999999023e+00 7.999998239229790897e+02 6.189096926053998082e+00
3.299999999999998934e+00 7.999998239229790897e+02 6.189096926053998082e+00
3.449999999999998845e+00 7.999998239229790897e+02 6.189096926053998082e+00
3.599999999999998757e+00 7.999998239229790897e+02 6.189096926053998082e+00
3.749999999999998668e+00 7.999998239229790897e+02 6.189096926053998082e+00
3.899999999999998579e+00 7.999998239229790897e+02 6.189096926053998082e+00
4.049999999999998934e+00 5.063521901858731553e+02 6.258628749189195872e+00
4.199999999999999289e+00 4.001147428453845123e+02 6.620176990438708664e+00
4.349999999999999645e+00 2.853082187297083010e+02 7.644415068849301775e+00
4.500000000000000000e+00 2.369134577050831183e+02 9.268221924888605301e+00
4.650000000000000355e+00 2.064968909030140196e+02 1.158526652341900132e+01
4.800000000000000711e+00 1.874293006480462225e+02 1.451318624219467956e+01
4.950000000000001066e+00 1.746398579741478443e+02 1.798321885985609825e+01
5.100000000000001421e+00 1.658003866573725134e+02 2.190382086900531533e+01
5.250000000000001776e+00 1.595424781638946001e+02 2.618883443280417112e+01
5.400000000000002132e+00 1.550479838988509869e+02 3.075938677392712606e+01
5.550000000000002487e+00 1.517964988631761969e+02 3.554709967193169717e+01
5.700000000000002842e+00 1.494440561059910806e+02 4.049412327107364007e+01
5.850000000000003197e+00 1.477552177854527429e+02 4.555242189009494780e+01
6.000000000000003553e+00 1.465642073602652147e+02 5.068261807658937812e+01
6.150000000000003908e+00 1.457516092702007313e+02 5.585275400999113771e+01
6.300000000000004263e+00 1.452299619652725937e+02 6.103709900234777308e+01
6.450000000000004619e+00 1.449346075184336655e+02 6.621506867294792187e+01
6.600000000000004974e+00 1.448177696050832424e+02 7.137026828060272976e+01
6.750000000000005329e+00 1.448446938500193255e+02 7.648964927143521209e+01
6.900000000000005684e+00 1.449911731481173263e+02 8.156277022428159285e+01
7.050000000000006040e+00 1.452420697359213477e+02 8.658113773648206291e+01
7.200000000000006395e+00 1.455906266407807834e+02 9.153759737053316314e+01
7.350000000000006750e+00 1.460384876058434429e+02 9.642575797246351499e+01
7.500000000000007105e+00 1.465964470747600501e+02 1.012394166730835678e+02
7.650000000000007461e+00 1.472860523161222943e+02 1.059719466191223347e+02
7.800000000000007816e+00 1.481423046433663444e+02 1.106156243883011001e+02
7.950000000000008171e+00 1.492178851060885165e+02 1.151608544807699559e+02
8.100000000000008527e+00 1.505896100174867911e+02 1.195952448778112824e+02
8.250000000000008882e+00 1.523682972357231620e+02 1.239025126415648543e+02
8.400000000000009237e+00 1.547140661729510214e+02 1.280611955378618632e+02
8.550000000000009592e+00 1.578606702111832192e+02 1.320431870205627263e+02
8.700000000000009948e+00 1.621554521899861072e+02 1.358122130168269734e+02
8.850000000000010303e+00 1.681282654922006827e+02 1.393225707634732089e+02
9.000000000000010658e+00 1.766134827794666649e+02 1.425184706896918669e+02
9.150000000000011013e+00 1.890026919605544435e+02 1.453361358233684655e+02
9.300000000000011369e+00 2.076533903988457723e+02 1.477053681015372035e+02
9.450000000000011724e+00 2.376691775695119873e+02 1.495727635192395724e+02
9.600000000000012079e+00 2.857168819181098911e+02 1.508745614613319503e+02
9.750000000000012434e+00 4.002399142889320274e+02 1.516883131239181353e+02
9.900000000000012790e+00 5.063591372123953533e+02 1.519721657407019961e+02
1.005000000000001315e+01 7.999998209937456295e+02 1.520250965796624030e+02
1.020000000000001350e+01 7.999998209937456295e+02 1.520250965796624030e+02
1.035000000000001386e+01 7.999998209937456295e+02 1.520250965796624030e+02
1.050000000000001421e+01 7.999998209937456295e+02 1.520250965796624030e+02
1.065000000000001457e+01 7.999998209937456295e+02 1.520250965796624030e+02
1.080000000000001492e+01 7.999998209937456295e+02 1.520250965796624030e+02
1.095000000000001528e+01 7.999998209937456295e+02 1.520250965796624030e+02
1.110000000000001563e+01 7.999998209937456295e+02 1.520250965796624030e+02
1.125000000000001599e+01 7.999998209937456295e+02 1.520250965796624030e+02
1.140000000000001634e+01 7.999998209937456295e+02 1.520250965796624030e+02
1.155000000000001670e+01 7.999998209937456295e+02 1.520250965796624030e+02
1.170000000000001705e+01 7.999998209937456295e+02 1.520250965796624030e+02
1.185000000000001741e+01 7.999998209937456295e+02 1.520250965796624030e+02
1.200000000000001776e+01 7.999998209937456295e+02 1.520250965796624030e+02
1.215000000000001812e+01 7.999998209937456295e+02 1.520250965796624030e+02
1.230000000000001847e+01 7.999998209937456295e+02 1.520250965796624030e+02
1.245000000000001883e+01 7.999998209937456295e+02 1.520250965796624030e+02
1.260000000000001918e+01 7.999998209937456295e+02 1.520250965796624030e+02
1.275000000000001954e+01 7.999998209937456295e+02 1.520250965796624030e+02
1.290000000000001990e+01 7.999998209937456295e+02 1.520250965796624030e+02
1.305000000000002025e+01 7.999992343653763101e+02 1.520352069484731032e+02
1.320000000000002061e+01 7.999992343653763101e+02 1.520352069484731032e+02
1.335000000000002096e+01 7.999992343653763101e+02 1.520352069484731032e+02
1.350000000000002132e+01 7.999992343653763101e+02 1.520352069484731032e+02
1.365000000000002167e+01 7.999992343653763101e+02 1.520352069484731032e+02
1.380000000000002203e+01 7.999992343653763101e+02 1.520352069484731032e+02
1.395000000000002238e+01 7.999992343653763101e+02 1.520352069484731032e+02
1.410000000000002274e+01 7.999992343653763101e+02 1.520352069484731032e+02
1.425000000000002309e+01 7.999992343653763101e+02 1.520352069484731032e+02
1.440000000000002345e+01 7.999992343653763101e+02 1.520352069484731032e+02
1.455000000000002380e+01 7.999992343653763101e+02 1.520352069484731032e+02
1.470000000000002416e+01 7.999992343653763101e+02 1.520352069484731032e+02
1.485000000000002451e+01 7.999992343653763101e+02 1.520352069484731032e+02
1.500000000000002487e+01 7.999992343653763101e+02 1.520352069484731032e+02
1.515000000000002522e+01 7.999992343653763101e+02 1.520352069484731032e+02
1.530000000000002558e+01 7.999992343653763101e+02 1.520352069484731032e+02
1.545000000000002593e+01 7.999992343653763101e+02 1.520352069484731032e+02
1.560000000000002629e+01 7.999992343653763101e+02 1.520352069484731032e+02
1.575000000000002665e+01 7.999992343653763101e+02 1.520352069484731032e+02
1.590000000000002700e+01 7.999992343653763101e+02 1.520352069484731032e+02
