1.499999999999999944e-01 7.996664966153501837e+02 5.420153790225423762e-05
2.999999999999999889e-01 7.996664966153501837e+02 5.420153790225423762e-05
4.499999999999999556e-01 7.996664966153501837e+02 5.420153790225423762e-05
5.999999999999999778e-01 7.996664966153501837e+02 5.420153790225423762e-05
7.500000000000000000e-01 7.996664966153501837e+02 5.420153790225423762e-05
9.000000000000000222e-01 7.996664966153501837e+02 5.420153790225423762e-05
1.050000000000000044e+00 7.996664966153501837e+02 5.420153790225423762e-05
1.199999999999999956e+00 7.996664966153501837e+02 5.420153790225423762e-05
1.349999999999999867e+00 7.996664966153501837e+02 5.420153790225423762e-05
1.499999999999999778e+00 7.996664966153501837e+02 5.420153790225423762e-05
1.649999999999999689e+00 7.996664966153501837e+02 5.420153790225423762e-05
1.799999999999999600e+00 7.996664966153501837e+02 5.420153790225423762e-05
1.949999999999999512e+00 7.996664966153501837e+02 5.420153790225423762e-05
2.099999999999999645e+00 7.998272014544238573e+02 5.415133868225119329e-05
2.249999999999999556e+00 7.998272014544238573e+02 5.415133868225119329e-05
2.399999999999999467e+00 7.998272014544238573e+02 5.415133868225119329e-05
2.549999999999999378e+00 7.998272014544238573e+02 5.415133868225119329e-05
2.699999999999999289e+00 7.998272014544238573e+02 5.415133868225119329e-05
2.849999999999999201e+00 7.998272014544238573e+02 5.415133868225119329e-05
2.999999999999999112e+00 7.998272014544238573e+02 5.415133868225119329e-05
3.149999999999999023e+00 7.998272014544238573e+02 5.415133868225119329e-05
3.299999999999998934e+00 7.998272014544238573e+02 5.415133868225119329e-05
3.449999999999998845e+00 7.998272014544238573e+02 5.415133868225119329e-05
3.599999999999998757e+00 7.998272014544238573e+02 5.415133868225119329e-05
3.749999999999998668e+00 7.998272014544238573e+02 5.415133868225119329e-05
3.899999999999998579e+00 7.998272014544238573e+02 5.415133868225119329e-05
4.049999999999998934e+00 4.375652801350818777e+02 5.418944349633303403e-05
4.199999999999999289e+00 2.088787964500304497e+02 5.437563655874555479e-05
4.349999999999999645e+00 6.837257789243400907e+01 5.459012384145811581e-05
4.500000000000000000e+00 2.546806577961440610e+01 5.511226715371186913e-05
4.650000000000000355e+00 8.873996631679695213e+00 5.679132547253828989e-05
4.800000000000000711e+00 2.987701656549944573e+00 6.144807799890461553e-05
4.950000000000001066e+00 8.362813379937961145e-01 7.948600265927918684e-05
5.100000000000001421e+00 5.841323583808843978e-02 4.139327369484524510e-04
5.250000000000001776e+00 2.239328489119998267e-01 1.799999608500828572e+02
5.400000000000002132e+00 3.262728061629331933e-01 1.799999902545990267e+02
5.550000000000002487e+00 3.633861057359126789e-01 1.799999968191367543e+02
5.700000000000002842e+00 3.768426684139285499e-01 1.799999988876116390e+02
5.850000000000003197e+00 3.817220806905652353e-01 1.799999996017399724e+02
6.000000000000003553e+00 3.834913367560375264e-01 1.799999998558868128e+02
6.150000000000003908e+00 3.841328702023929509e-01 1.799999999478233974e+02
6.300000000000004263e+00 3.843654970423813211e-01 1.799999999810890756e+02
6.450000000000004619e+00 3.844498688755493276e-01 1.799999999931267212e+02
6.600000000000004974e+00 3.844805221806382178e-01 1.799999999975075866e+02
6.750000000000005329e+00 3.844918032308441980e-01 1.799999999990961328e+02
6.900000000000005684e+00 3.844963521032696008e-01 1.799999999996714450e+02
7.050000000000006040e+00 3.844992655765508971e-01 1.799999999998806857e+02
7.200000000000006395e+00 3.845038080766016719e-01 1.799999999999564011e+02
7.350000000000006750e+00 3.845150693016421428e-01 1.799999999999829754e+02
7.500000000000007105e+00 3.845456673794842573e-01 1.799999999999911893e+02
7.650000000000007461e+00 3.846298864526715988e-01 1.799999999999894271e+02
7.800000000000007816e+00 3.848620912408478034e-01 1.799999999999757563e+02
7.950000000000008171e+00 3.855024615518232167e-01 1.799999999999350848e+02
8.100000000000008527e+00 3.872685095986980741e-01 1.799999999998231317e+02
8.250000000000008882e+00 3.921390741871846330e-01 1.799999999995182520e+02
8.400000000000009237e+00 4.055712365707222489e-01 1.799999999987190336e+02
8.550000000000009592e+00 4.426172448706893192e-01 1.799999999967721749e+02
8.700000000000009948e+00 5.447716450038342373e-01 1.799999999927622696e+02
8.850000000000010303e+00 8.266060600511764278e-01 1.799999999868797431e+02
9.000000000000010658e+00 1.603064426165872192e+00 1.799999999814064608e+02
9.150000000000011013e+00 3.750601077971523978e+00 1.799999999780301607e+02
9.300000000000011369e+00 9.626265341447734158e+00 1.799999999765651921e+02
9.450000000000011724e+00 2.619125657845506794e+01 1.799999999760206890e+02
9.600000000000012079e+00 6.902005242181506617e+01 1.799999999757735623e+02
9.750000000000012434e+00 2.093307311151191641e+02 1.799999999757651210e+02
9.900000000000012790e+00 4.376761244817861893e+02 1.799999999757884552e+02
1.005000000000001315e+01 7.998277551869929312e+02 1.799999999757745854e+02
1.020000000000001350e+01 7.998277551869929312e+02 1.799999999757745854e+02
1.035000000000001386e+01 7.998277551869929312e+02 1.799999999757745854e+02
1.050000000000001421e+01 7.998277551869929312e+02 1.799999999757745854e+02
1.065000000000001457e+01 7.998277551869929312e+02 1.799999999757745854e+02
1.080000000000001492e+01 7.998277551869929312e+02 1.799999999757745854e+02
1.095000000000001528e+01 7.998277551869929312e+02 1.799999999757745854e+02
1.110000000000001563e+01 7.998277551869929312e+02 1.799999999757745854e+02
1.125000000000001599e+01 7.998277551869929312e+02 1.799999999757745854e+02
1.140000000000001634e+01 7.998277551869929312e+02 1.799999999757745854e+02
1.155000000000001670e+01 7.998277551869929312e+02 1.799999999757745854e+02
1.170000000000001705e+01 7.998277551869929312e+02 1.799999999757745854e+02
1.185000000000001741e+01 7.998277551869929312e+02 1.799999999757745854e+02
1.200000000000001776e+01 7.998277551869929312e+02 1.799999999757745854e+02
1.215000000000001812e+01 7.998277551869929312e+02 1.799999999757745854e+02
1.230000000000001847e+01 7.998277551869929312e+02 1.799999999757745854e+02
1.245000000000001883e+01 7.998277551869929312e+02 1.799999999757745854e+02
1.260000000000001918e+01 7.998277551869929312e+02 1.799999999757745854e+02
1.275000000000001954e+01 7.998277551869929312e+02 1.799999999757745854e+02
1.290000000000001990e+01 7.998277551869929312e+02 1.799999999757745854e+02
1.305000000000002025e+01 7.996674617174733157e+02 1.799999999758244087e+02
1.320000000000002061e+01 7.996674617174733157e+02 1.799999999758244087e+02
1.335000000000002096e+01 7.996674617174733157e+02 1.799999999758244087e+02
1.350000000000002132e+01 7.996674617174733157e+02 1.799999999758244087e+02
1.365000000000002167e+01 7.996674617174733157e+02 1.799999999758244087e+02
1.380000000000002203e+01 7.996674617174733157e+02 1.799999999758244087e+02
1.395000000000002238e+01 7.996674617174733157e+02 1.799999999758244087e+02
1.410000000000002274e+01 7.996674617174733157e+02 1.799999999758244087e+02
1.425000000000002309e+01 7.996674617174733157e+02 1.799999999758244087e+02
1.440000000000002345e+01 7.996674617174733157e+02 1.799999999758244087e+02
1.455000000000002380e+01 7.996674617174733157e+02 1.799999999758244087e+02
1.470000000000002416e+01 7.996674617174733157e+02 1.799999999758244087e+02
1.485000000000002451e+01 7.996674617174733157e+02 1.799999999758244087e+02
1.500000000000002487e+01 7.996674617174733157e+02 1.799999999758244087e+02
1.515000000000002522e+01 7.996674617174733157e+02 1.799999999758244087e+02
1.530000000000002558e+01 7.996674617174733157e+02 1.799999999758244087e+02
1.545000000000002593e+01 7.996674617174733157e+02 1.799999999758244087e+02
1.560000000000002629e+01 7.996674617174733157e+02 1.799999999758244087e+02
1.575000000000002665e+01 7.996674617174733157e+02 1.799999999758244087e+02
1.590000000000002700e+01 7.996674617174733157e+02 1.799999999758244087e+02
