1.499999999999999944e-01 7.999986971476087092e+02 1.298107368596923550e-06
2.999999999999999889e-01 7.999986971476087092e+02 1.298107368596923550e-06
4.499999999999999556e-01 7.999986971476087092e+02 1.298107368596923550e-06
5.999999999999999778e-01 7.999986971476087092e+02 1.298107368596923550e-06
7.500000000000000000e-01 7.999986971476087092e+02 1.298107368596923550e-06
9.000000000000000222e-01 7.999986971476087092e+02 1.298107368596923550e-06
1.050000000000000044e+00 7.999986971476087092e+02 1.298107368596923550e-06
1.199999999999999956e+00 7.999986971476087092e+02 1.298107368596923550e-06
1.349999999999999867e+00 7.999986971476087092e+02 1.298107368596923550e-06
1.499999999999999778e+00 7.999986971476087092e+02 1.298107368596923550e-06
1.649999999999999689e+00 7.999986971476087092e+02 1.298107368596923550e-06
1.799999999999999600e+00 7.999986971476087092e+02 1.298107368596923550e-06
1.949999999999999512e+00 7.999986971476087092e+02 1.298107368596923550e-06
2.099999999999999645e+00 7.999996729313460264e+02 1.298541610350589792e-06
2.249999999999999556e+00 7.999996729313460264e+02 1.298541610350589792e-06
2.399999999999999467e+00 7.999996729313460264e+02 1.298541610350589792e-06
2.549999999999999378e+00 7.999996729313460264e+02 1.298541610350589792e-06
2.699999999999999289e+00 7.999996729313460264e+02 1.298541610350589792e-06
2.849999999999999201e+00 7.999996729313460264e+02 1.298541610350589792e-06
2.999999999999999112e+00 7.999996729313460264e+02 1.298541610350589792e-06
3.149999999999999023e+00 7.999996729313460264e+02 1.298541610350589792e-06
3.299999999999998934e+00 7.999996729313460264e+02 1.298541610350589792e-06
3.449999999999998845e+00 7.999996729313460264e+02 1.298541610350589792e-06
3.599999999999998757e+00 7.999996729313460264e+02 1.298541610350589792e-06
3.749999999999998668e+00 7.999996729313460264e+02 1.298541610350589792e-06
3.899999999999998579e+00 7.999996729313460264e+02 1.298541610350589792e-06
4.049999999999998934e+00 5.040137137800005576e+02 1.305663647310773001e-06
4.199999999999999289e+00 3.860097465959247529e+02 1.343222029381863081e-06
4.349999999999999645e+00 2.582807491218550240e+02 1.451015435582903024e-06
4.500000000000000000e+00 1.989650343231092222e+02 1.643852001076417935e-06
4.650000000000000355e+00 1.584125574640896446e+02 1.968311458155902471e-06
4.800000000000000711e+00 1.299646522932084736e+02 2.455387468680569896e-06
4.950000000000001066e+00 1.083829800658672440e+02 3.162035021042619576e-06
5.100000000000001421e+00 9.124430030358415422e+01 4.165118556276325990e-06
5.250000000000001776e+00 7.710031251030657984e+01 5.551520196767079085e-06
5.400000000000002132e+00 6.507178043429689751e+01 7.469785528235739491e-06
5.550000000000002487e+00 5.459110239523894137e+01 1.015530174963696908e-05
5.700000000000002842e+00 4.527843120817707501e+01 1.393197219334840753e-05
5.850000000000003197e+00 3.687093403804281166e+01 1.941740524513679844e-05
6.000000000000003553e+00 2.918127594773874023e+01 2.779332272373480350e-05
6.150000000000003908e+00 2.207182800870913653e+01 4.139773647948707946e-05
6.300000000000004263e+00 1.543798158261864373e+01 6.642428340564165978e-05
6.450000000000004619e+00 9.196936462093603382e+00 1.248931872515068875e-04
6.600000000000004974e+00 3.279908204513205305e+00 3.903612014899415783e-04
6.750000000000005329e+00 2.373470428231570395e+00 1.799994003494089725e+02
6.900000000000005684e+00 7.819323374389107073e+00 1.799997977816069863e+02
7.050000000000006040e+00 1.311279681350558235e+01 1.799998664803173085e+02
7.200000000000006395e+00 1.831079368962911857e+01 1.799998942468733674e+02
7.350000000000006750e+00 2.347448535641881762e+01 1.799999086636043160e+02
7.500000000000007105e+00 2.867188808161955649e+01 1.799999173373875294e+02
7.650000000000007461e+00 3.398081473720346679e+01 1.799999228517699521e+02
7.800000000000007816e+00 3.949258423726576694e+01 1.799999263620309193e+02
7.950000000000008171e+00 4.531701463181634182e+01 1.799999287934572578e+02
8.100000000000008527e+00 5.158948481636589634e+01 1.799999304125167328e+02
8.250000000000008882e+00 5.848131234840121095e+01 1.799999313536318652e+02
8.400000000000009237e+00 6.621553144919371903e+01 1.799999320129161617e+02
8.550000000000009592e+00 7.509173857831737564e+01 1.799999323921426821e+02
8.700000000000009948e+00 8.552666372711657061e+01 1.799999324656770057e+02
8.850000000000010303e+00 9.812400072945865759e+01 1.799999325243870771e+02
9.000000000000010658e+00 1.137974799651768620e+02 1.799999325070150178e+02
9.150000000000011013e+00 1.340274659437647529e+02 1.799999323412203580e+02
9.300000000000011369e+00 1.612668765018958368e+02 1.799999322831419306e+02
9.450000000000011724e+00 2.007779015035849000e+02 1.799999322433511395e+02
9.600000000000012079e+00 2.592523790325688537e+02 1.799999321220750801e+02
9.750000000000012434e+00 3.863161802938311666e+02 1.799999321597639721e+02
9.900000000000012790e+00 5.040323686448499529e+02 1.799999322033584406e+02
1.005000000000001315e+01 7.999996701122279319e+02 1.799999321893515685e+02
1.020000000000001350e+01 7.999996701122279319e+02 1.799999321893515685e+02
1.035000000000001386e+01 7.999996701122279319e+02 1.799999321893515685e+02
1.050000000000001421e+01 7.999996701122279319e+02 1.799999321893515685e+02
1.065000000000001457e+01 7.999996701122279319e+02 1.799999321893515685e+02
1.080000000000001492e+01 7.999996701122279319e+02 1.799999321893515685e+02
1.095000000000001528e+01 7.999996701122279319e+02 1.799999321893515685e+02
1.110000000000001563e+01 7.999996701122279319e+02 1.799999321893515685e+02
1.125000000000001599e+01 7.999996701122279319e+02 1.799999321893515685e+02
1.140000000000001634e+01 7.999996701122279319e+02 1.799999321893515685e+02
1.155000000000001670e+01 7.999996701122279319e+02 1.799999321893515685e+02
1.170000000000001705e+01 7.999996701122279319e+02 1.799999321893515685e+02
1.185000000000001741e+01 7.999996701122279319e+02 1.799999321893515685e+02
1.200000000000001776e+01 7.999996701122279319e+02 1.799999321893515685e+02
1.215000000000001812e+01 7.999996701122279319e+02 1.799999321893515685e+02
1.230000000000001847e+01 7.999996701122279319e+02 1.799999321893515685e+02
1.245000000000001883e+01 7.999996701122279319e+02 1.799999321893515685e+02
1.260000000000001918e+01 7.999996701122279319e+02 1.799999321893515685e+02
1.275000000000001954e+01 7.999996701122279319e+02 1.799999321893515685e+02
1.290000000000001990e+01 7.999996701122279319e+02 1.799999321893515685e+02
1.305000000000002025e+01 7.999986856119755885e+02 1.799999322548459588e+02
1.320000000000002061e+01 7.999986856119755885e+02 1.799999322548459588e+02
1.335000000000002096e+01 7.999986856119755885e+02 1.799999322548459588e+02
1.350000000000002132e+01 7.999986856119755885e+02 1.799999322548459588e+02
1.365000000000002167e+01 7.999986856119755885e+02 1.799999322548459588e+02
1.380000000000002203e+01 7.999986856119755885e+02 1.799999322548459588e+02
1.395000000000002238e+01 7.999986856119755885e+02 1.799999322548459588e+02
1.410000000000002274e+01 7.999986856119755885e+02 1.799999322548459588e+02
1.425000000000002309e+01 7.999986856119755885e+02 1.799999322548459588e+02
1.440000000000002345e+01 7.999986856119755885e+02 1.799999322548459588e+02
1.455000000000002380e+01 7.999986856119755885e+02 1.799999322548459588e+02
1.470000000000002416e+01 7.999986856119755885e+02 1.799999322548459588e+02
1.485000000000002451e+01 7.999986856119755885e+02 1.799999322548459588e+02
1.500000000000002487e+01 7.999986856119755885e+02 1.799999322548459588e+02
1.515000000000002522e+01 7.999986856119755885e+02 1.799999322548459588e+02
1.530000000000002558e+01 7.999986856119755885e+02 1.799999322548459588e+02
1.545000000000002593e+01 7.999986856119755885e+02 1.799999322548459588e+02
1.560000000000002629e+01 7.999986856119755885e+02 1.799999322548459588e+02
1.575000000000002665e+01 7.999986856119755885e+02 1.799999322548459588e+02
1.590000000000002700e+01 7.999986856119755885e+02 1.799999322548459588e+02
