1.499999999999999944e-01 7.997712778568522936e+02 1.799994704826922600e+02
2.999999999999999889e-01 7.997712778568522936e+02 1.799994704826922600e+02
4.499999999999999556e-01 7.997712778568522936e+02 1.799994704826922600e+02
5.999999999999999778e-01 7.997712778568522936e+02 1.799994704826922600e+02
7.500000000000000000e-01 7.997712778568522936e+02 1.799994704826922600e+02
9.000000000000000222e-01 7.997712778568522936e+02 1.799994704826922600e+02
1.050000000000000044e+00 7.997712778568522936e+02 1.799994704826922600e+02
1.199999999999999956e+00 7.997712778568522936e+02 1.799994704826922600e+02
1.349999999999999867e+00 7.997712778568522936e+02 1.799994704826922600e+02
1.499999999999999778e+00 7.997712778568522936e+02 1.799994704826922600e+02
1.649999999999999689e+00 7.997712778568522936e+02 1.799994704826922600e+02
1.799999999999999600e+00 7.997712778568522936e+02 1.799994704826922600e+02
1.949999999999999512e+00 7.997712778568522936e+02 1.799994704826922600e+02
2.099999999999999645e+00 7.998871993670321672e+02 1.799994709381280416e+02
2.249999999999999556e+00 7.998871993670321672e+02 1.799994709381280416e+02
2.399999999999999467e+00 7.998871993670321672e+02 1.799994709381280416e+02
2.549999999999999378e+00 7.998871993670321672e+02 1.799994709381280416e+02
2.699999999999999289e+00 7.998871993670321672e+02 1.799994709381280416e+02
2.849999999999999201e+00 7.998871993670321672e+02 1.799994709381280416e+02
2.999999999999999112e+00 7.998871993670321672e+02 1.799994709381280416e+02
3.149999999999999023e+00 7.998871993670321672e+02 1.799994709381280416e+02
3.299999999999998934e+00 7.998871993670321672e+02 1.799994709381280416e+02
3.449999999999998845e+00 7.998871993670321672e+02 1.799994709381280416e+02
3.599999999999998757e+00 7.998871993670321672e+02 1.799994709381280416e+02
3.749999999999998668e+00 7.998871993670321672e+02 1.799994709381280416e+02
3.899999999999998579e+00 7.998871993670321672e+02 1.799994709381280416e+02
4.049999999999998934e+00 4.464592769692440015e+02 1.799994713343558033e+02
4.199999999999999289e+00 2.228103503796358780e+02 1.799994718410170549e+02
4.349999999999999645e+00 7.779061694303244678e+01 1.799994769399343113e+02
4.500000000000000000e+00 3.133440311268217826e+01 1.799994890031948955e+02
4.650000000000000355e+00 1.253625510343541549e+01 1.799995184424864192e+02
4.800000000000000711e+00 5.528733909399470292e+00 1.799995828239962918e+02
4.950000000000001066e+00 2.843170800631739326e+00 1.799996916889799081e+02
5.100000000000001421e+00 1.823828281138673901e+00 1.799998166530302797e+02
5.250000000000001776e+00 1.435614373577863034e+00 1.799999113684504266e+02
5.400000000000002132e+00 1.287937742286089815e+00 1.799999623991920714e+02
5.550000000000002487e+00 1.231738400587971682e+00 1.799999850092097518e+02
5.700000000000002842e+00 1.210354423469652829e+00 1.799999941940363044e+02
5.850000000000003197e+00 1.202217364364969399e+00 1.799999977754425231e+02
6.000000000000003553e+00 1.199121096950818810e+00 1.799999991495990628e+02
6.150000000000003908e+00 1.197942923681239336e+00 1.799999996760399483e+02
6.300000000000004263e+00 1.197494633970563882e+00 1.799999998766626277e+02
6.450000000000004619e+00 1.197324116453444276e+00 1.799999999529655668e+02
6.600000000000004974e+00 1.197259400268819718e+00 1.799999999820989274e+02
6.750000000000005329e+00 1.197235217490629111e+00 1.799999999931871173e+02
6.900000000000005684e+00 1.197227179477579284e+00 1.799999999974023694e+02
7.050000000000006040e+00 1.197227179448077550e+00 1.799999999990113793e+02
7.200000000000006395e+00 1.197235217549632580e+00 1.799999999996237534e+02
7.350000000000006750e+00 1.197259400268819718e+00 1.799999999998564704e+02
7.500000000000007105e+00 1.197324116659956417e+00 1.799999999999453735e+02
7.650000000000007461e+00 1.197494634501595101e+00 1.799999999999791669e+02
7.800000000000007816e+00 1.197942924920312180e+00 1.799999999999919567e+02
7.950000000000008171e+00 1.199121100196009593e+00 1.799999999999967883e+02
8.100000000000008527e+00 1.202217372861468903e+00 1.799999999999985789e+02
8.250000000000008882e+00 1.210354445831967496e+00 1.799999999999993179e+02
8.400000000000009237e+00 1.231738459296423116e+00 1.799999999999996589e+02
8.550000000000009592e+00 1.287937896698167606e+00 1.799999999999993179e+02
8.700000000000009948e+00 1.435614779270963481e+00 1.799999999999987494e+02
8.850000000000010303e+00 1.823829347803382461e+00 1.799999999999976410e+02
9.000000000000010658e+00 2.843173600501216924e+00 1.799999999999960210e+02
9.150000000000011013e+00 5.528741292038866106e+00 1.799999999999946283e+02
9.300000000000011369e+00 1.253627432175209222e+01 1.799999999999937756e+02
9.450000000000011724e+00 3.133445502077824329e+01 1.799999999999933777e+02
9.600000000000012079e+00 7.779074259846012751e+01 1.799999999999930083e+02
9.750000000000012434e+00 2.228107654576292873e+02 1.799999999999930367e+02
9.900000000000012790e+00 4.464598076498253931e+02 1.799999999999930651e+02
1.005000000000001315e+01 7.998897101978682258e+02 1.799999999999930651e+02
1.020000000000001350e+01 7.998897101978682258e+02 1.799999999999930651e+02
1.035000000000001386e+01 7.998897101978682258e+02 1.799999999999930651e+02
1.050000000000001421e+01 7.998897101978682258e+02 1.799999999999930651e+02
1.065000000000001457e+01 7.998897101978682258e+02 1.799999999999930651e+02
1.080000000000001492e+01 7.998897101978682258e+02 1.799999999999930651e+02
1.095000000000001528e+01 7.998897101978682258e+02 1.799999999999930651e+02
1.110000000000001563e+01 7.998897101978682258e+02 1.799999999999930651e+02
1.125000000000001599e+01 7.998897101978682258e+02 1.799999999999930651e+02
1.140000000000001634e+01 7.998897101978682258e+02 1.799999999999930651e+02
1.155000000000001670e+01 7.998897101978682258e+02 1.799999999999930651e+02
1.170000000000001705e+01 7.998897101978682258e+02 1.799999999999930651e+02
1.185000000000001741e+01 7.998897101978682258e+02 1.799999999999930651e+02
1.200000000000001776e+01 7.998897101978682258e+02 1.799999999999930651e+02
1.215000000000001812e+01 7.998897101978682258e+02 1.799999999999930651e+02
1.230000000000001847e+01 7.998897101978682258e+02 1.799999999999930651e+02
1.245000000000001883e+01 7.998897101978682258e+02 1.799999999999930651e+02
1.260000000000001918e+01 7.998897101978682258e+02 1.799999999999930651e+02
1.275000000000001954e+01 7.998897101978682258e+02 1.799999999999930651e+02
1.290000000000001990e+01 7.998897101978682258e+02 1.799999999999930651e+02
1.305000000000002025e+01 7.997763690710238507e+02 1.799999999999930651e+02
1.320000000000002061e+01 7.997763690710238507e+02 1.799999999999930651e+02
1.335000000000002096e+01 7.997763690710238507e+02 1.799999999999930651e+02
1.350000000000002132e+01 7.997763690710238507e+02 1.799999999999930651e+02
1.365000000000002167e+01 7.997763690710238507e+02 1.799999999999930651e+02
1.380000000000002203e+01 7.997763690710238507e+02 1.799999999999930651e+02
1.395000000000002238e+01 7.997763690710238507e+02 1.799999999999930651e+02
1.410000000000002274e+01 7.997763690710238507e+02 1.799999999999930651e+02
1.425000000000002309e+01 7.997763690710238507e+02 1.799999999999930651e+02
1.440000000000002345e+01 7.997763690710238507e+02 1.799999999999930651e+02
1.455000000000002380e+01 7.997763690710238507e+02 1.799999999999930651e+02
1.470000000000002416e+01 7.997763690710238507e+02 1.799999999999930651e+02
1.485000000000002451e+01 7.997763690710238507e+02 1.799999999999930651e+02
1.500000000000002487e+01 7.997763690710238507e+02 1.799999999999930651e+02
1.515000000000002522e+01 7.997763690710238507e+02 1.799999999999930651e+02
1.530000000000002558e+01 7.997763690710238507e+02 1.799999999999930651e+02
1.545000000000002593e+01 7.997763690710238507e+02 1.799999999999930651e+02
1.560000000000002629e+01 7.997763690710238507e+02 1.799999999999930651e+02
1.575000000000002665e+01 7.997763690710238507e+02 1.799999999999930651e+02
1.590000000000002700e+01 7.997763690710238507e+02 1.799999999999930651e+02
