1.499999999999999944e-01 7.999999997601505584e+02 5.302073396459977062e+01
2.999999999999999889e-01 7.999999997601505584e+02 5.302073396459977062e+01
4.499999999999999556e-01 7.999999997601505584e+02 5.302073396459977062e+01
5.999999999999999778e-01 7.999999997601505584e+02 5.302073396459977062e+01
7.500000000000000000e-01 7.999999997601505584e+02 5.302073396459977062e+01
9.000000000000000222e-01 7.999999997601505584e+02 5.302073396459977062e+01
1.050000000000000044e+00 7.999999997601505584e+02 5.302073396459977062e+01
1.199999999999999956e+00 7.999999997601505584e+02 5.302073396459977062e+01
1.349999999999999867e+00 7.999999997601505584e+02 5.302073396459977062e+01
1.499999999999999778e+00 7.999999997601505584e+02 5.302073396459977062e+01
1.649999999999999689e+00 7.999999997601505584e+02 5.302073396459977062e+01
1.799999999999999600e+00 7.999999997601505584e+02 5.302073396459977062e+01
1.949999999999999512e+00 7.999999997601505584e+02 5.302073396459977062e+01
2.099999999999999645e+00 7.999999999789328058e+02 5.309373676840559853e+01
2.249999999999999556e+00 7.999999999789328058e+02 5.309373676840559853e+01
2.399999999999999467e+00 7.999999999789328058e+02 5.309373676840559853e+01
2.549999999999999378e+00 7.999999999789328058e+02 5.309373676840559853e+01
2.699999999999999289e+00 7.999999999789328058e+02 5.309373676840559853e+01
2.849999999999999201e+00 7.999999999789328058e+02 5.309373676840559853e+01
2.999999999999999112e+00 7.999999999789328058e+02 5.309373676840559853e+01
3.149999999999999023e+00 7.999999999789328058e+02 5.309373676840559853e+01
3.299999999999998934e+00 7.999999999789328058e+02 5.309373676840559853e+01
3.449999999999998845e+00 7.999999999789328058e+02 5.309373676840559853e+01
3.599999999999998757e+00 7.999999999789328058e+02 5.309373676840559853e+01
3.749999999999998668e+00 7.999999999789328058e+02 5.309373676840559853e+01
3.899999999999998579e+00 7.999999999789328058e+02 5.309373676840559853e+01
4.049999999999998934e+00 5.178376324324590314e+02 5.347149192835477294e+01
4.199999999999999289e+00 4.909585858596315120e+02 5.506446546694421329e+01
4.349999999999999645e+00 4.577234059053391775e+02 5.800197299714793786e+01
4.500000000000000000e+00 4.534357277096308962e+02 6.095456292631639172e+01
4.650000000000000355e+00 4.521432153630731250e+02 6.396561404143909613e+01
4.800000000000000711e+00 4.518943695930276476e+02 6.694381877843896689e+01
4.950000000000001066e+00 4.518450559092809158e+02 6.988756285213295882e+01
5.100000000000001421e+00 4.518447943401975522e+02 7.279244800358257805e+01
5.250000000000001776e+00 4.518552336020438247e+02 7.565758052178428272e+01
5.400000000000002132e+00 4.518681054323728858e+02 7.848225599774629302e+01
5.550000000000002487e+00 4.518814623737438296e+02 8.126600528526651601e+01
5.700000000000002842e+00 4.518948390744909034e+02 8.400847748537857740e+01
5.850000000000003197e+00 4.519081031355111691e+02 8.670942455775053759e+01
6.000000000000003553e+00 4.519212001860261694e+02 8.936869603230273640e+01
6.150000000000003908e+00 4.519340959677280125e+02 9.198623750063555349e+01
6.300000000000004263e+00 4.519467631819779285e+02 9.456208027015061646e+01
6.450000000000004619e+00 4.519591782664487596e+02 9.709634004611484670e+01
6.600000000000004974e+00 4.519713208027084193e+02 9.958921553602424126e+01
6.750000000000005329e+00 4.519831732427688848e+02 1.020409780794020094e+02
6.900000000000005684e+00 4.519947205670789003e+02 1.044519702444416680e+02
7.050000000000006040e+00 4.520059502986717916e+02 1.068226043940063903e+02
7.200000000000006395e+00 4.520168523447569555e+02 1.091533524687319670e+02
7.350000000000006750e+00 4.520274186741162907e+02 1.114447447382508756e+02
7.500000000000007105e+00 4.520376433133907881e+02 1.136973685622820938e+02
7.650000000000007461e+00 4.520475221892715467e+02 1.159118585847511582e+02
7.800000000000007816e+00 4.520570528471522493e+02 1.180888958146358050e+02
7.950000000000008171e+00 4.520662345818910239e+02 1.202292067319567366e+02
8.100000000000008527e+00 4.520750689157741817e+02 1.223335540523853524e+02
8.250000000000008882e+00 4.520835621238009594e+02 1.244027362110618924e+02
8.400000000000009237e+00 4.520917376993512562e+02 1.264375867641575582e+02
8.550000000000009592e+00 4.520996918819847679e+02 1.284389654719748250e+02
8.700000000000009948e+00 4.521078377737660503e+02 1.304077554199189137e+02
8.850000000000010303e+00 4.521180187961324464e+02 1.323448588606034946e+02
9.000000000000010658e+00 4.521381867139239716e+02 1.342511188120446946e+02
9.150000000000011013e+00 4.522057281059553020e+02 1.361273391285277796e+02
9.300000000000011369e+00 4.524673660898536127e+02 1.379723600541208555e+02
9.450000000000011724e+00 4.537570979725545044e+02 1.397865919226896665e+02
9.600000000000012079e+00 4.579964483688121391e+02 1.415196494526854565e+02
9.750000000000012434e+00 4.910583024310727183e+02 1.431966043284918442e+02
9.900000000000012790e+00 5.178399882620150265e+02 1.440848200948472879e+02
1.005000000000001315e+01 7.999999999789414460e+02 1.442857387784127070e+02
1.020000000000001350e+01 7.999999999789414460e+02 1.442857387784127070e+02
1.035000000000001386e+01 7.999999999789414460e+02 1.442857387784127070e+02
1.050000000000001421e+01 7.999999999789414460e+02 1.442857387784127070e+02
1.065000000000001457e+01 7.999999999789414460e+02 1.442857387784127070e+02
1.080000000000001492e+01 7.999999999789414460e+02 1.442857387784127070e+02
1.095000000000001528e+01 7.999999999789414460e+02 1.442857387784127070e+02
1.110000000000001563e+01 7.999999999789414460e+02 1.442857387784127070e+02
1.125000000000001599e+01 7.999999999789414460e+02 1.442857387784127070e+02
1.140000000000001634e+01 7.999999999789414460e+02 1.442857387784127070e+02
1.155000000000001670e+01 7.999999999789414460e+02 1.442857387784127070e+02
1.170000000000001705e+01 7.999999999789414460e+02 1.442857387784127070e+02
1.185000000000001741e+01 7.999999999789414460e+02 1.442857387784127070e+02
1.200000000000001776e+01 7.999999999789414460e+02 1.442857387784127070e+02
1.215000000000001812e+01 7.999999999789414460e+02 1.442857387784127070e+02
1.230000000000001847e+01 7.999999999789414460e+02 1.442857387784127070e+02
1.245000000000001883e+01 7.999999999789414460e+02 1.442857387784127070e+02
1.260000000000001918e+01 7.999999999789414460e+02 1.442857387784127070e+02
1.275000000000001954e+01 7.999999999789414460e+02 1.442857387784127070e+02
1.290000000000001990e+01 7.999999999789414460e+02 1.442857387784127070e+02
1.305000000000002025e+01 7.999999997601630639e+02 1.443254489568317354e+02
1.320000000000002061e+01 7.999999997601630639e+02 1.443254489568317354e+02
1.335000000000002096e+01 7.999999997601630639e+02 1.443254489568317354e+02
1.350000000000002132e+01 7.999999997601630639e+02 1.443254489568317354e+02
1.365000000000002167e+01 7.999999997601630639e+02 1.443254489568317354e+02
1.380000000000002203e+01 7.999999997601630639e+02 1.443254489568317354e+02
1.395000000000002238e+01 7.999999997601630639e+02 1.443254489568317354e+02
1.410000000000002274e+01 7.999999997601630639e+02 1.443254489568317354e+02
1.425000000000002309e+01 7.999999997601630639e+02 1.443254489568317354e+02
1.440000000000002345e+01 7.999999997601630639e+02 1.443254489568317354e+02
1.455000000000002380e+01 7.999999997601630639e+02 1.443254489568317354e+02
1.470000000000002416e+01 7.999999997601630639e+02 1.443254489568317354e+02
1.485000000000002451e+01 7.999999997601630639e+02 1.443254489568317354e+02
1.500000000000002487e+01 7.999999997601630639e+02 1.443254489568317354e+02
1.515000000000002522e+01 7.999999997601630639e+02 1.443254489568317354e+02
1.530000000000002558e+01 7.999999997601630639e+02 1.443254489568317354e+02
1.545000000000002593e+01 7.999999997601630639e+02 1.443254489568317354e+02
1.560000000000002629e+01 7.999999997601630639e+02 1.443254489568317354e+02
1.575000000000002665e+01 7.999999997601630639e+02 1.443254489568317354e+02
1.590000000000002700e+01 7.999999997601630639e+02 1.443254489568317354e+02
