1.499999999999999944e-01 7.999992350995339621e+02 1.799993898662241349e+02
2.999999999999999889e-01 7.999992350995339621e+02 1.799993898662241349e+02
4.499999999999999556e-01 7.999992350995339621e+02 1.799993898662241349e+02
5.999999999999999778e-01 7.999992350995339621e+02 1.799993898662241349e+02
7.500000000000000000e-01 7.999992350995339621e+02 1.799993898662241349e+02
9.000000000000000222e-01 7.999992350995339621e+02 1.799993898662241349e+02
1.050000000000000044e+00 7.999992350995339621e+02 1.799993898662241349e+02
1.199999999999999956e+00 7.999992350995339621e+02 1.799993898662241349e+02
1.349999999999999867e+00 7.999992350995339621e+02 1.799993898662241349e+02
1.499999999999999778e+00 7.999992350995339621e+02 1.799993898662241349e+02
1.649999999999999689e+00 7.999992350995339621e+02 1.799993898662241349e+02
1.799999999999999600e+00 7.999992350995339621e+02 1.799993898662241349e+02
1.949999999999999512e+00 7.999992350995339621e+02 1.799993898662241349e+02
2.099999999999999645e+00 7.999998212478491268e+02 1.799993904846382975e+02
2.249999999999999556e+00 7.999998212478491268e+02 1.799993904846382975e+02
2.399999999999999467e+00 7.999998212478491268e+02 1.799993904846382975e+02
2.549999999999999378e+00 7.999998212478491268e+02 1.799993904846382975e+02
2.699999999999999289e+00 7.999998212478491268e+02 1.799993904846382975e+02
2.849999999999999201e+00 7.999998212478491268e+02 1.799993904846382975e+02
2.999999999999999112e+00 7.999998212478491268e+02 1.799993904846382975e+02
3.149999999999999023e+00 7.999998212478491268e+02 1.799993904846382975e+02
3.299999999999998934e+00 7.999998212478491268e+02 1.799993904846382975e+02
3.449999999999998845e+00 7.999998212478491268e+02 1.799993904846382975e+02
3.599999999999998757e+00 7.999998212478491268e+02 1.799993904846382975e+02
3.749999999999998668e+00 7.999998212478491268e+02 1.799993904846382975e+02
3.899999999999998579e+00 7.999998212478491268e+02 1.799993904846382975e+02
4.049999999999998934e+00 5.063947272971278721e+02 1.799993917737280640e+02
4.199999999999999289e+00 4.008149608599313751e+02 1.799993966294041172e+02
4.349999999999999645e+00 2.874522653004252675e+02 1.799994112470428718e+02
4.500000000000000000e+00 2.407034708517915647e+02 1.799994317226336591e+02
4.650000000000000355e+00 2.121245840913963150e+02 1.799994569795581185e+02
4.800000000000000711e+00 1.949494464708392059e+02 1.799994865767378087e+02
4.950000000000001066e+00 1.840127657030855062e+02 1.799995180431793926e+02
5.100000000000001421e+00 1.769086819908561949e+02 1.799995492845564229e+02
5.250000000000001776e+00 1.722152122022337721e+02 1.799995808882740960e+02
5.400000000000002132e+00 1.690826014455944346e+02 1.799996114476131481e+02
5.550000000000002487e+00 1.669772425839538812e+02 1.799996400094713067e+02
5.700000000000002842e+00 1.655560335898972255e+02 1.799996676078708049e+02
5.850000000000003197e+00 1.645942028345616563e+02 1.799996935369942719e+02
6.000000000000003553e+00 1.639427448175285633e+02 1.799997173406044908e+02
6.150000000000003908e+00 1.635021516686190353e+02 1.799997400314753122e+02
6.300000000000004263e+00 1.632057696190755109e+02 1.799997611860804625e+02
6.450000000000004619e+00 1.630090533747779205e+02 1.799997805376573865e+02
6.600000000000004974e+00 1.628825664843675156e+02 1.799997989313666551e+02
6.750000000000005329e+00 1.628074360085872172e+02 1.799998160749246097e+02
6.900000000000005684e+00 1.627724719876958943e+02 1.799998317899308518e+02
7.050000000000006040e+00 1.627724719877788573e+02 1.799998467433056248e+02
7.200000000000006395e+00 1.628074360088460537e+02 1.799998607217713982e+02
7.350000000000006750e+00 1.628825664848342285e+02 1.799998736010238360e+02
7.500000000000007105e+00 1.630090533755094668e+02 1.799998858906655812e+02
7.650000000000007461e+00 1.632057696201650003e+02 1.799998974327824612e+02
7.800000000000007816e+00 1.635021516702072972e+02 1.799999081404810397e+02
7.950000000000008171e+00 1.639427448198264585e+02 1.799999183864291581e+02
8.100000000000008527e+00 1.645942028378835857e+02 1.799999280496888048e+02
8.250000000000008882e+00 1.655560335947110957e+02 1.799999370639186509e+02
8.400000000000009237e+00 1.669772425909612252e+02 1.799999456725697087e+02
8.550000000000009592e+00 1.690826014558585086e+02 1.799999537653317532e+02
8.700000000000009948e+00 1.722152122173890234e+02 1.799999612659377419e+02
8.850000000000010303e+00 1.769086820134739924e+02 1.799999682742993627e+02
9.000000000000010658e+00 1.840127657373258501e+02 1.799999746465907151e+02
9.150000000000011013e+00 1.949494465238532541e+02 1.799999802525014445e+02
9.300000000000011369e+00 2.121245841755099093e+02 1.799999850360489972e+02
9.450000000000011724e+00 2.407034709958324186e+02 1.799999888425314509e+02
9.600000000000012079e+00 2.874522655378557374e+02 1.799999915092714389e+02
9.750000000000012434e+00 4.008149615254861828e+02 1.799999932043186277e+02
9.900000000000012790e+00 5.063947277820797694e+02 1.799999938011134191e+02
1.005000000000001315e+01 7.999998275975308388e+02 1.799999939106089641e+02
1.020000000000001350e+01 7.999998275975308388e+02 1.799999939106089641e+02
1.035000000000001386e+01 7.999998275975308388e+02 1.799999939106089641e+02
1.050000000000001421e+01 7.999998275975308388e+02 1.799999939106089641e+02
1.065000000000001457e+01 7.999998275975308388e+02 1.799999939106089641e+02
1.080000000000001492e+01 7.999998275975308388e+02 1.799999939106089641e+02
1.095000000000001528e+01 7.999998275975308388e+02 1.799999939106089641e+02
1.110000000000001563e+01 7.999998275975308388e+02 1.799999939106089641e+02
1.125000000000001599e+01 7.999998275975308388e+02 1.799999939106089641e+02
1.140000000000001634e+01 7.999998275975308388e+02 1.799999939106089641e+02
1.155000000000001670e+01 7.999998275975308388e+02 1.799999939106089641e+02
1.170000000000001705e+01 7.999998275975308388e+02 1.799999939106089641e+02
1.185000000000001741e+01 7.999998275975308388e+02 1.799999939106089641e+02
1.200000000000001776e+01 7.999998275975308388e+02 1.799999939106089641e+02
1.215000000000001812e+01 7.999998275975308388e+02 1.799999939106089641e+02
1.230000000000001847e+01 7.999998275975308388e+02 1.799999939106089641e+02
1.245000000000001883e+01 7.999998275975308388e+02 1.799999939106089641e+02
1.260000000000001918e+01 7.999998275975308388e+02 1.799999939106089641e+02
1.275000000000001954e+01 7.999998275975308388e+02 1.799999939106089641e+02
1.290000000000001990e+01 7.999998275975308388e+02 1.799999939106089641e+02
1.305000000000002025e+01 7.999992622705310623e+02 1.799999939375019551e+02
1.320000000000002061e+01 7.999992622705310623e+02 1.799999939375019551e+02
1.335000000000002096e+01 7.999992622705310623e+02 1.799999939375019551e+02
1.350000000000002132e+01 7.999992622705310623e+02 1.799999939375019551e+02
1.365000000000002167e+01 7.999992622705310623e+02 1.799999939375019551e+02
1.380000000000002203e+01 7.999992622705310623e+02 1.799999939375019551e+02
1.395000000000002238e+01 7.999992622705310623e+02 1.799999939375019551e+02
1.410000000000002274e+01 7.999992622705310623e+02 1.799999939375019551e+02
1.425000000000002309e+01 7.999992622705310623e+02 1.799999939375019551e+02
1.440000000000002345e+01 7.999992622705310623e+02 1.799999939375019551e+02
1.455000000000002380e+01 7.999992622705310623e+02 1.799999939375019551e+02
1.470000000000002416e+01 7.999992622705310623e+02 1.799999939375019551e+02
1.485000000000002451e+01 7.999992622705310623e+02 1.799999939375019551e+02
1.500000000000002487e+01 7.999992622705310623e+02 1.799999939375019551e+02
1.515000000000002522e+01 7.999992622705310623e+02 1.799999939375019551e+02
1.530000000000002558e+01 7.999992622705310623e+02 1.799999939375019551e+02
1.545000000000002593e+01 7.999992622705310623e+02 1.799999939375019551e+02
1.560000000000002629e+01 7.999992622705310623e+02 1.799999939375019551e+02
1.575000000000002665e+01 7.999992622705310623e+02 1.799999939375019551e+02
1.590000000000002700e+01 7.999992622705310623e+02 1.799999939375019551e+02
