1.499999999999999944e-01 7.999946573678299728e+02 2.053066821550153520e-06
2.999999999999999889e-01 7.999946573678299728e+02 2.053066821550153520e-06
4.499999999999999556e-01 7.999946573678299728e+02 2.053066821550153520e-06
5.999999999999999778e-01 7.999946573678299728e+02 2.053066821550153520e-06
7.500000000000000000e-01 7.999946573678299728e+02 2.053066821550153520e-06
9.000000000000000222e-01 7.999946573678299728e+02 2.053066821550153520e-06
1.050000000000000044e+00 7.999946573678299728e+02 2.053066821550153520e-06
1.199999999999999956e+00 7.999946573678299728e+02 2.053066821550153520e-06
1.349999999999999867e+00 7.999946573678299728e+02 2.053066821550153520e-06
1.499999999999999778e+00 7.999946573678299728e+02 2.053066821550153520e-06
1.649999999999999689e+00 7.999946573678299728e+02 2.053066821550153520e-06
1.799999999999999600e+00 7.999946573678299728e+02 2.053066821550153520e-06
1.949999999999999512e+00 7.999946573678299728e+02 2.053066821550153520e-06
2.099999999999999645e+00 7.999983866508283654e+02 2.051265509228628048e-06
2.249999999999999556e+00 7.999983866508283654e+02 2.051265509228628048e-06
2.399999999999999467e+00 7.999983866508283654e+02 2.051265509228628048e-06
2.549999999999999378e+00 7.999983866508283654e+02 2.051265509228628048e-06
2.699999999999999289e+00 7.999983866508283654e+02 2.051265509228628048e-06
2.849999999999999201e+00 7.999983866508283654e+02 2.051265509228628048e-06
2.999999999999999112e+00 7.999983866508283654e+02 2.051265509228628048e-06
3.149999999999999023e+00 7.999983866508283654e+02 2.051265509228628048e-06
3.299999999999998934e+00 7.999983866508283654e+02 2.051265509228628048e-06
3.449999999999998845e+00 7.999983866508283654e+02 2.051265509228628048e-06
3.599999999999998757e+00 7.999983866508283654e+02 2.051265509228628048e-06
3.749999999999998668e+00 7.999983866508283654e+02 2.051265509228628048e-06
3.899999999999998579e+00 7.999983866508283654e+02 2.051265509228628048e-06
4.049999999999998934e+00 4.958031211341988751e+02 2.053276573876772204e-06
4.199999999999999289e+00 3.453540418376753678e+02 2.062177230199857547e-06
4.349999999999999645e+00 1.928159498948646444e+02 2.071296308026049360e-06
4.500000000000000000e+00 1.203193883560671509e+02 2.084700726268096105e-06
4.650000000000000355e+00 7.443126702741557210e+01 2.111718011899021974e-06
4.800000000000000711e+00 4.623213582396697063e+01 2.145969403732905789e-06
4.950000000000001066e+00 2.847795582558701000e+01 2.201474428753513735e-06
5.100000000000001421e+00 1.728811193412267855e+01 2.299763114499420169e-06
5.250000000000001776e+00 1.021879436989604528e+01 2.461797610542326709e-06
5.400000000000002132e+00 5.750742489616150976e+00 2.768232620908861463e-06
5.550000000000002487e+00 2.925978250485741228e+00 3.451746367955088601e-06
5.700000000000002842e+00 1.139866341751826440e+00 5.607254530803906789e-06
5.850000000000003197e+00 1.022349421691615134e-02 3.956416455043187952e-04
6.000000000000003553e+00 7.046375448144317488e-01 1.799999963580427504e+02
6.150000000000003908e+00 1.157663036537030621e+00 1.799999985970530929e+02
6.300000000000004263e+00 1.445781780970719410e+00 1.799999992889650571e+02
6.450000000000004619e+00 1.630641227672015248e+00 1.799999995998522309e+02
6.600000000000004974e+00 1.751795851110813373e+00 1.799999997640145466e+02
6.750000000000005329e+00 1.835169620130244539e+00 1.799999998570360162e+02
6.900000000000005684e+00 1.898602594704925650e+00 1.799999999117036964e+02
7.050000000000006040e+00 1.955668091733031133e+00 1.799999999447958317e+02
7.200000000000006395e+00 2.018577018444261739e+00 1.799999999646906303e+02
7.350000000000006750e+00 2.100790771021792125e+00 1.799999999762520702e+02
7.500000000000007105e+00 2.219901813036699423e+00 1.799999999824629242e+02
7.650000000000007461e+00 2.401398422735383065e+00 1.799999999849105166e+02
7.800000000000007816e+00 2.684119496228078106e+00 1.799999999846000094e+02
7.950000000000008171e+00 3.128567492150367002e+00 1.799999999823995438e+02
8.100000000000008527e+00 3.829860773383856554e+00 1.799999999790048548e+02
8.250000000000008882e+00 4.938104601057844434e+00 1.799999999750759798e+02
8.400000000000009237e+00 6.690562068478172364e+00 1.799999999713866714e+02
8.550000000000009592e+00 9.462598585919486993e+00 1.799999999682814575e+02
8.700000000000009948e+00 1.384851199827547674e+01 1.799999999658031129e+02
8.850000000000010303e+00 2.079101135080429685e+01 1.799999999641173076e+02
9.000000000000010658e+00 3.178778649618703156e+01 1.799999999629960143e+02
9.150000000000011013e+00 4.925439009958206782e+01 1.799999999621761617e+02
9.300000000000011369e+00 7.704002813953169948e+01 1.799999999617647006e+02
9.450000000000011724e+00 1.223630983470201414e+02 1.799999999615513957e+02
9.600000000000012079e+00 1.941610752302175342e+02 1.799999999613501700e+02
9.750000000000012434e+00 3.458958682839494259e+02 1.799999999613606008e+02
9.900000000000012790e+00 4.958488998489745541e+02 1.799999999613968669e+02
1.005000000000001315e+01 7.999983894026037206e+02 1.799999999613798707e+02
1.020000000000001350e+01 7.999983894026037206e+02 1.799999999613798707e+02
1.035000000000001386e+01 7.999983894026037206e+02 1.799999999613798707e+02
1.050000000000001421e+01 7.999983894026037206e+02 1.799999999613798707e+02
1.065000000000001457e+01 7.999983894026037206e+02 1.799999999613798707e+02
1.080000000000001492e+01 7.999983894026037206e+02 1.799999999613798707e+02
1.095000000000001528e+01 7.999983894026037206e+02 1.799999999613798707e+02
1.110000000000001563e+01 7.999983894026037206e+02 1.799999999613798707e+02
1.125000000000001599e+01 7.999983894026037206e+02 1.799999999613798707e+02
1.140000000000001634e+01 7.999983894026037206e+02 1.799999999613798707e+02
1.155000000000001670e+01 7.999983894026037206e+02 1.799999999613798707e+02
1.170000000000001705e+01 7.999983894026037206e+02 1.799999999613798707e+02
1.185000000000001741e+01 7.999983894026037206e+02 1.799999999613798707e+02
1.200000000000001776e+01 7.999983894026037206e+02 1.799999999613798707e+02
1.215000000000001812e+01 7.999983894026037206e+02 1.799999999613798707e+02
1.230000000000001847e+01 7.999983894026037206e+02 1.799999999613798707e+02
1.245000000000001883e+01 7.999983894026037206e+02 1.799999999613798707e+02
1.260000000000001918e+01 7.999983894026037206e+02 1.799999999613798707e+02
1.275000000000001954e+01 7.999983894026037206e+02 1.799999999613798707e+02
1.290000000000001990e+01 7.999983894026037206e+02 1.799999999613798707e+02
1.305000000000002025e+01 7.999946643781788680e+02 1.799999999614482533e+02
1.320000000000002061e+01 7.999946643781788680e+02 1.799999999614482533e+02
1.335000000000002096e+01 7.999946643781788680e+02 1.799999999614482533e+02
1.350000000000002132e+01 7.999946643781788680e+02 1.799999999614482533e+02
1.365000000000002167e+01 7.999946643781788680e+02 1.799999999614482533e+02
1.380000000000002203e+01 7.999946643781788680e+02 1.799999999614482533e+02
1.395000000000002238e+01 7.999946643781788680e+02 1.799999999614482533e+02
1.410000000000002274e+01 7.999946643781788680e+02 1.799999999614482533e+02
1.425000000000002309e+01 7.999946643781788680e+02 1.799999999614482533e+02
1.440000000000002345e+01 7.999946643781788680e+02 1.799999999614482533e+02
1.455000000000002380e+01 7.999946643781788680e+02 1.799999999614482533e+02
1.470000000000002416e+01 7.999946643781788680e+02 1.799999999614482533e+02
1.485000000000002451e+01 7.999946643781788680e+02 1.799999999614482533e+02
1.500000000000002487e+01 7.999946643781788680e+02 1.799999999614482533e+02
1.515000000000002522e+01 7.999946643781788680e+02 1.799999999614482533e+02
1.530000000000002558e+01 7.999946643781788680e+02 1.799999999614482533e+02
1.545000000000002593e+01 7.999946643781788680e+02 1.799999999614482533e+02
1.560000000000002629e+01 7.999946643781788680e+02 1.799999999614482533e+02
1.575000000000002665e+01 7.999946643781788680e+02 1.799999999614482533e+02
1.590000000000002700e+01 7.999946643781788680e+02 1.799999999614482533e+02
