1.499999999999999944e-01 7.999965150742884816e+02 1.799991788073135695e+02
2.999999999999999889e-01 7.999965150742884816e+02 1.799991788073135695e+02
4.499999999999999556e-01 7.999965150742884816e+02 1.799991788073135695e+02
5.999999999999999778e-01 7.999965150742884816e+02 1.799991788073135695e+02
7.500000000000000000e-01 7.999965150742884816e+02 1.799991788073135695e+02
9.000000000000000222e-01 7.999965150742884816e+02 1.799991788073135695e+02
1.050000000000000044e+00 7.999965150742884816e+02 1.799991788073135695e+02
1.199999999999999956e+00 7.999965150742884816e+02 1.799991788073135695e+02
1.349999999999999867e+00 7.999965150742884816e+02 1.799991788073135695e+02
1.499999999999999778e+00 7.999965150742884816e+02 1.799991788073135695e+02
1.649999999999999689e+00 7.999965150742884816e+02 1.799991788073135695e+02
1.799999999999999600e+00 7.999965150742884816e+02 1.799991788073135695e+02
1.949999999999999512e+00 7.999965150742884816e+02 1.799991788073135695e+02
2.099999999999999645e+00 7.999990068528182974e+02 1.799991793335647685e+02
2.249999999999999556e+00 7.999990068528182974e+02 1.799991793335647685e+02
2.399999999999999467e+00 7.999990068528182974e+02 1.799991793335647685e+02
2.549999999999999378e+00 7.999990068528182974e+02 1.799991793335647685e+02
2.699999999999999289e+00 7.999990068528182974e+02 1.799991793335647685e+02
2.849999999999999201e+00 7.999990068528182974e+02 1.799991793335647685e+02
2.999999999999999112e+00 7.999990068528182974e+02 1.799991793335647685e+02
3.149999999999999023e+00 7.999990068528182974e+02 1.799991793335647685e+02
3.299999999999998934e+00 7.999990068528182974e+02 1.799991793335647685e+02
3.449999999999998845e+00 7.999990068528182974e+02 1.799991793335647685e+02
3.599999999999998757e+00 7.999990068528182974e+02 1.799991793335647685e+02
3.749999999999998668e+00 7.999990068528182974e+02 1.799991793335647685e+02
3.899999999999998579e+00 7.999990068528182974e+02 1.799991793335647685e+02
4.049999999999998934e+00 4.988015183638087819e+02 1.799991801992700573e+02
4.199999999999999289e+00 3.593707473837337716e+02 1.799991824159147882e+02
4.349999999999999645e+00 2.142319684592048077e+02 1.799991904566534799e+02
4.500000000000000000e+00 1.447371492078034407e+02 1.799992028766848478e+02
4.650000000000000355e+00 9.907716017047538060e+01 1.799992210699376756e+02
4.800000000000000711e+00 6.952335127696632355e+01 1.799992482801172002e+02
4.950000000000001066e+00 4.973232357644799606e+01 1.799992855499340578e+02
5.100000000000001421e+00 3.638170812849050151e+01 1.799993335287889238e+02
5.250000000000001776e+00 2.732293070955411807e+01 1.799993944246608066e+02
5.400000000000002132e+00 2.116097422946353745e+01 1.799994660868109122e+02
5.550000000000002487e+00 1.696385393668688835e+01 1.799995445180498450e+02
5.700000000000002842e+00 1.410361343353718411e+01 1.799996257066148928e+02
5.850000000000003197e+00 1.215475590157197772e+01 1.799997032481500696e+02
6.000000000000003553e+00 1.082832769746982748e+01 1.799997721052774864e+02
6.150000000000003908e+00 9.928045064439672274e+00 1.799998301449894029e+02
6.300000000000004263e+00 9.320843416770756562e+00 1.799998763639580943e+02
6.450000000000004619e+00 8.917042908427866621e+00 1.799999115753707031e+02
6.600000000000004974e+00 8.657032645816478578e+00 1.799999377564195129e+02
6.750000000000005329e+00 8.502440009877247462e+00 1.799999566896871102e+02
6.900000000000005684e+00 8.430454114786272157e+00 1.799999701129318339e+02
7.050000000000006040e+00 8.430454115512752367e+00 1.799999795754761465e+02
7.200000000000006395e+00 8.502440012126754709e+00 1.799999861604151761e+02
7.350000000000006750e+00 8.657032649935658242e+00 1.799999907000343740e+02
7.500000000000007105e+00 8.917042915028879690e+00 1.799999938301935458e+02
7.650000000000007461e+00 9.320843426823472555e+00 1.799999959667210874e+02
7.800000000000007816e+00 9.928045079430241060e+00 1.799999974096011499e+02
7.950000000000008171e+00 1.082832771958875284e+01 1.799999983774154089e+02
8.100000000000008527e+00 1.215475593406998200e+01 1.799999990126193552e+02
8.250000000000008882e+00 1.410361348118801672e+01 1.799999994181939087e+02
8.400000000000009237e+00 1.696385400651380593e+01 1.799999996698001041e+02
8.550000000000009592e+00 2.116097433180321019e+01 1.799999998193780755e+02
8.700000000000009948e+00 2.732293085968844437e+01 1.799999999044627543e+02
8.850000000000010303e+00 3.638170834919758789e+01 1.799999999510357895e+02
9.000000000000010658e+00 4.973232390203743591e+01 1.799999999754780333e+02
9.150000000000011013e+00 6.952335176123544613e+01 1.799999999878429549e+02
9.300000000000011369e+00 9.907716089768298673e+01 1.799999999939064423e+02
9.450000000000011724e+00 1.447371503543307369e+02 1.799999999967766087e+02
9.600000000000012079e+00 2.142319702130875214e+02 1.799999999980419432e+02
9.750000000000012434e+00 3.593707515905356900e+02 1.799999999985830073e+02
9.900000000000012790e+00 4.988015215691216326e+02 1.799999999987291517e+02
1.005000000000001315e+01 7.999990383456284917e+02 1.799999999987535375e+02
1.020000000000001350e+01 7.999990383456284917e+02 1.799999999987535375e+02
1.035000000000001386e+01 7.999990383456284917e+02 1.799999999987535375e+02
1.050000000000001421e+01 7.999990383456284917e+02 1.799999999987535375e+02
1.065000000000001457e+01 7.999990383456284917e+02 1.799999999987535375e+02
1.080000000000001492e+01 7.999990383456284917e+02 1.799999999987535375e+02
1.095000000000001528e+01 7.999990383456284917e+02 1.799999999987535375e+02
1.110000000000001563e+01 7.999990383456284917e+02 1.799999999987535375e+02
1.125000000000001599e+01 7.999990383456284917e+02 1.799999999987535375e+02
1.140000000000001634e+01 7.999990383456284917e+02 1.799999999987535375e+02
1.155000000000001670e+01 7.999990383456284917e+02 1.799999999987535375e+02
1.170000000000001705e+01 7.999990383456284917e+02 1.799999999987535375e+02
1.185000000000001741e+01 7.999990383456284917e+02 1.799999999987535375e+02
1.200000000000001776e+01 7.999990383456284917e+02 1.799999999987535375e+02
1.215000000000001812e+01 7.999990383456284917e+02 1.799999999987535375e+02
1.230000000000001847e+01 7.999990383456284917e+02 1.799999999987535375e+02
1.245000000000001883e+01 7.999990383456284917e+02 1.799999999987535375e+02
1.260000000000001918e+01 7.999990383456284917e+02 1.799999999987535375e+02
1.275000000000001954e+01 7.999990383456284917e+02 1.799999999987535375e+02
1.290000000000001990e+01 7.999990383456284917e+02 1.799999999987535375e+02
1.305000000000002025e+01 7.999966255816793819e+02 1.799999999987589945e+02
1.320000000000002061e+01 7.999966255816793819e+02 1.799999999987589945e+02
1.335000000000002096e+01 7.999966255816793819e+02 1.799999999987589945e+02
1.350000000000002132e+01 7.999966255816793819e+02 1.799999999987589945e+02
1.365000000000002167e+01 7.999966255816793819e+02 1.799999999987589945e+02
1.380000000000002203e+01 7.999966255816793819e+02 1.799999999987589945e+02
1.395000000000002238e+01 7.999966255816793819e+02 1.799999999987589945e+02
1.410000000000002274e+01 7.999966255816793819e+02 1.799999999987589945e+02
1.425000000000002309e+01 7.999966255816793819e+02 1.799999999987589945e+02
1.440000000000002345e+01 7.999966255816793819e+02 1.799999999987589945e+02
1.455000000000002380e+01 7.999966255816793819e+02 1.799999999987589945e+02
1.470000000000002416e+01 7.999966255816793819e+02 1.799999999987589945e+02
1.485000000000002451e+01 7.999966255816793819e+02 1.799999999987589945e+02
1.500000000000002487e+01 7.999966255816793819e+02 1.799999999987589945e+02
1.515000000000002522e+01 7.999966255816793819e+02 1.799999999987589945e+02
1.530000000000002558e+01 7.999966255816793819e+02 1.799999999987589945e+02
1.545000000000002593e+01 7.999966255816793819e+02 1.799999999987589945e+02
1.560000000000002629e+01 7.999966255816793819e+02 1.799999999987589945e+02
1.575000000000002665e+01 7.999966255816793819e+02 1.799999999987589945e+02
1.590000000000002700e+01 7.999966255816793819e+02 1.799999999987589945e+02
