1.499999999999999944e-01 7.994467141221948623e+02 7.938434952725614835e-07
2.999999999999999889e-01 7.994467141221948623e+02 7.938434952725614835e-07
4.499999999999999556e-01 7.994467141221948623e+02 7.938434952725614835e-07
5.999999999999999778e-01 7.994467141221948623e+02 7.938434952725614835e-07
7.500000000000000000e-01 7.994467141221948623e+02 7.938434952725614835e-07
9.000000000000000222e-01 7.994467141221948623e+02 7.938434952725614835e-07
1.050000000000000044e+00 7.994467141221948623e+02 7.938434952725614835e-07
1.199999999999999956e+00 7.994467141221948623e+02 7.938434952725614835e-07
1.349999999999999867e+00 7.994467141221948623e+02 7.938434952725614835e-07
1.499999999999999778e+00 7.994467141221948623e+02 7.938434952725614835e-07
1.649999999999999689e+00 7.994467141221948623e+02 7.938434952725614835e-07
1.799999999999999600e+00 7.994467141221948623e+02 7.938434952725614835e-07
1.949999999999999512e+00 7.994467141221948623e+02 7.938434952725614835e-07
2.099999999999999645e+00 7.996941843562575514e+02 7.927712371014195014e-07
2.249999999999999556e+00 7.996941843562575514e+02 7.927712371014195014e-07
2.399999999999999467e+00 7.996941843562575514e+02 7.927712371014195014e-07
2.549999999999999378e+00 7.996941843562575514e+02 7.927712371014195014e-07
2.699999999999999289e+00 7.996941843562575514e+02 7.927712371014195014e-07
2.849999999999999201e+00 7.996941843562575514e+02 7.927712371014195014e-07
2.999999999999999112e+00 7.996941843562575514e+02 7.927712371014195014e-07
3.149999999999999023e+00 7.996941843562575514e+02 7.927712371014195014e-07
3.299999999999998934e+00 7.996941843562575514e+02 7.927712371014195014e-07
3.449999999999998845e+00 7.996941843562575514e+02 7.927712371014195014e-07
3.599999999999998757e+00 7.996941843562575514e+02 7.927712371014195014e-07
3.749999999999998668e+00 7.996941843562575514e+02 7.927712371014195014e-07
3.899999999999998579e+00 7.996941843562575514e+02 7.927712371014195014e-07
4.049999999999998934e+00 4.244000487662968908e+02 7.933055021780432980e-07
4.199999999999999289e+00 1.915202473400307213e+02 7.964632416923578262e-07
4.349999999999999645e+00 5.852053194437081629e+01 7.985572018087694346e-07
4.500000000000000000e+00 2.056151256149953355e+01 8.037064791466264069e-07
4.650000000000000355e+00 6.750705665697076086e+00 8.225143336426654628e-07
4.800000000000000711e+00 2.173165717616740267e+00 8.725639449869149189e-07
4.950000000000001066e+00 6.042114866794463524e-01 1.063839308867997602e-06
5.100000000000001421e+00 7.323707238629140193e-02 2.993623456903904412e-06
5.250000000000001776e+00 1.073195670351196895e-01 1.799999993062864405e+02
5.400000000000002132e+00 1.686067376940627582e-01 1.799999998500011600e+02
5.550000000000002487e+00 1.894238834452153242e-01 1.799999999544969285e+02
5.700000000000002842e+00 1.964929376365489588e-01 1.799999999850996346e+02
5.850000000000003197e+00 1.988936686500437645e-01 1.799999999949996834e+02
6.000000000000003553e+00 1.997089545081962569e-01 1.799999999983020587e+02
6.150000000000003908e+00 1.999858289934763889e-01 1.799999999994220730e+02
6.300000000000004263e+00 2.000798581013896182e-01 1.799999999997979785e+02
6.450000000000004619e+00 2.001117953809625760e-01 1.799999999999139391e+02
6.600000000000004974e+00 2.001226559134465788e-01 1.799999999999203908e+02
6.750000000000005329e+00 2.001263875288259442e-01 1.799999999998248370e+02
6.900000000000005684e+00 2.001277824888347823e-01 1.799999999995040127e+02
7.050000000000006040e+00 2.001286316667574283e-01 1.799999999985486454e+02
7.200000000000006395e+00 2.001300254466968909e-01 1.799999999957358341e+02
7.350000000000006750e+00 2.001337537578820047e-01 1.799999999874376613e+02
7.500000000000007105e+00 2.001446049678179406e-01 1.799999999630747709e+02
7.650000000000007461e+00 2.001765141617397603e-01 1.799999998914736921e+02
7.800000000000007816e+00 2.002704598387481383e-01 1.799999996804130546e+02
7.950000000000008171e+00 2.005470900496675313e-01 1.799999990618531456e+02
8.100000000000008527e+00 2.013616555934731878e-01 1.799999972534314168e+02
8.250000000000008882e+00 2.037602664943278796e-01 1.799999920033377805e+02
8.400000000000009237e+00 2.108230775286301650e-01 1.799999772812516881e+02
8.550000000000009592e+00 2.316218388609740941e-01 1.799999392114648344e+02
8.700000000000009948e+00 2.928548800916814798e-01 1.799998583683490665e+02
8.850000000000010303e+00 4.732521306697208274e-01 1.799997422933094526e+02
9.000000000000010658e+00 1.003757557307380921e+00 1.799996431054806294e+02
9.150000000000011013e+00 2.571331210626368602e+00 1.799995887117550808e+02
9.300000000000011369e+00 7.144830123465361282e+00 1.799995672238084978e+02
9.450000000000011724e+00 2.094378673615576858e+01 1.799995597989355076e+02
9.600000000000012079e+00 5.886954803782177237e+01 1.799995567573527637e+02
9.750000000000012434e+00 1.917760900843222203e+02 1.799995566118035981e+02
9.900000000000012790e+00 4.244717079592023197e+02 1.799995568655709803e+02
1.005000000000001315e+01 7.996933343104783489e+02 1.799995567072848530e+02
1.020000000000001350e+01 7.996933343104783489e+02 1.799995567072848530e+02
1.035000000000001386e+01 7.996933343104783489e+02 1.799995567072848530e+02
1.050000000000001421e+01 7.996933343104783489e+02 1.799995567072848530e+02
1.065000000000001457e+01 7.996933343104783489e+02 1.799995567072848530e+02
1.080000000000001492e+01 7.996933343104783489e+02 1.799995567072848530e+02
1.095000000000001528e+01 7.996933343104783489e+02 1.799995567072848530e+02
1.110000000000001563e+01 7.996933343104783489e+02 1.799995567072848530e+02
1.125000000000001599e+01 7.996933343104783489e+02 1.799995567072848530e+02
1.140000000000001634e+01 7.996933343104783489e+02 1.799995567072848530e+02
1.155000000000001670e+01 7.996933343104783489e+02 1.799995567072848530e+02
1.170000000000001705e+01 7.996933343104783489e+02 1.799995567072848530e+02
1.185000000000001741e+01 7.996933343104783489e+02 1.799995567072848530e+02
1.200000000000001776e+01 7.996933343104783489e+02 1.799995567072848530e+02
1.215000000000001812e+01 7.996933343104783489e+02 1.799995567072848530e+02
1.230000000000001847e+01 7.996933343104783489e+02 1.799995567072848530e+02
1.245000000000001883e+01 7.996933343104783489e+02 1.799995567072848530e+02
1.260000000000001918e+01 7.996933343104783489e+02 1.799995567072848530e+02
1.275000000000001954e+01 7.996933343104783489e+02 1.799995567072848530e+02
1.290000000000001990e+01 7.996933343104783489e+02 1.799995567072848530e+02
1.305000000000002025e+01 7.994450781818771929e+02 1.799995572624033287e+02
1.320000000000002061e+01 7.994450781818771929e+02 1.799995572624033287e+02
1.335000000000002096e+01 7.994450781818771929e+02 1.799995572624033287e+02
1.350000000000002132e+01 7.994450781818771929e+02 1.799995572624033287e+02
1.365000000000002167e+01 7.994450781818771929e+02 1.799995572624033287e+02
1.380000000000002203e+01 7.994450781818771929e+02 1.799995572624033287e+02
1.395000000000002238e+01 7.994450781818771929e+02 1.799995572624033287e+02
1.410000000000002274e+01 7.994450781818771929e+02 1.799995572624033287e+02
1.425000000000002309e+01 7.994450781818771929e+02 1.799995572624033287e+02
1.440000000000002345e+01 7.994450781818771929e+02 1.799995572624033287e+02
1.455000000000002380e+01 7.994450781818771929e+02 1.799995572624033287e+02
1.470000000000002416e+01 7.994450781818771929e+02 1.799995572624033287e+02
1.485000000000002451e+01 7.994450781818771929e+02 1.799995572624033287e+02
1.500000000000002487e+01 7.994450781818771929e+02 1.799995572624033287e+02
1.515000000000002522e+01 7.994450781818771929e+02 1.799995572624033287e+02
1.530000000000002558e+01 7.994450781818771929e+02 1.799995572624033287e+02
1.545000000000002593e+01 7.994450781818771929e+02 1.799995572624033287e+02
1.560000000000002629e+01 7.994450781818771929e+02 1.799995572624033287e+02
1.575000000000002665e+01 7.994450781818771929e+02 1.799995572624033287e+02
1.590000000000002700e+01 7.994450781818771929e+02 1.799995572624033287e+02
