1.499999999999999944e-01 7.999832867267488155e+02 3.013640500004743927e-05
2.999999999999999889e-01 7.999832867267488155e+02 3.013640500004743927e-05
4.499999999999999556e-01 7.999832867267488155e+02 3.013640500004743927e-05
5.999999999999999778e-01 7.999832867267488155e+02 3.013640500004743927e-05
7.500000000000000000e-01 7.999832867267488155e+02 3.013640500004743927e-05
9.000000000000000222e-01 7.999832867267488155e+02 3.013640500004743927e-05
1.050000000000000044e+00 7.999832867267488155e+02 3.013640500004743927e-05
1.199999999999999956e+00 7.999832867267488155e+02 3.013640500004743927e-05
1.349999999999999867e+00 7.999832867267488155e+02 3.013640500004743927e-05
1.499999999999999778e+00 7.999832867267488155e+02 3.013640500004743927e-05
1.649999999999999689e+00 7.999832867267488155e+02 3.013640500004743927e-05
1.799999999999999600e+00 7.999832867267488155e+02 3.013640500004743927e-05
1.949999999999999512e+00 7.999832867267488155e+02 3.013640500004743927e-05
2.099999999999999645e+00 7.999941371372824506e+02 3.011022026355725245e-05
2.249999999999999556e+00 7.999941371372824506e+02 3.011022026355725245e-05
2.399999999999999467e+00 7.999941371372824506e+02 3.011022026355725245e-05
2.549999999999999378e+00 7.999941371372824506e+02 3.011022026355725245e-05
2.699999999999999289e+00 7.999941371372824506e+02 3.011022026355725245e-05
2.849999999999999201e+00 7.999941371372824506e+02 3.011022026355725245e-05
2.999999999999999112e+00 7.999941371372824506e+02 3.011022026355725245e-05
3.149999999999999023e+00 7.999941371372824506e+02 3.011022026355725245e-05
3.299999999999998934e+00 7.999941371372824506e+02 3.011022026355725245e-05
3.449999999999998845e+00 7.999941371372824506e+02 3.011022026355725245e-05
3.599999999999998757e+00 7.999941371372824506e+02 3.011022026355725245e-05
3.749999999999998668e+00 7.999941371372824506e+02 3.011022026355725245e-05
3.899999999999998579e+00 7.999941371372824506e+02 3.011022026355725245e-05
4.049999999999998934e+00 4.860601373994454661e+02 3.013640001481299180e-05
4.199999999999999289e+00 3.096976199911881054e+02 3.025321609650966082e-05
4.349999999999999645e+00 1.496015261141519659e+02 3.037081330958812941e-05
4.500000000000000000e+00 8.030238197324925409e+01 3.056753234176312617e-05
4.650000000000000355e+00 4.200206747768461923e+01 3.102056278747600260e-05
4.800000000000000711e+00 2.191303974074133265e+01 3.173700419289993135e-05
4.950000000000001066e+00 1.117815046669452528e+01 3.316177296752709225e-05
5.100000000000001421e+00 5.462997129436367061e+00 3.627637010616968638e-05
5.250000000000001776e+00 2.416153435852748999e+00 4.373981313277042204e-05
5.400000000000002132e+00 7.922905809718372439e-01 7.113460720098441215e-05
5.550000000000002487e+00 7.325435237817146117e-02 1.799995887124358660e+02
5.700000000000002842e+00 5.345948565757225879e-01 1.799999699451300330e+02
5.850000000000003197e+00 7.804984275849164987e-01 1.799999890218865346e+02
6.000000000000003553e+00 9.115794074448331230e-01 1.799999949751938004e+02
6.150000000000003908e+00 9.814718780865518966e-01 1.799999975111606716e+02
6.300000000000004263e+00 1.018773598009147463e+00 1.799999987213239478e+02
6.450000000000004619e+00 1.038747273833223517e+00 1.799999993295676575e+02
6.600000000000004974e+00 1.049565521392821665e+00 1.799999996461164358e+02
6.750000000000005329e+00 1.055654838355508218e+00 1.799999998122987392e+02
6.900000000000005684e+00 1.059506788919804876e+00 1.799999998998945614e+02
7.050000000000006040e+00 1.062697474894264360e+00 1.799999999465351834e+02
7.200000000000006395e+00 1.066532428742334560e+00 1.799999999711429268e+02
7.350000000000006750e+00 1.072580798212243280e+00 1.799999999838252052e+02
7.500000000000007105e+00 1.083317394352604879e+00 1.799999999899133343e+02
7.650000000000007461e+00 1.103135311639732663e+00 1.799999999918780702e+02
7.800000000000007816e+00 1.140143453755570135e+00 1.799999999906418680e+02
7.950000000000008171e+00 1.209484474231373952e+00 1.799999999862074560e+02
8.100000000000008527e+00 1.339530741118153401e+00 1.799999999780124256e+02
8.250000000000008882e+00 1.583493829559074584e+00 1.799999999656887439e+02
8.400000000000009237e+00 2.041197144106490668e+00 1.799999999504652521e+02
8.550000000000009592e+00 2.899930657242933307e+00 1.799999999348862616e+02
8.700000000000009948e+00 4.511058501560057721e+00 1.799999999214888931e+02
8.850000000000010303e+00 7.534163922889298703e+00 1.799999999120940686e+02
9.000000000000010658e+00 1.320532451738772650e+01 1.799999999062117695e+02
9.150000000000011013e+00 2.385952502390926355e+01 1.799999999025444026e+02
9.300000000000011369e+00 4.380367555067930851e+01 1.799999999008012423e+02
9.450000000000011724e+00 8.185226887906387105e+01 1.799999998999923321e+02
9.600000000000012079e+00 1.507510564378236211e+02 1.799999998993727388e+02
9.750000000000012434e+00 3.102507973366147667e+02 1.799999998993980057e+02
9.900000000000012790e+00 4.861219764139913764e+02 1.799999998994982207e+02
1.005000000000001315e+01 7.999941545421929732e+02 1.799999998994488806e+02
1.020000000000001350e+01 7.999941545421929732e+02 1.799999998994488806e+02
1.035000000000001386e+01 7.999941545421929732e+02 1.799999998994488806e+02
1.050000000000001421e+01 7.999941545421929732e+02 1.799999998994488806e+02
1.065000000000001457e+01 7.999941545421929732e+02 1.799999998994488806e+02
1.080000000000001492e+01 7.999941545421929732e+02 1.799999998994488806e+02
1.095000000000001528e+01 7.999941545421929732e+02 1.799999998994488806e+02
1.110000000000001563e+01 7.999941545421929732e+02 1.799999998994488806e+02
1.125000000000001599e+01 7.999941545421929732e+02 1.799999998994488806e+02
1.140000000000001634e+01 7.999941545421929732e+02 1.799999998994488806e+02
1.155000000000001670e+01 7.999941545421929732e+02 1.799999998994488806e+02
1.170000000000001705e+01 7.999941545421929732e+02 1.799999998994488806e+02
1.185000000000001741e+01 7.999941545421929732e+02 1.799999998994488806e+02
1.200000000000001776e+01 7.999941545421929732e+02 1.799999998994488806e+02
1.215000000000001812e+01 7.999941545421929732e+02 1.799999998994488806e+02
1.230000000000001847e+01 7.999941545421929732e+02 1.799999998994488806e+02
1.245000000000001883e+01 7.999941545421929732e+02 1.799999998994488806e+02
1.260000000000001918e+01 7.999941545421929732e+02 1.799999998994488806e+02
1.275000000000001954e+01 7.999941545421929732e+02 1.799999998994488806e+02
1.290000000000001990e+01 7.999941545421929732e+02 1.799999998994488806e+02
1.305000000000002025e+01 7.999833298150599603e+02 1.799999998996402155e+02
1.320000000000002061e+01 7.999833298150599603e+02 1.799999998996402155e+02
1.335000000000002096e+01 7.999833298150599603e+02 1.799999998996402155e+02
1.350000000000002132e+01 7.999833298150599603e+02 1.799999998996402155e+02
1.365000000000002167e+01 7.999833298150599603e+02 1.799999998996402155e+02
1.380000000000002203e+01 7.999833298150599603e+02 1.799999998996402155e+02
1.395000000000002238e+01 7.999833298150599603e+02 1.799999998996402155e+02
1.410000000000002274e+01 7.999833298150599603e+02 1.799999998996402155e+02
1.425000000000002309e+01 7.999833298150599603e+02 1.799999998996402155e+02
1.440000000000002345e+01 7.999833298150599603e+02 1.799999998996402155e+02
1.455000000000002380e+01 7.999833298150599603e+02 1.799999998996402155e+02
1.470000000000002416e+01 7.999833298150599603e+02 1.799999998996402155e+02
1.485000000000002451e+01 7.999833298150599603e+02 1.799999998996402155e+02
1.500000000000002487e+01 7.999833298150599603e+02 1.799999998996402155e+02
1.515000000000002522e+01 7.999833298150599603e+02 1.799999998996402155e+02
1.530000000000002558e+01 7.999833298150599603e+02 1.799999998996402155e+02
1.545000000000002593e+01 7.999833298150599603e+02 1.799999998996402155e+02
1.560000000000002629e+01 7.999833298150599603e+02 1.799999998996402155e+02
1.575000000000002665e+01 7.999833298150599603e+02 1.799999998996402155e+02
1.590000000000002700e+01 7.999833298150599603e+02 1.799999998996402155e+02
