1.499999999999999944e-01 7.998792352703059123e+02 6.073600364532028006e-02
2.999999999999999889e-01 7.998792352703059123e+02 6.073600364532028006e-02
4.499999999999999556e-01 7.998792352703059123e+02 6.073600364532028006e-02
5.999999999999999778e-01 7.998792352703059123e+02 6.073600364532028006e-02
7.500000000000000000e-01 7.998792352703059123e+02 6.073600364532028006e-02
9.000000000000000222e-01 7.998792352703059123e+02 6.073600364532028006e-02
1.050000000000000044e+00 7.998792352703059123e+02 6.073600364532028006e-02
1.199999999999999956e+00 7.998792352703059123e+02 6.073600364532028006e-02
1.349999999999999867e+00 7.998792352703059123e+02 6.073600364532028006e-02
1.499999999999999778e+00 7.998792352703059123e+02 6.073600364532028006e-02
1.649999999999999689e+00 7.998792352703059123e+02 6.073600364532028006e-02
1.799999999999999600e+00 7.998792352703059123e+02 6.073600364532028006e-02
1.949999999999999512e+00 7.998792352703059123e+02 6.073600364532028006e-02
2.099999999999999645e+00 7.999451542707324734e+02 6.073339478499861777e-02
2.249999999999999556e+00 7.999451542707324734e+02 6.073339478499861777e-02
2.399999999999999467e+00 7.999451542707324734e+02 6.073339478499861777e-02
2.549999999999999378e+00 7.999451542707324734e+02 6.073339478499861777e-02
2.699999999999999289e+00 7.999451542707324734e+02 6.073339478499861777e-02
2.849999999999999201e+00 7.999451542707324734e+02 6.073339478499861777e-02
2.999999999999999112e+00 7.999451542707324734e+02 6.073339478499861777e-02
3.149999999999999023e+00 7.999451542707324734e+02 6.073339478499861777e-02
3.299999999999998934e+00 7.999451542707324734e+02 6.073339478499861777e-02
3.449999999999998845e+00 7.999451542707324734e+02 6.073339478499861777e-02
3.599999999999998757e+00 7.999451542707324734e+02 6.073339478499861777e-02
3.749999999999998668e+00 7.999451542707324734e+02 6.073339478499861777e-02
3.899999999999998579e+00 7.999451542707324734e+02 6.073339478499861777e-02
4.049999999999998934e+00 4.589698460626999577e+02 6.077954811390551271e-02
4.199999999999999289e+00 2.437272659185505006e+02 6.092027693997792426e-02
4.349999999999999645e+00 9.115537484397962942e+01 6.132029237231284569e-02
4.500000000000000000e+00 3.815928559035677381e+01 6.223082432253479457e-02
4.650000000000000355e+00 1.501738865734051842e+01 6.466052177119463451e-02
4.800000000000000711e+00 5.639680975849167055e+00 7.126967992784938311e-02
4.950000000000001066e+00 1.746934919295881627e+00 9.484972913829026187e-02
5.100000000000001421e+00 1.437466447605402209e-01 4.759879480921055395e-01
5.250000000000001776e+00 5.182405186072855940e-01 1.799455242196185338e+02
5.400000000000002132e+00 7.913473916128168639e-01 1.799852776497332059e+02
5.550000000000002487e+00 9.040521588960359622e-01 1.799946804391940702e+02
5.700000000000002842e+00 9.505583764918696943e-01 1.799979122147666430e+02
5.850000000000003197e+00 9.697491822849997334e-01 1.799991555027400238e+02
6.000000000000003553e+00 9.776682158430958225e-01 1.799996542227274574e+02
6.150000000000003908e+00 9.809360486759715059e-01 1.799998577865107166e+02
6.300000000000004263e+00 9.822846685995045846e-01 1.799999413945846527e+02
6.450000000000004619e+00 9.828415584427148133e-01 1.799999758219273076e+02
6.600000000000004974e+00 9.830722928939508165e-01 1.799999900249900691e+02
6.750000000000005329e+00 9.831697719641852018e-01 1.799999958841088983e+02
6.900000000000005684e+00 9.832154907429639934e-01 1.799999983010767437e+02
7.050000000000006040e+00 9.832476714118456584e-01 1.799999992989434077e+02
7.200000000000006395e+00 9.832932177529869477e-01 1.799999997107144623e+02
7.350000000000006750e+00 9.833902078614755737e-01 1.799999998805972723e+02
7.500000000000007105e+00 9.836197280213241356e-01 1.799999999507386690e+02
7.650000000000007461e+00 9.841736631183266582e-01 1.799999999796833379e+02
7.800000000000007816e+00 9.855151174836009886e-01 1.799999999916248044e+02
7.950000000000008171e+00 9.887655835009923067e-01 1.799999999965550330e+02
8.100000000000008527e+00 9.966425300618197980e-01 1.799999999985892316e+02
8.250000000000008882e+00 1.015731345527001395e+00 1.799999999994277005e+02
8.400000000000009237e+00 1.061990417623803751e+00 1.799999999997723421e+02
8.550000000000009592e+00 1.174096345987152290e+00 1.799999999999112390e+02
8.700000000000009948e+00 1.445752651238450426e+00 1.799999999999625686e+02
8.850000000000010303e+00 2.104221314460573922e+00 1.799999999999766089e+02
9.000000000000010658e+00 3.698915633802656089e+00 1.799999999999769784e+02
9.150000000000011013e+00 7.571149918916056265e+00 1.799999999999742784e+02
9.300000000000011369e+00 1.689978175195324894e+01 1.799999999999727152e+02
9.450000000000011724e+00 3.992522517201605581e+01 1.799999999999716636e+02
9.600000000000012079e+00 9.266132904212824428e+01 1.799999999999713793e+02
9.750000000000012434e+00 2.446675965133738941e+02 1.799999999999713225e+02
9.900000000000012790e+00 4.591453264578715903e+02 1.799999999999712941e+02
1.005000000000001315e+01 7.999461699554620964e+02 1.799999999999711520e+02
1.020000000000001350e+01 7.999461699554620964e+02 1.799999999999711520e+02
1.035000000000001386e+01 7.999461699554620964e+02 1.799999999999711520e+02
1.050000000000001421e+01 7.999461699554620964e+02 1.799999999999711520e+02
1.065000000000001457e+01 7.999461699554620964e+02 1.799999999999711520e+02
1.080000000000001492e+01 7.999461699554620964e+02 1.799999999999711520e+02
1.095000000000001528e+01 7.999461699554620964e+02 1.799999999999711520e+02
1.110000000000001563e+01 7.999461699554620964e+02 1.799999999999711520e+02
1.125000000000001599e+01 7.999461699554620964e+02 1.799999999999711520e+02
1.140000000000001634e+01 7.999461699554620964e+02 1.799999999999711520e+02
1.155000000000001670e+01 7.999461699554620964e+02 1.799999999999711520e+02
1.170000000000001705e+01 7.999461699554620964e+02 1.799999999999711520e+02
1.185000000000001741e+01 7.999461699554620964e+02 1.799999999999711520e+02
1.200000000000001776e+01 7.999461699554620964e+02 1.799999999999711520e+02
1.215000000000001812e+01 7.999461699554620964e+02 1.799999999999711520e+02
1.230000000000001847e+01 7.999461699554620964e+02 1.799999999999711520e+02
1.245000000000001883e+01 7.999461699554620964e+02 1.799999999999711520e+02
1.260000000000001918e+01 7.999461699554620964e+02 1.799999999999711520e+02
1.275000000000001954e+01 7.999461699554620964e+02 1.799999999999711520e+02
1.290000000000001990e+01 7.999461699554620964e+02 1.799999999999711520e+02
1.305000000000002025e+01 7.998813946588287536e+02 1.799999999999713225e+02
1.320000000000002061e+01 7.998813946588287536e+02 1.799999999999713225e+02
1.335000000000002096e+01 7.998813946588287536e+02 1.799999999999713225e+02
1.350000000000002132e+01 7.998813946588287536e+02 1.799999999999713225e+02
1.365000000000002167e+01 7.998813946588287536e+02 1.799999999999713225e+02
1.380000000000002203e+01 7.998813946588287536e+02 1.799999999999713225e+02
1.395000000000002238e+01 7.998813946588287536e+02 1.799999999999713225e+02
1.410000000000002274e+01 7.998813946588287536e+02 1.799999999999713225e+02
1.425000000000002309e+01 7.998813946588287536e+02 1.799999999999713225e+02
1.440000000000002345e+01 7.998813946588287536e+02 1.799999999999713225e+02
1.455000000000002380e+01 7.998813946588287536e+02 1.799999999999713225e+02
1.470000000000002416e+01 7.998813946588287536e+02 1.799999999999713225e+02
1.485000000000002451e+01 7.998813946588287536e+02 1.799999999999713225e+02
1.500000000000002487e+01 7.998813946588287536e+02 1.799999999999713225e+02
1.515000000000002522e+01 7.998813946588287536e+02 1.799999999999713225e+02
1.530000000000002558e+01 7.998813946588287536e+02 1.799999999999713225e+02
1.545000000000002593e+01 7.998813946588287536e+02 1.799999999999713225e+02
1.560000000000002629e+01 7.998813946588287536e+02 1.799999999999713225e+02
1.575000000000002665e+01 7.998813946588287536e+02 1.799999999999713225e+02
1.590000000000002700e+01 7.998813946588287536e+02 1.799999999999713225e+02
