1.499999999999999944e-01 7.999257289889761751e+02 8.351333264725091521e-02
2.999999999999999889e-01 7.999257289889761751e+02 8.351333264725091521e-02
4.499999999999999556e-01 7.999257289889761751e+02 8.351333264725091521e-02
5.999999999999999778e-01 7.999257289889761751e+02 8.351333264725091521e-02
7.500000000000000000e-01 7.999257289889761751e+02 8.351333264725091521e-02
9.000000000000000222e-01 7.999257289889761751e+02 8.351333264725091521e-02
1.050000000000000044e+00 7.999257289889761751e+02 8.351333264725091521e-02
1.199999999999999956e+00 7.999257289889761751e+02 8.351333264725091521e-02
1.349999999999999867e+00 7.999257289889761751e+02 8.351333264725091521e-02
1.499999999999999778e+00 7.999257289889761751e+02 8.351333264725091521e-02
1.649999999999999689e+00 7.999257289889761751e+02 8.351333264725091521e-02
1.799999999999999600e+00 7.999257289889761751e+02 8.351333264725091521e-02
1.949999999999999512e+00 7.999257289889761751e+02 8.351333264725091521e-02
2.099999999999999645e+00 7.999683417297402457e+02 8.351072024977690411e-02
2.249999999999999556e+00 7.999683417297402457e+02 8.351072024977690411e-02
2.399999999999999467e+00 7.999683417297402457e+02 8.351072024977690411e-02
2.549999999999999378e+00 7.999683417297402457e+02 8.351072024977690411e-02
2.699999999999999289e+00 7.999683417297402457e+02 8.351072024977690411e-02
2.849999999999999201e+00 7.999683417297402457e+02 8.351072024977690411e-02
2.999999999999999112e+00 7.999683417297402457e+02 8.351072024977690411e-02
3.149999999999999023e+00 7.999683417297402457e+02 8.351072024977690411e-02
3.299999999999998934e+00 7.999683417297402457e+02 8.351072024977690411e-02
3.449999999999998845e+00 7.999683417297402457e+02 8.351072024977690411e-02
3.599999999999998757e+00 7.999683417297402457e+02 8.351072024977690411e-02
3.749999999999998668e+00 7.999683417297402457e+02 8.351072024977690411e-02
3.899999999999998579e+00 7.999683417297402457e+02 8.351072024977690411e-02
4.049999999999998934e+00 4.671707991443595347e+02 8.357600688543354028e-02
4.199999999999999289e+00 2.602722401662706488e+02 8.377436616685152160e-02
4.349999999999999645e+00 1.037009013850113064e+02 8.431729583967118025e-02
4.500000000000000000e+00 4.605310356835154550e+01 8.548606465738095572e-02
4.650000000000000355e+00 1.938534445218610003e+01 8.840146196776643706e-02
4.800000000000000711e+00 7.878291631246163718e+00 9.569293729771033430e-02
4.950000000000001066e+00 2.802956288711399679e+00 1.179302607417946902e-01
5.100000000000001421e+00 5.795491522500242354e-01 2.504236004196500609e-01
5.250000000000001776e+00 3.965899065078701824e-01 1.798394281279398399e+02
5.400000000000002132e+00 8.248435037705803552e-01 1.799661209749252464e+02
5.550000000000002487e+00 1.012770032115213326e+00 1.799878884546993163e+02
5.700000000000002842e+00 1.095230276389088431e+00 1.799950854170973003e+02
5.850000000000003197e+00 1.131413776319220688e+00 1.799979123827475576e+02
6.000000000000003553e+00 1.147291061890541641e+00 1.799990963294930282e+02
6.150000000000003908e+00 1.154258243495348779e+00 1.799996058502541132e+02
6.300000000000004263e+00 1.157316064898282093e+00 1.799998274985251783e+02
6.450000000000004619e+00 1.158659304029981740e+00 1.799999243689211994e+02
6.600000000000004974e+00 1.159252081995532535e+00 1.799999668289887609e+02
6.750000000000005329e+00 1.159519870212136539e+00 1.799999854474552308e+02
6.900000000000005684e+00 1.159654875901537707e+00 1.799999936129600826e+02
7.050000000000006040e+00 1.159754000578516298e+00 1.799999971975166204e+02
7.200000000000006395e+00 1.159888391717288414e+00 1.799999987703731676e+02
7.350000000000006750e+00 1.160154509722701732e+00 1.799999994603839752e+02
7.500000000000007105e+00 1.160743363161031994e+00 1.799999997633288729e+02
7.650000000000007461e+00 1.162077606446871414e+00 1.799999998962645975e+02
7.800000000000007816e+00 1.165114903994719953e+00 1.799999999545842400e+02
7.950000000000008171e+00 1.172035303047209709e+00 1.799999999801883064e+02
8.100000000000008527e+00 1.187805971091052015e+00 1.799999999914211912e+02
8.250000000000008882e+00 1.223746505298379361e+00 1.799999999963440871e+02
8.400000000000009237e+00 1.305653111970741520e+00 1.799999999984941610e+02
8.550000000000009592e+00 1.492318310005543935e+00 1.799999999994175539e+02
8.700000000000009948e+00 1.917700206554741271e+00 1.799999999997934879e+02
8.850000000000010303e+00 2.887292648426068808e+00 1.799999999999284057e+02
9.000000000000010658e+00 5.095842592896545398e+00 1.799999999999672582e+02
9.150000000000011013e+00 1.013752606621537211e+01 1.799999999999759268e+02
9.300000000000011369e+00 2.156918308462410394e+01 1.799999999999769500e+02
9.450000000000011724e+00 4.807020740888007282e+01 1.799999999999770353e+02
9.600000000000012079e+00 1.053732527005173409e+02 1.799999999999769784e+02
9.750000000000012434e+00 2.612569382244647045e+02 1.799999999999766658e+02
9.900000000000012790e+00 4.673322890385689448e+02 1.799999999999765237e+02
1.005000000000001315e+01 7.999689593125652891e+02 1.799999999999765521e+02
1.020000000000001350e+01 7.999689593125652891e+02 1.799999999999765521e+02
1.035000000000001386e+01 7.999689593125652891e+02 1.799999999999765521e+02
1.050000000000001421e+01 7.999689593125652891e+02 1.799999999999765521e+02
1.065000000000001457e+01 7.999689593125652891e+02 1.799999999999765521e+02
1.080000000000001492e+01 7.999689593125652891e+02 1.799999999999765521e+02
1.095000000000001528e+01 7.999689593125652891e+02 1.799999999999765521e+02
1.110000000000001563e+01 7.999689593125652891e+02 1.799999999999765521e+02
1.125000000000001599e+01 7.999689593125652891e+02 1.799999999999765521e+02
1.140000000000001634e+01 7.999689593125652891e+02 1.799999999999765521e+02
1.155000000000001670e+01 7.999689593125652891e+02 1.799999999999765521e+02
1.170000000000001705e+01 7.999689593125652891e+02 1.799999999999765521e+02
1.185000000000001741e+01 7.999689593125652891e+02 1.799999999999765521e+02
1.200000000000001776e+01 7.999689593125652891e+02 1.799999999999765521e+02
1.215000000000001812e+01 7.999689593125652891e+02 1.799999999999765521e+02
1.230000000000001847e+01 7.999689593125652891e+02 1.799999999999765521e+02
1.245000000000001883e+01 7.999689593125652891e+02 1.799999999999765521e+02
1.260000000000001918e+01 7.999689593125652891e+02 1.799999999999765521e+02
1.275000000000001954e+01 7.999689593125652891e+02 1.799999999999765521e+02
1.290000000000001990e+01 7.999689593125652891e+02 1.799999999999765521e+02
1.305000000000002025e+01 7.999271281157598423e+02 1.799999999999765521e+02
1.320000000000002061e+01 7.999271281157598423e+02 1.799999999999765521e+02
1.335000000000002096e+01 7.999271281157598423e+02 1.799999999999765521e+02
1.350000000000002132e+01 7.999271281157598423e+02 1.799999999999765521e+02
1.365000000000002167e+01 7.999271281157598423e+02 1.799999999999765521e+02
1.380000000000002203e+01 7.999271281157598423e+02 1.799999999999765521e+02
1.395000000000002238e+01 7.999271281157598423e+02 1.799999999999765521e+02
1.410000000000002274e+01 7.999271281157598423e+02 1.799999999999765521e+02
1.425000000000002309e+01 7.999271281157598423e+02 1.799999999999765521e+02
1.440000000000002345e+01 7.999271281157598423e+02 1.799999999999765521e+02
1.455000000000002380e+01 7.999271281157598423e+02 1.799999999999765521e+02
1.470000000000002416e+01 7.999271281157598423e+02 1.799999999999765521e+02
1.485000000000002451e+01 7.999271281157598423e+02 1.799999999999765521e+02
1.500000000000002487e+01 7.999271281157598423e+02 1.799999999999765521e+02
1.515000000000002522e+01 7.999271281157598423e+02 1.799999999999765521e+02
1.530000000000002558e+01 7.999271281157598423e+02 1.799999999999765521e+02
1.545000000000002593e+01 7.999271281157598423e+02 1.799999999999765521e+02
1.560000000000002629e+01 7.999271281157598423e+02 1.799999999999765521e+02
1.575000000000002665e+01 7.999271281157598423e+02 1.799999999999765521e+02
1.590000000000002700e+01 7.999271281157598423e+02 1.799999999999765521e+02
