1.499999999999999944e-01 7.999997753358645696e+02 1.633707039675338990e+02
2.999999999999999889e-01 7.999997753358645696e+02 1.633707039675338990e+02
4.499999999999999556e-01 7.999997753358645696e+02 1.633707039675338990e+02
5.999999999999999778e-01 7.999997753358645696e+02 1.633707039675338990e+02
7.500000000000000000e-01 7.999997753358645696e+02 1.633707039675338990e+02
9.000000000000000222e-01 7.999997753358645696e+02 1.633707039675338990e+02
1.050000000000000044e+00 7.999997753358645696e+02 1.633707039675338990e+02
1.199999999999999956e+00 7.999997753358645696e+02 1.633707039675338990e+02
1.349999999999999867e+00 7.999997753358645696e+02 1.633707039675338990e+02
1.499999999999999778e+00 7.999997753358645696e+02 1.633707039675338990e+02
1.649999999999999689e+00 7.999997753358645696e+02 1.633707039675338990e+02
1.799999999999999600e+00 7.999997753358645696e+02 1.633707039675338990e+02
1.949999999999999512e+00 7.999997753358645696e+02 1.633707039675338990e+02
2.099999999999999645e+00 7.999999551408943717e+02 1.633801110396005640e+02
2.249999999999999556e+00 7.999999551408943717e+02 1.633801110396005640e+02
2.399999999999999467e+00 7.999999551408943717e+02 1.633801110396005640e+02
2.549999999999999378e+00 7.999999551408943717e+02 1.633801110396005640e+02
2.699999999999999289e+00 7.999999551408943717e+02 1.633801110396005640e+02
2.849999999999999201e+00 7.999999551408943717e+02 1.633801110396005640e+02
2.999999999999999112e+00 7.999999551408943717e+02 1.633801110396005640e+02
3.149999999999999023e+00 7.999999551408943717e+02 1.633801110396005640e+02
3.299999999999998934e+00 7.999999551408943717e+02 1.633801110396005640e+02
3.449999999999998845e+00 7.999999551408943717e+02 1.633801110396005640e+02
3.599999999999998757e+00 7.999999551408943717e+02 1.633801110396005640e+02
3.749999999999998668e+00 7.999999551408943717e+02 1.633801110396005640e+02
3.899999999999998579e+00 7.999999551408943717e+02 1.633801110396005640e+02
4.049999999999998934e+00 5.103550147514922628e+02 1.634311087019984541e+02
4.199999999999999289e+00 4.263004887992844942e+02 1.636503498813613930e+02
4.349999999999999645e+00 3.356604132621164922e+02 1.641550872253887405e+02
4.500000000000000000e+00 3.053080030649435912e+02 1.647771938381647772e+02
4.650000000000000355e+00 2.896201023035760613e+02 1.654813446669676580e+02
4.800000000000000711e+00 2.821262468621217181e+02 1.662051909610412963e+02
4.950000000000001066e+00 2.783632949318459282e+02 1.669230034245840670e+02
5.100000000000001421e+00 2.764766237866822394e+02 1.676197148048757981e+02
5.250000000000001776e+00 2.755260411781491143e+02 1.682903392526377502e+02
5.400000000000002132e+00 2.750483831850467027e+02 1.689322040402806806e+02
5.550000000000002487e+00 2.748098539569736545e+02 1.695447197747490975e+02
5.700000000000002842e+00 2.746923258381729624e+02 1.701294831209894483e+02
5.850000000000003197e+00 2.746359131667240376e+02 1.706872092326240136e+02
6.000000000000003553e+00 2.746102287526984469e+02 1.712188678165680074e+02
6.150000000000003908e+00 2.745998654095045026e+02 1.717265415002857765e+02
6.300000000000004263e+00 2.745970281154824875e+02 1.722112140692821356e+02
6.450000000000004619e+00 2.745977763171600259e+02 1.726739126272734097e+02
6.600000000000004974e+00 2.746001391243198100e+02 1.731165099510913024e+02
6.750000000000005329e+00 2.746031535967570107e+02 1.735399193534127562e+02
6.900000000000005684e+00 2.746063699810885055e+02 1.739450734947523358e+02
7.050000000000006040e+00 2.746096292455871435e+02 1.743335950951947098e+02
7.200000000000006395e+00 2.746129692854867130e+02 1.747063067737019537e+02
7.350000000000006750e+00 2.746166159856817899e+02 1.750640480767459906e+02
7.500000000000007105e+00 2.746210843005032984e+02 1.754082200331001786e+02
7.650000000000007461e+00 2.746274100702370902e+02 1.757395668059801324e+02
7.800000000000007816e+00 2.746376233443593833e+02 1.760588475491850602e+02
7.950000000000008171e+00 2.746557097708217157e+02 1.763672649121897393e+02
8.100000000000008527e+00 2.746894984610132724e+02 1.766654830523911812e+02
8.250000000000008882e+00 2.747543775000203254e+02 1.769541624498256454e+02
8.400000000000009237e+00 2.748806294499809724e+02 1.772342669245107629e+02
8.550000000000009592e+00 2.751279091781331090e+02 1.775062624761928873e+02
8.700000000000009948e+00 2.756138669724105625e+02 1.777704688854067001e+02
8.850000000000010303e+00 2.765714463323957943e+02 1.780271421885539098e+02
9.000000000000010658e+00 2.784624551065981564e+02 1.782756138693183345e+02
9.150000000000011013e+00 2.822251094375013736e+02 1.785141365195862875e+02
9.300000000000011369e+00 2.897115459162952220e+02 1.787388635579928859e+02
9.450000000000011724e+00 3.053828399018049709e+02 1.789432490174355905e+02
9.600000000000012079e+00 3.357096425791452816e+02 1.791119488917908598e+02
9.750000000000012434e+00 4.263173139972816443e+02 1.792385658507358812e+02
9.900000000000012790e+00 5.103558615665720595e+02 1.792895950666151350e+02
1.005000000000001315e+01 7.999999566327164757e+02 1.792996897595724874e+02
1.020000000000001350e+01 7.999999566327164757e+02 1.792996897595724874e+02
1.035000000000001386e+01 7.999999566327164757e+02 1.792996897595724874e+02
1.050000000000001421e+01 7.999999566327164757e+02 1.792996897595724874e+02
1.065000000000001457e+01 7.999999566327164757e+02 1.792996897595724874e+02
1.080000000000001492e+01 7.999999566327164757e+02 1.792996897595724874e+02
1.095000000000001528e+01 7.999999566327164757e+02 1.792996897595724874e+02
1.110000000000001563e+01 7.999999566327164757e+02 1.792996897595724874e+02
1.125000000000001599e+01 7.999999566327164757e+02 1.792996897595724874e+02
1.140000000000001634e+01 7.999999566327164757e+02 1.792996897595724874e+02
1.155000000000001670e+01 7.999999566327164757e+02 1.792996897595724874e+02
1.170000000000001705e+01 7.999999566327164757e+02 1.792996897595724874e+02
1.185000000000001741e+01 7.999999566327164757e+02 1.792996897595724874e+02
1.200000000000001776e+01 7.999999566327164757e+02 1.792996897595724874e+02
1.215000000000001812e+01 7.999999566327164757e+02 1.792996897595724874e+02
1.230000000000001847e+01 7.999999566327164757e+02 1.792996897595724874e+02
1.245000000000001883e+01 7.999999566327164757e+02 1.792996897595724874e+02
1.260000000000001918e+01 7.999999566327164757e+02 1.792996897595724874e+02
1.275000000000001954e+01 7.999999566327164757e+02 1.792996897595724874e+02
1.290000000000001990e+01 7.999999566327164757e+02 1.792996897595724874e+02
1.305000000000002025e+01 7.999997828033461928e+02 1.793016525788547710e+02
1.320000000000002061e+01 7.999997828033461928e+02 1.793016525788547710e+02
1.335000000000002096e+01 7.999997828033461928e+02 1.793016525788547710e+02
1.350000000000002132e+01 7.999997828033461928e+02 1.793016525788547710e+02
1.365000000000002167e+01 7.999997828033461928e+02 1.793016525788547710e+02
1.380000000000002203e+01 7.999997828033461928e+02 1.793016525788547710e+02
1.395000000000002238e+01 7.999997828033461928e+02 1.793016525788547710e+02
1.410000000000002274e+01 7.999997828033461928e+02 1.793016525788547710e+02
1.425000000000002309e+01 7.999997828033461928e+02 1.793016525788547710e+02
1.440000000000002345e+01 7.999997828033461928e+02 1.793016525788547710e+02
1.455000000000002380e+01 7.999997828033461928e+02 1.793016525788547710e+02
1.470000000000002416e+01 7.999997828033461928e+02 1.793016525788547710e+02
1.485000000000002451e+01 7.999997828033461928e+02 1.793016525788547710e+02
1.500000000000002487e+01 7.999997828033461928e+02 1.793016525788547710e+02
1.515000000000002522e+01 7.999997828033461928e+02 1.793016525788547710e+02
1.530000000000002558e+01 7.999997828033461928e+02 1.793016525788547710e+02
1.545000000000002593e+01 7.999997828033461928e+02 1.793016525788547710e+02
1.560000000000002629e+01 7.999997828033461928e+02 1.793016525788547710e+02
1.575000000000002665e+01 7.999997828033461928e+02 1.793016525788547710e+02
1.590000000000002700e+01 7.999997828033461928e+02 1.793016525788547710e+02
