1.499999999999999944e-01 7.999978479306672625e+02 4.075141890602651529e-09
2.999999999999999889e-01 7.999978479306672625e+02 4.075141890602651529e-09
4.499999999999999556e-01 7.999978479306672625e+02 4.075141890602651529e-09
5.999999999999999778e-01 7.999978479306672625e+02 4.075141890602651529e-09
7.500000000000000000e-01 7.999978479306672625e+02 4.075141890602651529e-09
9.000000000000000222e-01 7.999978479306672625e+02 4.075141890602651529e-09
1.050000000000000044e+00 7.999978479306672625e+02 4.075141890602651529e-09
1.199999999999999956e+00 7.999978479306672625e+02 4.075141890602651529e-09
1.349999999999999867e+00 7.999978479306672625e+02 4.075141890602651529e-09
1.499999999999999778e+00 7.999978479306672625e+02 4.075141890602651529e-09
1.649999999999999689e+00 7.999978479306672625e+02 4.075141890602651529e-09
1.799999999999999600e+00 7.999978479306672625e+02 4.075141890602651529e-09
1.949999999999999512e+00 7.999978479306672625e+02 4.075141890602651529e-09
2.099999999999999645e+00 7.999994228641234031e+02 4.080974669307124714e-09
2.249999999999999556e+00 7.999994228641234031e+02 4.080974669307124714e-09
2.399999999999999467e+00 7.999994228641234031e+02 4.080974669307124714e-09
2.549999999999999378e+00 7.999994228641234031e+02 4.080974669307124714e-09
2.699999999999999289e+00 7.999994228641234031e+02 4.080974669307124714e-09
2.849999999999999201e+00 7.999994228641234031e+02 4.080974669307124714e-09
2.999999999999999112e+00 7.999994228641234031e+02 4.080974669307124714e-09
3.149999999999999023e+00 7.999994228641234031e+02 4.080974669307124714e-09
3.299999999999998934e+00 7.999994228641234031e+02 4.080974669307124714e-09
3.449999999999998845e+00 7.999994228641234031e+02 4.080974669307124714e-09
3.599999999999998757e+00 7.999994228641234031e+02 4.080974669307124714e-09
3.749999999999998668e+00 7.999994228641234031e+02 4.080974669307124714e-09
3.899999999999998579e+00 7.999994228641234031e+02 4.080974669307124714e-09
4.049999999999998934e+00 5.014739188190025629e+02 4.119717678108258951e-09
4.199999999999999289e+00 3.720609916431138799e+02 4.334565928409972457e-09
4.349999999999999645e+00 2.335702933502086296e+02 5.051828733115826253e-09
4.500000000000000000e+00 1.666385687660260544e+02 6.546061248613455064e-09
4.650000000000000355e+00 1.207576758177435892e+02 9.535518596948122649e-09
4.800000000000000711e+00 8.914186895604665040e+01 1.509663816179340756e-08
4.950000000000001066e+00 6.627031177266712803e+01 2.523331843473641811e-08
5.100000000000001421e+00 4.943099090225003067e+01 4.349414672866203091e-08
5.250000000000001776e+00 3.688123534215118582e+01 7.613951336082891430e-08
5.400000000000002132e+00 2.746566690875926753e+01 1.345650035844414560e-07
5.550000000000002487e+00 2.037115112826159447e+01 2.397482860017063899e-07
5.700000000000002842e+00 1.500854043800244497e+01 4.302131880740134307e-07
5.850000000000003197e+00 1.094231128956186794e+01 7.803878566692290519e-07
6.000000000000003553e+00 7.846387874829574116e+00 1.440357374371536991e-06
6.150000000000003908e+00 5.474254462670728572e+00 2.729969556303224465e-06
6.300000000000004263e+00 3.637761555173611328e+00 5.431705757508176191e-06
6.450000000000004619e+00 2.191549336957876903e+00 1.192858320264722494e-05
6.600000000000004974e+00 1.021273002795112461e+00 3.383823671698760194e-05
6.750000000000005329e+00 3.445257006933388766e-02 1.325914360901125910e-03
6.900000000000005684e+00 8.468791992485193987e-01 1.799999286462157215e+02
7.050000000000006040e+00 1.692354941221651643e+00 1.799999528030465399e+02
7.200000000000006395e+00 2.568783584045974067e+00 1.799999588999402533e+02
7.350000000000006750e+00 3.545438690881141497e+00 1.799999606093252567e+02
7.500000000000007105e+00 4.699549764332829227e+00 1.799999607193316535e+02
7.650000000000007461e+00 6.122442251108630273e+00 1.799999601440837012e+02
7.800000000000007816e+00 7.926835744960840202e+00 1.799999592764700935e+02
7.950000000000008171e+00 1.025593079908323801e+01 1.799999583897087803e+02
8.100000000000008527e+00 1.329512319911399842e+01 1.799999575610995919e+02
8.250000000000008882e+00 1.728754613494744419e+01 1.799999568068156179e+02
8.400000000000009237e+00 2.255529522184553315e+01 1.799999562067237378e+02
8.550000000000009592e+00 2.952947560791182724e+01 1.799999557257283413e+02
8.700000000000009948e+00 3.879475669628663326e+01 1.799999553180842327e+02
8.850000000000010303e+00 5.116044535412439132e+01 1.799999550354563382e+02
9.000000000000010658e+00 6.777990259198865886e+01 1.799999548288415951e+02
9.150000000000011013e+00 9.039720405137111925e+01 1.799999546498080463e+02
9.300000000000011369e+00 1.217313481607880163e+02 1.799999545545202295e+02
9.450000000000011724e+00 1.673166457515225716e+02 1.799999544986341675e+02
9.600000000000012079e+00 2.339648692941699721e+02 1.799999544394797510e+02
9.750000000000012434e+00 3.721972216943202625e+02 1.799999544402426750e+02
9.900000000000012790e+00 5.014832247383017148e+02 1.799999544500957427e+02
1.005000000000001315e+01 7.999994141581738631e+02 1.799999544451750069e+02
1.020000000000001350e+01 7.999994141581738631e+02 1.799999544451750069e+02
1.035000000000001386e+01 7.999994141581738631e+02 1.799999544451750069e+02
1.050000000000001421e+01 7.999994141581738631e+02 1.799999544451750069e+02
1.065000000000001457e+01 7.999994141581738631e+02 1.799999544451750069e+02
1.080000000000001492e+01 7.999994141581738631e+02 1.799999544451750069e+02
1.095000000000001528e+01 7.999994141581738631e+02 1.799999544451750069e+02
1.110000000000001563e+01 7.999994141581738631e+02 1.799999544451750069e+02
1.125000000000001599e+01 7.999994141581738631e+02 1.799999544451750069e+02
1.140000000000001634e+01 7.999994141581738631e+02 1.799999544451750069e+02
1.155000000000001670e+01 7.999994141581738631e+02 1.799999544451750069e+02
1.170000000000001705e+01 7.999994141581738631e+02 1.799999544451750069e+02
1.185000000000001741e+01 7.999994141581738631e+02 1.799999544451750069e+02
1.200000000000001776e+01 7.999994141581738631e+02 1.799999544451750069e+02
1.215000000000001812e+01 7.999994141581738631e+02 1.799999544451750069e+02
1.230000000000001847e+01 7.999994141581738631e+02 1.799999544451750069e+02
1.245000000000001883e+01 7.999994141581738631e+02 1.799999544451750069e+02
1.260000000000001918e+01 7.999994141581738631e+02 1.799999544451750069e+02
1.275000000000001954e+01 7.999994141581738631e+02 1.799999544451750069e+02
1.290000000000001990e+01 7.999994141581738631e+02 1.799999544451750069e+02
1.305000000000002025e+01 7.999978152449142499e+02 1.799999544649372751e+02
1.320000000000002061e+01 7.999978152449142499e+02 1.799999544649372751e+02
1.335000000000002096e+01 7.999978152449142499e+02 1.799999544649372751e+02
1.350000000000002132e+01 7.999978152449142499e+02 1.799999544649372751e+02
1.365000000000002167e+01 7.999978152449142499e+02 1.799999544649372751e+02
1.380000000000002203e+01 7.999978152449142499e+02 1.799999544649372751e+02
1.395000000000002238e+01 7.999978152449142499e+02 1.799999544649372751e+02
1.410000000000002274e+01 7.999978152449142499e+02 1.799999544649372751e+02
1.425000000000002309e+01 7.999978152449142499e+02 1.799999544649372751e+02
1.440000000000002345e+01 7.999978152449142499e+02 1.799999544649372751e+02
1.455000000000002380e+01 7.999978152449142499e+02 1.799999544649372751e+02
1.470000000000002416e+01 7.999978152449142499e+02 1.799999544649372751e+02
1.485000000000002451e+01 7.999978152449142499e+02 1.799999544649372751e+02
1.500000000000002487e+01 7.999978152449142499e+02 1.799999544649372751e+02
1.515000000000002522e+01 7.999978152449142499e+02 1.799999544649372751e+02
1.530000000000002558e+01 7.999978152449142499e+02 1.799999544649372751e+02
1.545000000000002593e+01 7.999978152449142499e+02 1.799999544649372751e+02
1.560000000000002629e+01 7.999978152449142499e+02 1.799999544649372751e+02
1.575000000000002665e+01 7.999978152449142499e+02 1.799999544649372751e+02
1.590000000000002700e+01 7.999978152449142499e+02 1.799999544649372751e+02
