1.499999999999999944e-01 7.998129469356092613e+02 7.100597052267509923e-05
2.999999999999999889e-01 7.998129469356092613e+02 7.100597052267509923e-05
4.499999999999999556e-01 7.998129469356092613e+02 7.100597052267509923e-05
5.999999999999999778e-01 7.998129469356092613e+02 7.100597052267509923e-05
7.500000000000000000e-01 7.998129469356092613e+02 7.100597052267509923e-05
9.000000000000000222e-01 7.998129469356092613e+02 7.100597052267509923e-05
1.050000000000000044e+00 7.998129469356092613e+02 7.100597052267509923e-05
1.199999999999999956e+00 7.998129469356092613e+02 7.100597052267509923e-05
1.349999999999999867e+00 7.998129469356092613e+02 7.100597052267509923e-05
1.499999999999999778e+00 7.998129469356092613e+02 7.100597052267509923e-05
1.649999999999999689e+00 7.998129469356092613e+02 7.100597052267509923e-05
1.799999999999999600e+00 7.998129469356092613e+02 7.100597052267509923e-05
1.949999999999999512e+00 7.998129469356092613e+02 7.100597052267509923e-05
2.099999999999999645e+00 7.999100774882590486e+02 7.099292124601586096e-05
2.249999999999999556e+00 7.999100774882590486e+02 7.099292124601586096e-05
2.399999999999999467e+00 7.999100774882590486e+02 7.099292124601586096e-05
2.549999999999999378e+00 7.999100774882590486e+02 7.099292124601586096e-05
2.699999999999999289e+00 7.999100774882590486e+02 7.099292124601586096e-05
2.849999999999999201e+00 7.999100774882590486e+02 7.099292124601586096e-05
2.999999999999999112e+00 7.999100774882590486e+02 7.099292124601586096e-05
3.149999999999999023e+00 7.999100774882590486e+02 7.099292124601586096e-05
3.299999999999998934e+00 7.999100774882590486e+02 7.099292124601586096e-05
3.449999999999998845e+00 7.999100774882590486e+02 7.099292124601586096e-05
3.599999999999998757e+00 7.999100774882590486e+02 7.099292124601586096e-05
3.749999999999998668e+00 7.999100774882590486e+02 7.099292124601586096e-05
3.899999999999998579e+00 7.999100774882590486e+02 7.099292124601586096e-05
4.049999999999998934e+00 4.505226222621574834e+02 7.104546645109177661e-05
4.199999999999999289e+00 2.287381114468588237e+02 7.122005315107760026e-05
4.349999999999999645e+00 8.077543478766060048e+01 7.166545872427931840e-05
4.500000000000000000e+00 3.209325380097301661e+01 7.272623352450047207e-05
4.650000000000000355e+00 1.191197448813296944e+01 7.574880358141022896e-05
4.800000000000000711e+00 4.185564263131141161e+00 8.448073194011751497e-05
4.950000000000001066e+00 1.148458815059029803e+00 1.200710603787014108e-04
5.100000000000001421e+00 3.462421635231294204e-02 1.799984432507144447e+02
5.250000000000001776e+00 4.969156853564982157e-01 1.799999576519454365e+02
5.400000000000002132e+00 6.773646275164537656e-01 1.799999878690107380e+02
5.550000000000002487e+00 7.478259643779665566e-01 1.799999957069066738e+02
5.700000000000002842e+00 7.753361200205404202e-01 1.799999983831706345e+02
5.850000000000003197e+00 7.860773467236299439e-01 1.799999993773143672e+02
6.000000000000003553e+00 7.902711582822234959e-01 1.799999997579987223e+02
6.150000000000003908e+00 7.919086158213417548e-01 1.799999999057024240e+02
6.300000000000004263e+00 7.925479913043318447e-01 1.799999999632100867e+02
6.450000000000004619e+00 7.927977438421294210e-01 1.799999999856300974e+02
6.600000000000004974e+00 7.928955490245357396e-01 1.799999999943898104e+02
6.750000000000005329e+00 7.929344826994224604e-01 1.799999999978095389e+02
6.900000000000005684e+00 7.929515960065032232e-01 1.799999999991442223e+02
7.050000000000006040e+00 7.929631744931953108e-01 1.799999999996658744e+02
7.200000000000006395e+00 7.929802369097842529e-01 1.799999999998696296e+02
7.350000000000006750e+00 7.930190204798464038e-01 1.799999999999491251e+02
7.500000000000007105e+00 7.931164334956974926e-01 1.799999999999801048e+02
7.650000000000007461e+00 7.933651784312587552e-01 1.799999999999922125e+02
7.800000000000007816e+00 7.940019722174724848e-01 1.799999999999967315e+02
7.950000000000008171e+00 7.956328169428275032e-01 1.799999999999986073e+02
8.100000000000008527e+00 7.998096917917223436e-01 1.799999999999992326e+02
8.250000000000008882e+00 8.105075404721446830e-01 1.799999999999993747e+02
8.400000000000009237e+00 8.379065996929284665e-01 1.799999999999988347e+02
8.550000000000009592e+00 9.080834137445208398e-01 1.799999999999974705e+02
8.700000000000009948e+00 1.087803791368116890e+00 1.799999999999948557e+02
8.850000000000010303e+00 1.548229995116258806e+00 1.799999999999908482e+02
9.000000000000010658e+00 2.726542671092474279e+00 1.799999999999867555e+02
9.150000000000011013e+00 5.751459949437858654e+00 1.799999999999839417e+02
9.300000000000011369e+00 1.344696590979378925e+01 1.799999999999821796e+02
9.450000000000011724e+00 3.355024478009571709e+01 1.799999999999817248e+02
9.600000000000012079e+00 8.204623082161030823e+01 1.799999999999814406e+02
9.750000000000012434e+00 2.295721648931252332e+02 1.799999999999811848e+02
9.900000000000012790e+00 4.506976790277953455e+02 1.799999999999811848e+02
1.005000000000001315e+01 7.999114674777467826e+02 1.799999999999811848e+02
1.020000000000001350e+01 7.999114674777467826e+02 1.799999999999811848e+02
1.035000000000001386e+01 7.999114674777467826e+02 1.799999999999811848e+02
1.050000000000001421e+01 7.999114674777467826e+02 1.799999999999811848e+02
1.065000000000001457e+01 7.999114674777467826e+02 1.799999999999811848e+02
1.080000000000001492e+01 7.999114674777467826e+02 1.799999999999811848e+02
1.095000000000001528e+01 7.999114674777467826e+02 1.799999999999811848e+02
1.110000000000001563e+01 7.999114674777467826e+02 1.799999999999811848e+02
1.125000000000001599e+01 7.999114674777467826e+02 1.799999999999811848e+02
1.140000000000001634e+01 7.999114674777467826e+02 1.799999999999811848e+02
1.155000000000001670e+01 7.999114674777467826e+02 1.799999999999811848e+02
1.170000000000001705e+01 7.999114674777467826e+02 1.799999999999811848e+02
1.185000000000001741e+01 7.999114674777467826e+02 1.799999999999811848e+02
1.200000000000001776e+01 7.999114674777467826e+02 1.799999999999811848e+02
1.215000000000001812e+01 7.999114674777467826e+02 1.799999999999811848e+02
1.230000000000001847e+01 7.999114674777467826e+02 1.799999999999811848e+02
1.245000000000001883e+01 7.999114674777467826e+02 1.799999999999811848e+02
1.260000000000001918e+01 7.999114674777467826e+02 1.799999999999811848e+02
1.275000000000001954e+01 7.999114674777467826e+02 1.799999999999811848e+02
1.290000000000001990e+01 7.999114674777467826e+02 1.799999999999811848e+02
1.305000000000002025e+01 7.998157323447946965e+02 1.799999999999812133e+02
1.320000000000002061e+01 7.998157323447946965e+02 1.799999999999812133e+02
1.335000000000002096e+01 7.998157323447946965e+02 1.799999999999812133e+02
1.350000000000002132e+01 7.998157323447946965e+02 1.799999999999812133e+02
1.365000000000002167e+01 7.998157323447946965e+02 1.799999999999812133e+02
1.380000000000002203e+01 7.998157323447946965e+02 1.799999999999812133e+02
1.395000000000002238e+01 7.998157323447946965e+02 1.799999999999812133e+02
1.410000000000002274e+01 7.998157323447946965e+02 1.799999999999812133e+02
1.425000000000002309e+01 7.998157323447946965e+02 1.799999999999812133e+02
1.440000000000002345e+01 7.998157323447946965e+02 1.799999999999812133e+02
1.455000000000002380e+01 7.998157323447946965e+02 1.799999999999812133e+02
1.470000000000002416e+01 7.998157323447946965e+02 1.799999999999812133e+02
1.485000000000002451e+01 7.998157323447946965e+02 1.799999999999812133e+02
1.500000000000002487e+01 7.998157323447946965e+02 1.799999999999812133e+02
1.515000000000002522e+01 7.998157323447946965e+02 1.799999999999812133e+02
1.530000000000002558e+01 7.998157323447946965e+02 1.799999999999812133e+02
1.545000000000002593e+01 7.998157323447946965e+02 1.799999999999812133e+02
1.560000000000002629e+01 7.998157323447946965e+02 1.799999999999812133e+02
1.575000000000002665e+01 7.998157323447946965e+02 1.799999999999812133e+02
1.590000000000002700e+01 7.998157323447946965e+02 1.799999999999812133e+02
