1.499999999999999944e-01 7.999995825997015118e+02 1.298155623529848057e+01
2.999999999999999889e-01 7.999995825997015118e+02 1.298155623529848057e+01
4.499999999999999556e-01 7.999995825997015118e+02 1.298155623529848057e+01
5.999999999999999778e-01 7.999995825997015118e+02 1.298155623529848057e+01
7.500000000000000000e-01 7.999995825997015118e+02 1.298155623529848057e+01
9.000000000000000222e-01 7.999995825997015118e+02 1.298155623529848057e+01
1.050000000000000044e+00 7.999995825997015118e+02 1.298155623529848057e+01
1.199999999999999956e+00 7.999995825997015118e+02 1.298155623529848057e+01
1.349999999999999867e+00 7.999995825997015118e+02 1.298155623529848057e+01
1.499999999999999778e+00 7.999995825997015118e+02 1.298155623529848057e+01
1.649999999999999689e+00 7.999995825997015118e+02 1.298155623529848057e+01
1.799999999999999600e+00 7.999995825997015118e+02 1.298155623529848057e+01
1.949999999999999512e+00 7.999995825997015118e+02 1.298155623529848057e+01
2.099999999999999645e+00 7.999999095356338330e+02 1.300690317825422682e+01
2.249999999999999556e+00 7.999999095356338330e+02 1.300690317825422682e+01
2.399999999999999467e+00 7.999999095356338330e+02 1.300690317825422682e+01
2.549999999999999378e+00 7.999999095356338330e+02 1.300690317825422682e+01
2.699999999999999289e+00 7.999999095356338330e+02 1.300690317825422682e+01
2.849999999999999201e+00 7.999999095356338330e+02 1.300690317825422682e+01
2.999999999999999112e+00 7.999999095356338330e+02 1.300690317825422682e+01
3.149999999999999023e+00 7.999999095356338330e+02 1.300690317825422682e+01
3.299999999999998934e+00 7.999999095356338330e+02 1.300690317825422682e+01
3.449999999999998845e+00 7.999999095356338330e+02 1.300690317825422682e+01
3.599999999999998757e+00 7.999999095356338330e+02 1.300690317825422682e+01
3.749999999999998668e+00 7.999999095356338330e+02 1.300690317825422682e+01
3.899999999999998579e+00 7.999999095356338330e+02 1.300690317825422682e+01
4.049999999999998934e+00 5.084538516937271879e+02 1.314125369648136221e+01
4.199999999999999289e+00 4.133519526707825662e+02 1.381624313659716208e+01
4.349999999999999645e+00 3.105116399643420095e+02 1.558465103973732369e+01
4.500000000000000000e+00 2.713794974015444268e+02 1.811079094758652275e+01
4.650000000000000355e+00 2.488678623902356719e+02 2.135638573414669494e+01
4.800000000000000711e+00 2.363951870123078436e+02 2.507315474503113961e+01
4.950000000000001066e+00 2.291021743371473463e+02 2.910905949665195891e+01
5.100000000000001421e+00 2.247974019300538089e+02 3.333932127523371491e+01
5.250000000000001776e+00 2.222416400616233432e+02 3.768106750480824729e+01
5.400000000000002132e+00 2.207337362114824089e+02 4.207877006968747935e+01
5.550000000000002487e+00 2.198607362089508115e+02 4.649632836915903056e+01
5.700000000000002842e+00 2.193756446217640530e+02 5.091028302809611716e+01
5.850000000000003197e+00 2.191288780946348993e+02 5.530533614320431468e+01
6.000000000000003553e+00 2.190291407734411848e+02 5.967140071260943301e+01
6.150000000000003908e+00 2.190203819746631666e+02 6.400172924237764960e+01
6.300000000000004263e+00 2.190680203173670861e+02 6.829173630786911531e+01
6.450000000000004619e+00 2.191506269798986182e+02 7.253826923980605557e+01
6.600000000000004974e+00 2.192548862081434322e+02 7.673915608372044517e+01
6.750000000000005329e+00 2.193725500406202968e+02 8.089291864354950690e+01
6.900000000000005684e+00 2.194986269343295930e+02 8.499859301667672185e+01
7.050000000000006040e+00 2.196303580183322310e+02 8.905561080206696545e+01
7.200000000000006395e+00 2.197667304419250058e+02 9.306370716065605109e+01
7.350000000000006750e+00 2.199084120344651012e+02 9.702284762678765162e+01
7.500000000000007105e+00 2.200580985367767823e+02 1.009331528975159813e+02
7.650000000000007461e+00 2.202213696227945263e+02 1.047947986204125073e+02
7.800000000000007816e+00 2.204082848543856414e+02 1.086078821022410068e+02
7.950000000000008171e+00 2.206361504794288919e+02 1.123722199354704259e+02
8.100000000000008527e+00 2.209342078163414556e+02 1.160870218682724584e+02
8.250000000000008882e+00 2.213515365931481256e+02 1.197503794653915605e+02
8.400000000000009237e+00 2.219704086661965334e+02 1.233584433007778216e+02
8.550000000000009592e+00 2.229290284917745169e+02 1.269040951878574646e+02
8.700000000000009948e+00 2.244607280708900703e+02 1.303748447670904511e+02
8.850000000000010303e+00 2.269634011053949223e+02 1.337495938634529011e+02
9.000000000000010658e+00 2.311240125560214551e+02 1.369936327349976466e+02
9.150000000000011013e+00 2.381730246752799758e+02 1.400526786609504484e+02
9.300000000000011369e+00 2.503050122245275020e+02 1.428418310060625345e+02
9.450000000000011724e+00 2.724029214641726071e+02 1.452557877265755906e+02
9.600000000000012079e+00 3.111028823187176613e+02 1.471188335797534421e+02
9.750000000000012434e+00 4.135365951882167792e+02 1.484084234859392666e+02
9.900000000000012790e+00 5.084633879968598080e+02 1.488940711386089788e+02
1.005000000000001315e+01 7.999999083086352130e+02 1.489874709864118927e+02
1.020000000000001350e+01 7.999999083086352130e+02 1.489874709864118927e+02
1.035000000000001386e+01 7.999999083086352130e+02 1.489874709864118927e+02
1.050000000000001421e+01 7.999999083086352130e+02 1.489874709864118927e+02
1.065000000000001457e+01 7.999999083086352130e+02 1.489874709864118927e+02
1.080000000000001492e+01 7.999999083086352130e+02 1.489874709864118927e+02
1.095000000000001528e+01 7.999999083086352130e+02 1.489874709864118927e+02
1.110000000000001563e+01 7.999999083086352130e+02 1.489874709864118927e+02
1.125000000000001599e+01 7.999999083086352130e+02 1.489874709864118927e+02
1.140000000000001634e+01 7.999999083086352130e+02 1.489874709864118927e+02
1.155000000000001670e+01 7.999999083086352130e+02 1.489874709864118927e+02
1.170000000000001705e+01 7.999999083086352130e+02 1.489874709864118927e+02
1.185000000000001741e+01 7.999999083086352130e+02 1.489874709864118927e+02
1.200000000000001776e+01 7.999999083086352130e+02 1.489874709864118927e+02
1.215000000000001812e+01 7.999999083086352130e+02 1.489874709864118927e+02
1.230000000000001847e+01 7.999999083086352130e+02 1.489874709864118927e+02
1.245000000000001883e+01 7.999999083086352130e+02 1.489874709864118927e+02
1.260000000000001918e+01 7.999999083086352130e+02 1.489874709864118927e+02
1.275000000000001954e+01 7.999999083086352130e+02 1.489874709864118927e+02
1.290000000000001990e+01 7.999999083086352130e+02 1.489874709864118927e+02
1.305000000000002025e+01 7.999995768689174156e+02 1.490054078230320442e+02
1.320000000000002061e+01 7.999995768689174156e+02 1.490054078230320442e+02
1.335000000000002096e+01 7.999995768689174156e+02 1.490054078230320442e+02
1.350000000000002132e+01 7.999995768689174156e+02 1.490054078230320442e+02
1.365000000000002167e+01 7.999995768689174156e+02 1.490054078230320442e+02
1.380000000000002203e+01 7.999995768689174156e+02 1.490054078230320442e+02
1.395000000000002238e+01 7.999995768689174156e+02 1.490054078230320442e+02
1.410000000000002274e+01 7.999995768689174156e+02 1.490054078230320442e+02
1.425000000000002309e+01 7.999995768689174156e+02 1.490054078230320442e+02
1.440000000000002345e+01 7.999995768689174156e+02 1.490054078230320442e+02
1.455000000000002380e+01 7.999995768689174156e+02 1.490054078230320442e+02
1.470000000000002416e+01 7.999995768689174156e+02 1.490054078230320442e+02
1.485000000000002451e+01 7.999995768689174156e+02 1.490054078230320442e+02
1.500000000000002487e+01 7.999995768689174156e+02 1.490054078230320442e+02
1.515000000000002522e+01 7.999995768689174156e+02 1.490054078230320442e+02
1.530000000000002558e+01 7.999995768689174156e+02 1.490054078230320442e+02
1.545000000000002593e+01 7.999995768689174156e+02 1.490054078230320442e+02
1.560000000000002629e+01 7.999995768689174156e+02 1.490054078230320442e+02
1.575000000000002665e+01 7.999995768689174156e+02 1.490054078230320442e+02
1.590000000000002700e+01 7.999995768689174156e+02 1.490054078230320442e+02
