1.499999999999999944e-01 7.999999780896952188e+02 1.799990163467576281e+02
2.999999999999999889e-01 7.999999780896952188e+02 1.799990163467576281e+02
4.499999999999999556e-01 7.999999780896952188e+02 1.799990163467576281e+02
5.999999999999999778e-01 7.999999780896952188e+02 1.799990163467576281e+02
7.500000000000000000e-01 7.999999780896952188e+02 1.799990163467576281e+02
9.000000000000000222e-01 7.999999780896952188e+02 1.799990163467576281e+02
1.050000000000000044e+00 7.999999780896952188e+02 1.799990163467576281e+02
1.199999999999999956e+00 7.999999780896952188e+02 1.799990163467576281e+02
1.349999999999999867e+00 7.999999780896952188e+02 1.799990163467576281e+02
1.499999999999999778e+00 7.999999780896952188e+02 1.799990163467576281e+02
1.649999999999999689e+00 7.999999780896952188e+02 1.799990163467576281e+02
1.799999999999999600e+00 7.999999780896952188e+02 1.799990163467576281e+02
1.949999999999999512e+00 7.999999780896952188e+02 1.799990163467576281e+02
2.099999999999999645e+00 7.999999967174007907e+02 1.799990174683200621e+02
2.249999999999999556e+00 7.999999967174007907e+02 1.799990174683200621e+02
2.399999999999999467e+00 7.999999967174007907e+02 1.799990174683200621e+02
2.549999999999999378e+00 7.999999967174007907e+02 1.799990174683200621e+02
2.699999999999999289e+00 7.999999967174007907e+02 1.799990174683200621e+02
2.849999999999999201e+00 7.999999967174007907e+02 1.799990174683200621e+02
2.999999999999999112e+00 7.999999967174007907e+02 1.799990174683200621e+02
3.149999999999999023e+00 7.999999967174007907e+02 1.799990174683200621e+02
3.299999999999998934e+00 7.999999967174007907e+02 1.799990174683200621e+02
3.449999999999998845e+00 7.999999967174007907e+02 1.799990174683200621e+02
3.599999999999998757e+00 7.999999967174007907e+02 1.799990174683200621e+02
3.749999999999998668e+00 7.999999967174007907e+02 1.799990174683200621e+02
3.899999999999998579e+00 7.999999967174007907e+02 1.799990174683200621e+02
4.049999999999998934e+00 5.146945497952974620e+02 1.799990213803625636e+02
4.199999999999999289e+00 4.589409194082973613e+02 1.799990372841088799e+02
4.349999999999999645e+00 3.971811163565930656e+02 1.799990713766205772e+02
4.500000000000000000e+00 3.828040517391246453e+02 1.799991081615438304e+02
4.650000000000000355e+00 3.769863623106644468e+02 1.799991455131910243e+02
4.800000000000000711e+00 3.750354475362057087e+02 1.799991830018727512e+02
4.950000000000001066e+00 3.743301423698102326e+02 1.799992193608907769e+02
5.100000000000001421e+00 3.740811871749367015e+02 1.799992536717768132e+02
5.250000000000001776e+00 3.739924185898834139e+02 1.799992874827674711e+02
5.400000000000002132e+00 3.739608683501580799e+02 1.799993200363088590e+02
5.550000000000002487e+00 3.739496395825347577e+02 1.799993507231473302e+02
5.700000000000002842e+00 3.739456449728075995e+02 1.799993809450823505e+02
5.850000000000003197e+00 3.739442236436036637e+02 1.799994100638222676e+02
6.000000000000003553e+00 3.739437179473733295e+02 1.799994375597336784e+02
6.150000000000003908e+00 3.739435380214305269e+02 1.799994646519513140e+02
6.300000000000004263e+00 3.739434740061433331e+02 1.799994907889917499e+02
6.450000000000004619e+00 3.739434512347369264e+02 1.799995155253638472e+02
6.600000000000004974e+00 3.739434431470846221e+02 1.799995399142019608e+02
6.750000000000005329e+00 3.739434403098770190e+02 1.799995634812680692e+02
6.900000000000005684e+00 3.739434394138397693e+02 1.799995858478854700e+02
7.050000000000006040e+00 3.739434394138439757e+02 1.799996079176984551e+02
7.200000000000006395e+00 3.739434403098906046e+02 1.799996292861985125e+02
7.350000000000006750e+00 3.739434431471075868e+02 1.799996496355337285e+02
7.500000000000007105e+00 3.739434512347690429e+02 1.799996697341139793e+02
7.650000000000007461e+00 3.739434740061849425e+02 1.799996892407721703e+02
7.800000000000007816e+00 3.739435380214822544e+02 1.799997078934628405e+02
7.950000000000008171e+00 3.739437179474350614e+02 1.799997263374763747e+02
8.100000000000008527e+00 3.739442236436762528e+02 1.799997442895844131e+02
8.250000000000008882e+00 3.739456449728916709e+02 1.799997615393500041e+02
8.400000000000009237e+00 3.739496395826302546e+02 1.799997786189757676e+02
8.550000000000009592e+00 3.739608683502669351e+02 1.799997952982670881e+02
8.700000000000009948e+00 3.739924185900075599e+02 1.799998114138704466e+02
8.850000000000010303e+00 3.740811871750801174e+02 1.799998273900791332e+02
9.000000000000010658e+00 3.743301423699853103e+02 1.799998430367570279e+02
9.150000000000011013e+00 3.750354475364451901e+02 1.799998582117194417e+02
9.300000000000011369e+00 3.769863623110538811e+02 1.799998731601401687e+02
9.450000000000011724e+00 3.828040517399665532e+02 1.799998875921159254e+02
9.600000000000012079e+00 3.971811163583692519e+02 1.799999006627141966e+02
9.750000000000012434e+00 4.589409194162108747e+02 1.799999121931086847e+02
9.900000000000012790e+00 5.146945498006469961e+02 1.799999176059808974e+02
1.005000000000001315e+01 7.999999968498038925e+02 1.799999187383311039e+02
1.020000000000001350e+01 7.999999968498038925e+02 1.799999187383311039e+02
1.035000000000001386e+01 7.999999968498038925e+02 1.799999187383311039e+02
1.050000000000001421e+01 7.999999968498038925e+02 1.799999187383311039e+02
1.065000000000001457e+01 7.999999968498038925e+02 1.799999187383311039e+02
1.080000000000001492e+01 7.999999968498038925e+02 1.799999187383311039e+02
1.095000000000001528e+01 7.999999968498038925e+02 1.799999187383311039e+02
1.110000000000001563e+01 7.999999968498038925e+02 1.799999187383311039e+02
1.125000000000001599e+01 7.999999968498038925e+02 1.799999187383311039e+02
1.140000000000001634e+01 7.999999968498038925e+02 1.799999187383311039e+02
1.155000000000001670e+01 7.999999968498038925e+02 1.799999187383311039e+02
1.170000000000001705e+01 7.999999968498038925e+02 1.799999187383311039e+02
1.185000000000001741e+01 7.999999968498038925e+02 1.799999187383311039e+02
1.200000000000001776e+01 7.999999968498038925e+02 1.799999187383311039e+02
1.215000000000001812e+01 7.999999968498038925e+02 1.799999187383311039e+02
1.230000000000001847e+01 7.999999968498038925e+02 1.799999187383311039e+02
1.245000000000001883e+01 7.999999968498038925e+02 1.799999187383311039e+02
1.260000000000001918e+01 7.999999968498038925e+02 1.799999187383311039e+02
1.275000000000001954e+01 7.999999968498038925e+02 1.799999187383311039e+02
1.290000000000001990e+01 7.999999968498038925e+02 1.799999187383311039e+02
1.305000000000002025e+01 7.999999789734433762e+02 1.799999190095796848e+02
1.320000000000002061e+01 7.999999789734433762e+02 1.799999190095796848e+02
1.335000000000002096e+01 7.999999789734433762e+02 1.799999190095796848e+02
1.350000000000002132e+01 7.999999789734433762e+02 1.799999190095796848e+02
1.365000000000002167e+01 7.999999789734433762e+02 1.799999190095796848e+02
1.380000000000002203e+01 7.999999789734433762e+02 1.799999190095796848e+02
1.395000000000002238e+01 7.999999789734433762e+02 1.799999190095796848e+02
1.410000000000002274e+01 7.999999789734433762e+02 1.799999190095796848e+02
1.425000000000002309e+01 7.999999789734433762e+02 1.799999190095796848e+02
1.440000000000002345e+01 7.999999789734433762e+02 1.799999190095796848e+02
1.455000000000002380e+01 7.999999789734433762e+02 1.799999190095796848e+02
1.470000000000002416e+01 7.999999789734433762e+02 1.799999190095796848e+02
1.485000000000002451e+01 7.999999789734433762e+02 1.799999190095796848e+02
1.500000000000002487e+01 7.999999789734433762e+02 1.799999190095796848e+02
1.515000000000002522e+01 7.999999789734433762e+02 1.799999190095796848e+02
1.530000000000002558e+01 7.999999789734433762e+02 1.799999190095796848e+02
1.545000000000002593e+01 7.999999789734433762e+02 1.799999190095796848e+02
1.560000000000002629e+01 7.999999789734433762e+02 1.799999190095796848e+02
1.575000000000002665e+01 7.999999789734433762e+02 1.799999190095796848e+02
1.590000000000002700e+01 7.999999789734433762e+02 1.799999190095796848e+02
