1.499999999999999944e-01 7.999995762041849048e+02 1.799994079939528717e+02
2.999999999999999889e-01 7.999995762041849048e+02 1.799994079939528717e+02
4.499999999999999556e-01 7.999995762041849048e+02 1.799994079939528717e+02
5.999999999999999778e-01 7.999995762041849048e+02 1.799994079939528717e+02
7.500000000000000000e-01 7.999995762041849048e+02 1.799994079939528717e+02
9.000000000000000222e-01 7.999995762041849048e+02 1.799994079939528717e+02
1.050000000000000044e+00 7.999995762041849048e+02 1.799994079939528717e+02
1.199999999999999956e+00 7.999995762041849048e+02 1.799994079939528717e+02
1.349999999999999867e+00 7.999995762041849048e+02 1.799994079939528717e+02
1.499999999999999778e+00 7.999995762041849048e+02 1.799994079939528717e+02
1.649999999999999689e+00 7.999995762041849048e+02 1.799994079939528717e+02
1.799999999999999600e+00 7.999995762041849048e+02 1.799994079939528717e+02
1.949999999999999512e+00 7.999995762041849048e+02 1.799994079939528717e+02
2.099999999999999645e+00 7.999999082014073792e+02 1.799994086652001783e+02
2.249999999999999556e+00 7.999999082014073792e+02 1.799994086652001783e+02
2.399999999999999467e+00 7.999999082014073792e+02 1.799994086652001783e+02
2.549999999999999378e+00 7.999999082014073792e+02 1.799994086652001783e+02
2.699999999999999289e+00 7.999999082014073792e+02 1.799994086652001783e+02
2.849999999999999201e+00 7.999999082014073792e+02 1.799994086652001783e+02
2.999999999999999112e+00 7.999999082014073792e+02 1.799994086652001783e+02
3.149999999999999023e+00 7.999999082014073792e+02 1.799994086652001783e+02
3.299999999999998934e+00 7.999999082014073792e+02 1.799994086652001783e+02
3.449999999999998845e+00 7.999999082014073792e+02 1.799994086652001783e+02
3.599999999999998757e+00 7.999999082014073792e+02 1.799994086652001783e+02
3.749999999999998668e+00 7.999999082014073792e+02 1.799994086652001783e+02
3.899999999999998579e+00 7.999999082014073792e+02 1.799994086652001783e+02
4.049999999999998934e+00 5.084910902711298490e+02 1.799994102179189213e+02
4.199999999999999289e+00 4.140053868157927468e+02 1.799994163579581539e+02
4.349999999999999645e+00 3.124953934999540479e+02 1.799994334470101478e+02
4.500000000000000000e+00 2.747207450618197981e+02 1.799994558038443131e+02
4.650000000000000355e+00 2.535200726365726496e+02 1.799994815163246642e+02
4.800000000000000711e+00 2.421771993852419769e+02 1.799995098053096854e+02
4.950000000000001066e+00 2.357861525857195772e+02 1.799995384357416981e+02
5.100000000000001421e+00 2.321548495439205055e+02 1.799995657844456503e+02
5.250000000000001776e+00 2.300703335275878203e+02 1.799995928983135798e+02
5.400000000000002132e+00 2.288683914940627346e+02 1.799996187736245474e+02
5.550000000000002487e+00 2.281733129188666567e+02 1.799996427263036480e+02
5.700000000000002842e+00 2.277707157422393038e+02 1.799996659952828963e+02
5.850000000000003197e+00 2.275373216229494631e+02 1.799996879742109286e+02
6.000000000000003553e+00 2.274019734851690373e+02 1.799997082291684762e+02
6.150000000000003908e+00 2.273235090179522899e+02 1.799997278433950498e+02
6.300000000000004263e+00 2.272781001425473448e+02 1.799997463603665722e+02
6.450000000000004619e+00 2.272519686843403406e+02 1.799997634514382412e+02
6.600000000000004974e+00 2.272371895678702458e+02 1.799997800097553409e+02
6.750000000000005329e+00 2.272292818698475685e+02 1.799997956727749227e+02
6.900000000000005684e+00 2.272258484020146625e+02 1.799998101832440511e+02
7.050000000000006040e+00 2.272258484020259743e+02 1.799998242640915862e+02
7.200000000000006395e+00 2.272292818698820156e+02 1.799998376270582980e+02
7.350000000000006750e+00 2.272371895679315514e+02 1.799998500731966544e+02
7.500000000000007105e+00 2.272519686844351838e+02 1.799998621789812319e+02
7.650000000000007461e+00 2.272781001426892260e+02 1.799998737184715480e+02
7.800000000000007816e+00 2.273235090181622695e+02 1.799998845424061926e+02
7.950000000000008171e+00 2.274019734854843477e+02 1.799998950999293470e+02
8.100000000000008527e+00 2.275373216234335985e+02 1.799999052167951277e+02
8.250000000000008882e+00 2.277707157430014888e+02 1.799999147840290732e+02
8.400000000000009237e+00 2.281733129200929397e+02 1.799999241333731277e+02
8.550000000000009592e+00 2.288683914960771517e+02 1.799999331252631976e+02
8.700000000000009948e+00 2.300703335309538886e+02 1.799999416688975771e+02
8.850000000000010303e+00 2.321548495496290911e+02 1.799999499621043242e+02
9.000000000000010658e+00 2.357861525955354693e+02 1.799999578471333450e+02
9.150000000000011013e+00 2.421771994024450692e+02 1.799999651730356049e+02
9.300000000000011369e+00 2.535200726671447455e+02 1.799999718995508999e+02
9.450000000000011724e+00 2.747207451201645654e+02 1.799999777283069307e+02
9.600000000000012079e+00 3.124953936036053506e+02 1.799999822165315493e+02
9.750000000000012434e+00 4.140053871345689345e+02 1.799999853709210527e+02
9.900000000000012790e+00 5.084910905012042690e+02 1.799999865688685077e+02
1.005000000000001315e+01 7.999999115636311444e+02 1.799999867951574686e+02
1.020000000000001350e+01 7.999999115636311444e+02 1.799999867951574686e+02
1.035000000000001386e+01 7.999999115636311444e+02 1.799999867951574686e+02
1.050000000000001421e+01 7.999999115636311444e+02 1.799999867951574686e+02
1.065000000000001457e+01 7.999999115636311444e+02 1.799999867951574686e+02
1.080000000000001492e+01 7.999999115636311444e+02 1.799999867951574686e+02
1.095000000000001528e+01 7.999999115636311444e+02 1.799999867951574686e+02
1.110000000000001563e+01 7.999999115636311444e+02 1.799999867951574686e+02
1.125000000000001599e+01 7.999999115636311444e+02 1.799999867951574686e+02
1.140000000000001634e+01 7.999999115636311444e+02 1.799999867951574686e+02
1.155000000000001670e+01 7.999999115636311444e+02 1.799999867951574686e+02
1.170000000000001705e+01 7.999999115636311444e+02 1.799999867951574686e+02
1.185000000000001741e+01 7.999999115636311444e+02 1.799999867951574686e+02
1.200000000000001776e+01 7.999999115636311444e+02 1.799999867951574686e+02
1.215000000000001812e+01 7.999999115636311444e+02 1.799999867951574686e+02
1.230000000000001847e+01 7.999999115636311444e+02 1.799999867951574686e+02
1.245000000000001883e+01 7.999999115636311444e+02 1.799999867951574686e+02
1.260000000000001918e+01 7.999999115636311444e+02 1.799999867951574686e+02
1.275000000000001954e+01 7.999999115636311444e+02 1.799999867951574686e+02
1.290000000000001990e+01 7.999999115636311444e+02 1.799999867951574686e+02
1.305000000000002025e+01 7.999995917261695695e+02 1.799999868520148993e+02
1.320000000000002061e+01 7.999995917261695695e+02 1.799999868520148993e+02
1.335000000000002096e+01 7.999995917261695695e+02 1.799999868520148993e+02
1.350000000000002132e+01 7.999995917261695695e+02 1.799999868520148993e+02
1.365000000000002167e+01 7.999995917261695695e+02 1.799999868520148993e+02
1.380000000000002203e+01 7.999995917261695695e+02 1.799999868520148993e+02
1.395000000000002238e+01 7.999995917261695695e+02 1.799999868520148993e+02
1.410000000000002274e+01 7.999995917261695695e+02 1.799999868520148993e+02
1.425000000000002309e+01 7.999995917261695695e+02 1.799999868520148993e+02
1.440000000000002345e+01 7.999995917261695695e+02 1.799999868520148993e+02
1.455000000000002380e+01 7.999995917261695695e+02 1.799999868520148993e+02
1.470000000000002416e+01 7.999995917261695695e+02 1.799999868520148993e+02
1.485000000000002451e+01 7.999995917261695695e+02 1.799999868520148993e+02
1.500000000000002487e+01 7.999995917261695695e+02 1.799999868520148993e+02
1.515000000000002522e+01 7.999995917261695695e+02 1.799999868520148993e+02
1.530000000000002558e+01 7.999995917261695695e+02 1.799999868520148993e+02
1.545000000000002593e+01 7.999995917261695695e+02 1.799999868520148993e+02
1.560000000000002629e+01 7.999995917261695695e+02 1.799999868520148993e+02
1.575000000000002665e+01 7.999995917261695695e+02 1.799999868520148993e+02
1.590000000000002700e+01 7.999995917261695695e+02 1.799999868520148993e+02
