1.499999999999999944e-01 7.999766492217770519e+02 7.907554242203573835e-05
2.999999999999999889e-01 7.999766492217770519e+02 7.907554242203573835e-05
4.499999999999999556e-01 7.999766492217770519e+02 7.907554242203573835e-05
5.999999999999999778e-01 7.999766492217770519e+02 7.907554242203573835e-05
7.500000000000000000e-01 7.999766492217770519e+02 7.907554242203573835e-05
9.000000000000000222e-01 7.999766492217770519e+02 7.907554242203573835e-05
1.050000000000000044e+00 7.999766492217770519e+02 7.907554242203573835e-05
1.199999999999999956e+00 7.999766492217770519e+02 7.907554242203573835e-05
1.349999999999999867e+00 7.999766492217770519e+02 7.907554242203573835e-05
1.499999999999999778e+00 7.999766492217770519e+02 7.907554242203573835e-05
1.649999999999999689e+00 7.999766492217770519e+02 7.907554242203573835e-05
1.799999999999999600e+00 7.999766492217770519e+02 7.907554242203573835e-05
1.949999999999999512e+00 7.999766492217770519e+02 7.907554242203573835e-05
2.099999999999999645e+00 7.999914418490326398e+02 7.901570289181591988e-05
2.249999999999999556e+00 7.999914418490326398e+02 7.901570289181591988e-05
2.399999999999999467e+00 7.999914418490326398e+02 7.901570289181591988e-05
2.549999999999999378e+00 7.999914418490326398e+02 7.901570289181591988e-05
2.699999999999999289e+00 7.999914418490326398e+02 7.901570289181591988e-05
2.849999999999999201e+00 7.999914418490326398e+02 7.901570289181591988e-05
2.999999999999999112e+00 7.999914418490326398e+02 7.901570289181591988e-05
3.149999999999999023e+00 7.999914418490326398e+02 7.901570289181591988e-05
3.299999999999998934e+00 7.999914418490326398e+02 7.901570289181591988e-05
3.449999999999998845e+00 7.999914418490326398e+02 7.901570289181591988e-05
3.599999999999998757e+00 7.999914418490326398e+02 7.901570289181591988e-05
3.749999999999998668e+00 7.999914418490326398e+02 7.901570289181591988e-05
3.899999999999998579e+00 7.999914418490326398e+02 7.901570289181591988e-05
4.049999999999998934e+00 4.825170705834944442e+02 7.908246980814492844e-05
4.199999999999999289e+00 2.988482472193261970e+02 7.936955922327459945e-05
4.349999999999999645e+00 1.383234023247135553e+02 7.970054339723198211e-05
4.500000000000000000e+00 7.114099671183947748e+01 8.028688272132544768e-05
4.650000000000000355e+00 3.547525030715679151e+01 8.165310288354987733e-05
4.800000000000000711e+00 1.758600895007397824e+01 8.405202110750575883e-05
4.950000000000001066e+00 8.443115306018079025e+00 8.917216125514659808e-05
5.100000000000001421e+00 3.791053176777325007e+00 1.014356758952672521e-04
5.250000000000001776e+00 1.420575292950843505e+00 1.379471075246829770e-04
5.400000000000002132e+00 2.131321660065168544e-01 4.685700516395829851e-04
5.550000000000002487e+00 4.019660299868519360e-01 1.799998731178375522e+02
5.700000000000002842e+00 7.153014191795250554e-01 1.799999636635157856e+02
5.850000000000003197e+00 8.749195859640508388e-01 1.799999848607171486e+02
6.000000000000003553e+00 9.562349245106247508e-01 1.799999929258223688e+02
6.150000000000003908e+00 9.976668263560668493e-01 1.799999965446152430e+02
6.300000000000004263e+00 1.018790769139627628e+00 1.799999982755988697e+02
6.450000000000004619e+00 1.029587275160054105e+00 1.799999991285806686e+02
6.600000000000004974e+00 1.035157418388337192e+00 1.799999995583019086e+02
6.750000000000005329e+00 1.038132950751048611e+00 1.799999997755493837e+02
6.900000000000005684e+00 1.039919735803039202e+00 1.799999998855691672e+02
7.050000000000006040e+00 1.041361984761465465e+00 1.799999999417641448e+02
7.200000000000006395e+00 1.043141123583438912e+00 1.799999999703706237e+02
7.350000000000006750e+00 1.046097750851231467e+00 1.799999999849067649e+02
7.500000000000007105e+00 1.051628798381102570e+00 1.799999999923402640e+02
7.650000000000007461e+00 1.062347547653757829e+00 1.799999999961195556e+02
7.800000000000007816e+00 1.083318339971697242e+00 1.799999999980251459e+02
7.950000000000008171e+00 1.124449358613901495e+00 1.799999999989713615e+02
8.100000000000008527e+00 1.205174000955310021e+00 1.799999999994028599e+02
8.250000000000008882e+00 1.363632875344251261e+00 1.799999999995428084e+02
8.400000000000009237e+00 1.674693820609519435e+00 1.799999999995116298e+02
8.550000000000009592e+00 2.285332335074713228e+00 1.799999999993895585e+02
8.700000000000009948e+00 3.484040985668315216e+00 1.799999999992438120e+02
8.850000000000010303e+00 5.837449385724816864e+00 1.799999999991259756e+02
9.000000000000010658e+00 1.045630174933013024e+01 1.799999999990479296e+02
9.150000000000011013e+00 1.953510751492082775e+01 1.799999999989996411e+02
9.300000000000011369e+00 3.730290068924829683e+01 1.799999999989762500e+02
9.450000000000011724e+00 7.274479720093115986e+01 1.799999999989659045e+02
9.600000000000012079e+00 1.395476946796905224e+02 1.799999999989583728e+02
9.750000000000012434e+00 2.994665401853222306e+02 1.799999999989582875e+02
9.900000000000012790e+00 4.825922697672555728e+02 1.799999999989591686e+02
1.005000000000001315e+01 7.999914898892789097e+02 1.799999999989586854e+02
1.020000000000001350e+01 7.999914898892789097e+02 1.799999999989586854e+02
1.035000000000001386e+01 7.999914898892789097e+02 1.799999999989586854e+02
1.050000000000001421e+01 7.999914898892789097e+02 1.799999999989586854e+02
1.065000000000001457e+01 7.999914898892789097e+02 1.799999999989586854e+02
1.080000000000001492e+01 7.999914898892789097e+02 1.799999999989586854e+02
1.095000000000001528e+01 7.999914898892789097e+02 1.799999999989586854e+02
1.110000000000001563e+01 7.999914898892789097e+02 1.799999999989586854e+02
1.125000000000001599e+01 7.999914898892789097e+02 1.799999999989586854e+02
1.140000000000001634e+01 7.999914898892789097e+02 1.799999999989586854e+02
1.155000000000001670e+01 7.999914898892789097e+02 1.799999999989586854e+02
1.170000000000001705e+01 7.999914898892789097e+02 1.799999999989586854e+02
1.185000000000001741e+01 7.999914898892789097e+02 1.799999999989586854e+02
1.200000000000001776e+01 7.999914898892789097e+02 1.799999999989586854e+02
1.215000000000001812e+01 7.999914898892789097e+02 1.799999999989586854e+02
1.230000000000001847e+01 7.999914898892789097e+02 1.799999999989586854e+02
1.245000000000001883e+01 7.999914898892789097e+02 1.799999999989586854e+02
1.260000000000001918e+01 7.999914898892789097e+02 1.799999999989586854e+02
1.275000000000001954e+01 7.999914898892789097e+02 1.799999999989586854e+02
1.290000000000001990e+01 7.999914898892789097e+02 1.799999999989586854e+02
1.305000000000002025e+01 7.999767701939169910e+02 1.799999999989609591e+02
1.320000000000002061e+01 7.999767701939169910e+02 1.799999999989609591e+02
1.335000000000002096e+01 7.999767701939169910e+02 1.799999999989609591e+02
1.350000000000002132e+01 7.999767701939169910e+02 1.799999999989609591e+02
1.365000000000002167e+01 7.999767701939169910e+02 1.799999999989609591e+02
1.380000000000002203e+01 7.999767701939169910e+02 1.799999999989609591e+02
1.395000000000002238e+01 7.999767701939169910e+02 1.799999999989609591e+02
1.410000000000002274e+01 7.999767701939169910e+02 1.799999999989609591e+02
1.425000000000002309e+01 7.999767701939169910e+02 1.799999999989609591e+02
1.440000000000002345e+01 7.999767701939169910e+02 1.799999999989609591e+02
1.455000000000002380e+01 7.999767701939169910e+02 1.799999999989609591e+02
1.470000000000002416e+01 7.999767701939169910e+02 1.799999999989609591e+02
1.485000000000002451e+01 7.999767701939169910e+02 1.799999999989609591e+02
1.500000000000002487e+01 7.999767701939169910e+02 1.799999999989609591e+02
1.515000000000002522e+01 7.999767701939169910e+02 1.799999999989609591e+02
1.530000000000002558e+01 7.999767701939169910e+02 1.799999999989609591e+02
1.545000000000002593e+01 7.999767701939169910e+02 1.799999999989609591e+02
1.560000000000002629e+01 7.999767701939169910e+02 1.799999999989609591e+02
1.575000000000002665e+01 7.999767701939169910e+02 1.799999999989609591e+02
1.590000000000002700e+01 7.999767701939169910e+02 1.799999999989609591e+02
