1.499999999999999944e-01 7.995277511029258903e+02 2.047796916535560285e-04
2.999999999999999889e-01 7.995277511029258903e+02 2.047796916535560285e-04
4.499999999999999556e-01 7.995277511029258903e+02 2.047796916535560285e-04
5.999999999999999778e-01 7.995277511029258903e+02 2.047796916535560285e-04
7.500000000000000000e-01 7.995277511029258903e+02 2.047796916535560285e-04
9.000000000000000222e-01 7.995277511029258903e+02 2.047796916535560285e-04
1.050000000000000044e+00 7.995277511029258903e+02 2.047796916535560285e-04
1.199999999999999956e+00 7.995277511029258903e+02 2.047796916535560285e-04
1.349999999999999867e+00 7.995277511029258903e+02 2.047796916535560285e-04
1.499999999999999778e+00 7.995277511029258903e+02 2.047796916535560285e-04
1.649999999999999689e+00 7.995277511029258903e+02 2.047796916535560285e-04
1.799999999999999600e+00 7.995277511029258903e+02 2.047796916535560285e-04
1.949999999999999512e+00 7.995277511029258903e+02 2.047796916535560285e-04
2.099999999999999645e+00 7.997442564082251693e+02 2.046414559861986504e-04
2.249999999999999556e+00 7.997442564082251693e+02 2.046414559861986504e-04
2.399999999999999467e+00 7.997442564082251693e+02 2.046414559861986504e-04
2.549999999999999378e+00 7.997442564082251693e+02 2.046414559861986504e-04
2.699999999999999289e+00 7.997442564082251693e+02 2.046414559861986504e-04
2.849999999999999201e+00 7.997442564082251693e+02 2.046414559861986504e-04
2.999999999999999112e+00 7.997442564082251693e+02 2.046414559861986504e-04
3.149999999999999023e+00 7.997442564082251693e+02 2.046414559861986504e-04
3.299999999999998934e+00 7.997442564082251693e+02 2.046414559861986504e-04
3.449999999999998845e+00 7.997442564082251693e+02 2.046414559861986504e-04
3.599999999999998757e+00 7.997442564082251693e+02 2.046414559861986504e-04
3.749999999999998668e+00 7.997442564082251693e+02 2.046414559861986504e-04
3.899999999999998579e+00 7.997442564082251693e+02 2.046414559861986504e-04
4.049999999999998934e+00 4.287675566626201658e+02 2.047838875669505398e-04
4.199999999999999289e+00 1.969328094795459094e+02 2.054089373562106857e-04
4.349999999999999645e+00 6.140012314691049511e+01 2.064315253624826596e-04
4.500000000000000000e+00 2.186144262206950373e+01 2.090911163057374011e-04
4.650000000000000355e+00 7.191659213835748687e+00 2.178657844698062007e-04
4.800000000000000711e+00 2.222143979426277838e+00 2.458122427813069777e-04
4.950000000000001066e+00 4.833943661354851429e-01 3.912042786410330208e-04
5.100000000000001421e+00 1.176702462971661589e-01 1.799994411833280026e+02
5.250000000000001776e+00 3.263836896117027209e-01 1.799999301375952712e+02
5.400000000000002132e+00 3.987365276364016609e-01 1.799999801629288640e+02
5.550000000000002487e+00 4.238339947700069388e-01 1.799999935154820321e+02
5.700000000000002842e+00 4.325376976993311473e-01 1.799999977960347337e+02
5.850000000000003197e+00 4.355563665540103102e-01 1.799999992408430103e+02
6.000000000000003553e+00 4.366032858107473658e-01 1.799999997368427387e+02
6.150000000000003908e+00 4.369663781117196777e-01 1.799999999087982303e+02
6.300000000000004263e+00 4.370923076810413477e-01 1.799999999683752208e+02
6.450000000000004619e+00 4.371359900731022208e-01 1.799999999890120819e+02
6.600000000000004974e+00 4.371511633461295787e-01 1.799999999961889046e+02
6.750000000000005329e+00 4.371564922444122203e-01 1.799999999986781063e+02
6.900000000000005684e+00 4.371585328793798908e-01 1.799999999995405915e+02
7.050000000000006040e+00 4.371597953766013234e-01 1.799999999998406111e+02
7.200000000000006395e+00 4.371618328253816799e-01 1.799999999999445777e+02
7.350000000000006750e+00 4.371671515750676917e-01 1.799999999999807585e+02
7.500000000000007105e+00 4.371822949923398482e-01 1.799999999999932356e+02
7.650000000000007461e+00 4.372258915933571188e-01 1.799999999999977263e+02
7.800000000000007816e+00 4.373515733481099232e-01 1.799999999999991758e+02
7.950000000000008171e+00 4.377139510580718706e-01 1.799999999999997726e+02
8.100000000000008527e+00 4.387588104447104342e-01 1.799999999999998863e+02
8.250000000000008882e+00 4.417715396562016394e-01 1.799999999999999147e+02
8.400000000000009237e+00 4.504581168287131732e-01 1.799999999999997726e+02
8.550000000000009592e+00 4.755062044313262959e-01 1.799999999999994884e+02
8.700000000000009948e+00 5.477166781195137446e-01 1.799999999999986073e+02
8.850000000000010303e+00 7.560196530943699145e-01 1.799999999999971010e+02
9.000000000000010658e+00 1.355901696956294700e+00 1.799999999999953104e+02
9.150000000000011013e+00 3.091243329602008316e+00 1.799999999999940883e+02
9.300000000000011369e+00 8.050994748089266295e+00 1.799999999999933493e+02
9.450000000000011724e+00 2.269277608600468454e+01 1.799999999999932641e+02
9.600000000000012079e+00 6.215471335223850247e+01 1.799999999999934346e+02
9.750000000000012434e+00 1.974779701673919590e+02 1.799999999999931788e+02
9.900000000000012790e+00 4.289144629492480476e+02 1.799999999999931219e+02
1.005000000000001315e+01 7.997460434575671115e+02 1.799999999999931504e+02
1.020000000000001350e+01 7.997460434575671115e+02 1.799999999999931504e+02
1.035000000000001386e+01 7.997460434575671115e+02 1.799999999999931504e+02
1.050000000000001421e+01 7.997460434575671115e+02 1.799999999999931504e+02
1.065000000000001457e+01 7.997460434575671115e+02 1.799999999999931504e+02
1.080000000000001492e+01 7.997460434575671115e+02 1.799999999999931504e+02
1.095000000000001528e+01 7.997460434575671115e+02 1.799999999999931504e+02
1.110000000000001563e+01 7.997460434575671115e+02 1.799999999999931504e+02
1.125000000000001599e+01 7.997460434575671115e+02 1.799999999999931504e+02
1.140000000000001634e+01 7.997460434575671115e+02 1.799999999999931504e+02
1.155000000000001670e+01 7.997460434575671115e+02 1.799999999999931504e+02
1.170000000000001705e+01 7.997460434575671115e+02 1.799999999999931504e+02
1.185000000000001741e+01 7.997460434575671115e+02 1.799999999999931504e+02
1.200000000000001776e+01 7.997460434575671115e+02 1.799999999999931504e+02
1.215000000000001812e+01 7.997460434575671115e+02 1.799999999999931504e+02
1.230000000000001847e+01 7.997460434575671115e+02 1.799999999999931504e+02
1.245000000000001883e+01 7.997460434575671115e+02 1.799999999999931504e+02
1.260000000000001918e+01 7.997460434575671115e+02 1.799999999999931504e+02
1.275000000000001954e+01 7.997460434575671115e+02 1.799999999999931504e+02
1.290000000000001990e+01 7.997460434575671115e+02 1.799999999999931504e+02
1.305000000000002025e+01 7.995308748268148520e+02 1.799999999999932072e+02
1.320000000000002061e+01 7.995308748268148520e+02 1.799999999999932072e+02
1.335000000000002096e+01 7.995308748268148520e+02 1.799999999999932072e+02
1.350000000000002132e+01 7.995308748268148520e+02 1.799999999999932072e+02
1.365000000000002167e+01 7.995308748268148520e+02 1.799999999999932072e+02
1.380000000000002203e+01 7.995308748268148520e+02 1.799999999999932072e+02
1.395000000000002238e+01 7.995308748268148520e+02 1.799999999999932072e+02
1.410000000000002274e+01 7.995308748268148520e+02 1.799999999999932072e+02
1.425000000000002309e+01 7.995308748268148520e+02 1.799999999999932072e+02
1.440000000000002345e+01 7.995308748268148520e+02 1.799999999999932072e+02
1.455000000000002380e+01 7.995308748268148520e+02 1.799999999999932072e+02
1.470000000000002416e+01 7.995308748268148520e+02 1.799999999999932072e+02
1.485000000000002451e+01 7.995308748268148520e+02 1.799999999999932072e+02
1.500000000000002487e+01 7.995308748268148520e+02 1.799999999999932072e+02
1.515000000000002522e+01 7.995308748268148520e+02 1.799999999999932072e+02
1.530000000000002558e+01 7.995308748268148520e+02 1.799999999999932072e+02
1.545000000000002593e+01 7.995308748268148520e+02 1.799999999999932072e+02
1.560000000000002629e+01 7.995308748268148520e+02 1.799999999999932072e+02
1.575000000000002665e+01 7.995308748268148520e+02 1.799999999999932072e+02
1.590000000000002700e+01 7.995308748268148520e+02 1.799999999999932072e+02
