1.499999999999999944e-01 7.999999971099708773e+02 4.383017641017561417e-04
2.999999999999999889e-01 7.999999971099708773e+02 4.383017641017561417e-04
4.499999999999999556e-01 7.999999971099708773e+02 4.383017641017561417e-04
5.999999999999999778e-01 7.999999971099708773e+02 4.383017641017561417e-04
7.500000000000000000e-01 7.999999971099708773e+02 4.383017641017561417e-04
9.000000000000000222e-01 7.999999971099708773e+02 4.383017641017561417e-04
1.050000000000000044e+00 7.999999971099708773e+02 4.383017641017561417e-04
1.199999999999999956e+00 7.999999971099708773e+02 4.383017641017561417e-04
1.349999999999999867e+00 7.999999971099708773e+02 4.383017641017561417e-04
1.499999999999999778e+00 7.999999971099708773e+02 4.383017641017561417e-04
1.649999999999999689e+00 7.999999971099708773e+02 4.383017641017561417e-04
1.799999999999999600e+00 7.999999971099708773e+02 4.383017641017561417e-04
1.949999999999999512e+00 7.999999971099708773e+02 4.383017641017561417e-04
2.099999999999999645e+00 7.999999996591162699e+02 4.391272864108231033e-04
2.249999999999999556e+00 7.999999996591162699e+02 4.391272864108231033e-04
2.399999999999999467e+00 7.999999996591162699e+02 4.391272864108231033e-04
2.549999999999999378e+00 7.999999996591162699e+02 4.391272864108231033e-04
2.699999999999999289e+00 7.999999996591162699e+02 4.391272864108231033e-04
2.849999999999999201e+00 7.999999996591162699e+02 4.391272864108231033e-04
2.999999999999999112e+00 7.999999996591162699e+02 4.391272864108231033e-04
3.149999999999999023e+00 7.999999996591162699e+02 4.391272864108231033e-04
3.299999999999998934e+00 7.999999996591162699e+02 4.391272864108231033e-04
3.449999999999998845e+00 7.999999996591162699e+02 4.391272864108231033e-04
3.599999999999998757e+00 7.999999996591162699e+02 4.391272864108231033e-04
3.749999999999998668e+00 7.999999996591162699e+02 4.391272864108231033e-04
3.899999999999998579e+00 7.999999996591162699e+02 4.391272864108231033e-04
4.049999999999998934e+00 5.165977207421336743e+02 4.438616368295233983e-04
4.199999999999999289e+00 4.765308506974865281e+02 4.648116480150399354e-04
4.349999999999999645e+00 4.302713445432007120e+02 5.053987650716074143e-04
4.500000000000000000e+00 4.220983502429152736e+02 5.482897657885787979e-04
4.650000000000000355e+00 4.192476559588429268e+02 5.933928195067661449e-04
4.800000000000000711e+00 4.185005858503947707e+02 6.382931171208250376e-04
4.950000000000001066e+00 4.182806979182309988e+02 6.830917275055803373e-04
5.100000000000001421e+00 4.182190137681953956e+02 7.280373929999806037e-04
5.250000000000001776e+00 4.182013493570702849e+02 7.723582042523657876e-04
5.400000000000002132e+00 4.181963340703229051e+02 8.163864164993928085e-04
5.550000000000002487e+00 4.181949049136181316e+02 8.605525986269402239e-04
5.700000000000002842e+00 4.181944982843278922e+02 9.039668403839629107e-04
5.850000000000003197e+00 4.181943825134486019e+02 9.470389044137217383e-04
6.000000000000003553e+00 4.181943495614729045e+02 9.902691308277811189e-04
6.150000000000003908e+00 4.181943401812421826e+02 1.032632907213226758e-03
6.300000000000004263e+00 4.181943375111693513e+02 1.074608625310058407e-03
6.450000000000004619e+00 4.181943367511492511e+02 1.116762960219452872e-03
6.600000000000004974e+00 4.181943365349144983e+02 1.157939367086080473e-03
6.750000000000005329e+00 4.181943364737351772e+02 1.198683159023938849e-03
6.900000000000005684e+00 4.181943364576272870e+02 1.239625458319237872e-03
7.050000000000006040e+00 4.181943364576296176e+02 1.279481536739068837e-03
7.200000000000006395e+00 4.181943364737417141e+02 1.318861850223118637e-03
7.350000000000006750e+00 4.181943365349252417e+02 1.358459916818377522e-03
7.500000000000007105e+00 4.181943367511651104e+02 1.396866999453294511e-03
7.650000000000007461e+00 4.181943375111893033e+02 1.434756712904716736e-03
7.800000000000007816e+00 4.181943401812658294e+02 1.472882718377865885e-03
7.950000000000008171e+00 4.181943495615013831e+02 1.509716842974739848e-03
8.100000000000008527e+00 4.181943825134808321e+02 1.545993669036183071e-03
8.250000000000008882e+00 4.181944982843643288e+02 1.582524543782382054e-03
8.400000000000009237e+00 4.181949049136590588e+02 1.617666785260429840e-03
8.550000000000009592e+00 4.181963340703675271e+02 1.652213437230432014e-03
8.700000000000009948e+00 4.182013493571186586e+02 1.687030465089112141e-03
8.850000000000010303e+00 4.182190137682479758e+02 1.720364629603232665e-03
9.000000000000010658e+00 4.182806979182865348e+02 1.753059355737884850e-03
9.150000000000011013e+00 4.185005858504515572e+02 1.786018013033796592e-03
9.300000000000011369e+00 4.192476559588955070e+02 1.817306308383948021e-03
9.450000000000011724e+00 4.220983502429431269e+02 1.847704593556653840e-03
9.600000000000012079e+00 4.302713445431652417e+02 1.877002650099823811e-03
9.750000000000012434e+00 4.765308506970191615e+02 1.902907556216582030e-03
9.900000000000012790e+00 5.165977207418234229e+02 1.915639430891680206e-03
1.005000000000001315e+01 7.999999996483592213e+02 1.918634393205054245e-03
1.020000000000001350e+01 7.999999996483592213e+02 1.918634393205054245e-03
1.035000000000001386e+01 7.999999996483592213e+02 1.918634393205054245e-03
1.050000000000001421e+01 7.999999996483592213e+02 1.918634393205054245e-03
1.065000000000001457e+01 7.999999996483592213e+02 1.918634393205054245e-03
1.080000000000001492e+01 7.999999996483592213e+02 1.918634393205054245e-03
1.095000000000001528e+01 7.999999996483592213e+02 1.918634393205054245e-03
1.110000000000001563e+01 7.999999996483592213e+02 1.918634393205054245e-03
1.125000000000001599e+01 7.999999996483592213e+02 1.918634393205054245e-03
1.140000000000001634e+01 7.999999996483592213e+02 1.918634393205054245e-03
1.155000000000001670e+01 7.999999996483592213e+02 1.918634393205054245e-03
1.170000000000001705e+01 7.999999996483592213e+02 1.918634393205054245e-03
1.185000000000001741e+01 7.999999996483592213e+02 1.918634393205054245e-03
1.200000000000001776e+01 7.999999996483592213e+02 1.918634393205054245e-03
1.215000000000001812e+01 7.999999996483592213e+02 1.918634393205054245e-03
1.230000000000001847e+01 7.999999996483592213e+02 1.918634393205054245e-03
1.245000000000001883e+01 7.999999996483592213e+02 1.918634393205054245e-03
1.260000000000001918e+01 7.999999996483592213e+02 1.918634393205054245e-03
1.275000000000001954e+01 7.999999996483592213e+02 1.918634393205054245e-03
1.290000000000001990e+01 7.999999996483592213e+02 1.918634393205054245e-03
1.305000000000002025e+01 7.999999970187717508e+02 1.918614446772104465e-03
1.320000000000002061e+01 7.999999970187717508e+02 1.918614446772104465e-03
1.335000000000002096e+01 7.999999970187717508e+02 1.918614446772104465e-03
1.350000000000002132e+01 7.999999970187717508e+02 1.918614446772104465e-03
1.365000000000002167e+01 7.999999970187717508e+02 1.918614446772104465e-03
1.380000000000002203e+01 7.999999970187717508e+02 1.918614446772104465e-03
1.395000000000002238e+01 7.999999970187717508e+02 1.918614446772104465e-03
1.410000000000002274e+01 7.999999970187717508e+02 1.918614446772104465e-03
1.425000000000002309e+01 7.999999970187717508e+02 1.918614446772104465e-03
1.440000000000002345e+01 7.999999970187717508e+02 1.918614446772104465e-03
1.455000000000002380e+01 7.999999970187717508e+02 1.918614446772104465e-03
1.470000000000002416e+01 7.999999970187717508e+02 1.918614446772104465e-03
1.485000000000002451e+01 7.999999970187717508e+02 1.918614446772104465e-03
1.500000000000002487e+01 7.999999970187717508e+02 1.918614446772104465e-03
1.515000000000002522e+01 7.999999970187717508e+02 1.918614446772104465e-03
1.530000000000002558e+01 7.999999970187717508e+02 1.918614446772104465e-03
1.545000000000002593e+01 7.999999970187717508e+02 1.918614446772104465e-03
1.560000000000002629e+01 7.999999970187717508e+02 1.918614446772104465e-03
1.575000000000002665e+01 7.999999970187717508e+02 1.918614446772104465e-03
1.590000000000002700e+01 7.999999970187717508e+02 1.918614446772104465e-03
