1.499999999999999944e-01 7.999999990961576941e+02 4.580393590038052309e+01
2.999999999999999889e-01 7.999999990961576941e+02 4.580393590038052309e+01
4.499999999999999556e-01 7.999999990961576941e+02 4.580393590038052309e+01
5.999999999999999778e-01 7.999999990961576941e+02 4.580393590038052309e+01
7.500000000000000000e-01 7.999999990961576941e+02 4.580393590038052309e+01
9.000000000000000222e-01 7.999999990961576941e+02 4.580393590038052309e+01
1.050000000000000044e+00 7.999999990961576941e+02 4.580393590038052309e+01
1.199999999999999956e+00 7.999999990961576941e+02 4.580393590038052309e+01
1.349999999999999867e+00 7.999999990961576941e+02 4.580393590038052309e+01
1.499999999999999778e+00 7.999999990961576941e+02 4.580393590038052309e+01
1.649999999999999689e+00 7.999999990961576941e+02 4.580393590038052309e+01
1.799999999999999600e+00 7.999999990961576941e+02 4.580393590038052309e+01
1.949999999999999512e+00 7.999999990961576941e+02 4.580393590038052309e+01
2.099999999999999645e+00 7.999999999072181254e+02 4.587254004298389276e+01
2.249999999999999556e+00 7.999999999072181254e+02 4.587254004298389276e+01
2.399999999999999467e+00 7.999999999072181254e+02 4.587254004298389276e+01
2.549999999999999378e+00 7.999999999072181254e+02 4.587254004298389276e+01
2.699999999999999289e+00 7.999999999072181254e+02 4.587254004298389276e+01
2.849999999999999201e+00 7.999999999072181254e+02 4.587254004298389276e+01
2.999999999999999112e+00 7.999999999072181254e+02 4.587254004298389276e+01
3.149999999999999023e+00 7.999999999072181254e+02 4.587254004298389276e+01
3.299999999999998934e+00 7.999999999072181254e+02 4.587254004298389276e+01
3.449999999999998845e+00 7.999999999072181254e+02 4.587254004298389276e+01
3.599999999999998757e+00 7.999999999072181254e+02 4.587254004298389276e+01
3.749999999999998668e+00 7.999999999072181254e+02 4.587254004298389276e+01
3.899999999999998579e+00 7.999999999072181254e+02 4.587254004298389276e+01
4.049999999999998934e+00 5.172923423907640199e+02 4.622791697356399254e+01
4.199999999999999289e+00 4.840792360837596107e+02 4.775110821874201861e+01
4.349999999999999645e+00 4.444948581646837624e+02 5.063751043611033964e+01
4.500000000000000000e+00 4.384483323758007032e+02 5.360291972151725304e+01
4.650000000000000355e+00 4.364891142832659057e+02 5.665497733986556739e+01
4.800000000000000711e+00 4.360463455041533507e+02 5.968594551006019344e+01
4.950000000000001066e+00 4.359393380263367135e+02 6.268944499300923212e+01
5.100000000000001421e+00 4.359239207740934603e+02 6.565915981388017997e+01
5.250000000000001776e+00 4.359313681426783660e+02 6.859355297671832830e+01
5.400000000000002132e+00 4.359447906196867848e+02 7.149157277108902520e+01
5.550000000000002487e+00 4.359597593112026175e+02 7.435249976430773700e+01
5.700000000000002842e+00 4.359751143556303532e+02 7.717575592896010050e+01
5.850000000000003197e+00 4.359905240267507907e+02 7.996087285698256153e+01
6.000000000000003553e+00 4.360058711621887824e+02 8.270748205947244003e+01
6.150000000000003908e+00 4.360210958470422611e+02 8.541531312114520347e+01
6.300000000000004263e+00 4.360361553191496569e+02 8.808418413185388829e+01
6.450000000000004619e+00 4.360510135206433802e+02 9.071400105101405131e+01
6.600000000000004974e+00 4.360656386596880907e+02 9.330475708458914141e+01
6.750000000000005329e+00 4.360800024819470764e+02 9.585652304415390290e+01
6.900000000000005684e+00 4.360940798153048377e+02 9.836944648598291963e+01
7.050000000000006040e+00 4.361078486159960335e+02 1.008437508427929714e+02
7.200000000000006395e+00 4.361212898288961242e+02 1.032797255514931152e+02
7.350000000000006750e+00 4.361343870534323628e+02 1.056777251444933512e+02
7.500000000000007105e+00 4.361471265891136682e+02 1.080381683826546180e+02
7.650000000000007461e+00 4.361594973122731744e+02 1.103615284546100526e+02
7.800000000000007816e+00 4.361714904855472241e+02 1.126483322393459900e+02
7.950000000000008171e+00 4.361831003969201106e+02 1.148991596335865211e+02
8.100000000000008527e+00 4.361943266606029397e+02 1.171146340226806473e+02
8.250000000000008882e+00 4.362051836080018461e+02 1.192954217694097281e+02
8.400000000000009237e+00 4.362157385374961791e+02 1.214422314751886347e+02
8.550000000000009592e+00 4.362262625617468075e+02 1.235558036133476918e+02
8.700000000000009948e+00 4.362378197922400886e+02 1.256369039416519087e+02
8.850000000000010303e+00 4.362546318969080517e+02 1.276863076138121329e+02
9.000000000000010658e+00 4.362929885847290734e+02 1.297046692376396493e+02
9.150000000000011013e+00 4.364198993764750867e+02 1.316924203944952012e+02
9.300000000000011369e+00 4.368739090157745295e+02 1.336471542404191268e+02
9.450000000000011724e+00 4.388219947175317088e+02 1.355664129009996657e+02
9.600000000000012079e+00 4.448017066591850153e+02 1.373874988559172152e+02
9.750000000000012434e+00 4.841906977150999865e+02 1.391159693903122729e+02
9.900000000000012790e+00 5.172953951926435820e+02 1.400085328499357047e+02
1.005000000000001315e+01 7.999999999068066927e+02 1.402077515987205061e+02
1.020000000000001350e+01 7.999999999068066927e+02 1.402077515987205061e+02
1.035000000000001386e+01 7.999999999068066927e+02 1.402077515987205061e+02
1.050000000000001421e+01 7.999999999068066927e+02 1.402077515987205061e+02
1.065000000000001457e+01 7.999999999068066927e+02 1.402077515987205061e+02
1.080000000000001492e+01 7.999999999068066927e+02 1.402077515987205061e+02
1.095000000000001528e+01 7.999999999068066927e+02 1.402077515987205061e+02
1.110000000000001563e+01 7.999999999068066927e+02 1.402077515987205061e+02
1.125000000000001599e+01 7.999999999068066927e+02 1.402077515987205061e+02
1.140000000000001634e+01 7.999999999068066927e+02 1.402077515987205061e+02
1.155000000000001670e+01 7.999999999068066927e+02 1.402077515987205061e+02
1.170000000000001705e+01 7.999999999068066927e+02 1.402077515987205061e+02
1.185000000000001741e+01 7.999999999068066927e+02 1.402077515987205061e+02
1.200000000000001776e+01 7.999999999068066927e+02 1.402077515987205061e+02
1.215000000000001812e+01 7.999999999068066927e+02 1.402077515987205061e+02
1.230000000000001847e+01 7.999999999068066927e+02 1.402077515987205061e+02
1.245000000000001883e+01 7.999999999068066927e+02 1.402077515987205061e+02
1.260000000000001918e+01 7.999999999068066927e+02 1.402077515987205061e+02
1.275000000000001954e+01 7.999999999068066927e+02 1.402077515987205061e+02
1.290000000000001990e+01 7.999999999068066927e+02 1.402077515987205061e+02
1.305000000000002025e+01 7.999999990918610138e+02 1.402470405384453045e+02
1.320000000000002061e+01 7.999999990918610138e+02 1.402470405384453045e+02
1.335000000000002096e+01 7.999999990918610138e+02 1.402470405384453045e+02
1.350000000000002132e+01 7.999999990918610138e+02 1.402470405384453045e+02
1.365000000000002167e+01 7.999999990918610138e+02 1.402470405384453045e+02
1.380000000000002203e+01 7.999999990918610138e+02 1.402470405384453045e+02
1.395000000000002238e+01 7.999999990918610138e+02 1.402470405384453045e+02
1.410000000000002274e+01 7.999999990918610138e+02 1.402470405384453045e+02
1.425000000000002309e+01 7.999999990918610138e+02 1.402470405384453045e+02
1.440000000000002345e+01 7.999999990918610138e+02 1.402470405384453045e+02
1.455000000000002380e+01 7.999999990918610138e+02 1.402470405384453045e+02
1.470000000000002416e+01 7.999999990918610138e+02 1.402470405384453045e+02
1.485000000000002451e+01 7.999999990918610138e+02 1.402470405384453045e+02
1.500000000000002487e+01 7.999999990918610138e+02 1.402470405384453045e+02
1.515000000000002522e+01 7.999999990918610138e+02 1.402470405384453045e+02
1.530000000000002558e+01 7.999999990918610138e+02 1.402470405384453045e+02
1.545000000000002593e+01 7.999999990918610138e+02 1.402470405384453045e+02
1.560000000000002629e+01 7.999999990918610138e+02 1.402470405384453045e+02
1.575000000000002665e+01 7.999999990918610138e+02 1.402470405384453045e+02
1.590000000000002700e+01 7.999999990918610138e+02 1.402470405384453045e+02
