1.499999999999999944e-01 7.999995796024655874e+02 1.799997041152822419e+02
2.999999999999999889e-01 7.999995796024655874e+02 1.799997041152822419e+02
4.499999999999999556e-01 7.999995796024655874e+02 1.799997041152822419e+02
5.999999999999999778e-01 7.999995796024655874e+02 1.799997041152822419e+02
7.500000000000000000e-01 7.999995796024655874e+02 1.799997041152822419e+02
9.000000000000000222e-01 7.999995796024655874e+02 1.799997041152822419e+02
1.050000000000000044e+00 7.999995796024655874e+02 1.799997041152822419e+02
1.199999999999999956e+00 7.999995796024655874e+02 1.799997041152822419e+02
1.349999999999999867e+00 7.999995796024655874e+02 1.799997041152822419e+02
1.499999999999999778e+00 7.999995796024655874e+02 1.799997041152822419e+02
1.649999999999999689e+00 7.999995796024655874e+02 1.799997041152822419e+02
1.799999999999999600e+00 7.999995796024655874e+02 1.799997041152822419e+02
1.949999999999999512e+00 7.999995796024655874e+02 1.799997041152822419e+02
2.099999999999999645e+00 7.999999089475111305e+02 1.799997046488754506e+02
2.249999999999999556e+00 7.999999089475111305e+02 1.799997046488754506e+02
2.399999999999999467e+00 7.999999089475111305e+02 1.799997046488754506e+02
2.549999999999999378e+00 7.999999089475111305e+02 1.799997046488754506e+02
2.699999999999999289e+00 7.999999089475111305e+02 1.799997046488754506e+02
2.849999999999999201e+00 7.999999089475111305e+02 1.799997046488754506e+02
2.999999999999999112e+00 7.999999089475111305e+02 1.799997046488754506e+02
3.149999999999999023e+00 7.999999089475111305e+02 1.799997046488754506e+02
3.299999999999998934e+00 7.999999089475111305e+02 1.799997046488754506e+02
3.449999999999998845e+00 7.999999089475111305e+02 1.799997046488754506e+02
3.599999999999998757e+00 7.999999089475111305e+02 1.799997046488754506e+02
3.749999999999998668e+00 7.999999089475111305e+02 1.799997046488754506e+02
3.899999999999998579e+00 7.999999089475111305e+02 1.799997046488754506e+02
4.049999999999998934e+00 5.084998715582187288e+02 1.799997054210224974e+02
4.199999999999999289e+00 4.141362394031689291e+02 1.799997082251700533e+02
4.349999999999999645e+00 3.128445634216218991e+02 1.799997172798883867e+02
4.500000000000000000e+00 2.752535872058013524e+02 1.799997290991368004e+02
4.650000000000000355e+00 2.542101446753260916e+02 1.799997422262568705e+02
4.800000000000000711e+00 2.429900619628472782e+02 1.799997570721137947e+02
4.950000000000001066e+00 2.366910247191824510e+02 1.799997720257828746e+02
5.100000000000001421e+00 2.331260286746108648e+02 1.799997859033415750e+02
5.250000000000001776e+00 2.310879076405259127e+02 1.799997999583290778e+02
5.400000000000002132e+00 2.299176498751917848e+02 1.799998133115931012e+02
5.550000000000002487e+00 2.292437872106517034e+02 1.799998253401792283e+02
5.700000000000002842e+00 2.288551673891684572e+02 1.799998372640829416e+02
5.850000000000003197e+00 2.286308578762033505e+02 1.799998484783482411e+02
6.000000000000003553e+00 2.285013462697488364e+02 1.799998585422923725e+02
6.150000000000003908e+00 2.284265923545320902e+02 1.799998684806592451e+02
6.300000000000004263e+00 2.283835167571194233e+02 1.799998778224606042e+02
6.450000000000004619e+00 2.283588309314424976e+02 1.799998862248380078e+02
6.600000000000004974e+00 2.283449229315612286e+02 1.799998945198844353e+02
6.750000000000005329e+00 2.283375052990678569e+02 1.799999023320612537e+02
6.900000000000005684e+00 2.283342917077133336e+02 1.799999093915537571e+02
7.050000000000006040e+00 2.283342917077187622e+02 1.799999163647145508e+02
7.200000000000006395e+00 2.283375052990854783e+02 1.799999229532505467e+02
7.350000000000006750e+00 2.283449229315945388e+02 1.799999289477643742e+02
7.500000000000007105e+00 2.283588309314984883e+02 1.799999348743047847e+02
7.650000000000007461e+00 2.283835167572115097e+02 1.799999404991951337e+02
7.800000000000007816e+00 2.284265923546826116e+02 1.799999456644269742e+02
7.950000000000008171e+00 2.285013462699962474e+02 1.799999507759730477e+02
8.100000000000008527e+00 2.286308578766152380e+02 1.799999556543285166e+02
8.250000000000008882e+00 2.288551673898618617e+02 1.799999601846982102e+02
8.400000000000009237e+00 2.292437872118285327e+02 1.799999646663912358e+02
8.550000000000009592e+00 2.299176498772041271e+02 1.799999689619864114e+02
8.700000000000009948e+00 2.310879076439902917e+02 1.799999729867734857e+02
8.850000000000010303e+00 2.331260286806151782e+02 1.799999769325225714e+02
9.000000000000010658e+00 2.366910247296705450e+02 1.799999806761094305e+02
9.150000000000011013e+00 2.429900619814371510e+02 1.799999841235440385e+02
9.300000000000011369e+00 2.542101447086284907e+02 1.799999873156316994e+02
9.450000000000011724e+00 2.752535872697336572e+02 1.799999900823053736e+02
9.600000000000012079e+00 3.128445635355939203e+02 1.799999922033066468e+02
9.750000000000012434e+00 4.141362397547169962e+02 1.799999937091952233e+02
9.900000000000012790e+00 5.084998718121572097e+02 1.799999942837638400e+02
1.005000000000001315e+01 7.999999126615726937e+02 1.799999943907234297e+02
1.020000000000001350e+01 7.999999126615726937e+02 1.799999943907234297e+02
1.035000000000001386e+01 7.999999126615726937e+02 1.799999943907234297e+02
1.050000000000001421e+01 7.999999126615726937e+02 1.799999943907234297e+02
1.065000000000001457e+01 7.999999126615726937e+02 1.799999943907234297e+02
1.080000000000001492e+01 7.999999126615726937e+02 1.799999943907234297e+02
1.095000000000001528e+01 7.999999126615726937e+02 1.799999943907234297e+02
1.110000000000001563e+01 7.999999126615726937e+02 1.799999943907234297e+02
1.125000000000001599e+01 7.999999126615726937e+02 1.799999943907234297e+02
1.140000000000001634e+01 7.999999126615726937e+02 1.799999943907234297e+02
1.155000000000001670e+01 7.999999126615726937e+02 1.799999943907234297e+02
1.170000000000001705e+01 7.999999126615726937e+02 1.799999943907234297e+02
1.185000000000001741e+01 7.999999126615726937e+02 1.799999943907234297e+02
1.200000000000001776e+01 7.999999126615726937e+02 1.799999943907234297e+02
1.215000000000001812e+01 7.999999126615726937e+02 1.799999943907234297e+02
1.230000000000001847e+01 7.999999126615726937e+02 1.799999943907234297e+02
1.245000000000001883e+01 7.999999126615726937e+02 1.799999943907234297e+02
1.260000000000001918e+01 7.999999126615726937e+02 1.799999943907234297e+02
1.275000000000001954e+01 7.999999126615726937e+02 1.799999943907234297e+02
1.290000000000001990e+01 7.999999126615726937e+02 1.799999943907234297e+02
1.305000000000002025e+01 7.999995967506207535e+02 1.799999944226556750e+02
1.320000000000002061e+01 7.999995967506207535e+02 1.799999944226556750e+02
1.335000000000002096e+01 7.999995967506207535e+02 1.799999944226556750e+02
1.350000000000002132e+01 7.999995967506207535e+02 1.799999944226556750e+02
1.365000000000002167e+01 7.999995967506207535e+02 1.799999944226556750e+02
1.380000000000002203e+01 7.999995967506207535e+02 1.799999944226556750e+02
1.395000000000002238e+01 7.999995967506207535e+02 1.799999944226556750e+02
1.410000000000002274e+01 7.999995967506207535e+02 1.799999944226556750e+02
1.425000000000002309e+01 7.999995967506207535e+02 1.799999944226556750e+02
1.440000000000002345e+01 7.999995967506207535e+02 1.799999944226556750e+02
1.455000000000002380e+01 7.999995967506207535e+02 1.799999944226556750e+02
1.470000000000002416e+01 7.999995967506207535e+02 1.799999944226556750e+02
1.485000000000002451e+01 7.999995967506207535e+02 1.799999944226556750e+02
1.500000000000002487e+01 7.999995967506207535e+02 1.799999944226556750e+02
1.515000000000002522e+01 7.999995967506207535e+02 1.799999944226556750e+02
1.530000000000002558e+01 7.999995967506207535e+02 1.799999944226556750e+02
1.545000000000002593e+01 7.999995967506207535e+02 1.799999944226556750e+02
1.560000000000002629e+01 7.999995967506207535e+02 1.799999944226556750e+02
1.575000000000002665e+01 7.999995967506207535e+02 1.799999944226556750e+02
1.590000000000002700e+01 7.999995967506207535e+02 1.799999944226556750e+02
