1.499999999999999944e-01 7.999999990744987599e+02 1.799985061523118475e+02
2.999999999999999889e-01 7.999999990744987599e+02 1.799985061523118475e+02
4.499999999999999556e-01 7.999999990744987599e+02 1.799985061523118475e+02
5.999999999999999778e-01 7.999999990744987599e+02 1.799985061523118475e+02
7.500000000000000000e-01 7.999999990744987599e+02 1.799985061523118475e+02
9.000000000000000222e-01 7.999999990744987599e+02 1.799985061523118475e+02
1.050000000000000044e+00 7.999999990744987599e+02 1.799985061523118475e+02
1.199999999999999956e+00 7.999999990744987599e+02 1.799985061523118475e+02
1.349999999999999867e+00 7.999999990744987599e+02 1.799985061523118475e+02
1.499999999999999778e+00 7.999999990744987599e+02 1.799985061523118475e+02
1.649999999999999689e+00 7.999999990744987599e+02 1.799985061523118475e+02
1.799999999999999600e+00 7.999999990744987599e+02 1.799985061523118475e+02
1.949999999999999512e+00 7.999999990744987599e+02 1.799985061523118475e+02
2.099999999999999645e+00 7.999999999050445467e+02 1.799985078462589740e+02
2.249999999999999556e+00 7.999999999050445467e+02 1.799985078462589740e+02
2.399999999999999467e+00 7.999999999050445467e+02 1.799985078462589740e+02
2.549999999999999378e+00 7.999999999050445467e+02 1.799985078462589740e+02
2.699999999999999289e+00 7.999999999050445467e+02 1.799985078462589740e+02
2.849999999999999201e+00 7.999999999050445467e+02 1.799985078462589740e+02
2.999999999999999112e+00 7.999999999050445467e+02 1.799985078462589740e+02
3.149999999999999023e+00 7.999999999050445467e+02 1.799985078462589740e+02
3.299999999999998934e+00 7.999999999050445467e+02 1.799985078462589740e+02
3.449999999999998845e+00 7.999999999050445467e+02 1.799985078462589740e+02
3.599999999999998757e+00 7.999999999050445467e+02 1.799985078462589740e+02
3.749999999999998668e+00 7.999999999050445467e+02 1.799985078462589740e+02
3.899999999999998579e+00 7.999999999050445467e+02 1.799985078462589740e+02
4.049999999999998934e+00 5.172985269612717047e+02 1.799985147267446450e+02
4.199999999999999289e+00 4.842891318889992931e+02 1.799985421761379598e+02
4.349999999999999645e+00 4.450727695693986448e+02 1.799985945899767614e+02
4.500000000000000000e+00 4.391642715962822763e+02 1.799986469318551769e+02
4.650000000000000355e+00 4.372493585072895712e+02 1.799986986535894857e+02
4.800000000000000711e+00 4.368122796867433522e+02 1.799987496993540503e+02
4.950000000000001066e+00 4.366966538644205116e+02 1.799987991561165757e+02
5.100000000000001421e+00 4.366680418626227720e+02 1.799988462292545819e+02
5.250000000000001776e+00 4.366607442173981326e+02 1.799988925481824253e+02
5.400000000000002132e+00 4.366589081842374753e+02 1.799989373672694342e+02
5.550000000000002487e+00 4.366584433826477039e+02 1.799989800640517785e+02
5.700000000000002842e+00 4.366583260445992778e+02 1.799990220895276138e+02
5.850000000000003197e+00 4.366582963853306296e+02 1.799990627891118891e+02
6.000000000000003553e+00 4.366582888927258068e+02 1.799991016168041824e+02
6.150000000000003908e+00 4.366582869994363705e+02 1.799991398533253175e+02
6.300000000000004263e+00 4.366582865210854720e+02 1.799991769229544900e+02
6.450000000000004619e+00 4.366582864002260749e+02 1.799992123488532627e+02
6.600000000000004974e+00 4.366582863697001358e+02 1.799992472566600554e+02
6.750000000000005329e+00 4.366582863620208741e+02 1.799992811425363755e+02
6.900000000000005684e+00 4.366582863602005204e+02 1.799993135930484982e+02
7.050000000000006040e+00 4.366582863602050111e+02 1.799993455923081171e+02
7.200000000000006395e+00 4.366582863620345734e+02 1.799993767022896236e+02
7.350000000000006750e+00 4.366582863697233279e+02 1.799994065679807136e+02
7.500000000000007105e+00 4.366582864002579640e+02 1.799994360438225272e+02
7.650000000000007461e+00 4.366582865211271383e+02 1.799994647523244282e+02
7.800000000000007816e+00 4.366582869994879275e+02 1.799994923926190893e+02
7.950000000000008171e+00 4.366582888927873682e+02 1.799995196997699622e+02
8.100000000000008527e+00 4.366582963854026502e+02 1.799995463522718921e+02
8.250000000000008882e+00 4.366583260446819850e+02 1.799995720997745252e+02
8.400000000000009237e+00 4.366584433827411544e+02 1.799995975668137760e+02
8.550000000000009592e+00 4.366589081843429767e+02 1.799996224839688068e+02
8.700000000000009948e+00 4.366607442175160827e+02 1.799996466482676851e+02
8.850000000000010303e+00 4.366680418627530571e+02 1.799996705808700312e+02
9.000000000000010658e+00 4.366966538645640981e+02 1.799996940592087640e+02
9.150000000000011013e+00 4.368122796869006379e+02 1.799997169207048273e+02
9.300000000000011369e+00 4.372493585074577140e+02 1.799997395527642254e+02
9.450000000000011724e+00 4.391642715964574677e+02 1.799997617442120657e+02
9.600000000000012079e+00 4.450727695695653665e+02 1.799997826494387141e+02
9.750000000000012434e+00 4.842891318892176855e+02 1.799998026714377488e+02
9.900000000000012790e+00 5.172985269613755008e+02 1.799998130447866629e+02
1.005000000000001315e+01 7.999999999093510041e+02 1.799998153363384574e+02
1.020000000000001350e+01 7.999999999093510041e+02 1.799998153363384574e+02
1.035000000000001386e+01 7.999999999093510041e+02 1.799998153363384574e+02
1.050000000000001421e+01 7.999999999093510041e+02 1.799998153363384574e+02
1.065000000000001457e+01 7.999999999093510041e+02 1.799998153363384574e+02
1.080000000000001492e+01 7.999999999093510041e+02 1.799998153363384574e+02
1.095000000000001528e+01 7.999999999093510041e+02 1.799998153363384574e+02
1.110000000000001563e+01 7.999999999093510041e+02 1.799998153363384574e+02
1.125000000000001599e+01 7.999999999093510041e+02 1.799998153363384574e+02
1.140000000000001634e+01 7.999999999093510041e+02 1.799998153363384574e+02
1.155000000000001670e+01 7.999999999093510041e+02 1.799998153363384574e+02
1.170000000000001705e+01 7.999999999093510041e+02 1.799998153363384574e+02
1.185000000000001741e+01 7.999999999093510041e+02 1.799998153363384574e+02
1.200000000000001776e+01 7.999999999093510041e+02 1.799998153363384574e+02
1.215000000000001812e+01 7.999999999093510041e+02 1.799998153363384574e+02
1.230000000000001847e+01 7.999999999093510041e+02 1.799998153363384574e+02
1.245000000000001883e+01 7.999999999093510041e+02 1.799998153363384574e+02
1.260000000000001918e+01 7.999999999093510041e+02 1.799998153363384574e+02
1.275000000000001954e+01 7.999999999093510041e+02 1.799998153363384574e+02
1.290000000000001990e+01 7.999999999093510041e+02 1.799998153363384574e+02
1.305000000000002025e+01 7.999999991164723951e+02 1.799998158631643719e+02
1.320000000000002061e+01 7.999999991164723951e+02 1.799998158631643719e+02
1.335000000000002096e+01 7.999999991164723951e+02 1.799998158631643719e+02
1.350000000000002132e+01 7.999999991164723951e+02 1.799998158631643719e+02
1.365000000000002167e+01 7.999999991164723951e+02 1.799998158631643719e+02
1.380000000000002203e+01 7.999999991164723951e+02 1.799998158631643719e+02
1.395000000000002238e+01 7.999999991164723951e+02 1.799998158631643719e+02
1.410000000000002274e+01 7.999999991164723951e+02 1.799998158631643719e+02
1.425000000000002309e+01 7.999999991164723951e+02 1.799998158631643719e+02
1.440000000000002345e+01 7.999999991164723951e+02 1.799998158631643719e+02
1.455000000000002380e+01 7.999999991164723951e+02 1.799998158631643719e+02
1.470000000000002416e+01 7.999999991164723951e+02 1.799998158631643719e+02
1.485000000000002451e+01 7.999999991164723951e+02 1.799998158631643719e+02
1.500000000000002487e+01 7.999999991164723951e+02 1.799998158631643719e+02
1.515000000000002522e+01 7.999999991164723951e+02 1.799998158631643719e+02
1.530000000000002558e+01 7.999999991164723951e+02 1.799998158631643719e+02
1.545000000000002593e+01 7.999999991164723951e+02 1.799998158631643719e+02
1.560000000000002629e+01 7.999999991164723951e+02 1.799998158631643719e+02
1.575000000000002665e+01 7.999999991164723951e+02 1.799998158631643719e+02
1.590000000000002700e+01 7.999999991164723951e+02 1.799998158631643719e+02
