1.499999999999999944e-01 7.996643301285340613e+02 1.756124852944219015e+02
2.999999999999999889e-01 7.996643301285340613e+02 1.756124852944219015e+02
4.499999999999999556e-01 7.996643301285340613e+02 1.756124852944219015e+02
5.999999999999999778e-01 7.996643301285340613e+02 1.756124852944219015e+02
7.500000000000000000e-01 7.996643301285340613e+02 1.756124852944219015e+02
9.000000000000000222e-01 7.996643301285340613e+02 1.756124852944219015e+02
1.050000000000000044e+00 7.996643301285340613e+02 1.756124852944219015e+02
1.199999999999999956e+00 7.996643301285340613e+02 1.756124852944219015e+02
1.349999999999999867e+00 7.996643301285340613e+02 1.756124852944219015e+02
1.499999999999999778e+00 7.996643301285340613e+02 1.756124852944219015e+02
1.649999999999999689e+00 7.996643301285340613e+02 1.756124852944219015e+02
1.799999999999999600e+00 7.996643301285340613e+02 1.756124852944219015e+02
1.949999999999999512e+00 7.996643301285340613e+02 1.756124852944219015e+02
2.099999999999999645e+00 7.998261613868316999e+02 1.756130638667497408e+02
2.249999999999999556e+00 7.998261613868316999e+02 1.756130638667497408e+02
2.399999999999999467e+00 7.998261613868316999e+02 1.756130638667497408e+02
2.549999999999999378e+00 7.998261613868316999e+02 1.756130638667497408e+02
2.699999999999999289e+00 7.998261613868316999e+02 1.756130638667497408e+02
2.849999999999999201e+00 7.998261613868316999e+02 1.756130638667497408e+02
2.999999999999999112e+00 7.998261613868316999e+02 1.756130638667497408e+02
3.149999999999999023e+00 7.998261613868316999e+02 1.756130638667497408e+02
3.299999999999998934e+00 7.998261613868316999e+02 1.756130638667497408e+02
3.449999999999998845e+00 7.998261613868316999e+02 1.756130638667497408e+02
3.599999999999998757e+00 7.998261613868316999e+02 1.756130638667497408e+02
3.749999999999998668e+00 7.998261613868316999e+02 1.756130638667497408e+02
3.899999999999998579e+00 7.998261613868316999e+02 1.756130638667497408e+02
4.049999999999998934e+00 4.377334436195772582e+02 1.756162368148534370e+02
4.199999999999999289e+00 2.095659093620353417e+02 1.756247539257521737e+02
4.349999999999999645e+00 6.935750488185962581e+01 1.756574612464706320e+02
4.500000000000000000e+00 2.656837330972098243e+01 1.757377695345190602e+02
4.650000000000000355e+00 1.001874204811243629e+01 1.759520613947252912e+02
4.800000000000000711e+00 4.148919173267671567e+00 1.764403646923385622e+02
4.950000000000001066e+00 2.003896642089245006e+00 1.773327208345844497e+02
5.100000000000001421e+00 1.228755770314478468e+00 1.784219586409977296e+02
5.250000000000001776e+00 9.476325036021080450e-01 1.792582813282338634e+02
5.400000000000002132e+00 8.458085391200711456e-01 1.796986579863502698e+02
5.550000000000002487e+00 8.088968998915788688e-01 1.798857349306761364e+02
5.700000000000002842e+00 7.955157498125231541e-01 1.799578699836349358e+02
5.850000000000003197e+00 7.906640116083281100e-01 1.799846299050958578e+02
6.000000000000003553e+00 7.889048384686248028e-01 1.799944135873468554e+02
6.150000000000003908e+00 7.882669737989544956e-01 1.799979727197067803e+02
6.300000000000004263e+00 7.880356945391895351e-01 1.799992646890822243e+02
6.450000000000004619e+00 7.879518550943203081e-01 1.799997333106024939e+02
6.600000000000004974e+00 7.879215153336645017e-01 1.799999032942753843e+02
6.750000000000005329e+00 7.879106802611772764e-01 1.799999649338688243e+02
6.900000000000005684e+00 7.879072093821264389e-01 1.799999872831859307e+02
7.050000000000006040e+00 7.879072136598779252e-01 1.799999953888629989e+02
7.200000000000006395e+00 7.879106978442109721e-01 1.799999983280019080e+02
7.350000000000006750e+00 7.879215659586407128e-01 1.799999993936571059e+02
7.500000000000007105e+00 7.879519954045690611e-01 1.799999997801476752e+02
7.650000000000007461e+00 7.880360816904499188e-01 1.799999999202896674e+02
7.800000000000007816e+00 7.882680414077185560e-01 1.799999999711014880e+02
7.950000000000008171e+00 7.889077806175919250e-01 1.799999999895298401e+02
8.100000000000008527e+00 7.906721075332825421e-01 1.799999999962118977e+02
8.250000000000008882e+00 7.955379408991234413e-01 1.799999999986345074e+02
8.400000000000009237e+00 8.089570840492683601e-01 1.799999999995129372e+02
8.550000000000009592e+00 8.459672619322873288e-01 1.799999999998306919e+02
8.700000000000009948e+00 9.480230617817824168e-01 1.799999999999444356e+02
8.850000000000010303e+00 1.229586147371833249e+00 1.799999999999824354e+02
9.000000000000010658e+00 2.005298488879702745e+00 1.799999999999928946e+02
9.150000000000011013e+00 4.150784134441963147e+00 1.799999999999943725e+02
9.300000000000011369e+00 1.002084550571434818e+01 1.799999999999940599e+02
9.450000000000011724e+00 2.657054196955320080e+01 1.799999999999938325e+02
9.600000000000012079e+00 6.935958230102656330e+01 1.799999999999938041e+02
9.750000000000012434e+00 2.095677985297067494e+02 1.799999999999936904e+02
9.900000000000012790e+00 4.377345117431224821e+02 1.799999999999936620e+02
1.005000000000001315e+01 7.998294583084234546e+02 1.799999999999936904e+02
1.020000000000001350e+01 7.998294583084234546e+02 1.799999999999936904e+02
1.035000000000001386e+01 7.998294583084234546e+02 1.799999999999936904e+02
1.050000000000001421e+01 7.998294583084234546e+02 1.799999999999936904e+02
1.065000000000001457e+01 7.998294583084234546e+02 1.799999999999936904e+02
1.080000000000001492e+01 7.998294583084234546e+02 1.799999999999936904e+02
1.095000000000001528e+01 7.998294583084234546e+02 1.799999999999936904e+02
1.110000000000001563e+01 7.998294583084234546e+02 1.799999999999936904e+02
1.125000000000001599e+01 7.998294583084234546e+02 1.799999999999936904e+02
1.140000000000001634e+01 7.998294583084234546e+02 1.799999999999936904e+02
1.155000000000001670e+01 7.998294583084234546e+02 1.799999999999936904e+02
1.170000000000001705e+01 7.998294583084234546e+02 1.799999999999936904e+02
1.185000000000001741e+01 7.998294583084234546e+02 1.799999999999936904e+02
1.200000000000001776e+01 7.998294583084234546e+02 1.799999999999936904e+02
1.215000000000001812e+01 7.998294583084234546e+02 1.799999999999936904e+02
1.230000000000001847e+01 7.998294583084234546e+02 1.799999999999936904e+02
1.245000000000001883e+01 7.998294583084234546e+02 1.799999999999936904e+02
1.260000000000001918e+01 7.998294583084234546e+02 1.799999999999936904e+02
1.275000000000001954e+01 7.998294583084234546e+02 1.799999999999936904e+02
1.290000000000001990e+01 7.998294583084234546e+02 1.799999999999936904e+02
1.305000000000002025e+01 7.996706960857682134e+02 1.799999999999936335e+02
1.320000000000002061e+01 7.996706960857682134e+02 1.799999999999936335e+02
1.335000000000002096e+01 7.996706960857682134e+02 1.799999999999936335e+02
1.350000000000002132e+01 7.996706960857682134e+02 1.799999999999936335e+02
1.365000000000002167e+01 7.996706960857682134e+02 1.799999999999936335e+02
1.380000000000002203e+01 7.996706960857682134e+02 1.799999999999936335e+02
1.395000000000002238e+01 7.996706960857682134e+02 1.799999999999936335e+02
1.410000000000002274e+01 7.996706960857682134e+02 1.799999999999936335e+02
1.425000000000002309e+01 7.996706960857682134e+02 1.799999999999936335e+02
1.440000000000002345e+01 7.996706960857682134e+02 1.799999999999936335e+02
1.455000000000002380e+01 7.996706960857682134e+02 1.799999999999936335e+02
1.470000000000002416e+01 7.996706960857682134e+02 1.799999999999936335e+02
1.485000000000002451e+01 7.996706960857682134e+02 1.799999999999936335e+02
1.500000000000002487e+01 7.996706960857682134e+02 1.799999999999936335e+02
1.515000000000002522e+01 7.996706960857682134e+02 1.799999999999936335e+02
1.530000000000002558e+01 7.996706960857682134e+02 1.799999999999936335e+02
1.545000000000002593e+01 7.996706960857682134e+02 1.799999999999936335e+02
1.560000000000002629e+01 7.996706960857682134e+02 1.799999999999936335e+02
1.575000000000002665e+01 7.996706960857682134e+02 1.799999999999936335e+02
1.590000000000002700e+01 7.996706960857682134e+02 1.799999999999936335e+02
