1.499999999999999944e-01 7.998494665126954715e+02 1.875147585170822140e-04
2.999999999999999889e-01 7.998494665126954715e+02 1.875147585170822140e-04
4.499999999999999556e-01 7.998494665126954715e+02 1.875147585170822140e-04
5.999999999999999778e-01 7.998494665126954715e+02 1.875147585170822140e-04
7.500000000000000000e-01 7.998494665126954715e+02 1.875147585170822140e-04
9.000000000000000222e-01 7.998494665126954715e+02 1.875147585170822140e-04
1.050000000000000044e+00 7.998494665126954715e+02 1.875147585170822140e-04
1.199999999999999956e+00 7.998494665126954715e+02 1.875147585170822140e-04
1.349999999999999867e+00 7.998494665126954715e+02 1.875147585170822140e-04
1.499999999999999778e+00 7.998494665126954715e+02 1.875147585170822140e-04
1.649999999999999689e+00 7.998494665126954715e+02 1.875147585170822140e-04
1.799999999999999600e+00 7.998494665126954715e+02 1.875147585170822140e-04
1.949999999999999512e+00 7.998494665126954715e+02 1.875147585170822140e-04
2.099999999999999645e+00 7.999296166843490710e+02 1.873838804318239681e-04
2.249999999999999556e+00 7.999296166843490710e+02 1.873838804318239681e-04
2.399999999999999467e+00 7.999296166843490710e+02 1.873838804318239681e-04
2.549999999999999378e+00 7.999296166843490710e+02 1.873838804318239681e-04
2.699999999999999289e+00 7.999296166843490710e+02 1.873838804318239681e-04
2.849999999999999201e+00 7.999296166843490710e+02 1.873838804318239681e-04
2.999999999999999112e+00 7.999296166843490710e+02 1.873838804318239681e-04
3.149999999999999023e+00 7.999296166843490710e+02 1.873838804318239681e-04
3.299999999999998934e+00 7.999296166843490710e+02 1.873838804318239681e-04
3.449999999999998845e+00 7.999296166843490710e+02 1.873838804318239681e-04
3.599999999999998757e+00 7.999296166843490710e+02 1.873838804318239681e-04
3.749999999999998668e+00 7.999296166843490710e+02 1.873838804318239681e-04
3.899999999999998579e+00 7.999296166843490710e+02 1.873838804318239681e-04
4.049999999999998934e+00 4.548020870261215691e+02 1.875228039210918851e-04
4.199999999999999289e+00 2.361994360815851053e+02 1.881241565444558006e-04
4.349999999999999645e+00 8.596201719464139046e+01 1.889652169416722316e-04
4.500000000000000000e+00 3.520607340537662822e+01 1.908524012987911078e-04
4.650000000000000355e+00 1.362520182378187172e+01 1.962423812281732793e-04
4.800000000000000711e+00 5.130878127607260808e+00 2.097689684046333269e-04
4.950000000000001066e+00 1.702002435743651176e+00 2.534154584246106623e-04
5.100000000000001421e+00 3.295474797989754734e-01 5.262747926998434522e-04
5.250000000000001776e+00 2.213646261677695293e-01 1.799996857204403682e+02
5.400000000000002132e+00 4.422920635964828762e-01 1.799999368922371161e+02
5.550000000000002487e+00 5.309172005765958602e-01 1.799999788684387454e+02
5.700000000000002842e+00 5.664653478802392783e-01 1.799999920542289260e+02
5.850000000000003197e+00 5.807244764486085842e-01 1.799999968905221976e+02
6.000000000000003553e+00 5.864440610664587439e-01 1.799999987623328650e+02
6.150000000000003908e+00 5.887383235657352998e-01 1.799999995053968291e+02
6.300000000000004263e+00 5.896586754256532004e-01 1.799999998018802501e+02
6.450000000000004619e+00 5.900280518910676619e-01 1.799999999204154619e+02
6.600000000000004974e+00 5.901767312508354735e-01 1.799999999680794929e+02
6.750000000000005329e+00 5.902376551645147629e-01 1.799999999871952241e+02
6.900000000000005684e+00 5.902652992336925308e-01 1.799999999948533969e+02
7.050000000000006040e+00 5.902843811915090555e-01 1.799999999979352197e+02
7.200000000000006395e+00 5.903119634250515446e-01 1.799999999991717914e+02
7.350000000000006750e+00 5.903727082041996255e-01 1.799999999996670681e+02
7.500000000000007105e+00 5.905209307591121615e-01 1.799999999998665317e+02
7.650000000000007461e+00 5.908891649173710903e-01 1.799999999999464535e+02
7.800000000000007816e+00 5.918066671457609118e-01 1.799999999999784563e+02
7.950000000000008171e+00 5.940938248013480916e-01 1.799999999999912745e+02
8.100000000000008527e+00 5.997956966368747089e-01 1.799999999999960494e+02
8.250000000000008882e+00 6.140106673042282637e-01 1.799999999999974705e+02
8.400000000000009237e+00 6.494487320131838715e-01 1.799999999999970157e+02
8.550000000000009592e+00 7.377994532710658859e-01 1.799999999999944862e+02
8.700000000000009948e+00 9.580429459730908093e-01 1.799999999999895124e+02
8.850000000000010303e+00 1.507250854721633004e+00 1.799999999999833733e+02
9.000000000000010658e+00 2.875464496956467997e+00 1.799999999999782858e+02
9.150000000000011013e+00 6.293799113661648903e+00 1.799999999999753015e+02
9.300000000000011369e+00 1.476213846158558596e+01 1.799999999999737952e+02
9.450000000000011724e+00 3.627935885348922085e+01 1.799999999999729425e+02
9.600000000000012079e+00 8.688820851932685230e+01 1.799999999999727436e+02
9.750000000000012434e+00 2.367928980428274315e+02 1.799999999999725446e+02
9.900000000000012790e+00 4.549196481184926597e+02 1.799999999999726015e+02
1.005000000000001315e+01 7.999301018541189023e+02 1.799999999999724878e+02
1.020000000000001350e+01 7.999301018541189023e+02 1.799999999999724878e+02
1.035000000000001386e+01 7.999301018541189023e+02 1.799999999999724878e+02
1.050000000000001421e+01 7.999301018541189023e+02 1.799999999999724878e+02
1.065000000000001457e+01 7.999301018541189023e+02 1.799999999999724878e+02
1.080000000000001492e+01 7.999301018541189023e+02 1.799999999999724878e+02
1.095000000000001528e+01 7.999301018541189023e+02 1.799999999999724878e+02
1.110000000000001563e+01 7.999301018541189023e+02 1.799999999999724878e+02
1.125000000000001599e+01 7.999301018541189023e+02 1.799999999999724878e+02
1.140000000000001634e+01 7.999301018541189023e+02 1.799999999999724878e+02
1.155000000000001670e+01 7.999301018541189023e+02 1.799999999999724878e+02
1.170000000000001705e+01 7.999301018541189023e+02 1.799999999999724878e+02
1.185000000000001741e+01 7.999301018541189023e+02 1.799999999999724878e+02
1.200000000000001776e+01 7.999301018541189023e+02 1.799999999999724878e+02
1.215000000000001812e+01 7.999301018541189023e+02 1.799999999999724878e+02
1.230000000000001847e+01 7.999301018541189023e+02 1.799999999999724878e+02
1.245000000000001883e+01 7.999301018541189023e+02 1.799999999999724878e+02
1.260000000000001918e+01 7.999301018541189023e+02 1.799999999999724878e+02
1.275000000000001954e+01 7.999301018541189023e+02 1.799999999999724878e+02
1.290000000000001990e+01 7.999301018541189023e+02 1.799999999999724878e+02
1.305000000000002025e+01 7.998504429053873537e+02 1.799999999999725731e+02
1.320000000000002061e+01 7.998504429053873537e+02 1.799999999999725731e+02
1.335000000000002096e+01 7.998504429053873537e+02 1.799999999999725731e+02
1.350000000000002132e+01 7.998504429053873537e+02 1.799999999999725731e+02
1.365000000000002167e+01 7.998504429053873537e+02 1.799999999999725731e+02
1.380000000000002203e+01 7.998504429053873537e+02 1.799999999999725731e+02
1.395000000000002238e+01 7.998504429053873537e+02 1.799999999999725731e+02
1.410000000000002274e+01 7.998504429053873537e+02 1.799999999999725731e+02
1.425000000000002309e+01 7.998504429053873537e+02 1.799999999999725731e+02
1.440000000000002345e+01 7.998504429053873537e+02 1.799999999999725731e+02
1.455000000000002380e+01 7.998504429053873537e+02 1.799999999999725731e+02
1.470000000000002416e+01 7.998504429053873537e+02 1.799999999999725731e+02
1.485000000000002451e+01 7.998504429053873537e+02 1.799999999999725731e+02
1.500000000000002487e+01 7.998504429053873537e+02 1.799999999999725731e+02
1.515000000000002522e+01 7.998504429053873537e+02 1.799999999999725731e+02
1.530000000000002558e+01 7.998504429053873537e+02 1.799999999999725731e+02
1.545000000000002593e+01 7.998504429053873537e+02 1.799999999999725731e+02
1.560000000000002629e+01 7.998504429053873537e+02 1.799999999999725731e+02
1.575000000000002665e+01 7.998504429053873537e+02 1.799999999999725731e+02
1.590000000000002700e+01 7.998504429053873537e+02 1.799999999999725731e+02
