1.499999999999999944e-01 7.998492031553847710e+02 1.713149916499068226e-04
2.999999999999999889e-01 7.998492031553847710e+02 1.713149916499068226e-04
4.499999999999999556e-01 7.998492031553847710e+02 1.713149916499068226e-04
5.999999999999999778e-01 7.998492031553847710e+02 1.713149916499068226e-04
7.500000000000000000e-01 7.998492031553847710e+02 1.713149916499068226e-04
9.000000000000000222e-01 7.998492031553847710e+02 1.713149916499068226e-04
1.050000000000000044e+00 7.998492031553847710e+02 1.713149916499068226e-04
1.199999999999999956e+00 7.998492031553847710e+02 1.713149916499068226e-04
1.349999999999999867e+00 7.998492031553847710e+02 1.713149916499068226e-04
1.499999999999999778e+00 7.998492031553847710e+02 1.713149916499068226e-04
1.649999999999999689e+00 7.998492031553847710e+02 1.713149916499068226e-04
1.799999999999999600e+00 7.998492031553847710e+02 1.713149916499068226e-04
1.949999999999999512e+00 7.998492031553847710e+02 1.713149916499068226e-04
2.099999999999999645e+00 7.999294903796800327e+02 1.712399225304306327e-04
2.249999999999999556e+00 7.999294903796800327e+02 1.712399225304306327e-04
2.399999999999999467e+00 7.999294903796800327e+02 1.712399225304306327e-04
2.549999999999999378e+00 7.999294903796800327e+02 1.712399225304306327e-04
2.699999999999999289e+00 7.999294903796800327e+02 1.712399225304306327e-04
2.849999999999999201e+00 7.999294903796800327e+02 1.712399225304306327e-04
2.999999999999999112e+00 7.999294903796800327e+02 1.712399225304306327e-04
3.149999999999999023e+00 7.999294903796800327e+02 1.712399225304306327e-04
3.299999999999998934e+00 7.999294903796800327e+02 1.712399225304306327e-04
3.449999999999998845e+00 7.999294903796800327e+02 1.712399225304306327e-04
3.599999999999998757e+00 7.999294903796800327e+02 1.712399225304306327e-04
3.749999999999998668e+00 7.999294903796800327e+02 1.712399225304306327e-04
3.899999999999998579e+00 7.999294903796800327e+02 1.712399225304306327e-04
4.049999999999998934e+00 4.547891714219379082e+02 1.713675098437006383e-04
4.199999999999999289e+00 2.361343068574347797e+02 1.718544106460440091e-04
4.349999999999999645e+00 8.586043356086560152e+01 1.727705599251505575e-04
4.500000000000000000e+00 3.508839538293302240e+01 1.748667317482688333e-04
4.650000000000000355e+00 1.350057279934383914e+01 1.807341556417929596e-04
4.800000000000000711e+00 5.003417341204908553e+00 1.962900931234967672e-04
4.950000000000001066e+00 1.573395407001044077e+00 2.501278545871121750e-04
5.100000000000001421e+00 2.004802827821094979e-01 7.887989738324385769e-04
5.250000000000001776e+00 3.506163010109730749e-01 1.799998190851941047e+02
5.400000000000002132e+00 5.716176056492940916e-01 1.799999554812852409e+02
5.550000000000002487e+00 6.602723112147259599e-01 1.799999845192433270e+02
5.700000000000002842e+00 6.958322928736038193e-01 1.799999941070043121e+02
5.850000000000003197e+00 7.100961574734014903e-01 1.799999976834261872e+02
6.000000000000003553e+00 7.158176374301774558e-01 1.799999990769304645e+02
6.150000000000003908e+00 7.181126583010382092e-01 1.799999996308800405e+02
6.300000000000004263e+00 7.190333137043012357e-01 1.799999998521113866e+02
6.450000000000004619e+00 7.194028115693527070e-01 1.799999999406276459e+02
6.600000000000004974e+00 7.195515392824631817e-01 1.799999999761867855e+02
6.750000000000005329e+00 7.196124822542628863e-01 1.799999999904477761e+02
6.900000000000005684e+00 7.196401326663135478e-01 1.799999999961633819e+02
7.050000000000006040e+00 7.196592143881161974e-01 1.799999999984608792e+02
7.200000000000006395e+00 7.196867893642320269e-01 1.799999999993826236e+02
7.350000000000006750e+00 7.197475138166851139e-01 1.799999999997520774e+02
7.500000000000007105e+00 7.198956848910711415e-01 1.799999999999004956e+02
7.650000000000007461e+00 7.202637899202386507e-01 1.799999999999602380e+02
7.800000000000007816e+00 7.211809713762704632e-01 1.799999999999838280e+02
7.950000000000008171e+00 7.234673305084129424e-01 1.799999999999934346e+02
8.100000000000008527e+00 7.291672164936926492e-01 1.799999999999974136e+02
8.250000000000008882e+00 7.433772471251245406e-01 1.799999999999991758e+02
8.400000000000009237e+00 7.788030240666898862e-01 1.799999999999992895e+02
8.550000000000009592e+00 8.671231825308041152e-01 1.799999999999994316e+02
8.700000000000009948e+00 1.087290670947083981e+00 1.799999999999993463e+02
8.850000000000010303e+00 1.636309620408326282e+00 1.799999999999988631e+02
9.000000000000010658e+00 3.004054034917302829e+00 1.799999999999984652e+02
9.150000000000011013e+00 6.421225030555419266e+00 1.799999999999983231e+02
9.300000000000011369e+00 1.488670216555312464e+01 1.799999999999980105e+02
9.450000000000011724e+00 3.639692573996027392e+01 1.799999999999980105e+02
9.600000000000012079e+00 8.698963656559715218e+01 1.799999999999981242e+02
9.750000000000012434e+00 2.368578777785606917e+02 1.799999999999980105e+02
9.900000000000012790e+00 4.549325411781645698e+02 1.799999999999980389e+02
1.005000000000001315e+01 7.999302924962139514e+02 1.799999999999980389e+02
1.020000000000001350e+01 7.999302924962139514e+02 1.799999999999980389e+02
1.035000000000001386e+01 7.999302924962139514e+02 1.799999999999980389e+02
1.050000000000001421e+01 7.999302924962139514e+02 1.799999999999980389e+02
1.065000000000001457e+01 7.999302924962139514e+02 1.799999999999980389e+02
1.080000000000001492e+01 7.999302924962139514e+02 1.799999999999980389e+02
1.095000000000001528e+01 7.999302924962139514e+02 1.799999999999980389e+02
1.110000000000001563e+01 7.999302924962139514e+02 1.799999999999980389e+02
1.125000000000001599e+01 7.999302924962139514e+02 1.799999999999980389e+02
1.140000000000001634e+01 7.999302924962139514e+02 1.799999999999980389e+02
1.155000000000001670e+01 7.999302924962139514e+02 1.799999999999980389e+02
1.170000000000001705e+01 7.999302924962139514e+02 1.799999999999980389e+02
1.185000000000001741e+01 7.999302924962139514e+02 1.799999999999980389e+02
1.200000000000001776e+01 7.999302924962139514e+02 1.799999999999980389e+02
1.215000000000001812e+01 7.999302924962139514e+02 1.799999999999980389e+02
1.230000000000001847e+01 7.999302924962139514e+02 1.799999999999980389e+02
1.245000000000001883e+01 7.999302924962139514e+02 1.799999999999980389e+02
1.260000000000001918e+01 7.999302924962139514e+02 1.799999999999980389e+02
1.275000000000001954e+01 7.999302924962139514e+02 1.799999999999980389e+02
1.290000000000001990e+01 7.999302924962139514e+02 1.799999999999980389e+02
1.305000000000002025e+01 7.998508441255058870e+02 1.799999999999980105e+02
1.320000000000002061e+01 7.998508441255058870e+02 1.799999999999980105e+02
1.335000000000002096e+01 7.998508441255058870e+02 1.799999999999980105e+02
1.350000000000002132e+01 7.998508441255058870e+02 1.799999999999980105e+02
1.365000000000002167e+01 7.998508441255058870e+02 1.799999999999980105e+02
1.380000000000002203e+01 7.998508441255058870e+02 1.799999999999980105e+02
1.395000000000002238e+01 7.998508441255058870e+02 1.799999999999980105e+02
1.410000000000002274e+01 7.998508441255058870e+02 1.799999999999980105e+02
1.425000000000002309e+01 7.998508441255058870e+02 1.799999999999980105e+02
1.440000000000002345e+01 7.998508441255058870e+02 1.799999999999980105e+02
1.455000000000002380e+01 7.998508441255058870e+02 1.799999999999980105e+02
1.470000000000002416e+01 7.998508441255058870e+02 1.799999999999980105e+02
1.485000000000002451e+01 7.998508441255058870e+02 1.799999999999980105e+02
1.500000000000002487e+01 7.998508441255058870e+02 1.799999999999980105e+02
1.515000000000002522e+01 7.998508441255058870e+02 1.799999999999980105e+02
1.530000000000002558e+01 7.998508441255058870e+02 1.799999999999980105e+02
1.545000000000002593e+01 7.998508441255058870e+02 1.799999999999980105e+02
1.560000000000002629e+01 7.998508441255058870e+02 1.799999999999980105e+02
1.575000000000002665e+01 7.998508441255058870e+02 1.799999999999980105e+02
1.590000000000002700e+01 7.998508441255058870e+02 1.799999999999980105e+02
