1.499999999999999944e-01 7.999433191073029548e+02 1.411960424461122798e-04
2.999999999999999889e-01 7.999433191073029548e+02 1.411960424461122798e-04
4.499999999999999556e-01 7.999433191073029548e+02 1.411960424461122798e-04
5.999999999999999778e-01 7.999433191073029548e+02 1.411960424461122798e-04
7.500000000000000000e-01 7.999433191073029548e+02 1.411960424461122798e-04
9.000000000000000222e-01 7.999433191073029548e+02 1.411960424461122798e-04
1.050000000000000044e+00 7.999433191073029548e+02 1.411960424461122798e-04
1.199999999999999956e+00 7.999433191073029548e+02 1.411960424461122798e-04
1.349999999999999867e+00 7.999433191073029548e+02 1.411960424461122798e-04
1.499999999999999778e+00 7.999433191073029548e+02 1.411960424461122798e-04
1.649999999999999689e+00 7.999433191073029548e+02 1.411960424461122798e-04
1.799999999999999600e+00 7.999433191073029548e+02 1.411960424461122798e-04
1.949999999999999512e+00 7.999433191073029548e+02 1.411960424461122798e-04
2.099999999999999645e+00 7.999766621566120648e+02 1.410664169154696168e-04
2.249999999999999556e+00 7.999766621566120648e+02 1.410664169154696168e-04
2.399999999999999467e+00 7.999766621566120648e+02 1.410664169154696168e-04
2.549999999999999378e+00 7.999766621566120648e+02 1.410664169154696168e-04
2.699999999999999289e+00 7.999766621566120648e+02 1.410664169154696168e-04
2.849999999999999201e+00 7.999766621566120648e+02 1.410664169154696168e-04
2.999999999999999112e+00 7.999766621566120648e+02 1.410664169154696168e-04
3.149999999999999023e+00 7.999766621566120648e+02 1.410664169154696168e-04
3.299999999999998934e+00 7.999766621566120648e+02 1.410664169154696168e-04
3.449999999999998845e+00 7.999766621566120648e+02 1.410664169154696168e-04
3.599999999999998757e+00 7.999766621566120648e+02 1.410664169154696168e-04
3.749999999999998668e+00 7.999766621566120648e+02 1.410664169154696168e-04
3.899999999999998579e+00 7.999766621566120648e+02 1.410664169154696168e-04
4.049999999999998934e+00 4.711900182648665236e+02 1.411776432743705456e-04
4.199999999999999289e+00 2.694193697954741538e+02 1.416952983057662152e-04
4.349999999999999645e+00 1.113916718475162355e+02 1.422082963524751165e-04
4.500000000000000000e+00 5.141975368403781488e+01 1.431998414977986300e-04
4.650000000000000355e+00 2.279565408096044266e+01 1.458272490023615475e-04
4.800000000000000711e+00 1.001672491434069912e+01 1.509768496742447397e-04
4.950000000000001066e+00 4.190687199996688150e+00 1.636852946157452138e-04
5.100000000000001421e+00 1.551010165474508540e+00 2.012912327618021635e-04
5.250000000000001776e+00 3.526778624438975385e-01 4.017949503147821844e-04
5.400000000000002132e+00 1.910043069333369203e-01 1.799996632398661518e+02
5.550000000000002487e+00 4.377174104904497653e-01 1.799999331321576506e+02
5.700000000000002842e+00 5.496650077066078666e-01 1.799999758294841001e+02
5.850000000000003197e+00 6.004628886856835379e-01 1.799999899568580588e+02
6.000000000000003553e+00 6.235132806230012648e-01 1.799999955989107718e+02
6.150000000000003908e+00 6.339733000390879170e-01 1.799999980352499165e+02
6.300000000000004263e+00 6.387210448950781938e-01 1.799999991148004881e+02
6.450000000000004619e+00 6.408784512676675149e-01 1.799999995985449175e+02
6.600000000000004974e+00 6.418641469911108288e-01 1.799999998180331886e+02
6.750000000000005329e+00 6.423262879430922112e-01 1.799999999174156926e+02
6.900000000000005684e+00 6.425687602198877357e-01 1.799999999623320832e+02
7.050000000000006040e+00 6.427510042929043266e-01 1.799999999826812314e+02
7.200000000000006395e+00 6.429928569742742184e-01 1.799999999916456943e+02
7.350000000000006750e+00 6.434533514344593641e-01 1.799999999951076859e+02
7.500000000000007105e+00 6.444352908200698948e-01 1.799999999953844565e+02
7.650000000000007461e+00 6.465843615366111408e-01 1.799999999926596104e+02
7.800000000000007816e+00 6.513137097010712750e-01 1.799999999851852692e+02
7.950000000000008171e+00 6.617331753840289821e-01 1.799999999685178977e+02
8.100000000000008527e+00 6.846941924070506502e-01 1.799999999333873859e+02
8.250000000000008882e+00 7.352951210759215428e-01 1.799999998633444704e+02
8.400000000000009237e+00 8.468087442685146016e-01 1.799999997393029219e+02
8.550000000000009592e+00 1.092565791698177691e+00 1.799999995560195600e+02
8.700000000000009948e+00 1.634142685860581423e+00 1.799999993455491847e+02
8.850000000000010303e+00 2.827843200911985377e+00 1.799999991689214482e+02
9.000000000000010658e+00 5.457352972183095119e+00 1.799999990539240287e+02
9.150000000000011013e+00 1.126116138993132054e+01 1.799999989884013871e+02
9.300000000000011369e+00 2.399207300755272598e+01 1.799999989589440474e+02
9.450000000000011724e+00 5.251409282899403763e+01 1.799999989465646877e+02
9.600000000000012079e+00 1.122838358640695162e+02 1.799999989389678490e+02
9.750000000000012434e+00 2.699274398182339496e+02 1.799999989390570647e+02
9.900000000000012790e+00 4.712677323371519265e+02 1.799999989400810705e+02
1.005000000000001315e+01 7.999767239591438965e+02 1.799999989395387274e+02
1.020000000000001350e+01 7.999767239591438965e+02 1.799999989395387274e+02
1.035000000000001386e+01 7.999767239591438965e+02 1.799999989395387274e+02
1.050000000000001421e+01 7.999767239591438965e+02 1.799999989395387274e+02
1.065000000000001457e+01 7.999767239591438965e+02 1.799999989395387274e+02
1.080000000000001492e+01 7.999767239591438965e+02 1.799999989395387274e+02
1.095000000000001528e+01 7.999767239591438965e+02 1.799999989395387274e+02
1.110000000000001563e+01 7.999767239591438965e+02 1.799999989395387274e+02
1.125000000000001599e+01 7.999767239591438965e+02 1.799999989395387274e+02
1.140000000000001634e+01 7.999767239591438965e+02 1.799999989395387274e+02
1.155000000000001670e+01 7.999767239591438965e+02 1.799999989395387274e+02
1.170000000000001705e+01 7.999767239591438965e+02 1.799999989395387274e+02
1.185000000000001741e+01 7.999767239591438965e+02 1.799999989395387274e+02
1.200000000000001776e+01 7.999767239591438965e+02 1.799999989395387274e+02
1.215000000000001812e+01 7.999767239591438965e+02 1.799999989395387274e+02
1.230000000000001847e+01 7.999767239591438965e+02 1.799999989395387274e+02
1.245000000000001883e+01 7.999767239591438965e+02 1.799999989395387274e+02
1.260000000000001918e+01 7.999767239591438965e+02 1.799999989395387274e+02
1.275000000000001954e+01 7.999767239591438965e+02 1.799999989395387274e+02
1.290000000000001990e+01 7.999767239591438965e+02 1.799999989395387274e+02
1.305000000000002025e+01 7.999434492371254919e+02 1.799999989415640869e+02
1.320000000000002061e+01 7.999434492371254919e+02 1.799999989415640869e+02
1.335000000000002096e+01 7.999434492371254919e+02 1.799999989415640869e+02
1.350000000000002132e+01 7.999434492371254919e+02 1.799999989415640869e+02
1.365000000000002167e+01 7.999434492371254919e+02 1.799999989415640869e+02
1.380000000000002203e+01 7.999434492371254919e+02 1.799999989415640869e+02
1.395000000000002238e+01 7.999434492371254919e+02 1.799999989415640869e+02
1.410000000000002274e+01 7.999434492371254919e+02 1.799999989415640869e+02
1.425000000000002309e+01 7.999434492371254919e+02 1.799999989415640869e+02
1.440000000000002345e+01 7.999434492371254919e+02 1.799999989415640869e+02
1.455000000000002380e+01 7.999434492371254919e+02 1.799999989415640869e+02
1.470000000000002416e+01 7.999434492371254919e+02 1.799999989415640869e+02
1.485000000000002451e+01 7.999434492371254919e+02 1.799999989415640869e+02
1.500000000000002487e+01 7.999434492371254919e+02 1.799999989415640869e+02
1.515000000000002522e+01 7.999434492371254919e+02 1.799999989415640869e+02
1.530000000000002558e+01 7.999434492371254919e+02 1.799999989415640869e+02
1.545000000000002593e+01 7.999434492371254919e+02 1.799999989415640869e+02
1.560000000000002629e+01 7.999434492371254919e+02 1.799999989415640869e+02
1.575000000000002665e+01 7.999434492371254919e+02 1.799999989415640869e+02
1.590000000000002700e+01 7.999434492371254919e+02 1.799999989415640869e+02
