1.499999999999999944e-01 7.998134004892202711e+02 1.799994707672966285e+02
2.999999999999999889e-01 7.998134004892202711e+02 1.799994707672966285e+02
4.499999999999999556e-01 7.998134004892202711e+02 1.799994707672966285e+02
5.999999999999999778e-01 7.998134004892202711e+02 1.799994707672966285e+02
7.500000000000000000e-01 7.998134004892202711e+02 1.799994707672966285e+02
9.000000000000000222e-01 7.998134004892202711e+02 1.799994707672966285e+02
1.050000000000000044e+00 7.998134004892202711e+02 1.799994707672966285e+02
1.199999999999999956e+00 7.998134004892202711e+02 1.799994707672966285e+02
1.349999999999999867e+00 7.998134004892202711e+02 1.799994707672966285e+02
1.499999999999999778e+00 7.998134004892202711e+02 1.799994707672966285e+02
1.649999999999999689e+00 7.998134004892202711e+02 1.799994707672966285e+02
1.799999999999999600e+00 7.998134004892202711e+02 1.799994707672966285e+02
1.949999999999999512e+00 7.998134004892202711e+02 1.799994707672966285e+02
2.099999999999999645e+00 7.999103628320112875e+02 1.799994712227816080e+02
2.249999999999999556e+00 7.999103628320112875e+02 1.799994712227816080e+02
2.399999999999999467e+00 7.999103628320112875e+02 1.799994712227816080e+02
2.549999999999999378e+00 7.999103628320112875e+02 1.799994712227816080e+02
2.699999999999999289e+00 7.999103628320112875e+02 1.799994712227816080e+02
2.849999999999999201e+00 7.999103628320112875e+02 1.799994712227816080e+02
2.999999999999999112e+00 7.999103628320112875e+02 1.799994712227816080e+02
3.149999999999999023e+00 7.999103628320112875e+02 1.799994712227816080e+02
3.299999999999998934e+00 7.999103628320112875e+02 1.799994712227816080e+02
3.449999999999998845e+00 7.999103628320112875e+02 1.799994712227816080e+02
3.599999999999998757e+00 7.999103628320112875e+02 1.799994712227816080e+02
3.749999999999998668e+00 7.999103628320112875e+02 1.799994712227816080e+02
3.899999999999998579e+00 7.999103628320112875e+02 1.799994712227816080e+02
4.049999999999998934e+00 4.507505987711662101e+02 1.799994716220315638e+02
4.199999999999999289e+00 2.298256122996051261e+02 1.799994721390260963e+02
4.349999999999999645e+00 8.243298551835091814e+01 1.799994771707713994e+02
4.500000000000000000e+00 3.399393444742337067e+01 1.799994888200289722e+02
4.650000000000000355e+00 1.391458174632594336e+01 1.799995165832636417e+02
4.800000000000000711e+00 6.228586001144506668e+00 1.799995767544780279e+02
4.950000000000001066e+00 3.207432315322279237e+00 1.799996794404286220e+02
5.100000000000001421e+00 2.030597808251826564e+00 1.799998018143286060e+02
5.250000000000001776e+00 1.570751617009761958e+00 1.799998999650935048e+02
5.400000000000002132e+00 1.391258586477761128e+00 1.799999558938138478e+02
5.550000000000002487e+00 1.321170869729144215e+00 1.799999818286668472e+02
5.700000000000002842e+00 1.293806723952400262e+00 1.799999927538788995e+02
5.850000000000003197e+00 1.283122560182505367e+00 1.799999971467970283e+02
6.000000000000003553e+00 1.278951060697124831e+00 1.799999988800643109e+02
6.150000000000003908e+00 1.277322356735623998e+00 1.799999995621018911e+02
6.300000000000004263e+00 1.276686490660949858e+00 1.799999998289133885e+02
6.450000000000004619e+00 1.276438336881142277e+00 1.799999999330507876e+02
6.600000000000004974e+00 1.276341738850703678e+00 1.799999999738541590e+02
6.750000000000005329e+00 1.276304768634247466e+00 1.799999999897894725e+02
6.900000000000005684e+00 1.276292243436898843e+00 1.799999999960051866e+02
7.050000000000006040e+00 1.276292243377895375e+00 1.799999999984400461e+02
7.200000000000006395e+00 1.276304768663749201e+00 1.799999999993909228e+02
7.350000000000006750e+00 1.276341738939208881e+00 1.799999999997616555e+02
7.500000000000007105e+00 1.276438337087654418e+00 1.799999999999070610e+02
7.650000000000007461e+00 1.276686491191981077e+00 1.799999999999636486e+02
7.800000000000007816e+00 1.277322358122205515e+00 1.799999999999857607e+02
7.950000000000008171e+00 1.278951064237332957e+00 1.799999999999945715e+02
8.100000000000008527e+00 1.283122569387046497e+00 1.799999999999977547e+02
8.250000000000008882e+00 1.293806747465282569e+00 1.799999999999989484e+02
8.400000000000009237e+00 1.321170930060191040e+00 1.799999999999994316e+02
8.550000000000009592e+00 1.391258741007845856e+00 1.799999999999993463e+02
8.700000000000009948e+00 1.570752012687023580e+00 1.799999999999986358e+02
8.850000000000010303e+00 2.030598822034676232e+00 1.799999999999974705e+02
9.000000000000010658e+00 3.207434908989384326e+00 1.799999999999960494e+02
9.150000000000011013e+00 6.228592664926203781e+00 1.799999999999945430e+02
9.300000000000011369e+00 1.391459866052213101e+01 1.799999999999937188e+02
9.450000000000011724e+00 3.399397893779971014e+01 1.799999999999934630e+02
9.600000000000012079e+00 8.243309063978783513e+01 1.799999999999932072e+02
9.750000000000012434e+00 2.298259515437288769e+02 1.799999999999931504e+02
9.900000000000012790e+00 4.507510175418466360e+02 1.799999999999930651e+02
1.005000000000001315e+01 7.999124060904840690e+02 1.799999999999930935e+02
1.020000000000001350e+01 7.999124060904840690e+02 1.799999999999930935e+02
1.035000000000001386e+01 7.999124060904840690e+02 1.799999999999930935e+02
1.050000000000001421e+01 7.999124060904840690e+02 1.799999999999930935e+02
1.065000000000001457e+01 7.999124060904840690e+02 1.799999999999930935e+02
1.080000000000001492e+01 7.999124060904840690e+02 1.799999999999930935e+02
1.095000000000001528e+01 7.999124060904840690e+02 1.799999999999930935e+02
1.110000000000001563e+01 7.999124060904840690e+02 1.799999999999930935e+02
1.125000000000001599e+01 7.999124060904840690e+02 1.799999999999930935e+02
1.140000000000001634e+01 7.999124060904840690e+02 1.799999999999930935e+02
1.155000000000001670e+01 7.999124060904840690e+02 1.799999999999930935e+02
1.170000000000001705e+01 7.999124060904840690e+02 1.799999999999930935e+02
1.185000000000001741e+01 7.999124060904840690e+02 1.799999999999930935e+02
1.200000000000001776e+01 7.999124060904840690e+02 1.799999999999930935e+02
1.215000000000001812e+01 7.999124060904840690e+02 1.799999999999930935e+02
1.230000000000001847e+01 7.999124060904840690e+02 1.799999999999930935e+02
1.245000000000001883e+01 7.999124060904840690e+02 1.799999999999930935e+02
1.260000000000001918e+01 7.999124060904840690e+02 1.799999999999930935e+02
1.275000000000001954e+01 7.999124060904840690e+02 1.799999999999930935e+02
1.290000000000001990e+01 7.999124060904840690e+02 1.799999999999930935e+02
1.305000000000002025e+01 7.998176540409131121e+02 1.799999999999930651e+02
1.320000000000002061e+01 7.998176540409131121e+02 1.799999999999930651e+02
1.335000000000002096e+01 7.998176540409131121e+02 1.799999999999930651e+02
1.350000000000002132e+01 7.998176540409131121e+02 1.799999999999930651e+02
1.365000000000002167e+01 7.998176540409131121e+02 1.799999999999930651e+02
1.380000000000002203e+01 7.998176540409131121e+02 1.799999999999930651e+02
1.395000000000002238e+01 7.998176540409131121e+02 1.799999999999930651e+02
1.410000000000002274e+01 7.998176540409131121e+02 1.799999999999930651e+02
1.425000000000002309e+01 7.998176540409131121e+02 1.799999999999930651e+02
1.440000000000002345e+01 7.998176540409131121e+02 1.799999999999930651e+02
1.455000000000002380e+01 7.998176540409131121e+02 1.799999999999930651e+02
1.470000000000002416e+01 7.998176540409131121e+02 1.799999999999930651e+02
1.485000000000002451e+01 7.998176540409131121e+02 1.799999999999930651e+02
1.500000000000002487e+01 7.998176540409131121e+02 1.799999999999930651e+02
1.515000000000002522e+01 7.998176540409131121e+02 1.799999999999930651e+02
1.530000000000002558e+01 7.998176540409131121e+02 1.799999999999930651e+02
1.545000000000002593e+01 7.998176540409131121e+02 1.799999999999930651e+02
1.560000000000002629e+01 7.998176540409131121e+02 1.799999999999930651e+02
1.575000000000002665e+01 7.998176540409131121e+02 1.799999999999930651e+02
1.590000000000002700e+01 7.998176540409131121e+02 1.799999999999930651e+02
