1.499999999999999944e-01 7.999946412071709574e+02 7.792439718146138006e-05
2.999999999999999889e-01 7.999946412071709574e+02 7.792439718146138006e-05
4.499999999999999556e-01 7.999946412071709574e+02 7.792439718146138006e-05
5.999999999999999778e-01 7.999946412071709574e+02 7.792439718146138006e-05
7.500000000000000000e-01 7.999946412071709574e+02 7.792439718146138006e-05
9.000000000000000222e-01 7.999946412071709574e+02 7.792439718146138006e-05
1.050000000000000044e+00 7.999946412071709574e+02 7.792439718146138006e-05
1.199999999999999956e+00 7.999946412071709574e+02 7.792439718146138006e-05
1.349999999999999867e+00 7.999946412071709574e+02 7.792439718146138006e-05
1.499999999999999778e+00 7.999946412071709574e+02 7.792439718146138006e-05
1.649999999999999689e+00 7.999946412071709574e+02 7.792439718146138006e-05
1.799999999999999600e+00 7.999946412071709574e+02 7.792439718146138006e-05
1.949999999999999512e+00 7.999946412071709574e+02 7.792439718146138006e-05
2.099999999999999645e+00 7.999983816498464648e+02 7.788025558574940277e-05
2.249999999999999556e+00 7.999983816498464648e+02 7.788025558574940277e-05
2.399999999999999467e+00 7.999983816498464648e+02 7.788025558574940277e-05
2.549999999999999378e+00 7.999983816498464648e+02 7.788025558574940277e-05
2.699999999999999289e+00 7.999983816498464648e+02 7.788025558574940277e-05
2.849999999999999201e+00 7.999983816498464648e+02 7.788025558574940277e-05
2.999999999999999112e+00 7.999983816498464648e+02 7.788025558574940277e-05
3.149999999999999023e+00 7.999983816498464648e+02 7.788025558574940277e-05
3.299999999999998934e+00 7.999983816498464648e+02 7.788025558574940277e-05
3.449999999999998845e+00 7.999983816498464648e+02 7.788025558574940277e-05
3.599999999999998757e+00 7.999983816498464648e+02 7.788025558574940277e-05
3.749999999999998668e+00 7.999983816498464648e+02 7.788025558574940277e-05
3.899999999999998579e+00 7.999983816498464648e+02 7.788025558574940277e-05
4.049999999999998934e+00 4.957944577949552922e+02 7.795671733312747875e-05
4.199999999999999289e+00 3.452513256233303309e+02 7.826317579573416339e-05
4.349999999999999645e+00 1.925607998185526810e+02 7.868852290082717360e-05
4.500000000000000000e+00 1.199317100920352459e+02 7.934380357133008488e-05
4.650000000000000355e+00 7.393662261311412465e+01 8.057607560607582542e-05
4.800000000000000711e+00 4.565948678162784091e+01 8.234368704984618148e-05
4.950000000000001066e+00 2.785130477627172496e+01 8.528490631121155019e-05
5.100000000000001421e+00 1.662540326506897870e+01 9.051225552381136907e-05
5.250000000000001776e+00 9.532545864614149878e+00 9.985561931968867100e-05
5.400000000000002132e+00 5.049348617325662758e+00 1.192601389045089277e-04
5.550000000000002487e+00 2.214930376929288514e+00 1.723016065687810183e-04
5.700000000000002842e+00 4.227019682018635649e-01 5.711845645498536683e-04
5.850000000000003197e+00 7.108002700282440856e-01 1.799997851066428893e+02
6.000000000000003553e+00 1.428088809578099472e+00 1.799999322151549279e+02
6.150000000000003908e+00 1.882635988709012054e+00 1.799999674704583299e+02
6.300000000000004263e+00 2.171703294413532603e+00 1.799999821598236167e+02
6.450000000000004619e+00 2.357146806126650063e+00 1.799999895833818186e+02
6.600000000000004974e+00 2.478650082095015250e+00 1.799999937331097613e+02
6.750000000000005329e+00 2.562214588087755374e+00 1.799999961646472855e+02
6.900000000000005684e+00 2.625723280220825018e+00 1.799999976281665681e+02
7.050000000000006040e+00 2.682767310311902520e+00 1.799999985314024968e+02
7.200000000000006395e+00 2.745554495792916327e+00 1.799999990921627671e+02
7.350000000000006750e+00 2.827521877409949980e+00 1.799999994413458353e+02
7.500000000000007105e+00 2.946211475208286856e+00 1.799999996608153197e+02
7.650000000000007461e+00 3.127024805341136471e+00 1.799999997978285364e+02
7.800000000000007816e+00 3.408660045911759084e+00 1.799999998824615091e+02
7.950000000000008171e+00 3.851396538201555586e+00 1.799999999341875423e+02
8.100000000000008527e+00 4.550002587092563999e+00 1.799999999647545224e+02
8.250000000000008882e+00 5.654038056891039332e+00 1.799999999820201708e+02
8.400000000000009237e+00 7.399922476297305707e+00 1.799999999913022464e+02
8.550000000000009592e+00 1.016172970945230958e+01 1.799999999959846662e+02
8.700000000000009948e+00 1.453181134575073585e+01 1.799999999982106260e+02
8.850000000000010303e+00 2.145001815687635016e+01 1.799999999992217568e+02
9.000000000000010658e+00 3.241002309983994678e+01 1.799999999996616964e+02
9.150000000000011013e+00 4.982214062514280073e+01 1.799999999998471480e+02
9.300000000000011369e+00 7.752977870262866134e+01 1.799999999999235740e+02
9.450000000000011724e+00 1.227466129021009635e+02 1.799999999999546105e+02
9.600000000000012079e+00 1.944135156151740773e+02 1.799999999999662919e+02
9.750000000000012434e+00 3.459976166397835300e+02 1.799999999999707256e+02
9.900000000000012790e+00 4.958575128100495135e+02 1.799999999999718625e+02
1.005000000000001315e+01 7.999983969834703430e+02 1.799999999999719478e+02
1.020000000000001350e+01 7.999983969834703430e+02 1.799999999999719478e+02
1.035000000000001386e+01 7.999983969834703430e+02 1.799999999999719478e+02
1.050000000000001421e+01 7.999983969834703430e+02 1.799999999999719478e+02
1.065000000000001457e+01 7.999983969834703430e+02 1.799999999999719478e+02
1.080000000000001492e+01 7.999983969834703430e+02 1.799999999999719478e+02
1.095000000000001528e+01 7.999983969834703430e+02 1.799999999999719478e+02
1.110000000000001563e+01 7.999983969834703430e+02 1.799999999999719478e+02
1.125000000000001599e+01 7.999983969834703430e+02 1.799999999999719478e+02
1.140000000000001634e+01 7.999983969834703430e+02 1.799999999999719478e+02
1.155000000000001670e+01 7.999983969834703430e+02 1.799999999999719478e+02
1.170000000000001705e+01 7.999983969834703430e+02 1.799999999999719478e+02
1.185000000000001741e+01 7.999983969834703430e+02 1.799999999999719478e+02
1.200000000000001776e+01 7.999983969834703430e+02 1.799999999999719478e+02
1.215000000000001812e+01 7.999983969834703430e+02 1.799999999999719478e+02
1.230000000000001847e+01 7.999983969834703430e+02 1.799999999999719478e+02
1.245000000000001883e+01 7.999983969834703430e+02 1.799999999999719478e+02
1.260000000000001918e+01 7.999983969834703430e+02 1.799999999999719478e+02
1.275000000000001954e+01 7.999983969834703430e+02 1.799999999999719478e+02
1.290000000000001990e+01 7.999983969834703430e+02 1.799999999999719478e+02
1.305000000000002025e+01 7.999946890990745487e+02 1.799999999999720615e+02
1.320000000000002061e+01 7.999946890990745487e+02 1.799999999999720615e+02
1.335000000000002096e+01 7.999946890990745487e+02 1.799999999999720615e+02
1.350000000000002132e+01 7.999946890990745487e+02 1.799999999999720615e+02
1.365000000000002167e+01 7.999946890990745487e+02 1.799999999999720615e+02
1.380000000000002203e+01 7.999946890990745487e+02 1.799999999999720615e+02
1.395000000000002238e+01 7.999946890990745487e+02 1.799999999999720615e+02
1.410000000000002274e+01 7.999946890990745487e+02 1.799999999999720615e+02
1.425000000000002309e+01 7.999946890990745487e+02 1.799999999999720615e+02
1.440000000000002345e+01 7.999946890990745487e+02 1.799999999999720615e+02
1.455000000000002380e+01 7.999946890990745487e+02 1.799999999999720615e+02
1.470000000000002416e+01 7.999946890990745487e+02 1.799999999999720615e+02
1.485000000000002451e+01 7.999946890990745487e+02 1.799999999999720615e+02
1.500000000000002487e+01 7.999946890990745487e+02 1.799999999999720615e+02
1.515000000000002522e+01 7.999946890990745487e+02 1.799999999999720615e+02
1.530000000000002558e+01 7.999946890990745487e+02 1.799999999999720615e+02
1.545000000000002593e+01 7.999946890990745487e+02 1.799999999999720615e+02
1.560000000000002629e+01 7.999946890990745487e+02 1.799999999999720615e+02
1.575000000000002665e+01 7.999946890990745487e+02 1.799999999999720615e+02
1.590000000000002700e+01 7.999946890990745487e+02 1.799999999999720615e+02
