1.499999999999999944e-01 7.999978381247751713e+02 1.324654916856626841e-05
2.999999999999999889e-01 7.999978381247751713e+02 1.324654916856626841e-05
4.499999999999999556e-01 7.999978381247751713e+02 1.324654916856626841e-05
5.999999999999999778e-01 7.999978381247751713e+02 1.324654916856626841e-05
7.500000000000000000e-01 7.999978381247751713e+02 1.324654916856626841e-05
9.000000000000000222e-01 7.999978381247751713e+02 1.324654916856626841e-05
1.050000000000000044e+00 7.999978381247751713e+02 1.324654916856626841e-05
1.199999999999999956e+00 7.999978381247751713e+02 1.324654916856626841e-05
1.349999999999999867e+00 7.999978381247751713e+02 1.324654916856626841e-05
1.499999999999999778e+00 7.999978381247751713e+02 1.324654916856626841e-05
1.649999999999999689e+00 7.999978381247751713e+02 1.324654916856626841e-05
1.799999999999999600e+00 7.999978381247751713e+02 1.324654916856626841e-05
1.949999999999999512e+00 7.999978381247751713e+02 1.324654916856626841e-05
2.099999999999999645e+00 7.999994201705501382e+02 1.323340537595640853e-05
2.249999999999999556e+00 7.999994201705501382e+02 1.323340537595640853e-05
2.399999999999999467e+00 7.999994201705501382e+02 1.323340537595640853e-05
2.549999999999999378e+00 7.999994201705501382e+02 1.323340537595640853e-05
2.699999999999999289e+00 7.999994201705501382e+02 1.323340537595640853e-05
2.849999999999999201e+00 7.999994201705501382e+02 1.323340537595640853e-05
2.999999999999999112e+00 7.999994201705501382e+02 1.323340537595640853e-05
3.149999999999999023e+00 7.999994201705501382e+02 1.323340537595640853e-05
3.299999999999998934e+00 7.999994201705501382e+02 1.323340537595640853e-05
3.449999999999998845e+00 7.999994201705501382e+02 1.323340537595640853e-05
3.599999999999998757e+00 7.999994201705501382e+02 1.323340537595640853e-05
3.749999999999998668e+00 7.999994201705501382e+02 1.323340537595640853e-05
3.899999999999998579e+00 7.999994201705501382e+02 1.323340537595640853e-05
4.049999999999998934e+00 5.014638677860608027e+02 1.324866190477447248e-05
4.199999999999999289e+00 3.719134832451480293e+02 1.331897045453445116e-05
4.349999999999999645e+00 2.331422806654869930e+02 1.339481236273254439e-05
4.500000000000000000e+00 1.659020993717824126e+02 1.350023378254849860e-05
4.650000000000000355e+00 1.196993939333536900e+02 1.369369748327464720e-05
4.800000000000000711e+00 8.777711374818061074e+01 1.390931155043073630e-05
4.950000000000001066e+00 6.462939763466874865e+01 1.421538933810140293e-05
5.100000000000001421e+00 4.755196947547243269e+01 1.470052989882564276e-05
5.250000000000001776e+00 3.480366466029087036e+01 1.536128997070562718e-05
5.400000000000002132e+00 2.522678395167993060e+01 1.638087771704821449e-05
5.550000000000002487e+00 1.800385906784336143e+01 1.807713797119525623e-05
5.700000000000002842e+00 1.254070343539376253e+01 2.089078859257575971e-05
5.850000000000003197e+00 8.396848017463298675e+00 2.607206054783262061e-05
6.000000000000003553e+00 5.241786626837864560e+00 3.689328328526642053e-05
6.150000000000003908e+00 2.825261351515777619e+00 6.449637739047719975e-05
6.300000000000004263e+00 9.560970493350282595e-01 1.936412191141378969e-04
6.450000000000004619e+00 5.134199937396033420e-01 1.799996048786832148e+02
6.600000000000004974e+00 1.699389749032661712e+00 1.799998612755821057e+02
6.750000000000005329e+00 2.695523971999421065e+00 1.799998936051837859e+02
6.900000000000005684e+00 3.580562207168739519e+00 1.799998992390517571e+02
7.050000000000006040e+00 4.424495860325421859e+00 1.799998956174199520e+02
7.200000000000006395e+00 5.294104328237494883e+00 1.799998869604129368e+02
7.350000000000006750e+00 6.258247200609119432e+00 1.799998748896467475e+02
7.500000000000007105e+00 7.393338492513962024e+00 1.799998611793616021e+02
7.650000000000007461e+00 8.789450177321754154e+00 1.799998465461877970e+02
7.800000000000007816e+00 1.055755786330021095e+01 1.799998314591292399e+02
7.950000000000008171e+00 1.283856583277454533e+01 1.799998174205813086e+02
8.100000000000008527e+00 1.581496340734864248e+01 1.799998046228414808e+02
8.250000000000008882e+00 1.972633683755460510e+01 1.799997929260542548e+02
8.400000000000009237e+00 2.489063202770260119e+01 1.799997834435348523e+02
8.550000000000009592e+00 3.173437104888981253e+01 1.799997757006730410e+02
8.700000000000009948e+00 4.083760013558426749e+01 1.799997690267996120e+02
8.850000000000010303e+00 5.300569514549646044e+01 1.799997643211536342e+02
9.000000000000010658e+00 6.938997191994675973e+01 1.799997608406194729e+02
9.150000000000011013e+00 9.173600779875155808e+01 1.799997578037560686e+02
9.300000000000011369e+00 1.227701014460571400e+02 1.799997561710453340e+02
9.450000000000011724e+00 1.680406169283538702e+02 1.799997552084274730e+02
9.600000000000012079e+00 2.343867077746268137e+02 1.799997541944177044e+02
9.750000000000012434e+00 3.723431352904636924e+02 1.799997542025169253e+02
9.900000000000012790e+00 5.014932196408181539e+02 1.799997543686667996e+02
1.005000000000001315e+01 7.999994183028160251e+02 1.799997542847712850e+02
1.020000000000001350e+01 7.999994183028160251e+02 1.799997542847712850e+02
1.035000000000001386e+01 7.999994183028160251e+02 1.799997542847712850e+02
1.050000000000001421e+01 7.999994183028160251e+02 1.799997542847712850e+02
1.065000000000001457e+01 7.999994183028160251e+02 1.799997542847712850e+02
1.080000000000001492e+01 7.999994183028160251e+02 1.799997542847712850e+02
1.095000000000001528e+01 7.999994183028160251e+02 1.799997542847712850e+02
1.110000000000001563e+01 7.999994183028160251e+02 1.799997542847712850e+02
1.125000000000001599e+01 7.999994183028160251e+02 1.799997542847712850e+02
1.140000000000001634e+01 7.999994183028160251e+02 1.799997542847712850e+02
1.155000000000001670e+01 7.999994183028160251e+02 1.799997542847712850e+02
1.170000000000001705e+01 7.999994183028160251e+02 1.799997542847712850e+02
1.185000000000001741e+01 7.999994183028160251e+02 1.799997542847712850e+02
1.200000000000001776e+01 7.999994183028160251e+02 1.799997542847712850e+02
1.215000000000001812e+01 7.999994183028160251e+02 1.799997542847712850e+02
1.230000000000001847e+01 7.999994183028160251e+02 1.799997542847712850e+02
1.245000000000001883e+01 7.999994183028160251e+02 1.799997542847712850e+02
1.260000000000001918e+01 7.999994183028160251e+02 1.799997542847712850e+02
1.275000000000001954e+01 7.999994183028160251e+02 1.799997542847712850e+02
1.290000000000001990e+01 7.999994183028160251e+02 1.799997542847712850e+02
1.305000000000002025e+01 7.999978304647567029e+02 1.799997546206218431e+02
1.320000000000002061e+01 7.999978304647567029e+02 1.799997546206218431e+02
1.335000000000002096e+01 7.999978304647567029e+02 1.799997546206218431e+02
1.350000000000002132e+01 7.999978304647567029e+02 1.799997546206218431e+02
1.365000000000002167e+01 7.999978304647567029e+02 1.799997546206218431e+02
1.380000000000002203e+01 7.999978304647567029e+02 1.799997546206218431e+02
1.395000000000002238e+01 7.999978304647567029e+02 1.799997546206218431e+02
1.410000000000002274e+01 7.999978304647567029e+02 1.799997546206218431e+02
1.425000000000002309e+01 7.999978304647567029e+02 1.799997546206218431e+02
1.440000000000002345e+01 7.999978304647567029e+02 1.799997546206218431e+02
1.455000000000002380e+01 7.999978304647567029e+02 1.799997546206218431e+02
1.470000000000002416e+01 7.999978304647567029e+02 1.799997546206218431e+02
1.485000000000002451e+01 7.999978304647567029e+02 1.799997546206218431e+02
1.500000000000002487e+01 7.999978304647567029e+02 1.799997546206218431e+02
1.515000000000002522e+01 7.999978304647567029e+02 1.799997546206218431e+02
1.530000000000002558e+01 7.999978304647567029e+02 1.799997546206218431e+02
1.545000000000002593e+01 7.999978304647567029e+02 1.799997546206218431e+02
1.560000000000002629e+01 7.999978304647567029e+02 1.799997546206218431e+02
1.575000000000002665e+01 7.999978304647567029e+02 1.799997546206218431e+02
1.590000000000002700e+01 7.999978304647567029e+02 1.799997546206218431e+02
