1.499999999999999944e-01 7.999436210780340843e+02 9.872103134966891957e-12
2.999999999999999889e-01 7.999436210780340843e+02 9.872103134966891957e-12
4.499999999999999556e-01 7.999436210780340843e+02 9.872103134966891957e-12
5.999999999999999778e-01 7.999436210780340843e+02 9.872103134966891957e-12
7.500000000000000000e-01 7.999436210780340843e+02 9.872103134966891957e-12
9.000000000000000222e-01 7.999436210780340843e+02 9.872103134966891957e-12
1.050000000000000044e+00 7.999436210780340843e+02 9.872103134966891957e-12
1.199999999999999956e+00 7.999436210780340843e+02 9.872103134966891957e-12
1.349999999999999867e+00 7.999436210780340843e+02 9.872103134966891957e-12
1.499999999999999778e+00 7.999436210780340843e+02 9.872103134966891957e-12
1.649999999999999689e+00 7.999436210780340843e+02 9.872103134966891957e-12
1.799999999999999600e+00 7.999436210780340843e+02 9.872103134966891957e-12
1.949999999999999512e+00 7.999436210780340843e+02 9.872103134966891957e-12
2.099999999999999645e+00 7.999767896567220760e+02 9.895306796181557729e-12
2.249999999999999556e+00 7.999767896567220760e+02 9.895306796181557729e-12
2.399999999999999467e+00 7.999767896567220760e+02 9.895306796181557729e-12
2.549999999999999378e+00 7.999767896567220760e+02 9.895306796181557729e-12
2.699999999999999289e+00 7.999767896567220760e+02 9.895306796181557729e-12
2.849999999999999201e+00 7.999767896567220760e+02 9.895306796181557729e-12
2.999999999999999112e+00 7.999767896567220760e+02 9.895306796181557729e-12
3.149999999999999023e+00 7.999767896567220760e+02 9.895306796181557729e-12
3.299999999999998934e+00 7.999767896567220760e+02 9.895306796181557729e-12
3.449999999999998845e+00 7.999767896567220760e+02 9.895306796181557729e-12
3.599999999999998757e+00 7.999767896567220760e+02 9.895306796181557729e-12
3.749999999999998668e+00 7.999767896567220760e+02 9.895306796181557729e-12
3.899999999999998579e+00 7.999767896567220760e+02 9.895306796181557729e-12
4.049999999999998934e+00 4.712200529428706091e+02 9.924616684031661862e-12
4.199999999999999289e+00 2.696156385879909294e+02 9.868772465893016488e-12
4.349999999999999645e+00 1.117362241067085051e+02 9.860556815510790329e-12
4.500000000000000000e+00 5.184230756779021476e+01 9.800715794483494392e-12
4.650000000000000355e+00 2.325755239827181242e+01 9.729328454000096826e-12
4.800000000000000711e+00 1.049710964230522592e+01 1.025246554320347059e-11
4.950000000000001066e+00 4.679619525962664284e+00 1.093036772203959117e-11
5.100000000000001421e+00 2.043846989520517354e+00 1.430344731545574177e-11
5.250000000000001776e+00 8.472910790986816210e-01 3.123212799494012870e-11
5.400000000000002132e+00 3.044152542529445782e-01 1.352458145476020945e-10
5.550000000000002487e+00 5.806784038850310026e-02 1.430317531081470861e-09
5.700000000000002842e+00 5.371398670013149967e-02 1.799999999966600512e+02
5.850000000000003197e+00 1.044367377953676623e-01 1.799999999962321340e+02
6.000000000000003553e+00 1.274530818400307908e-01 1.799999999932008734e+02
6.150000000000003908e+00 1.378976733831223100e-01 1.799999999861625781e+02
6.300000000000004263e+00 1.426384293372393586e-01 1.799999999705393350e+02
6.450000000000004619e+00 1.447926731239022047e-01 1.799999999360348397e+02
6.600000000000004974e+00 1.457769463327167614e-01 1.799999998600793276e+02
6.750000000000005329e+00 1.462384658011615102e-01 1.799999996928212624e+02
6.900000000000005684e+00 1.464807064303386142e-01 1.799999993240909077e+02
7.050000000000006040e+00 1.466629565807124891e-01 1.799999985132780296e+02
7.200000000000006395e+00 1.469050563096061524e-01 1.799999967311506737e+02
7.350000000000006750e+00 1.473662000439617259e-01 1.799999928179285007e+02
7.500000000000007105e+00 1.483496162863957579e-01 1.799999842875952822e+02
7.650000000000007461e+00 1.505019589812945924e-01 1.799999658910463438e+02
7.800000000000007816e+00 1.552385181366844336e-01 1.799999271168651376e+02
7.950000000000008171e+00 1.656738588799271383e-01 1.799998495978529434e+02
8.100000000000008527e+00 1.886698159280513210e-01 1.799997091379999574e+02
8.250000000000008882e+00 2.393476387139799044e-01 1.799994946683261503e+02
8.400000000000009237e+00 3.510304703727342712e-01 1.799992411752480450e+02
8.550000000000009592e+00 5.971597964419288473e-01 1.799990176188902069e+02
8.700000000000009948e+00 1.139555382762239333e+00 1.799988654012339566e+02
8.850000000000010303e+00 2.335054728512290012e+00 1.799987804720639986e+02
9.000000000000010658e+00 4.968507997876656646e+00 1.799987380229395058e+02
9.150000000000011013e+00 1.078092736139328878e+01 1.799987172135102185e+02
9.300000000000011369e+00 2.353041678461291752e+01 1.799987084901948435e+02
9.450000000000011724e+00 5.209188612972894106e+01 1.799987049432318145e+02
9.600000000000012079e+00 1.119396841662201325e+02 1.799987028075702540e+02
9.750000000000012434e+00 2.697314686392930412e+02 1.799987028311608128e+02
9.900000000000012790e+00 4.712377306567422011e+02 1.799987031168483043e+02
1.005000000000001315e+01 7.999765288587349232e+02 1.799987029652459967e+02
1.020000000000001350e+01 7.999765288587349232e+02 1.799987029652459967e+02
1.035000000000001386e+01 7.999765288587349232e+02 1.799987029652459967e+02
1.050000000000001421e+01 7.999765288587349232e+02 1.799987029652459967e+02
1.065000000000001457e+01 7.999765288587349232e+02 1.799987029652459967e+02
1.080000000000001492e+01 7.999765288587349232e+02 1.799987029652459967e+02
1.095000000000001528e+01 7.999765288587349232e+02 1.799987029652459967e+02
1.110000000000001563e+01 7.999765288587349232e+02 1.799987029652459967e+02
1.125000000000001599e+01 7.999765288587349232e+02 1.799987029652459967e+02
1.140000000000001634e+01 7.999765288587349232e+02 1.799987029652459967e+02
1.155000000000001670e+01 7.999765288587349232e+02 1.799987029652459967e+02
1.170000000000001705e+01 7.999765288587349232e+02 1.799987029652459967e+02
1.185000000000001741e+01 7.999765288587349232e+02 1.799987029652459967e+02
1.200000000000001776e+01 7.999765288587349232e+02 1.799987029652459967e+02
1.215000000000001812e+01 7.999765288587349232e+02 1.799987029652459967e+02
1.230000000000001847e+01 7.999765288587349232e+02 1.799987029652459967e+02
1.245000000000001883e+01 7.999765288587349232e+02 1.799987029652459967e+02
1.260000000000001918e+01 7.999765288587349232e+02 1.799987029652459967e+02
1.275000000000001954e+01 7.999765288587349232e+02 1.799987029652459967e+02
1.290000000000001990e+01 7.999765288587349232e+02 1.799987029652459967e+02
1.305000000000002025e+01 7.999429829927835272e+02 1.799987035311401087e+02
1.320000000000002061e+01 7.999429829927835272e+02 1.799987035311401087e+02
1.335000000000002096e+01 7.999429829927835272e+02 1.799987035311401087e+02
1.350000000000002132e+01 7.999429829927835272e+02 1.799987035311401087e+02
1.365000000000002167e+01 7.999429829927835272e+02 1.799987035311401087e+02
1.380000000000002203e+01 7.999429829927835272e+02 1.799987035311401087e+02
1.395000000000002238e+01 7.999429829927835272e+02 1.799987035311401087e+02
1.410000000000002274e+01 7.999429829927835272e+02 1.799987035311401087e+02
1.425000000000002309e+01 7.999429829927835272e+02 1.799987035311401087e+02
1.440000000000002345e+01 7.999429829927835272e+02 1.799987035311401087e+02
1.455000000000002380e+01 7.999429829927835272e+02 1.799987035311401087e+02
1.470000000000002416e+01 7.999429829927835272e+02 1.799987035311401087e+02
1.485000000000002451e+01 7.999429829927835272e+02 1.799987035311401087e+02
1.500000000000002487e+01 7.999429829927835272e+02 1.799987035311401087e+02
1.515000000000002522e+01 7.999429829927835272e+02 1.799987035311401087e+02
1.530000000000002558e+01 7.999429829927835272e+02 1.799987035311401087e+02
1.545000000000002593e+01 7.999429829927835272e+02 1.799987035311401087e+02
1.560000000000002629e+01 7.999429829927835272e+02 1.799987035311401087e+02
1.575000000000002665e+01 7.999429829927835272e+02 1.799987035311401087e+02
1.590000000000002700e+01 7.999429829927835272e+02 1.799987035311401087e+02
