1.499999999999999944e-01 7.999992403342333773e+02 1.633661965862989973e+01
2.999999999999999889e-01 7.999992403342333773e+02 1.633661965862989973e+01
4.499999999999999556e-01 7.999992403342333773e+02 1.633661965862989973e+01
5.999999999999999778e-01 7.999992403342333773e+02 1.633661965862989973e+01
7.500000000000000000e-01 7.999992403342333773e+02 1.633661965862989973e+01
9.000000000000000222e-01 7.999992403342333773e+02 1.633661965862989973e+01
1.050000000000000044e+00 7.999992403342333773e+02 1.633661965862989973e+01
1.199999999999999956e+00 7.999992403342333773e+02 1.633661965862989973e+01
1.349999999999999867e+00 7.999992403342333773e+02 1.633661965862989973e+01
1.499999999999999778e+00 7.999992403342333773e+02 1.633661965862989973e+01
1.649999999999999689e+00 7.999992403342333773e+02 1.633661965862989973e+01
1.799999999999999600e+00 7.999992403342333773e+02 1.633661965862989973e+01
1.949999999999999512e+00 7.999992403342333773e+02 1.633661965862989973e+01
2.099999999999999645e+00 7.999998223314995585e+02 1.635621276391842116e+01
2.249999999999999556e+00 7.999998223314995585e+02 1.635621276391842116e+01
2.399999999999999467e+00 7.999998223314995585e+02 1.635621276391842116e+01
2.549999999999999378e+00 7.999998223314995585e+02 1.635621276391842116e+01
2.699999999999999289e+00 7.999998223314995585e+02 1.635621276391842116e+01
2.849999999999999201e+00 7.999998223314995585e+02 1.635621276391842116e+01
2.999999999999999112e+00 7.999998223314995585e+02 1.635621276391842116e+01
3.149999999999999023e+00 7.999998223314995585e+02 1.635621276391842116e+01
3.299999999999998934e+00 7.999998223314995585e+02 1.635621276391842116e+01
3.449999999999998845e+00 7.999998223314995585e+02 1.635621276391842116e+01
3.599999999999998757e+00 7.999998223314995585e+02 1.635621276391842116e+01
3.749999999999998668e+00 7.999998223314995585e+02 1.635621276391842116e+01
3.899999999999998579e+00 7.999998223314995585e+02 1.635621276391842116e+01
4.049999999999998934e+00 5.063379980051482221e+02 1.646211533721785614e+01
4.199999999999999289e+00 3.998356849730807880e+02 1.699489755040993444e+01
4.349999999999999645e+00 2.843429163802536550e+02 1.848643555095783242e+01
4.500000000000000000e+00 2.350537609699596260e+02 2.083451049027917179e+01
4.650000000000000355e+00 2.035636005460558238e+02 2.418193885884123517e+01
4.800000000000000711e+00 1.833500412429767721e+02 2.842043578095325529e+01
4.950000000000001066e+00 1.694511464656824558e+02 3.346013943313705852e+01
5.100000000000001421e+00 1.596458364035649140e+02 3.916686154129794772e+01
5.250000000000001776e+00 1.526573584758957622e+02 4.539826430449819838e+01
5.400000000000002132e+00 1.477330485716068154e+02 5.200636171831724397e+01
5.550000000000002487e+00 1.443854397668420972e+02 5.884658024291723422e+01
5.700000000000002842e+00 1.422694940847959799e+02 6.578498945284334809e+01
5.850000000000003197e+00 1.411185588809565559e+02 7.270502500183711447e+01
6.000000000000003553e+00 1.407133874922892005e+02 7.951205196292204391e+01
6.150000000000003908e+00 1.408686427589465495e+02 8.613511087230634189e+01
6.300000000000004263e+00 1.414279715225590337e+02 9.252592438034211852e+01
6.450000000000004619e+00 1.422623830344379030e+02 9.865590982399940856e+01
6.600000000000004974e+00 1.432691686562014866e+02 1.045122038997402001e+02
6.750000000000005329e+00 1.443702595075682495e+02 1.100935694735969861e+02
6.900000000000005684e+00 1.455098905477730966e+02 1.154067288928194728e+02
7.050000000000006040e+00 1.466518946948534676e+02 1.204633791138321044e+02
7.200000000000006395e+00 1.477770814366485581e+02 1.252779188912260508e+02
7.350000000000006750e+00 1.488811239289776722e+02 1.298657815177064094e+02
7.500000000000007105e+00 1.499733061267362189e+02 1.342422330173938292e+02
7.650000000000007461e+00 1.510764379833056807e+02 1.384214874895194214e+02
7.800000000000007816e+00 1.522282685861144671e+02 1.424159950204352754e+02
7.950000000000008171e+00 1.534848442746567514e+02 1.462357887319443819e+02
8.100000000000008527e+00 1.549265116149339860e+02 1.498877927836920492e+02
8.250000000000008882e+00 1.566677297683801271e+02 1.533750011806771454e+02
8.400000000000009237e+00 1.588726944882425016e+02 1.566954656117876254e+02
8.550000000000009592e+00 1.617803448228087007e+02 1.598410649535057075e+02
8.700000000000009948e+00 1.657452885310460147e+02 1.627960883539165593e+02
8.850000000000010303e+00 1.713078868423591246e+02 1.655358589244214045e+02
9.000000000000010658e+00 1.793174308139009270e+02 1.680256849485825228e+02
9.150000000000011013e+00 1.911857175097354116e+02 1.702218841955787525e+02
9.300000000000011369e+00 2.092962342587427429e+02 1.720725765249735844e+02
9.450000000000011724e+00 2.387819975210876180e+02 1.735358305805980876e+02
9.600000000000012079e+00 2.863508288523759688e+02 1.745592827809492746e+02
9.750000000000012434e+00 4.004488418289520268e+02 1.752007906077455743e+02
9.900000000000012790e+00 5.063719798250319286e+02 1.754249417545885024e+02
1.005000000000001315e+01 7.999998233914902812e+02 1.754667602447394472e+02
1.020000000000001350e+01 7.999998233914902812e+02 1.754667602447394472e+02
1.035000000000001386e+01 7.999998233914902812e+02 1.754667602447394472e+02
1.050000000000001421e+01 7.999998233914902812e+02 1.754667602447394472e+02
1.065000000000001457e+01 7.999998233914902812e+02 1.754667602447394472e+02
1.080000000000001492e+01 7.999998233914902812e+02 1.754667602447394472e+02
1.095000000000001528e+01 7.999998233914902812e+02 1.754667602447394472e+02
1.110000000000001563e+01 7.999998233914902812e+02 1.754667602447394472e+02
1.125000000000001599e+01 7.999998233914902812e+02 1.754667602447394472e+02
1.140000000000001634e+01 7.999998233914902812e+02 1.754667602447394472e+02
1.155000000000001670e+01 7.999998233914902812e+02 1.754667602447394472e+02
1.170000000000001705e+01 7.999998233914902812e+02 1.754667602447394472e+02
1.185000000000001741e+01 7.999998233914902812e+02 1.754667602447394472e+02
1.200000000000001776e+01 7.999998233914902812e+02 1.754667602447394472e+02
1.215000000000001812e+01 7.999998233914902812e+02 1.754667602447394472e+02
1.230000000000001847e+01 7.999998233914902812e+02 1.754667602447394472e+02
1.245000000000001883e+01 7.999998233914902812e+02 1.754667602447394472e+02
1.260000000000001918e+01 7.999998233914902812e+02 1.754667602447394472e+02
1.275000000000001954e+01 7.999998233914902812e+02 1.754667602447394472e+02
1.290000000000001990e+01 7.999998233914902812e+02 1.754667602447394472e+02
1.305000000000002025e+01 7.999992444943881083e+02 1.754747410001881178e+02
1.320000000000002061e+01 7.999992444943881083e+02 1.754747410001881178e+02
1.335000000000002096e+01 7.999992444943881083e+02 1.754747410001881178e+02
1.350000000000002132e+01 7.999992444943881083e+02 1.754747410001881178e+02
1.365000000000002167e+01 7.999992444943881083e+02 1.754747410001881178e+02
1.380000000000002203e+01 7.999992444943881083e+02 1.754747410001881178e+02
1.395000000000002238e+01 7.999992444943881083e+02 1.754747410001881178e+02
1.410000000000002274e+01 7.999992444943881083e+02 1.754747410001881178e+02
1.425000000000002309e+01 7.999992444943881083e+02 1.754747410001881178e+02
1.440000000000002345e+01 7.999992444943881083e+02 1.754747410001881178e+02
1.455000000000002380e+01 7.999992444943881083e+02 1.754747410001881178e+02
1.470000000000002416e+01 7.999992444943881083e+02 1.754747410001881178e+02
1.485000000000002451e+01 7.999992444943881083e+02 1.754747410001881178e+02
1.500000000000002487e+01 7.999992444943881083e+02 1.754747410001881178e+02
1.515000000000002522e+01 7.999992444943881083e+02 1.754747410001881178e+02
1.530000000000002558e+01 7.999992444943881083e+02 1.754747410001881178e+02
1.545000000000002593e+01 7.999992444943881083e+02 1.754747410001881178e+02
1.560000000000002629e+01 7.999992444943881083e+02 1.754747410001881178e+02
1.575000000000002665e+01 7.999992444943881083e+02 1.754747410001881178e+02
1.590000000000002700e+01 7.999992444943881083e+02 1.754747410001881178e+02
