1.499999999999999944e-01 7.999681001712607440e+02 5.522638388288925171e-05
2.999999999999999889e-01 7.999681001712607440e+02 5.522638388288925171e-05
4.499999999999999556e-01 7.999681001712607440e+02 5.522638388288925171e-05
5.999999999999999778e-01 7.999681001712607440e+02 5.522638388288925171e-05
7.500000000000000000e-01 7.999681001712607440e+02 5.522638388288925171e-05
9.000000000000000222e-01 7.999681001712607440e+02 5.522638388288925171e-05
1.050000000000000044e+00 7.999681001712607440e+02 5.522638388288925171e-05
1.199999999999999956e+00 7.999681001712607440e+02 5.522638388288925171e-05
1.349999999999999867e+00 7.999681001712607440e+02 5.522638388288925171e-05
1.499999999999999778e+00 7.999681001712607440e+02 5.522638388288925171e-05
1.649999999999999689e+00 7.999681001712607440e+02 5.522638388288925171e-05
1.799999999999999600e+00 7.999681001712607440e+02 5.522638388288925171e-05
1.949999999999999512e+00 7.999681001712607440e+02 5.522638388288925171e-05
2.099999999999999645e+00 7.999878178650291147e+02 5.517345319694388905e-05
2.249999999999999556e+00 7.999878178650291147e+02 5.517345319694388905e-05
2.399999999999999467e+00 7.999878178650291147e+02 5.517345319694388905e-05
2.549999999999999378e+00 7.999878178650291147e+02 5.517345319694388905e-05
2.699999999999999289e+00 7.999878178650291147e+02 5.517345319694388905e-05
2.849999999999999201e+00 7.999878178650291147e+02 5.517345319694388905e-05
2.999999999999999112e+00 7.999878178650291147e+02 5.517345319694388905e-05
3.149999999999999023e+00 7.999878178650291147e+02 5.517345319694388905e-05
3.299999999999998934e+00 7.999878178650291147e+02 5.517345319694388905e-05
3.449999999999998845e+00 7.999878178650291147e+02 5.517345319694388905e-05
3.599999999999998757e+00 7.999878178650291147e+02 5.517345319694388905e-05
3.749999999999998668e+00 7.999878178650291147e+02 5.517345319694388905e-05
3.899999999999998579e+00 7.999878178650291147e+02 5.517345319694388905e-05
4.049999999999998934e+00 4.788588572894498157e+02 5.521887625348220752e-05
4.199999999999999289e+00 2.886015545401867257e+02 5.543079465508693460e-05
4.349999999999999645e+00 1.284397677721179605e+02 5.562510952505927975e-05
4.500000000000000000e+00 6.362219072265746433e+01 5.597176403726589200e-05
4.650000000000000355e+00 3.048775395165594659e+01 5.684669860273050546e-05
4.800000000000000711e+00 1.454432531989467847e+01 5.835624829519936441e-05
4.950000000000001066e+00 6.722993103069057952e+00 6.168798968575472941e-05
5.100000000000001421e+00 2.905500827671815500e+00 6.997971288125182099e-05
5.250000000000001776e+00 1.039260168388977945e+00 9.564887690283185862e-05
5.400000000000002132e+00 1.273211368670672528e-01 3.817157554401040542e-04
5.550000000000002487e+00 3.183562315743984072e-01 1.799999251674544496e+02
5.700000000000002842e+00 5.361568430139413977e-01 1.799999782758367246e+02
5.850000000000003197e+00 6.425968038015525963e-01 1.799999911380963908e+02
6.000000000000003553e+00 6.946155454667746199e-01 1.799999959812816996e+02
6.150000000000003908e+00 7.200405911560210370e-01 1.799999981045476147e+02
6.300000000000004263e+00 7.324730750265757706e-01 1.799999990889548371e+02
6.450000000000004619e+00 7.385637670651021836e-01 1.799999995569641555e+02
6.600000000000004974e+00 7.415708886459242422e-01 1.799999997840018580e+02
6.750000000000005329e+00 7.431031028778534164e-01 1.799999998940615740e+02
6.900000000000005684e+00 7.439800691036566604e-01 1.799999999470021805e+02
7.050000000000006040e+00 7.446709215434452744e-01 1.799999999718114054e+02
7.200000000000006395e+00 7.455452322886344518e-01 1.799999999815438514e+02
7.350000000000006750e+00 7.470707149328177366e-01 1.799999999813886404e+02
7.500000000000007105e+00 7.500634280730764658e-01 1.799999999714647743e+02
7.650000000000007461e+00 7.561243270475870304e-01 1.799999999467466125e+02
7.800000000000007816e+00 7.684956966002687295e-01 1.799999998949269582e+02
7.950000000000008171e+00 7.937956184125596337e-01 1.799999997934634450e+02
8.100000000000008527e+00 8.455583117223568479e-01 1.799999996048390756e+02
8.250000000000008882e+00 9.514744112154858158e-01 1.799999992814077245e+02
8.400000000000009237e+00 1.168203464198768415e+00 1.799999988058427505e+02
8.550000000000009592e+00 1.611689825296764411e+00 1.799999982338658526e+02
8.700000000000009948e+00 2.519152575225092505e+00 1.799999976872397554e+02
8.850000000000010303e+00 4.376262744509432423e+00 1.799999972833497850e+02
9.000000000000010658e+00 8.175196125141454218e+00 1.799999970330460428e+02
9.150000000000011013e+00 1.595904631626675751e+01 1.799999968872316742e+02
9.300000000000011369e+00 3.182795343755727302e+01 1.799999968202944842e+02
9.450000000000011724e+00 6.481763402999719403e+01 1.799999967909317036e+02
9.600000000000012079e+00 1.293753833797544530e+02 1.799999967709904922e+02
9.750000000000012434e+00 2.890952232971500280e+02 1.799999967715089610e+02
9.900000000000012790e+00 4.789239093957082218e+02 1.799999967744532228e+02
1.005000000000001315e+01 7.999878357849308941e+02 1.799999967729467869e+02
1.020000000000001350e+01 7.999878357849308941e+02 1.799999967729467869e+02
1.035000000000001386e+01 7.999878357849308941e+02 1.799999967729467869e+02
1.050000000000001421e+01 7.999878357849308941e+02 1.799999967729467869e+02
1.065000000000001457e+01 7.999878357849308941e+02 1.799999967729467869e+02
1.080000000000001492e+01 7.999878357849308941e+02 1.799999967729467869e+02
1.095000000000001528e+01 7.999878357849308941e+02 1.799999967729467869e+02
1.110000000000001563e+01 7.999878357849308941e+02 1.799999967729467869e+02
1.125000000000001599e+01 7.999878357849308941e+02 1.799999967729467869e+02
1.140000000000001634e+01 7.999878357849308941e+02 1.799999967729467869e+02
1.155000000000001670e+01 7.999878357849308941e+02 1.799999967729467869e+02
1.170000000000001705e+01 7.999878357849308941e+02 1.799999967729467869e+02
1.185000000000001741e+01 7.999878357849308941e+02 1.799999967729467869e+02
1.200000000000001776e+01 7.999878357849308941e+02 1.799999967729467869e+02
1.215000000000001812e+01 7.999878357849308941e+02 1.799999967729467869e+02
1.230000000000001847e+01 7.999878357849308941e+02 1.799999967729467869e+02
1.245000000000001883e+01 7.999878357849308941e+02 1.799999967729467869e+02
1.260000000000001918e+01 7.999878357849308941e+02 1.799999967729467869e+02
1.275000000000001954e+01 7.999878357849308941e+02 1.799999967729467869e+02
1.290000000000001990e+01 7.999878357849308941e+02 1.799999967729467869e+02
1.305000000000002025e+01 7.999681360832937571e+02 1.799999967786699813e+02
1.320000000000002061e+01 7.999681360832937571e+02 1.799999967786699813e+02
1.335000000000002096e+01 7.999681360832937571e+02 1.799999967786699813e+02
1.350000000000002132e+01 7.999681360832937571e+02 1.799999967786699813e+02
1.365000000000002167e+01 7.999681360832937571e+02 1.799999967786699813e+02
1.380000000000002203e+01 7.999681360832937571e+02 1.799999967786699813e+02
1.395000000000002238e+01 7.999681360832937571e+02 1.799999967786699813e+02
1.410000000000002274e+01 7.999681360832937571e+02 1.799999967786699813e+02
1.425000000000002309e+01 7.999681360832937571e+02 1.799999967786699813e+02
1.440000000000002345e+01 7.999681360832937571e+02 1.799999967786699813e+02
1.455000000000002380e+01 7.999681360832937571e+02 1.799999967786699813e+02
1.470000000000002416e+01 7.999681360832937571e+02 1.799999967786699813e+02
1.485000000000002451e+01 7.999681360832937571e+02 1.799999967786699813e+02
1.500000000000002487e+01 7.999681360832937571e+02 1.799999967786699813e+02
1.515000000000002522e+01 7.999681360832937571e+02 1.799999967786699813e+02
1.530000000000002558e+01 7.999681360832937571e+02 1.799999967786699813e+02
1.545000000000002593e+01 7.999681360832937571e+02 1.799999967786699813e+02
1.560000000000002629e+01 7.999681360832937571e+02 1.799999967786699813e+02
1.575000000000002665e+01 7.999681360832937571e+02 1.799999967786699813e+02
1.590000000000002700e+01 7.999681360832937571e+02 1.799999967786699813e+02
