1.499999999999999944e-01 7.996648634261534880e+02 1.799987064381773791e+02
2.999999999999999889e-01 7.996648634261534880e+02 1.799987064381773791e+02
4.499999999999999556e-01 7.996648634261534880e+02 1.799987064381773791e+02
5.999999999999999778e-01 7.996648634261534880e+02 1.799987064381773791e+02
7.500000000000000000e-01 7.996648634261534880e+02 1.799987064381773791e+02
9.000000000000000222e-01 7.996648634261534880e+02 1.799987064381773791e+02
1.050000000000000044e+00 7.996648634261534880e+02 1.799987064381773791e+02
1.199999999999999956e+00 7.996648634261534880e+02 1.799987064381773791e+02
1.349999999999999867e+00 7.996648634261534880e+02 1.799987064381773791e+02
1.499999999999999778e+00 7.996648634261534880e+02 1.799987064381773791e+02
1.649999999999999689e+00 7.996648634261534880e+02 1.799987064381773791e+02
1.799999999999999600e+00 7.996648634261534880e+02 1.799987064381773791e+02
1.949999999999999512e+00 7.996648634261534880e+02 1.799987064381773791e+02
2.099999999999999645e+00 7.998264448125695480e+02 1.799987069514232871e+02
2.249999999999999556e+00 7.998264448125695480e+02 1.799987069514232871e+02
2.399999999999999467e+00 7.998264448125695480e+02 1.799987069514232871e+02
2.549999999999999378e+00 7.998264448125695480e+02 1.799987069514232871e+02
2.699999999999999289e+00 7.998264448125695480e+02 1.799987069514232871e+02
2.849999999999999201e+00 7.998264448125695480e+02 1.799987069514232871e+02
2.999999999999999112e+00 7.998264448125695480e+02 1.799987069514232871e+02
3.149999999999999023e+00 7.998264448125695480e+02 1.799987069514232871e+02
3.299999999999998934e+00 7.998264448125695480e+02 1.799987069514232871e+02
3.449999999999998845e+00 7.998264448125695480e+02 1.799987069514232871e+02
3.599999999999998757e+00 7.998264448125695480e+02 1.799987069514232871e+02
3.749999999999998668e+00 7.998264448125695480e+02 1.799987069514232871e+02
3.899999999999998579e+00 7.998264448125695480e+02 1.799987069514232871e+02
4.049999999999998934e+00 4.377483320722369058e+02 1.799987078943323695e+02
4.199999999999999289e+00 2.096264772486435390e+02 1.799987099285251873e+02
4.349999999999999645e+00 6.944428090636870365e+01 1.799987207274059529e+02
4.500000000000000000e+00 2.666528605448763045e+01 1.799987472985224315e+02
4.650000000000000355e+00 1.011946107697855268e+01 1.799988169122297563e+02
4.800000000000000711e+00 4.250818191474820651e+00 1.799989741223659792e+02
4.950000000000001066e+00 2.105852289981868353e+00 1.799992503037335325e+02
5.100000000000001421e+00 1.330329141134768633e+00 1.799995690848147945e+02
5.250000000000001776e+00 1.048834923714935030e+00 1.799998018468429848e+02
5.400000000000002132e+00 9.468041709854446708e-01 1.799999203969183270e+02
5.550000000000002487e+00 9.098031025889667944e-01 1.799999699382006213e+02
5.700000000000002842e+00 8.963872720115659831e-01 1.799999889358028895e+02
5.850000000000003197e+00 8.915226433490488489e-01 1.799999959660496245e+02
6.000000000000003553e+00 8.897587545341139048e-01 1.799999985331844528e+02
6.150000000000003908e+00 8.891191746336062351e-01 1.799999994677244501e+02
6.300000000000004263e+00 8.888872728577439375e-01 1.799999998069371543e+02
6.450000000000004619e+00 8.888032076361014333e-01 1.799999999299312492e+02
6.600000000000004974e+00 8.887727860671361668e-01 1.799999999745910202e+02
6.750000000000005329e+00 8.887619212273989433e-01 1.799999999907860797e+02
6.900000000000005684e+00 8.887584394327063819e-01 1.799999999966563280e+02
7.050000000000006040e+00 8.887584394917098507e-01 1.799999999987874446e+02
7.200000000000006395e+00 8.887619212569006777e-01 1.799999999995602877e+02
7.350000000000006750e+00 8.887727860081326980e-01 1.799999999998404689e+02
7.500000000000007105e+00 8.888032077836101053e-01 1.799999999999421618e+02
7.650000000000007461e+00 8.888872730937578126e-01 1.799999999999789111e+02
7.800000000000007816e+00 8.891191754891565324e-01 1.799999999999922693e+02
7.950000000000008171e+00 8.897587569237543903e-01 1.799999999999971578e+02
8.100000000000008527e+00 8.915226501344477583e-01 1.799999999999990052e+02
8.250000000000008882e+00 8.963872908336725231e-01 1.799999999999996021e+02
8.400000000000009237e+00 9.098031544235141155e-01 1.799999999999996589e+02
8.550000000000009592e+00 9.468043138033408468e-01 1.799999999999996874e+02
8.700000000000009948e+00 1.048835317415580448e+00 1.799999999999991758e+02
8.850000000000010303e+00 1.330330227565639234e+00 1.799999999999981526e+02
9.000000000000010658e+00 2.105855282092022662e+00 1.799999999999967599e+02
9.150000000000011013e+00 4.250826474426020241e+00 1.799999999999957083e+02
9.300000000000011369e+00 1.011948368312136637e+01 1.799999999999951967e+02
9.450000000000011724e+00 2.666535022568763580e+01 1.799999999999948272e+02
9.600000000000012079e+00 6.944444348027187175e+01 1.799999999999948557e+02
9.750000000000012434e+00 2.096270386515736845e+02 1.799999999999946283e+02
9.900000000000012790e+00 4.377490997092040175e+02 1.799999999999946567e+02
1.005000000000001315e+01 7.998298814399244065e+02 1.799999999999946283e+02
1.020000000000001350e+01 7.998298814399244065e+02 1.799999999999946283e+02
1.035000000000001386e+01 7.998298814399244065e+02 1.799999999999946283e+02
1.050000000000001421e+01 7.998298814399244065e+02 1.799999999999946283e+02
1.065000000000001457e+01 7.998298814399244065e+02 1.799999999999946283e+02
1.080000000000001492e+01 7.998298814399244065e+02 1.799999999999946283e+02
1.095000000000001528e+01 7.998298814399244065e+02 1.799999999999946283e+02
1.110000000000001563e+01 7.998298814399244065e+02 1.799999999999946283e+02
1.125000000000001599e+01 7.998298814399244065e+02 1.799999999999946283e+02
1.140000000000001634e+01 7.998298814399244065e+02 1.799999999999946283e+02
1.155000000000001670e+01 7.998298814399244065e+02 1.799999999999946283e+02
1.170000000000001705e+01 7.998298814399244065e+02 1.799999999999946283e+02
1.185000000000001741e+01 7.998298814399244065e+02 1.799999999999946283e+02
1.200000000000001776e+01 7.998298814399244065e+02 1.799999999999946283e+02
1.215000000000001812e+01 7.998298814399244065e+02 1.799999999999946283e+02
1.230000000000001847e+01 7.998298814399244065e+02 1.799999999999946283e+02
1.245000000000001883e+01 7.998298814399244065e+02 1.799999999999946283e+02
1.260000000000001918e+01 7.998298814399244065e+02 1.799999999999946283e+02
1.275000000000001954e+01 7.998298814399244065e+02 1.799999999999946283e+02
1.290000000000001990e+01 7.998298814399244065e+02 1.799999999999946283e+02
1.305000000000002025e+01 7.996714997357737502e+02 1.799999999999945999e+02
1.320000000000002061e+01 7.996714997357737502e+02 1.799999999999945999e+02
1.335000000000002096e+01 7.996714997357737502e+02 1.799999999999945999e+02
1.350000000000002132e+01 7.996714997357737502e+02 1.799999999999945999e+02
1.365000000000002167e+01 7.996714997357737502e+02 1.799999999999945999e+02
1.380000000000002203e+01 7.996714997357737502e+02 1.799999999999945999e+02
1.395000000000002238e+01 7.996714997357737502e+02 1.799999999999945999e+02
1.410000000000002274e+01 7.996714997357737502e+02 1.799999999999945999e+02
1.425000000000002309e+01 7.996714997357737502e+02 1.799999999999945999e+02
1.440000000000002345e+01 7.996714997357737502e+02 1.799999999999945999e+02
1.455000000000002380e+01 7.996714997357737502e+02 1.799999999999945999e+02
1.470000000000002416e+01 7.996714997357737502e+02 1.799999999999945999e+02
1.485000000000002451e+01 7.996714997357737502e+02 1.799999999999945999e+02
1.500000000000002487e+01 7.996714997357737502e+02 1.799999999999945999e+02
1.515000000000002522e+01 7.996714997357737502e+02 1.799999999999945999e+02
1.530000000000002558e+01 7.996714997357737502e+02 1.799999999999945999e+02
1.545000000000002593e+01 7.996714997357737502e+02 1.799999999999945999e+02
1.560000000000002629e+01 7.996714997357737502e+02 1.799999999999945999e+02
1.575000000000002665e+01 7.996714997357737502e+02 1.799999999999945999e+02
1.590000000000002700e+01 7.996714997357737502e+02 1.799999999999945999e+02
