1.499999999999999944e-01 7.997707058728980201e+02 1.799989329161023761e+02
2.999999999999999889e-01 7.997707058728980201e+02 1.799989329161023761e+02
4.499999999999999556e-01 7.997707058728980201e+02 1.799989329161023761e+02
5.999999999999999778e-01 7.997707058728980201e+02 1.799989329161023761e+02
7.500000000000000000e-01 7.997707058728980201e+02 1.799989329161023761e+02
9.000000000000000222e-01 7.997707058728980201e+02 1.799989329161023761e+02
1.050000000000000044e+00 7.997707058728980201e+02 1.799989329161023761e+02
1.199999999999999956e+00 7.997707058728980201e+02 1.799989329161023761e+02
1.349999999999999867e+00 7.997707058728980201e+02 1.799989329161023761e+02
1.499999999999999778e+00 7.997707058728980201e+02 1.799989329161023761e+02
1.649999999999999689e+00 7.997707058728980201e+02 1.799989329161023761e+02
1.799999999999999600e+00 7.997707058728980201e+02 1.799989329161023761e+02
1.949999999999999512e+00 7.997707058728980201e+02 1.799989329161023761e+02
2.099999999999999645e+00 7.998869100334110271e+02 1.799989334142877624e+02
2.249999999999999556e+00 7.998869100334110271e+02 1.799989334142877624e+02
2.399999999999999467e+00 7.998869100334110271e+02 1.799989334142877624e+02
2.549999999999999378e+00 7.998869100334110271e+02 1.799989334142877624e+02
2.699999999999999289e+00 7.998869100334110271e+02 1.799989334142877624e+02
2.849999999999999201e+00 7.998869100334110271e+02 1.799989334142877624e+02
2.999999999999999112e+00 7.998869100334110271e+02 1.799989334142877624e+02
3.149999999999999023e+00 7.998869100334110271e+02 1.799989334142877624e+02
3.299999999999998934e+00 7.998869100334110271e+02 1.799989334142877624e+02
3.449999999999998845e+00 7.998869100334110271e+02 1.799989334142877624e+02
3.599999999999998757e+00 7.998869100334110271e+02 1.799989334142877624e+02
3.749999999999998668e+00 7.998869100334110271e+02 1.799989334142877624e+02
3.899999999999998579e+00 7.998869100334110271e+02 1.799989334142877624e+02
4.049999999999998934e+00 4.464386578734448108e+02 1.799989342060080730e+02
4.199999999999999289e+00 2.227173904922485121e+02 1.799989358162773101e+02
4.349999999999999645e+00 7.765198930821736667e+01 1.799989447241311495e+02
4.500000000000000000e+00 3.117690703072779002e+01 1.799989657584680458e+02
4.650000000000000355e+00 1.237106670694564770e+01 1.799990182997433408e+02
4.800000000000000711e+00 5.360571991860922481e+00 1.799991344893165888e+02
4.950000000000001066e+00 2.673862871607695979e+00 1.799993405853876993e+02
5.100000000000001421e+00 1.654081795461280535e+00 1.799995937800362071e+02
5.250000000000001776e+00 1.265700163637063724e+00 1.799997980131714144e+02
5.400000000000002132e+00 1.117959449017121187e+00 1.799999129716059088e+02
5.550000000000002487e+00 1.061735625599737887e+00 1.799999650959155133e+02
5.700000000000002842e+00 1.040342297051154219e+00 1.799999864441278419e+02
5.850000000000003197e+00 1.032201666112484872e+00 1.799999948006851582e+02
6.000000000000003553e+00 1.029104034479132679e+00 1.799999980136023794e+02
6.150000000000003908e+00 1.027925340002411758e+00 1.799999992432162799e+02
6.300000000000004263e+00 1.027476851391043056e+00 1.799999997118827082e+02
6.450000000000004619e+00 1.027306257847953930e+00 1.799999998902370351e+02
6.600000000000004974e+00 1.027241512722127936e+00 1.799999999582273631e+02
6.750000000000005329e+00 1.027217319175804278e+00 1.799999999841031126e+02
6.900000000000005684e+00 1.027209277445535918e+00 1.799999999939448401e+02
7.050000000000006040e+00 1.027209277416034183e+00 1.799999999976956815e+02
7.200000000000006395e+00 1.027217319175804278e+00 1.799999999991230482e+02
7.350000000000006750e+00 1.027241512722127936e+00 1.799999999996659881e+02
7.500000000000007105e+00 1.027306257995462602e+00 1.799999999998727560e+02
7.650000000000007461e+00 1.027476851804067337e+00 1.799999999999516831e+02
7.800000000000007816e+00 1.027925341211982868e+00 1.799999999999814406e+02
7.950000000000008171e+00 1.029104037429306118e+00 1.799999999999928662e+02
8.100000000000008527e+00 1.032201674077953157e+00 1.799999999999972147e+02
8.250000000000008882e+00 1.040342318203897776e+00 1.799999999999985505e+02
8.400000000000009237e+00 1.061735681003995069e+00 1.799999999999989484e+02
8.550000000000009592e+00 1.117959594785190802e+00 1.799999999999979821e+02
8.700000000000009948e+00 1.265700546599077825e+00 1.799999999999957367e+02
8.850000000000010303e+00 1.654082802370226091e+00 1.799999999999915872e+02
9.000000000000010658e+00 2.673865514609076399e+00 1.799999999999860165e+02
9.150000000000011013e+00 5.360578960738493492e+00 1.799999999999816680e+02
9.300000000000011369e+00 1.237108484798621078e+01 1.799999999999791669e+02
9.450000000000011724e+00 3.117695602797530796e+01 1.799999999999781153e+02
9.600000000000012079e+00 7.765210791609418095e+01 1.799999999999776890e+02
9.750000000000012434e+00 2.227177822456265517e+02 1.799999999999774047e+02
9.900000000000012790e+00 4.464391587137511692e+02 1.799999999999774332e+02
1.005000000000001315e+01 7.998892789885768480e+02 1.799999999999773195e+02
1.020000000000001350e+01 7.998892789885768480e+02 1.799999999999773195e+02
1.035000000000001386e+01 7.998892789885768480e+02 1.799999999999773195e+02
1.050000000000001421e+01 7.998892789885768480e+02 1.799999999999773195e+02
1.065000000000001457e+01 7.998892789885768480e+02 1.799999999999773195e+02
1.080000000000001492e+01 7.998892789885768480e+02 1.799999999999773195e+02
1.095000000000001528e+01 7.998892789885768480e+02 1.799999999999773195e+02
1.110000000000001563e+01 7.998892789885768480e+02 1.799999999999773195e+02
1.125000000000001599e+01 7.998892789885768480e+02 1.799999999999773195e+02
1.140000000000001634e+01 7.998892789885768480e+02 1.799999999999773195e+02
1.155000000000001670e+01 7.998892789885768480e+02 1.799999999999773195e+02
1.170000000000001705e+01 7.998892789885768480e+02 1.799999999999773195e+02
1.185000000000001741e+01 7.998892789885768480e+02 1.799999999999773195e+02
1.200000000000001776e+01 7.998892789885768480e+02 1.799999999999773195e+02
1.215000000000001812e+01 7.998892789885768480e+02 1.799999999999773195e+02
1.230000000000001847e+01 7.998892789885768480e+02 1.799999999999773195e+02
1.245000000000001883e+01 7.998892789885768480e+02 1.799999999999773195e+02
1.260000000000001918e+01 7.998892789885768480e+02 1.799999999999773195e+02
1.275000000000001954e+01 7.998892789885768480e+02 1.799999999999773195e+02
1.290000000000001990e+01 7.998892789885768480e+02 1.799999999999773195e+02
1.305000000000002025e+01 7.997755090981581816e+02 1.799999999999774047e+02
1.320000000000002061e+01 7.997755090981581816e+02 1.799999999999774047e+02
1.335000000000002096e+01 7.997755090981581816e+02 1.799999999999774047e+02
1.350000000000002132e+01 7.997755090981581816e+02 1.799999999999774047e+02
1.365000000000002167e+01 7.997755090981581816e+02 1.799999999999774047e+02
1.380000000000002203e+01 7.997755090981581816e+02 1.799999999999774047e+02
1.395000000000002238e+01 7.997755090981581816e+02 1.799999999999774047e+02
1.410000000000002274e+01 7.997755090981581816e+02 1.799999999999774047e+02
1.425000000000002309e+01 7.997755090981581816e+02 1.799999999999774047e+02
1.440000000000002345e+01 7.997755090981581816e+02 1.799999999999774047e+02
1.455000000000002380e+01 7.997755090981581816e+02 1.799999999999774047e+02
1.470000000000002416e+01 7.997755090981581816e+02 1.799999999999774047e+02
1.485000000000002451e+01 7.997755090981581816e+02 1.799999999999774047e+02
1.500000000000002487e+01 7.997755090981581816e+02 1.799999999999774047e+02
1.515000000000002522e+01 7.997755090981581816e+02 1.799999999999774047e+02
1.530000000000002558e+01 7.997755090981581816e+02 1.799999999999774047e+02
1.545000000000002593e+01 7.997755090981581816e+02 1.799999999999774047e+02
1.560000000000002629e+01 7.997755090981581816e+02 1.799999999999774047e+02
1.575000000000002665e+01 7.997755090981581816e+02 1.799999999999774047e+02
1.590000000000002700e+01 7.997755090981581816e+02 1.799999999999774047e+02
