1.499999999999999944e-01 7.999978493278701990e+02 5.243455913905847865e-08
2.999999999999999889e-01 7.999978493278701990e+02 5.243455913905847865e-08
4.499999999999999556e-01 7.999978493278701990e+02 5.243455913905847865e-08
5.999999999999999778e-01 7.999978493278701990e+02 5.243455913905847865e-08
7.500000000000000000e-01 7.999978493278701990e+02 5.243455913905847865e-08
9.000000000000000222e-01 7.999978493278701990e+02 5.243455913905847865e-08
1.050000000000000044e+00 7.999978493278701990e+02 5.243455913905847865e-08
1.199999999999999956e+00 7.999978493278701990e+02 5.243455913905847865e-08
1.349999999999999867e+00 7.999978493278701990e+02 5.243455913905847865e-08
1.499999999999999778e+00 7.999978493278701990e+02 5.243455913905847865e-08
1.649999999999999689e+00 7.999978493278701990e+02 5.243455913905847865e-08
1.799999999999999600e+00 7.999978493278701990e+02 5.243455913905847865e-08
1.949999999999999512e+00 7.999978493278701990e+02 5.243455913905847865e-08
2.099999999999999645e+00 7.999994232478695722e+02 5.252520840492991283e-08
2.249999999999999556e+00 7.999994232478695722e+02 5.252520840492991283e-08
2.399999999999999467e+00 7.999994232478695722e+02 5.252520840492991283e-08
2.549999999999999378e+00 7.999994232478695722e+02 5.252520840492991283e-08
2.699999999999999289e+00 7.999994232478695722e+02 5.252520840492991283e-08
2.849999999999999201e+00 7.999994232478695722e+02 5.252520840492991283e-08
2.999999999999999112e+00 7.999994232478695722e+02 5.252520840492991283e-08
3.149999999999999023e+00 7.999994232478695722e+02 5.252520840492991283e-08
3.299999999999998934e+00 7.999994232478695722e+02 5.252520840492991283e-08
3.449999999999998845e+00 7.999994232478695722e+02 5.252520840492991283e-08
3.599999999999998757e+00 7.999994232478695722e+02 5.252520840492991283e-08
3.749999999999998668e+00 7.999994232478695722e+02 5.252520840492991283e-08
3.899999999999998579e+00 7.999994232478695722e+02 5.252520840492991283e-08
4.049999999999998934e+00 5.014753522977898115e+02 5.307411277133411431e-08
4.199999999999999289e+00 3.720819967570853919e+02 5.613346487631787340e-08
4.349999999999999645e+00 2.336311771195819347e+02 6.641670136087185483e-08
4.500000000000000000e+00 1.667432519765258121e+02 8.786306948671551709e-08
4.650000000000000355e+00 1.209080394521896977e+02 1.307405355088775423e-07
4.800000000000000711e+00 8.933575150002401699e+01 2.105087260062532550e-07
4.950000000000001066e+00 6.650345183329531551e+01 3.557457443070788372e-07
5.100000000000001421e+00 4.969803977024447050e+01 6.167341026763750733e-07
5.250000000000001776e+00 3.717662816332641995e+01 1.082110639538669261e-06
5.400000000000002132e+00 2.778415731339469374e+01 1.911458871961535522e-06
5.550000000000002487e+00 2.070809345435214510e+01 3.394747249307883408e-06
5.700000000000002842e+00 1.535999017821988843e+01 6.058525473306985987e-06
5.850000000000003197e+00 1.130501431658712974e+01 1.089633930384525939e-05
6.000000000000003553e+00 8.217710619556470419e+00 1.984825315426430592e-05
6.150000000000003908e+00 5.852089459321646814e+00 3.687657072370953415e-05
6.300000000000004263e+00 4.020428468255914822e+00 7.100502840129419013e-05
6.450000000000004619e+00 2.577701705182562364e+00 1.465513575001908819e-04
6.600000000000004974e+00 1.409814719674130856e+00 3.543640393143254741e-04
6.750000000000005329e+00 4.244645133898075073e-01 1.556430421553733900e-03
6.900000000000005684e+00 4.562039150356440587e-01 1.799980840704211005e+02
7.050000000000006040e+00 1.301769567615565393e+00 1.799991121600330359e+02
7.200000000000006395e+00 2.179043089001027056e+00 1.799992986604682983e+02
7.350000000000006750e+00 3.157354884457021171e+00 1.799993596429196998e+02
7.500000000000007105e+00 4.314049200221930391e+00 1.799993802889260337e+02
7.650000000000007461e+00 5.740629722131103563e+00 1.799993841818586304e+02
7.800000000000007816e+00 7.550065737555982537e+00 1.799993804993343360e+02
7.950000000000008171e+00 9.885888306883160226e+00 1.799993743107532964e+02
8.100000000000008527e+00 1.293391339488322700e+01 1.799993674805835724e+02
8.250000000000008882e+00 1.693778891667922792e+01 1.799993607303447334e+02
8.400000000000009237e+00 2.222021469825140372e+01 1.799993551752566816e+02
8.550000000000009592e+00 2.921296516893865558e+01 1.799993506146348921e+02
8.700000000000009948e+00 3.850138668839754530e+01 1.799993466741044870e+02
8.850000000000010303e+00 5.089536340580673368e+01 1.799993439272888338e+02
9.000000000000010658e+00 6.754855879029659604e+01 1.799993419058120310e+02
9.150000000000011013e+00 9.020483265081881541e+01 1.799993401378951887e+02
9.300000000000011369e+00 1.215821215720244481e+02 1.799993391990128089e+02
9.450000000000011724e+00 1.672126901932609258e+02 1.799993386478821833e+02
9.600000000000012079e+00 2.339043449671732731e+02 1.799993380585454759e+02
9.750000000000012434e+00 3.721763094062957293e+02 1.799993380689929268e+02
9.900000000000012790e+00 5.014817945151953609e+02 1.799993381688988165e+02
1.005000000000001315e+01 7.999994135636486590e+02 1.799993381195438360e+02
1.020000000000001350e+01 7.999994135636486590e+02 1.799993381195438360e+02
1.035000000000001386e+01 7.999994135636486590e+02 1.799993381195438360e+02
1.050000000000001421e+01 7.999994135636486590e+02 1.799993381195438360e+02
1.065000000000001457e+01 7.999994135636486590e+02 1.799993381195438360e+02
1.080000000000001492e+01 7.999994135636486590e+02 1.799993381195438360e+02
1.095000000000001528e+01 7.999994135636486590e+02 1.799993381195438360e+02
1.110000000000001563e+01 7.999994135636486590e+02 1.799993381195438360e+02
1.125000000000001599e+01 7.999994135636486590e+02 1.799993381195438360e+02
1.140000000000001634e+01 7.999994135636486590e+02 1.799993381195438360e+02
1.155000000000001670e+01 7.999994135636486590e+02 1.799993381195438360e+02
1.170000000000001705e+01 7.999994135636486590e+02 1.799993381195438360e+02
1.185000000000001741e+01 7.999994135636486590e+02 1.799993381195438360e+02
1.200000000000001776e+01 7.999994135636486590e+02 1.799993381195438360e+02
1.215000000000001812e+01 7.999994135636486590e+02 1.799993381195438360e+02
1.230000000000001847e+01 7.999994135636486590e+02 1.799993381195438360e+02
1.245000000000001883e+01 7.999994135636486590e+02 1.799993381195438360e+02
1.260000000000001918e+01 7.999994135636486590e+02 1.799993381195438360e+02
1.275000000000001954e+01 7.999994135636486590e+02 1.799993381195438360e+02
1.290000000000001990e+01 7.999994135636486590e+02 1.799993381195438360e+02
1.305000000000002025e+01 7.999978130619490457e+02 1.799993383183522724e+02
1.320000000000002061e+01 7.999978130619490457e+02 1.799993383183522724e+02
1.335000000000002096e+01 7.999978130619490457e+02 1.799993383183522724e+02
1.350000000000002132e+01 7.999978130619490457e+02 1.799993383183522724e+02
1.365000000000002167e+01 7.999978130619490457e+02 1.799993383183522724e+02
1.380000000000002203e+01 7.999978130619490457e+02 1.799993383183522724e+02
1.395000000000002238e+01 7.999978130619490457e+02 1.799993383183522724e+02
1.410000000000002274e+01 7.999978130619490457e+02 1.799993383183522724e+02
1.425000000000002309e+01 7.999978130619490457e+02 1.799993383183522724e+02
1.440000000000002345e+01 7.999978130619490457e+02 1.799993383183522724e+02
1.455000000000002380e+01 7.999978130619490457e+02 1.799993383183522724e+02
1.470000000000002416e+01 7.999978130619490457e+02 1.799993383183522724e+02
1.485000000000002451e+01 7.999978130619490457e+02 1.799993383183522724e+02
1.500000000000002487e+01 7.999978130619490457e+02 1.799993383183522724e+02
1.515000000000002522e+01 7.999978130619490457e+02 1.799993383183522724e+02
1.530000000000002558e+01 7.999978130619490457e+02 1.799993383183522724e+02
1.545000000000002593e+01 7.999978130619490457e+02 1.799993383183522724e+02
1.560000000000002629e+01 7.999978130619490457e+02 1.799993383183522724e+02
1.575000000000002665e+01 7.999978130619490457e+02 1.799993383183522724e+02
1.590000000000002700e+01 7.999978130619490457e+02 1.799993383183522724e+02
