1.499999999999999944e-01 7.999999990954692066e+02 1.799997352658251657e+02
2.999999999999999889e-01 7.999999990954692066e+02 1.799997352658251657e+02
4.499999999999999556e-01 7.999999990954692066e+02 1.799997352658251657e+02
5.999999999999999778e-01 7.999999990954692066e+02 1.799997352658251657e+02
7.500000000000000000e-01 7.999999990954692066e+02 1.799997352658251657e+02
9.000000000000000222e-01 7.999999990954692066e+02 1.799997352658251657e+02
1.050000000000000044e+00 7.999999990954692066e+02 1.799997352658251657e+02
1.199999999999999956e+00 7.999999990954692066e+02 1.799997352658251657e+02
1.349999999999999867e+00 7.999999990954692066e+02 1.799997352658251657e+02
1.499999999999999778e+00 7.999999990954692066e+02 1.799997352658251657e+02
1.649999999999999689e+00 7.999999990954692066e+02 1.799997352658251657e+02
1.799999999999999600e+00 7.999999990954692066e+02 1.799997352658251657e+02
1.949999999999999512e+00 7.999999990954692066e+02 1.799997352658251657e+02
2.099999999999999645e+00 7.999999999072042556e+02 1.799997358559701297e+02
2.249999999999999556e+00 7.999999999072042556e+02 1.799997358559701297e+02
2.399999999999999467e+00 7.999999999072042556e+02 1.799997358559701297e+02
2.549999999999999378e+00 7.999999999072042556e+02 1.799997358559701297e+02
2.699999999999999289e+00 7.999999999072042556e+02 1.799997358559701297e+02
2.849999999999999201e+00 7.999999999072042556e+02 1.799997358559701297e+02
2.999999999999999112e+00 7.999999999072042556e+02 1.799997358559701297e+02
3.149999999999999023e+00 7.999999999072042556e+02 1.799997358559701297e+02
3.299999999999998934e+00 7.999999999072042556e+02 1.799997358559701297e+02
3.449999999999998845e+00 7.999999999072042556e+02 1.799997358559701297e+02
3.599999999999998757e+00 7.999999999072042556e+02 1.799997358559701297e+02
3.749999999999998668e+00 7.999999999072042556e+02 1.799997358559701297e+02
3.899999999999998579e+00 7.999999999072042556e+02 1.799997358559701297e+02
4.049999999999998934e+00 5.173018185782181035e+02 1.799997368983970887e+02
4.199999999999999289e+00 4.843684918906152461e+02 1.799997405844067373e+02
4.349999999999999645e+00 4.452674781307707690e+02 1.799997492048571246e+02
4.500000000000000000e+00 4.393950982801249552e+02 1.799997578804768068e+02
4.650000000000000355e+00 4.374949520335107422e+02 1.799997657712144701e+02
4.800000000000000711e+00 4.370624982771984151e+02 1.799997743667628640e+02
4.950000000000001066e+00 4.369483505933362153e+02 1.799997827494076716e+02
5.100000000000001421e+00 4.369201789519619297e+02 1.799997901239973430e+02
5.250000000000001776e+00 4.369130109779763416e+02 1.799997981040897059e+02
5.400000000000002132e+00 4.369112121470863030e+02 1.799998058774678213e+02
5.550000000000002487e+00 4.369107578902123805e+02 1.799998127481092354e+02
5.700000000000002842e+00 4.369106435016981891e+02 1.799998201584303104e+02
5.850000000000003197e+00 4.369106146599862655e+02 1.799998273835893201e+02
6.000000000000003553e+00 4.369106073921185498e+02 1.799998338062499386e+02
6.150000000000003908e+00 4.369106055601948242e+02 1.799998407081713196e+02
6.300000000000004263e+00 4.369106050984993885e+02 1.799998474451080313e+02
6.450000000000004619e+00 4.369106049821348847e+02 1.799998534731181792e+02
6.600000000000004974e+00 4.369106049528142535e+02 1.799998599239930854e+02
6.750000000000005329e+00 4.369106049454521781e+02 1.799998662286833451e+02
6.900000000000005684e+00 4.369106049437077104e+02 1.799998719120807493e+02
7.050000000000006040e+00 4.369106049437079378e+02 1.799998779654899295e+02
7.200000000000006395e+00 4.369106049454527465e+02 1.799998838902900786e+02
7.350000000000006750e+00 4.369106049528149356e+02 1.799998892762197613e+02
7.500000000000007105e+00 4.369106049821361921e+02 1.799998949824129966e+02
7.650000000000007461e+00 4.369106050985008096e+02 1.799999005764950368e+02
7.800000000000007816e+00 4.369106055601964727e+02 1.799999057096015349e+02
7.950000000000008171e+00 4.369106073921209372e+02 1.799999111159149265e+02
8.100000000000008527e+00 4.369106146599891645e+02 1.799999164256731490e+02
8.250000000000008882e+00 4.369106435017014860e+02 1.799999213484691154e+02
8.400000000000009237e+00 4.369107578902159617e+02 1.799999264997141495e+02
8.550000000000009592e+00 4.369112121470903389e+02 1.799999315691419781e+02
8.700000000000009948e+00 4.369130109779808322e+02 1.799999363223213891e+02
8.850000000000010303e+00 4.369201789519671593e+02 1.799999412610191598e+02
9.000000000000010658e+00 4.369483505933417860e+02 1.799999461314431528e+02
9.150000000000011013e+00 4.370624982772048952e+02 1.799999507522424835e+02
9.300000000000011369e+00 4.374949520335193824e+02 1.799999555082317784e+02
9.450000000000011724e+00 4.393950982801410419e+02 1.799999601936412148e+02
9.600000000000012079e+00 4.452674781308044203e+02 1.799999645260698173e+02
9.750000000000012434e+00 4.843684918908179498e+02 1.799999688150340660e+02
9.900000000000012790e+00 5.173018185783435001e+02 1.799999710579863574e+02
1.005000000000001315e+01 7.999999999124991064e+02 1.799999715376987410e+02
1.020000000000001350e+01 7.999999999124991064e+02 1.799999715376987410e+02
1.035000000000001386e+01 7.999999999124991064e+02 1.799999715376987410e+02
1.050000000000001421e+01 7.999999999124991064e+02 1.799999715376987410e+02
1.065000000000001457e+01 7.999999999124991064e+02 1.799999715376987410e+02
1.080000000000001492e+01 7.999999999124991064e+02 1.799999715376987410e+02
1.095000000000001528e+01 7.999999999124991064e+02 1.799999715376987410e+02
1.110000000000001563e+01 7.999999999124991064e+02 1.799999715376987410e+02
1.125000000000001599e+01 7.999999999124991064e+02 1.799999715376987410e+02
1.140000000000001634e+01 7.999999999124991064e+02 1.799999715376987410e+02
1.155000000000001670e+01 7.999999999124991064e+02 1.799999715376987410e+02
1.170000000000001705e+01 7.999999999124991064e+02 1.799999715376987410e+02
1.185000000000001741e+01 7.999999999124991064e+02 1.799999715376987410e+02
1.200000000000001776e+01 7.999999999124991064e+02 1.799999715376987410e+02
1.215000000000001812e+01 7.999999999124991064e+02 1.799999715376987410e+02
1.230000000000001847e+01 7.999999999124991064e+02 1.799999715376987410e+02
1.245000000000001883e+01 7.999999999124991064e+02 1.799999715376987410e+02
1.260000000000001918e+01 7.999999999124991064e+02 1.799999715376987410e+02
1.275000000000001954e+01 7.999999999124991064e+02 1.799999715376987410e+02
1.290000000000001990e+01 7.999999999124991064e+02 1.799999715376987410e+02
1.305000000000002025e+01 7.999999991470814393e+02 1.799999716974125477e+02
1.320000000000002061e+01 7.999999991470814393e+02 1.799999716974125477e+02
1.335000000000002096e+01 7.999999991470814393e+02 1.799999716974125477e+02
1.350000000000002132e+01 7.999999991470814393e+02 1.799999716974125477e+02
1.365000000000002167e+01 7.999999991470814393e+02 1.799999716974125477e+02
1.380000000000002203e+01 7.999999991470814393e+02 1.799999716974125477e+02
1.395000000000002238e+01 7.999999991470814393e+02 1.799999716974125477e+02
1.410000000000002274e+01 7.999999991470814393e+02 1.799999716974125477e+02
1.425000000000002309e+01 7.999999991470814393e+02 1.799999716974125477e+02
1.440000000000002345e+01 7.999999991470814393e+02 1.799999716974125477e+02
1.455000000000002380e+01 7.999999991470814393e+02 1.799999716974125477e+02
1.470000000000002416e+01 7.999999991470814393e+02 1.799999716974125477e+02
1.485000000000002451e+01 7.999999991470814393e+02 1.799999716974125477e+02
1.500000000000002487e+01 7.999999991470814393e+02 1.799999716974125477e+02
1.515000000000002522e+01 7.999999991470814393e+02 1.799999716974125477e+02
1.530000000000002558e+01 7.999999991470814393e+02 1.799999716974125477e+02
1.545000000000002593e+01 7.999999991470814393e+02 1.799999716974125477e+02
1.560000000000002629e+01 7.999999991470814393e+02 1.799999716974125477e+02
1.575000000000002665e+01 7.999999991470814393e+02 1.799999716974125477e+02
1.590000000000002700e+01 7.999999991470814393e+02 1.799999716974125477e+02
