1.499999999999999944e-01 7.999999783393898269e+02 1.799996574304074102e+02
2.999999999999999889e-01 7.999999783393898269e+02 1.799996574304074102e+02
4.499999999999999556e-01 7.999999783393898269e+02 1.799996574304074102e+02
5.999999999999999778e-01 7.999999783393898269e+02 1.799996574304074102e+02
7.500000000000000000e-01 7.999999783393898269e+02 1.799996574304074102e+02
9.000000000000000222e-01 7.999999783393898269e+02 1.799996574304074102e+02
1.050000000000000044e+00 7.999999783393898269e+02 1.799996574304074102e+02
1.199999999999999956e+00 7.999999783393898269e+02 1.799996574304074102e+02
1.349999999999999867e+00 7.999999783393898269e+02 1.799996574304074102e+02
1.499999999999999778e+00 7.999999783393898269e+02 1.799996574304074102e+02
1.649999999999999689e+00 7.999999783393898269e+02 1.799996574304074102e+02
1.799999999999999600e+00 7.999999783393898269e+02 1.799996574304074102e+02
1.949999999999999512e+00 7.999999783393898269e+02 1.799996574304074102e+02
2.099999999999999645e+00 7.999999967550628526e+02 1.799996580637032650e+02
2.249999999999999556e+00 7.999999967550628526e+02 1.799996580637032650e+02
2.399999999999999467e+00 7.999999967550628526e+02 1.799996580637032650e+02
2.549999999999999378e+00 7.999999967550628526e+02 1.799996580637032650e+02
2.699999999999999289e+00 7.999999967550628526e+02 1.799996580637032650e+02
2.849999999999999201e+00 7.999999967550628526e+02 1.799996580637032650e+02
2.999999999999999112e+00 7.999999967550628526e+02 1.799996580637032650e+02
3.149999999999999023e+00 7.999999967550628526e+02 1.799996580637032650e+02
3.299999999999998934e+00 7.999999967550628526e+02 1.799996580637032650e+02
3.449999999999998845e+00 7.999999967550628526e+02 1.799996580637032650e+02
3.599999999999998757e+00 7.999999967550628526e+02 1.799996580637032650e+02
3.749999999999998668e+00 7.999999967550628526e+02 1.799996580637032650e+02
3.899999999999998579e+00 7.999999967550628526e+02 1.799996580637032650e+02
4.049999999999998934e+00 5.146989959487995066e+02 1.799996593460510894e+02
4.199999999999999289e+00 4.590205898476655761e+02 1.799996641978974026e+02
4.349999999999999645e+00 3.973780255867428082e+02 1.799996759680129799e+02
4.500000000000000000e+00 3.830587614649792272e+02 1.799996886947207599e+02
4.650000000000000355e+00 3.772728252868836307e+02 1.799997010624506117e+02
4.800000000000000711e+00 3.753366393840390742e+02 1.799997140880393829e+02
4.950000000000001066e+00 3.746379683499800990e+02 1.799997267373014438e+02
5.100000000000001421e+00 3.743918545063967258e+02 1.799997381921128294e+02
5.250000000000001776e+00 3.743042720914459096e+02 1.799997500088274762e+02
5.400000000000002132e+00 3.742732057853282299e+02 1.799997614017311776e+02
5.550000000000002487e+00 3.742621712790186734e+02 1.799997717232430148e+02
5.700000000000002842e+00 3.742582536198967205e+02 1.799997823500867753e+02
5.850000000000003197e+00 3.742568624529896510e+02 1.799997926037247566e+02
6.000000000000003553e+00 3.742563684766431606e+02 1.799998019251113703e+02
6.150000000000003908e+00 3.742561930715215226e+02 1.799998115112707353e+02
6.300000000000004263e+00 3.742561307892589184e+02 1.799998207732305957e+02
6.450000000000004619e+00 3.742561086784797908e+02 1.799998292297832165e+02
6.600000000000004974e+00 3.742561008409802525e+02 1.799998379148766219e+02
6.750000000000005329e+00 3.742560980967259070e+02 1.799998463201902155e+02
6.900000000000005684e+00 3.742560972313843308e+02 1.799998540352101770e+02
7.050000000000006040e+00 3.742560972313850698e+02 1.799998619459010740e+02
7.200000000000006395e+00 3.742560980967274986e+02 1.799998696171449240e+02
7.350000000000006750e+00 3.742561008409832652e+02 1.799998767031031548e+02
7.500000000000007105e+00 3.742561086784842246e+02 1.799998839547288867e+02
7.650000000000007461e+00 3.742561307892648301e+02 1.799998910037327846e+02
7.800000000000007816e+00 3.742561930715290828e+02 1.799998975638823708e+02
7.950000000000008171e+00 3.742563684766520282e+02 1.799999042621187186e+02
8.100000000000008527e+00 3.742568624529998260e+02 1.799999107915782020e+02
8.250000000000008882e+00 3.742582536199088850e+02 1.799999169214123071e+02
8.400000000000009237e+00 3.742621712790327138e+02 1.799999231636923014e+02
8.550000000000009592e+00 3.742732057853448282e+02 1.799999292683245926e+02
8.700000000000009948e+00 3.743042720914669985e+02 1.799999350560191544e+02
8.850000000000010303e+00 3.743918545064271370e+02 1.799999409303502773e+02
9.000000000000010658e+00 3.746379683500334750e+02 1.799999466909591490e+02
9.150000000000011013e+00 3.753366393841544095e+02 1.799999521989923892e+02
9.300000000000011369e+00 3.772728252871648351e+02 1.799999577271506439e+02
9.450000000000011724e+00 3.830587614657817994e+02 1.799999630721803214e+02
9.600000000000012079e+00 3.973780255886352961e+02 1.799999678661284293e+02
9.750000000000012434e+00 4.590205898565774874e+02 1.799999721681916469e+02
9.900000000000012790e+00 5.146989959548536717e+02 1.799999741995060845e+02
1.005000000000001315e+01 7.999999969051004882e+02 1.799999746160727057e+02
1.020000000000001350e+01 7.999999969051004882e+02 1.799999746160727057e+02
1.035000000000001386e+01 7.999999969051004882e+02 1.799999746160727057e+02
1.050000000000001421e+01 7.999999969051004882e+02 1.799999746160727057e+02
1.065000000000001457e+01 7.999999969051004882e+02 1.799999746160727057e+02
1.080000000000001492e+01 7.999999969051004882e+02 1.799999746160727057e+02
1.095000000000001528e+01 7.999999969051004882e+02 1.799999746160727057e+02
1.110000000000001563e+01 7.999999969051004882e+02 1.799999746160727057e+02
1.125000000000001599e+01 7.999999969051004882e+02 1.799999746160727057e+02
1.140000000000001634e+01 7.999999969051004882e+02 1.799999746160727057e+02
1.155000000000001670e+01 7.999999969051004882e+02 1.799999746160727057e+02
1.170000000000001705e+01 7.999999969051004882e+02 1.799999746160727057e+02
1.185000000000001741e+01 7.999999969051004882e+02 1.799999746160727057e+02
1.200000000000001776e+01 7.999999969051004882e+02 1.799999746160727057e+02
1.215000000000001812e+01 7.999999969051004882e+02 1.799999746160727057e+02
1.230000000000001847e+01 7.999999969051004882e+02 1.799999746160727057e+02
1.245000000000001883e+01 7.999999969051004882e+02 1.799999746160727057e+02
1.260000000000001918e+01 7.999999969051004882e+02 1.799999746160727057e+02
1.275000000000001954e+01 7.999999969051004882e+02 1.799999746160727057e+02
1.290000000000001990e+01 7.999999969051004882e+02 1.799999746160727057e+02
1.305000000000002025e+01 7.999999793409206177e+02 1.799999747423106271e+02
1.320000000000002061e+01 7.999999793409206177e+02 1.799999747423106271e+02
1.335000000000002096e+01 7.999999793409206177e+02 1.799999747423106271e+02
1.350000000000002132e+01 7.999999793409206177e+02 1.799999747423106271e+02
1.365000000000002167e+01 7.999999793409206177e+02 1.799999747423106271e+02
1.380000000000002203e+01 7.999999793409206177e+02 1.799999747423106271e+02
1.395000000000002238e+01 7.999999793409206177e+02 1.799999747423106271e+02
1.410000000000002274e+01 7.999999793409206177e+02 1.799999747423106271e+02
1.425000000000002309e+01 7.999999793409206177e+02 1.799999747423106271e+02
1.440000000000002345e+01 7.999999793409206177e+02 1.799999747423106271e+02
1.455000000000002380e+01 7.999999793409206177e+02 1.799999747423106271e+02
1.470000000000002416e+01 7.999999793409206177e+02 1.799999747423106271e+02
1.485000000000002451e+01 7.999999793409206177e+02 1.799999747423106271e+02
1.500000000000002487e+01 7.999999793409206177e+02 1.799999747423106271e+02
1.515000000000002522e+01 7.999999793409206177e+02 1.799999747423106271e+02
1.530000000000002558e+01 7.999999793409206177e+02 1.799999747423106271e+02
1.545000000000002593e+01 7.999999793409206177e+02 1.799999747423106271e+02
1.560000000000002629e+01 7.999999793409206177e+02 1.799999747423106271e+02
1.575000000000002665e+01 7.999999793409206177e+02 1.799999747423106271e+02
1.590000000000002700e+01 7.999999793409206177e+02 1.799999747423106271e+02
