1.499999999999999944e-01 7.999999990793070310e+02 1.799992737278280970e+02
2.999999999999999889e-01 7.999999990793070310e+02 1.799992737278280970e+02
4.499999999999999556e-01 7.999999990793070310e+02 1.799992737278280970e+02
5.999999999999999778e-01 7.999999990793070310e+02 1.799992737278280970e+02
7.500000000000000000e-01 7.999999990793070310e+02 1.799992737278280970e+02
9.000000000000000222e-01 7.999999990793070310e+02 1.799992737278280970e+02
1.050000000000000044e+00 7.999999990793070310e+02 1.799992737278280970e+02
1.199999999999999956e+00 7.999999990793070310e+02 1.799992737278280970e+02
1.349999999999999867e+00 7.999999990793070310e+02 1.799992737278280970e+02
1.499999999999999778e+00 7.999999990793070310e+02 1.799992737278280970e+02
1.649999999999999689e+00 7.999999990793070310e+02 1.799992737278280970e+02
1.799999999999999600e+00 7.999999990793070310e+02 1.799992737278280970e+02
1.949999999999999512e+00 7.999999990793070310e+02 1.799992737278280970e+02
2.099999999999999645e+00 7.999999999055397666e+02 1.799992747332521219e+02
2.249999999999999556e+00 7.999999999055397666e+02 1.799992747332521219e+02
2.399999999999999467e+00 7.999999999055397666e+02 1.799992747332521219e+02
2.549999999999999378e+00 7.999999999055397666e+02 1.799992747332521219e+02
2.699999999999999289e+00 7.999999999055397666e+02 1.799992747332521219e+02
2.849999999999999201e+00 7.999999999055397666e+02 1.799992747332521219e+02
2.999999999999999112e+00 7.999999999055397666e+02 1.799992747332521219e+02
3.149999999999999023e+00 7.999999999055397666e+02 1.799992747332521219e+02
3.299999999999998934e+00 7.999999999055397666e+02 1.799992747332521219e+02
3.449999999999998845e+00 7.999999999055397666e+02 1.799992747332521219e+02
3.599999999999998757e+00 7.999999999055397666e+02 1.799992747332521219e+02
3.749999999999998668e+00 7.999999999055397666e+02 1.799992747332521219e+02
3.899999999999998579e+00 7.999999999055397666e+02 1.799992747332521219e+02
4.049999999999998934e+00 5.172992757010257492e+02 1.799992779702587313e+02
4.199999999999999289e+00 4.843071897599531894e+02 1.799992905904074121e+02
4.349999999999999645e+00 4.451170873761025177e+02 1.799993156755964776e+02
4.500000000000000000e+00 4.392168228197436406e+02 1.799993407680416908e+02
4.650000000000000355e+00 4.373052787146003197e+02 1.799993651418667469e+02
4.800000000000000711e+00 4.368692562780284447e+02 1.799993896975254302e+02
4.950000000000001066e+00 4.367539683866082783e+02 1.799994135226611434e+02
5.100000000000001421e+00 4.367254571631882527e+02 1.799994358296497410e+02
5.250000000000001776e+00 4.367181892225186175e+02 1.799994582237288512e+02
5.400000000000002132e+00 4.367163617199256009e+02 1.799994799245711761e+02
5.550000000000002487e+00 4.367158993386084944e+02 1.799995002729782811e+02
5.700000000000002842e+00 4.367157826782075745e+02 1.799995206964277088e+02
5.850000000000003197e+00 4.367157532069493868e+02 1.799995405054913817e+02
6.000000000000003553e+00 4.367157457660734394e+02 1.799995591197341867e+02
6.150000000000003908e+00 4.367157438869197676e+02 1.799995778003648468e+02
6.300000000000004263e+00 4.367157434124068800e+02 1.799995959390707014e+02
6.450000000000004619e+00 4.367157432925815783e+02 1.799996130273260917e+02
6.600000000000004974e+00 4.367157432623315572e+02 1.799996301740900435e+02
6.750000000000005329e+00 4.367157432547227813e+02 1.799996468453273621e+02
6.900000000000005684e+00 4.367157432529174343e+02 1.799996625987170376e+02
7.050000000000006040e+00 4.367157432529184575e+02 1.799996784033918971e+02
7.200000000000006395e+00 4.367157432547260782e+02 1.799996937936097652e+02
7.350000000000006750e+00 4.367157432623372983e+02 1.799997083882953177e+02
7.500000000000007105e+00 4.367157432925897069e+02 1.799997230276175628e+02
7.650000000000007461e+00 4.367157434124172255e+02 1.799997373089069868e+02
7.800000000000007816e+00 4.367157438869327279e+02 1.799997509080609177e+02
7.950000000000008171e+00 4.367157457660889577e+02 1.799997645457026465e+02
8.100000000000008527e+00 4.367157532069673493e+02 1.799997778777203621e+02
8.250000000000008882e+00 4.367157826782281518e+02 1.799997906333466346e+02
8.400000000000009237e+00 4.367158993386318002e+02 1.799998034217392444e+02
8.550000000000009592e+00 4.367163617199517489e+02 1.799998159534696640e+02
8.700000000000009948e+00 4.367181892225478350e+02 1.799998280080056077e+02
8.850000000000010303e+00 4.367254571632208240e+02 1.799998400896881492e+02
9.000000000000010658e+00 4.367539683866439759e+02 1.799998519595285131e+02
9.150000000000011013e+00 4.368692562780678372e+02 1.799998634424787269e+02
9.300000000000011369e+00 4.373052787146432934e+02 1.799998749252076777e+02
9.450000000000011724e+00 4.392168228197932081e+02 1.799998862002229316e+02
9.600000000000012079e+00 4.451170873761622602e+02 1.799998967691681742e+02
9.750000000000012434e+00 4.843071897601389537e+02 1.799999069840686730e+02
9.900000000000012790e+00 5.172992757011335243e+02 1.799999122909765674e+02
1.005000000000001315e+01 7.999999999100763262e+02 1.799999134523847886e+02
1.020000000000001350e+01 7.999999999100763262e+02 1.799999134523847886e+02
1.035000000000001386e+01 7.999999999100763262e+02 1.799999134523847886e+02
1.050000000000001421e+01 7.999999999100763262e+02 1.799999134523847886e+02
1.065000000000001457e+01 7.999999999100763262e+02 1.799999134523847886e+02
1.080000000000001492e+01 7.999999999100763262e+02 1.799999134523847886e+02
1.095000000000001528e+01 7.999999999100763262e+02 1.799999134523847886e+02
1.110000000000001563e+01 7.999999999100763262e+02 1.799999134523847886e+02
1.125000000000001599e+01 7.999999999100763262e+02 1.799999134523847886e+02
1.140000000000001634e+01 7.999999999100763262e+02 1.799999134523847886e+02
1.155000000000001670e+01 7.999999999100763262e+02 1.799999134523847886e+02
1.170000000000001705e+01 7.999999999100763262e+02 1.799999134523847886e+02
1.185000000000001741e+01 7.999999999100763262e+02 1.799999134523847886e+02
1.200000000000001776e+01 7.999999999100763262e+02 1.799999134523847886e+02
1.215000000000001812e+01 7.999999999100763262e+02 1.799999134523847886e+02
1.230000000000001847e+01 7.999999999100763262e+02 1.799999134523847886e+02
1.245000000000001883e+01 7.999999999100763262e+02 1.799999134523847886e+02
1.260000000000001918e+01 7.999999999100763262e+02 1.799999134523847886e+02
1.275000000000001954e+01 7.999999999100763262e+02 1.799999134523847886e+02
1.290000000000001990e+01 7.999999999100763262e+02 1.799999134523847886e+02
1.305000000000002025e+01 7.999999991235240486e+02 1.799999137536924252e+02
1.320000000000002061e+01 7.999999991235240486e+02 1.799999137536924252e+02
1.335000000000002096e+01 7.999999991235240486e+02 1.799999137536924252e+02
1.350000000000002132e+01 7.999999991235240486e+02 1.799999137536924252e+02
1.365000000000002167e+01 7.999999991235240486e+02 1.799999137536924252e+02
1.380000000000002203e+01 7.999999991235240486e+02 1.799999137536924252e+02
1.395000000000002238e+01 7.999999991235240486e+02 1.799999137536924252e+02
1.410000000000002274e+01 7.999999991235240486e+02 1.799999137536924252e+02
1.425000000000002309e+01 7.999999991235240486e+02 1.799999137536924252e+02
1.440000000000002345e+01 7.999999991235240486e+02 1.799999137536924252e+02
1.455000000000002380e+01 7.999999991235240486e+02 1.799999137536924252e+02
1.470000000000002416e+01 7.999999991235240486e+02 1.799999137536924252e+02
1.485000000000002451e+01 7.999999991235240486e+02 1.799999137536924252e+02
1.500000000000002487e+01 7.999999991235240486e+02 1.799999137536924252e+02
1.515000000000002522e+01 7.999999991235240486e+02 1.799999137536924252e+02
1.530000000000002558e+01 7.999999991235240486e+02 1.799999137536924252e+02
1.545000000000002593e+01 7.999999991235240486e+02 1.799999137536924252e+02
1.560000000000002629e+01 7.999999991235240486e+02 1.799999137536924252e+02
1.575000000000002665e+01 7.999999991235240486e+02 1.799999137536924252e+02
1.590000000000002700e+01 7.999999991235240486e+02 1.799999137536924252e+02
