1.499999999999999944e-01 7.999992385591657467e+02 2.217515420225845446e+01
2.999999999999999889e-01 7.999992385591657467e+02 2.217515420225845446e+01
4.499999999999999556e-01 7.999992385591657467e+02 2.217515420225845446e+01
5.999999999999999778e-01 7.999992385591657467e+02 2.217515420225845446e+01
7.500000000000000000e-01 7.999992385591657467e+02 2.217515420225845446e+01
9.000000000000000222e-01 7.999992385591657467e+02 2.217515420225845446e+01
1.050000000000000044e+00 7.999992385591657467e+02 2.217515420225845446e+01
1.199999999999999956e+00 7.999992385591657467e+02 2.217515420225845446e+01
1.349999999999999867e+00 7.999992385591657467e+02 2.217515420225845446e+01
1.499999999999999778e+00 7.999992385591657467e+02 2.217515420225845446e+01
1.649999999999999689e+00 7.999992385591657467e+02 2.217515420225845446e+01
1.799999999999999600e+00 7.999992385591657467e+02 2.217515420225845446e+01
1.949999999999999512e+00 7.999992385591657467e+02 2.217515420225845446e+01
2.099999999999999645e+00 7.999998219083233835e+02 2.219655806377144103e+01
2.249999999999999556e+00 7.999998219083233835e+02 2.219655806377144103e+01
2.399999999999999467e+00 7.999998219083233835e+02 2.219655806377144103e+01
2.549999999999999378e+00 7.999998219083233835e+02 2.219655806377144103e+01
2.699999999999999289e+00 7.999998219083233835e+02 2.219655806377144103e+01
2.849999999999999201e+00 7.999998219083233835e+02 2.219655806377144103e+01
2.999999999999999112e+00 7.999998219083233835e+02 2.219655806377144103e+01
3.149999999999999023e+00 7.999998219083233835e+02 2.219655806377144103e+01
3.299999999999998934e+00 7.999998219083233835e+02 2.219655806377144103e+01
3.449999999999998845e+00 7.999998219083233835e+02 2.219655806377144103e+01
3.599999999999998757e+00 7.999998219083233835e+02 2.219655806377144103e+01
3.749999999999998668e+00 7.999998219083233835e+02 2.219655806377144103e+01
3.899999999999998579e+00 7.999998219083233835e+02 2.219655806377144103e+01
4.049999999999998934e+00 5.063351861832160807e+02 2.231321959471057426e+01
4.199999999999999289e+00 3.997816154216415043e+02 2.288969101621724178e+01
4.349999999999999645e+00 2.841641311582079084e+02 2.449112145751893621e+01
4.500000000000000000e+00 2.347290092623141788e+02 2.699606766990097739e+01
4.650000000000000355e+00 2.030898865727112934e+02 3.055143878818052272e+01
4.800000000000000711e+00 1.827545244319441622e+02 3.503524100390095697e+01
4.950000000000001066e+00 1.687880398016633876e+02 4.034483145866035869e+01
5.100000000000001421e+00 1.589898681388280579e+02 4.632804650458823659e+01
5.250000000000001776e+00 1.520936563006166864e+02 5.282195065457099759e+01
5.400000000000002132e+00 1.473448833758762362e+02 5.965712101320404770e+01
5.550000000000002487e+00 1.442425084584582180e+02 6.666988981668089309e+01
5.700000000000002842e+00 1.424192225167185768e+02 7.371249236788942483e+01
5.850000000000003197e+00 1.415821046590255605e+02 8.066150192596884949e+01
6.000000000000003553e+00 1.414865333898698339e+02 8.742239056662093333e+01
6.150000000000003908e+00 1.419264385296593218e+02 9.392984745425546578e+01
6.300000000000004263e+00 1.427313058588953538e+02 1.001446786601938754e+02
6.450000000000004619e+00 1.437647368986914103e+02 1.060487771475172707e+02
6.600000000000004974e+00 1.449223380651386037e+02 1.116396120284331204e+02
6.750000000000005329e+00 1.461284828000205778e+02 1.169252205046034874e+02
6.900000000000005684e+00 1.473323317543717508e+02 1.219201525416626879e+02
7.050000000000006040e+00 1.485037386863981794e+02 1.266424527001256450e+02
7.200000000000006395e+00 1.496296123836530967e+02 1.311115500581345543e+02
7.350000000000006750e+00 1.507111518540600912e+02 1.353468373712168500e+02
7.500000000000007105e+00 1.517622401285961757e+02 1.393667311786817322e+02
7.650000000000007461e+00 1.528092230894564807e+02 1.431880313851550568e+02
7.800000000000007816e+00 1.538923309511678497e+02 1.468254263418964172e+02
7.950000000000008171e+00 1.550691366631536710e+02 1.502910306189651806e+02
8.100000000000008527e+00 1.564207190899726072e+02 1.535938632240978166e+02
8.250000000000008882e+00 1.580616816033106602e+02 1.567391842990327291e+02
8.400000000000009237e+00 1.601560275598194494e+02 1.597276325947127873e+02
8.550000000000009592e+00 1.629424697400394280e+02 1.625541349025865259e+02
8.700000000000009948e+00 1.667757140754067393e+02 1.652066105505309395e+02
8.850000000000010303e+00 1.721969518675950610e+02 1.676646685550807092e+02
9.000000000000010658e+00 1.800574569024170728e+02 1.698985561009810112e+02
9.150000000000011013e+00 1.917725247732782066e+02 1.718699416336994545e+02
9.300000000000011369e+00 2.097308999562947065e+02 1.735325198283797761e+02
9.450000000000011724e+00 2.390720925617407886e+02 1.748483004631237065e+02
9.600000000000012079e+00 2.865136165166341584e+02 1.757694680059349253e+02
9.750000000000012434e+00 4.005016014078754552e+02 1.763472903825482092e+02
9.900000000000012790e+00 5.063751628786355923e+02 1.765492787655693689e+02
1.005000000000001315e+01 7.999998239731023659e+02 1.765869671274030281e+02
1.020000000000001350e+01 7.999998239731023659e+02 1.765869671274030281e+02
1.035000000000001386e+01 7.999998239731023659e+02 1.765869671274030281e+02
1.050000000000001421e+01 7.999998239731023659e+02 1.765869671274030281e+02
1.065000000000001457e+01 7.999998239731023659e+02 1.765869671274030281e+02
1.080000000000001492e+01 7.999998239731023659e+02 1.765869671274030281e+02
1.095000000000001528e+01 7.999998239731023659e+02 1.765869671274030281e+02
1.110000000000001563e+01 7.999998239731023659e+02 1.765869671274030281e+02
1.125000000000001599e+01 7.999998239731023659e+02 1.765869671274030281e+02
1.140000000000001634e+01 7.999998239731023659e+02 1.765869671274030281e+02
1.155000000000001670e+01 7.999998239731023659e+02 1.765869671274030281e+02
1.170000000000001705e+01 7.999998239731023659e+02 1.765869671274030281e+02
1.185000000000001741e+01 7.999998239731023659e+02 1.765869671274030281e+02
1.200000000000001776e+01 7.999998239731023659e+02 1.765869671274030281e+02
1.215000000000001812e+01 7.999998239731023659e+02 1.765869671274030281e+02
1.230000000000001847e+01 7.999998239731023659e+02 1.765869671274030281e+02
1.245000000000001883e+01 7.999998239731023659e+02 1.765869671274030281e+02
1.260000000000001918e+01 7.999998239731023659e+02 1.765869671274030281e+02
1.275000000000001954e+01 7.999998239731023659e+02 1.765869671274030281e+02
1.290000000000001990e+01 7.999998239731023659e+02 1.765869671274030281e+02
1.305000000000002025e+01 7.999992469506227053e+02 1.765941582607246687e+02
1.320000000000002061e+01 7.999992469506227053e+02 1.765941582607246687e+02
1.335000000000002096e+01 7.999992469506227053e+02 1.765941582607246687e+02
1.350000000000002132e+01 7.999992469506227053e+02 1.765941582607246687e+02
1.365000000000002167e+01 7.999992469506227053e+02 1.765941582607246687e+02
1.380000000000002203e+01 7.999992469506227053e+02 1.765941582607246687e+02
1.395000000000002238e+01 7.999992469506227053e+02 1.765941582607246687e+02
1.410000000000002274e+01 7.999992469506227053e+02 1.765941582607246687e+02
1.425000000000002309e+01 7.999992469506227053e+02 1.765941582607246687e+02
1.440000000000002345e+01 7.999992469506227053e+02 1.765941582607246687e+02
1.455000000000002380e+01 7.999992469506227053e+02 1.765941582607246687e+02
1.470000000000002416e+01 7.999992469506227053e+02 1.765941582607246687e+02
1.485000000000002451e+01 7.999992469506227053e+02 1.765941582607246687e+02
1.500000000000002487e+01 7.999992469506227053e+02 1.765941582607246687e+02
1.515000000000002522e+01 7.999992469506227053e+02 1.765941582607246687e+02
1.530000000000002558e+01 7.999992469506227053e+02 1.765941582607246687e+02
1.545000000000002593e+01 7.999992469506227053e+02 1.765941582607246687e+02
1.560000000000002629e+01 7.999992469506227053e+02 1.765941582607246687e+02
1.575000000000002665e+01 7.999992469506227053e+02 1.765941582607246687e+02
1.590000000000002700e+01 7.999992469506227053e+02 1.765941582607246687e+02
