1.499999999999999944e-01 7.999998890841968660e+02 1.799987317530793121e+02
2.999999999999999889e-01 7.999998890841968660e+02 1.799987317530793121e+02
4.499999999999999556e-01 7.999998890841968660e+02 1.799987317530793121e+02
5.999999999999999778e-01 7.999998890841968660e+02 1.799987317530793121e+02
7.500000000000000000e-01 7.999998890841968660e+02 1.799987317530793121e+02
9.000000000000000222e-01 7.999998890841968660e+02 1.799987317530793121e+02
1.050000000000000044e+00 7.999998890841968660e+02 1.799987317530793121e+02
1.199999999999999956e+00 7.999998890841968660e+02 1.799987317530793121e+02
1.349999999999999867e+00 7.999998890841968660e+02 1.799987317530793121e+02
1.499999999999999778e+00 7.999998890841968660e+02 1.799987317530793121e+02
1.649999999999999689e+00 7.999998890841968660e+02 1.799987317530793121e+02
1.799999999999999600e+00 7.999998890841968660e+02 1.799987317530793121e+02
1.949999999999999512e+00 7.999998890841968660e+02 1.799987317530793121e+02
2.099999999999999645e+00 7.999999797194275288e+02 1.799987329420304150e+02
2.249999999999999556e+00 7.999999797194275288e+02 1.799987329420304150e+02
2.399999999999999467e+00 7.999999797194275288e+02 1.799987329420304150e+02
2.549999999999999378e+00 7.999999797194275288e+02 1.799987329420304150e+02
2.699999999999999289e+00 7.999999797194275288e+02 1.799987329420304150e+02
2.849999999999999201e+00 7.999999797194275288e+02 1.799987329420304150e+02
2.999999999999999112e+00 7.999999797194275288e+02 1.799987329420304150e+02
3.149999999999999023e+00 7.999999797194275288e+02 1.799987329420304150e+02
3.299999999999998934e+00 7.999999797194275288e+02 1.799987329420304150e+02
3.449999999999998845e+00 7.999999797194275288e+02 1.799987329420304150e+02
3.599999999999998757e+00 7.999999797194275288e+02 1.799987329420304150e+02
3.749999999999998668e+00 7.999999797194275288e+02 1.799987329420304150e+02
3.899999999999998579e+00 7.999999797194275288e+02 1.799987329420304150e+02
4.049999999999998934e+00 5.120131249150213080e+02 1.799987372949342443e+02
4.199999999999999289e+00 4.380163824216370472e+02 1.799987554163878656e+02
4.349999999999999645e+00 3.578149767201133500e+02 1.799987972117787365e+02
4.500000000000000000e+00 3.338937750474524933e+02 1.799988460343688814e+02
4.650000000000000355e+00 3.225304328270827909e+02 1.799988983228045072e+02
4.800000000000000711e+00 3.177040426471067462e+02 1.799989516259124116e+02
4.950000000000001066e+00 3.155397172294454435e+02 1.799990037569909020e+02
5.100000000000001421e+00 3.145766842732496116e+02 1.799990533196732088e+02
5.250000000000001776e+00 3.141453464742460255e+02 1.799991016513921522e+02
5.400000000000002132e+00 3.139521889270895372e+02 1.799991479420044982e+02
5.550000000000002487e+00 3.138656139515814516e+02 1.799991916057242065e+02
5.700000000000002842e+00 3.138268065371410103e+02 1.799992340294061250e+02
5.850000000000003197e+00 3.138094086772214837e+02 1.799992746314962062e+02
6.000000000000003553e+00 3.138016088083070372e+02 1.799993129628654174e+02
6.150000000000003908e+00 3.137981120090360605e+02 1.799993502257693478e+02
6.300000000000004263e+00 3.137965446573632562e+02 1.799993859363018771e+02
6.450000000000004619e+00 3.137958428613511614e+02 1.799994197220750891e+02
6.600000000000004974e+00 3.137955302599355036e+02 1.799994526045072689e+02
6.750000000000005329e+00 3.137953946683655317e+02 1.799994841777597685e+02
6.900000000000005684e+00 3.137953440512469001e+02 1.799995141342596696e+02
7.050000000000006040e+00 3.137953440512605994e+02 1.799995433346024925e+02
7.200000000000006395e+00 3.137953946684071411e+02 1.799995714416426154e+02
7.350000000000006750e+00 3.137955302600054779e+02 1.799995982057513402e+02
7.500000000000007105e+00 3.137958428614497279e+02 1.799996243448636051e+02
7.650000000000007461e+00 3.137965446574919497e+02 1.799996495832544952e+02
7.800000000000007816e+00 3.137981120091962453e+02 1.799996737238176081e+02
7.950000000000008171e+00 3.138016088085003048e+02 1.799996973569224679e+02
8.100000000000008527e+00 3.138094086774511311e+02 1.799997202620099017e+02
8.250000000000008882e+00 3.138268065374127218e+02 1.799997422894659280e+02
8.400000000000009237e+00 3.138656139519036969e+02 1.799997639128688718e+02
8.550000000000009592e+00 3.139521889274803925e+02 1.799997849582161109e+02
8.700000000000009948e+00 3.141453464747429507e+02 1.799998053116076733e+02
8.850000000000010303e+00 3.145766842739323010e+02 1.799998253214192516e+02
9.000000000000010658e+00 3.155397172304915898e+02 1.799998448154413211e+02
9.150000000000011013e+00 3.177040426489240872e+02 1.799998636272180192e+02
9.300000000000011369e+00 3.225304328305617787e+02 1.799998817867686114e+02
9.450000000000011724e+00 3.338937750551041859e+02 1.799998987961872103e+02
9.600000000000012079e+00 3.578149767354165647e+02 1.799999134199179309e+02
9.750000000000012434e+00 4.380163824783863902e+02 1.799999251684706394e+02
9.900000000000012790e+00 5.120131249549075392e+02 1.799999301929015019e+02
1.005000000000001315e+01 7.999999804627599360e+02 1.799999312024996243e+02
1.020000000000001350e+01 7.999999804627599360e+02 1.799999312024996243e+02
1.035000000000001386e+01 7.999999804627599360e+02 1.799999312024996243e+02
1.050000000000001421e+01 7.999999804627599360e+02 1.799999312024996243e+02
1.065000000000001457e+01 7.999999804627599360e+02 1.799999312024996243e+02
1.080000000000001492e+01 7.999999804627599360e+02 1.799999312024996243e+02
1.095000000000001528e+01 7.999999804627599360e+02 1.799999312024996243e+02
1.110000000000001563e+01 7.999999804627599360e+02 1.799999312024996243e+02
1.125000000000001599e+01 7.999999804627599360e+02 1.799999312024996243e+02
1.140000000000001634e+01 7.999999804627599360e+02 1.799999312024996243e+02
1.155000000000001670e+01 7.999999804627599360e+02 1.799999312024996243e+02
1.170000000000001705e+01 7.999999804627599360e+02 1.799999312024996243e+02
1.185000000000001741e+01 7.999999804627599360e+02 1.799999312024996243e+02
1.200000000000001776e+01 7.999999804627599360e+02 1.799999312024996243e+02
1.215000000000001812e+01 7.999999804627599360e+02 1.799999312024996243e+02
1.230000000000001847e+01 7.999999804627599360e+02 1.799999312024996243e+02
1.245000000000001883e+01 7.999999804627599360e+02 1.799999312024996243e+02
1.260000000000001918e+01 7.999999804627599360e+02 1.799999312024996243e+02
1.275000000000001954e+01 7.999999804627599360e+02 1.799999312024996243e+02
1.290000000000001990e+01 7.999999804627599360e+02 1.799999312024996243e+02
1.305000000000002025e+01 7.999998931495313172e+02 1.799999314309024214e+02
1.320000000000002061e+01 7.999998931495313172e+02 1.799999314309024214e+02
1.335000000000002096e+01 7.999998931495313172e+02 1.799999314309024214e+02
1.350000000000002132e+01 7.999998931495313172e+02 1.799999314309024214e+02
1.365000000000002167e+01 7.999998931495313172e+02 1.799999314309024214e+02
1.380000000000002203e+01 7.999998931495313172e+02 1.799999314309024214e+02
1.395000000000002238e+01 7.999998931495313172e+02 1.799999314309024214e+02
1.410000000000002274e+01 7.999998931495313172e+02 1.799999314309024214e+02
1.425000000000002309e+01 7.999998931495313172e+02 1.799999314309024214e+02
1.440000000000002345e+01 7.999998931495313172e+02 1.799999314309024214e+02
1.455000000000002380e+01 7.999998931495313172e+02 1.799999314309024214e+02
1.470000000000002416e+01 7.999998931495313172e+02 1.799999314309024214e+02
1.485000000000002451e+01 7.999998931495313172e+02 1.799999314309024214e+02
1.500000000000002487e+01 7.999998931495313172e+02 1.799999314309024214e+02
1.515000000000002522e+01 7.999998931495313172e+02 1.799999314309024214e+02
1.530000000000002558e+01 7.999998931495313172e+02 1.799999314309024214e+02
1.545000000000002593e+01 7.999998931495313172e+02 1.799999314309024214e+02
1.560000000000002629e+01 7.999998931495313172e+02 1.799999314309024214e+02
1.575000000000002665e+01 7.999998931495313172e+02 1.799999314309024214e+02
1.590000000000002700e+01 7.999998931495313172e+02 1.799999314309024214e+02
