1.499999999999999944e-01 7.995272116631637118e+02 3.438198519909452244e-04
2.999999999999999889e-01 7.995272116631637118e+02 3.438198519909452244e-04
4.499999999999999556e-01 7.995272116631637118e+02 3.438198519909452244e-04
5.999999999999999778e-01 7.995272116631637118e+02 3.438198519909452244e-04
7.500000000000000000e-01 7.995272116631637118e+02 3.438198519909452244e-04
9.000000000000000222e-01 7.995272116631637118e+02 3.438198519909452244e-04
1.050000000000000044e+00 7.995272116631637118e+02 3.438198519909452244e-04
1.199999999999999956e+00 7.995272116631637118e+02 3.438198519909452244e-04
1.349999999999999867e+00 7.995272116631637118e+02 3.438198519909452244e-04
1.499999999999999778e+00 7.995272116631637118e+02 3.438198519909452244e-04
1.649999999999999689e+00 7.995272116631637118e+02 3.438198519909452244e-04
1.799999999999999600e+00 7.995272116631637118e+02 3.438198519909452244e-04
1.949999999999999512e+00 7.995272116631637118e+02 3.438198519909452244e-04
2.099999999999999645e+00 7.997439567810459948e+02 3.436565607699559877e-04
2.249999999999999556e+00 7.997439567810459948e+02 3.436565607699559877e-04
2.399999999999999467e+00 7.997439567810459948e+02 3.436565607699559877e-04
2.549999999999999378e+00 7.997439567810459948e+02 3.436565607699559877e-04
2.699999999999999289e+00 7.997439567810459948e+02 3.436565607699559877e-04
2.849999999999999201e+00 7.997439567810459948e+02 3.436565607699559877e-04
2.999999999999999112e+00 7.997439567810459948e+02 3.436565607699559877e-04
3.149999999999999023e+00 7.997439567810459948e+02 3.436565607699559877e-04
3.299999999999998934e+00 7.997439567810459948e+02 3.436565607699559877e-04
3.449999999999998845e+00 7.997439567810459948e+02 3.436565607699559877e-04
3.599999999999998757e+00 7.997439567810459948e+02 3.436565607699559877e-04
3.749999999999998668e+00 7.997439567810459948e+02 3.436565607699559877e-04
3.899999999999998579e+00 7.997439567810459948e+02 3.436565607699559877e-04
4.049999999999998934e+00 4.287560594137899557e+02 3.438973167070313863e-04
4.199999999999999289e+00 1.968902697242268971e+02 3.448509917104436440e-04
4.349999999999999645e+00 6.134129201869133396e+01 3.468140926143892244e-04
4.500000000000000000e+00 2.179664659886672240e+01 3.519812851650039320e-04
4.650000000000000355e+00 7.124690345563934102e+00 3.689145013380246141e-04
4.800000000000000711e+00 2.154418665745879480e+00 4.253112095515820812e-04
4.950000000000001066e+00 4.154054700942424461e-01 7.636268813115965060e-04
5.100000000000001421e+00 1.857504500883351284e-01 1.799994064823657425e+02
5.250000000000001776e+00 3.944955322428995714e-01 1.799999030953803469e+02
5.400000000000002132e+00 4.668593249106152143e-01 1.799999715960152287e+02
5.550000000000002487e+00 4.919605852002177926e-01 1.799999906389607531e+02
5.700000000000002842e+00 5.006656013107431136e-01 1.799999968095715985e+02
5.850000000000003197e+00 5.036847250231630824e-01 1.799999989000514802e+02
6.000000000000003553e+00 5.047318016421513676e-01 1.799999996187797535e+02
6.150000000000003908e+00 5.050949483443218924e-01 1.799999998678705140e+02
6.300000000000004263e+00 5.052208967357501024e-01 1.799999999541827833e+02
6.450000000000004619e+00 5.052645857361994786e-01 1.799999999840888734e+02
6.600000000000004974e+00 5.052797610743482437e-01 1.799999999944814419e+02
6.750000000000005329e+00 5.052850909166863858e-01 1.799999999980859968e+02
6.900000000000005684e+00 5.052871317286644626e-01 1.799999999993351878e+02
7.050000000000006040e+00 5.052883942258858951e-01 1.799999999997693862e+02
7.200000000000006395e+00 5.052904314386523765e-01 1.799999999999199360e+02
7.350000000000006750e+00 5.052957494802967631e-01 1.799999999999720899e+02
7.500000000000007105e+00 5.053108903604197621e-01 1.799999999999904787e+02
7.650000000000007461e+00 5.053544801760381233e-01 1.799999999999966747e+02
7.800000000000007816e+00 5.054801423416392936e-01 1.799999999999989768e+02
7.950000000000008171e+00 5.058424634082712146e-01 1.799999999999995168e+02
8.100000000000008527e+00 5.068871593553012644e-01 1.799999999999999432e+02
8.250000000000008882e+00 5.098994187811740630e-01 1.799999999999997158e+02
8.400000000000009237e+00 5.185846434761742785e-01 1.799999999999992895e+02
8.550000000000009592e+00 5.436288375578897103e-01 1.799999999999980673e+02
8.700000000000009948e+00 6.158281050712730575e-01 1.799999999999952536e+02
8.850000000000010303e+00 8.240988245313474181e-01 1.799999999999895408e+02
9.000000000000010658e+00 1.423888095601967052e+00 1.799999999999827480e+02
9.150000000000011013e+00 3.158962821476521299e+00 1.799999999999774900e+02
9.300000000000011369e+00 8.117950815200821069e+00 1.799999999999746194e+02
9.450000000000011724e+00 2.275754638485209824e+01 1.799999999999735678e+02
9.600000000000012079e+00 6.221350177262543468e+01 1.799999999999731131e+02
9.750000000000012434e+00 1.975204667178036573e+02 1.799999999999730278e+02
9.900000000000012790e+00 4.289259712175028767e+02 1.799999999999728857e+02
1.005000000000001315e+01 7.997464959388955776e+02 1.799999999999729141e+02
1.020000000000001350e+01 7.997464959388955776e+02 1.799999999999729141e+02
1.035000000000001386e+01 7.997464959388955776e+02 1.799999999999729141e+02
1.050000000000001421e+01 7.997464959388955776e+02 1.799999999999729141e+02
1.065000000000001457e+01 7.997464959388955776e+02 1.799999999999729141e+02
1.080000000000001492e+01 7.997464959388955776e+02 1.799999999999729141e+02
1.095000000000001528e+01 7.997464959388955776e+02 1.799999999999729141e+02
1.110000000000001563e+01 7.997464959388955776e+02 1.799999999999729141e+02
1.125000000000001599e+01 7.997464959388955776e+02 1.799999999999729141e+02
1.140000000000001634e+01 7.997464959388955776e+02 1.799999999999729141e+02
1.155000000000001670e+01 7.997464959388955776e+02 1.799999999999729141e+02
1.170000000000001705e+01 7.997464959388955776e+02 1.799999999999729141e+02
1.185000000000001741e+01 7.997464959388955776e+02 1.799999999999729141e+02
1.200000000000001776e+01 7.997464959388955776e+02 1.799999999999729141e+02
1.215000000000001812e+01 7.997464959388955776e+02 1.799999999999729141e+02
1.230000000000001847e+01 7.997464959388955776e+02 1.799999999999729141e+02
1.245000000000001883e+01 7.997464959388955776e+02 1.799999999999729141e+02
1.260000000000001918e+01 7.997464959388955776e+02 1.799999999999729141e+02
1.275000000000001954e+01 7.997464959388955776e+02 1.799999999999729141e+02
1.290000000000001990e+01 7.997464959388955776e+02 1.799999999999729141e+02
1.305000000000002025e+01 7.995316970027473644e+02 1.799999999999730278e+02
1.320000000000002061e+01 7.995316970027473644e+02 1.799999999999730278e+02
1.335000000000002096e+01 7.995316970027473644e+02 1.799999999999730278e+02
1.350000000000002132e+01 7.995316970027473644e+02 1.799999999999730278e+02
1.365000000000002167e+01 7.995316970027473644e+02 1.799999999999730278e+02
1.380000000000002203e+01 7.995316970027473644e+02 1.799999999999730278e+02
1.395000000000002238e+01 7.995316970027473644e+02 1.799999999999730278e+02
1.410000000000002274e+01 7.995316970027473644e+02 1.799999999999730278e+02
1.425000000000002309e+01 7.995316970027473644e+02 1.799999999999730278e+02
1.440000000000002345e+01 7.995316970027473644e+02 1.799999999999730278e+02
1.455000000000002380e+01 7.995316970027473644e+02 1.799999999999730278e+02
1.470000000000002416e+01 7.995316970027473644e+02 1.799999999999730278e+02
1.485000000000002451e+01 7.995316970027473644e+02 1.799999999999730278e+02
1.500000000000002487e+01 7.995316970027473644e+02 1.799999999999730278e+02
1.515000000000002522e+01 7.995316970027473644e+02 1.799999999999730278e+02
1.530000000000002558e+01 7.995316970027473644e+02 1.799999999999730278e+02
1.545000000000002593e+01 7.995316970027473644e+02 1.799999999999730278e+02
1.560000000000002629e+01 7.995316970027473644e+02 1.799999999999730278e+02
1.575000000000002665e+01 7.995316970027473644e+02 1.799999999999730278e+02
1.590000000000002700e+01 7.995316970027473644e+02 1.799999999999730278e+02
