1.499999999999999944e-01 7.999986799566750051e+02 1.799991967373790374e+02
2.999999999999999889e-01 7.999986799566750051e+02 1.799991967373790374e+02
4.499999999999999556e-01 7.999986799566750051e+02 1.799991967373790374e+02
5.999999999999999778e-01 7.999986799566750051e+02 1.799991967373790374e+02
7.500000000000000000e-01 7.999986799566750051e+02 1.799991967373790374e+02
9.000000000000000222e-01 7.999986799566750051e+02 1.799991967373790374e+02
1.050000000000000044e+00 7.999986799566750051e+02 1.799991967373790374e+02
1.199999999999999956e+00 7.999986799566750051e+02 1.799991967373790374e+02
1.349999999999999867e+00 7.999986799566750051e+02 1.799991967373790374e+02
1.499999999999999778e+00 7.999986799566750051e+02 1.799991967373790374e+02
1.649999999999999689e+00 7.999986799566750051e+02 1.799991967373790374e+02
1.799999999999999600e+00 7.999986799566750051e+02 1.799991967373790374e+02
1.949999999999999512e+00 7.999986799566750051e+02 1.799991967373790374e+02
2.099999999999999645e+00 7.999996688391390762e+02 1.799991973320495333e+02
2.249999999999999556e+00 7.999996688391390762e+02 1.799991973320495333e+02
2.399999999999999467e+00 7.999996688391390762e+02 1.799991973320495333e+02
2.549999999999999378e+00 7.999996688391390762e+02 1.799991973320495333e+02
2.699999999999999289e+00 7.999996688391390762e+02 1.799991973320495333e+02
2.849999999999999201e+00 7.999996688391390762e+02 1.799991973320495333e+02
2.999999999999999112e+00 7.999996688391390762e+02 1.799991973320495333e+02
3.149999999999999023e+00 7.999996688391390762e+02 1.799991973320495333e+02
3.299999999999998934e+00 7.999996688391390762e+02 1.799991973320495333e+02
3.449999999999998845e+00 7.999996688391390762e+02 1.799991973320495333e+02
3.599999999999998757e+00 7.999996688391390762e+02 1.799991973320495333e+02
3.749999999999998668e+00 7.999996688391390762e+02 1.799991973320495333e+02
3.899999999999998579e+00 7.999996688391390762e+02 1.799991973320495333e+02
4.049999999999998934e+00 5.040686782494196905e+02 1.799991985468061557e+02
4.199999999999999289e+00 3.868943328469201788e+02 1.799992026146553314e+02
4.349999999999999645e+00 2.610375142821888517e+02 1.799992153652387401e+02
4.500000000000000000e+00 2.040328767581103762e+02 1.799992340708325003e+02
4.650000000000000355e+00 1.662903654803827465e+02 1.799992589316051124e+02
4.800000000000000711e+00 1.410599830370041161e+02 1.799992907954564600e+02
4.950000000000001066e+00 1.230518136215987255e+02 1.799993279568426772e+02
5.100000000000001421e+00 1.097874514403495283e+02 1.799993684573952635e+02
5.250000000000001776e+00 9.976876615697850070e+01 1.799994126871088724e+02
5.400000000000002132e+00 9.207063055388908879e+01 1.799994585542657717e+02
5.550000000000002487e+00 8.608420714835729370e+01 1.799995042732933541e+02
5.700000000000002842e+00 8.139346104381431246e+01 1.799995501107383973e+02
5.850000000000003197e+00 7.770495540132370138e+01 1.799995945528855259e+02
6.000000000000003553e+00 7.480693054778619455e+01 1.799996365047873326e+02
6.150000000000003908e+00 7.254417799193544170e+01 1.799996764666107651e+02
6.300000000000004263e+00 7.080208338333311247e+01 1.799997136499601709e+02
6.450000000000004619e+00 6.949620881237490266e+01 1.799997476001835537e+02
6.600000000000004974e+00 6.856537616119931045e+01 1.799997789562409025e+02
6.750000000000005329e+00 6.796706361897183513e+01 1.799998074191637727e+02
6.900000000000005684e+00 6.767441015213009337e+01 1.799998328982956366e+02
7.050000000000006040e+00 6.767441015321060149e+01 1.799998559931689215e+02
7.200000000000006395e+00 6.796706362225665998e+01 1.799998766409126745e+02
7.350000000000006750e+00 6.856537616682308567e+01 1.799998948958698293e+02
7.500000000000007105e+00 6.949620882057453741e+01 1.799999112232536902e+02
7.650000000000007461e+00 7.080208339445896115e+01 1.799999256453656074e+02
7.800000000000007816e+00 7.254417800647934200e+01 1.799999382491491531e+02
7.950000000000008171e+00 7.480693056641976568e+01 1.799999493513697075e+02
8.100000000000008527e+00 7.770495542495643804e+01 1.799999589943394938e+02
8.250000000000008882e+00 8.139346107368020000e+01 1.799999672583264783e+02
8.400000000000009237e+00 8.608420718615246869e+01 1.799999743425978806e+02
8.550000000000009592e+00 9.207063060199511995e+01 1.799999802962019828e+02
8.700000000000009948e+00 9.976876621882267671e+01 1.799999851950318259e+02
8.850000000000010303e+00 1.097874515210556723e+02 1.799999891728390367e+02
9.000000000000010658e+00 1.230518137291343947e+02 1.799999922978429936e+02
9.150000000000011013e+00 1.410599831847227676e+02 1.799999946598405529e+02
9.300000000000011369e+00 1.662903656908820267e+02 1.799999963727951808e+02
9.450000000000011724e+00 2.040328770842412212e+02 1.799999975369638037e+02
9.600000000000012079e+00 2.610375147832755829e+02 1.799999982421829827e+02
9.750000000000012434e+00 3.868943341366883146e+02 1.799999986353229531e+02
9.900000000000012790e+00 5.040686791972198080e+02 1.799999987620090280e+02
1.005000000000001315e+01 7.999996800333383362e+02 1.799999987845937710e+02
1.020000000000001350e+01 7.999996800333383362e+02 1.799999987845937710e+02
1.035000000000001386e+01 7.999996800333383362e+02 1.799999987845937710e+02
1.050000000000001421e+01 7.999996800333383362e+02 1.799999987845937710e+02
1.065000000000001457e+01 7.999996800333383362e+02 1.799999987845937710e+02
1.080000000000001492e+01 7.999996800333383362e+02 1.799999987845937710e+02
1.095000000000001528e+01 7.999996800333383362e+02 1.799999987845937710e+02
1.110000000000001563e+01 7.999996800333383362e+02 1.799999987845937710e+02
1.125000000000001599e+01 7.999996800333383362e+02 1.799999987845937710e+02
1.140000000000001634e+01 7.999996800333383362e+02 1.799999987845937710e+02
1.155000000000001670e+01 7.999996800333383362e+02 1.799999987845937710e+02
1.170000000000001705e+01 7.999996800333383362e+02 1.799999987845937710e+02
1.185000000000001741e+01 7.999996800333383362e+02 1.799999987845937710e+02
1.200000000000001776e+01 7.999996800333383362e+02 1.799999987845937710e+02
1.215000000000001812e+01 7.999996800333383362e+02 1.799999987845937710e+02
1.230000000000001847e+01 7.999996800333383362e+02 1.799999987845937710e+02
1.245000000000001883e+01 7.999996800333383362e+02 1.799999987845937710e+02
1.260000000000001918e+01 7.999996800333383362e+02 1.799999987845937710e+02
1.275000000000001954e+01 7.999996800333383362e+02 1.799999987845937710e+02
1.290000000000001990e+01 7.999996800333383362e+02 1.799999987845937710e+02
1.305000000000002025e+01 7.999987245779719842e+02 1.799999987897856784e+02
1.320000000000002061e+01 7.999987245779719842e+02 1.799999987897856784e+02
1.335000000000002096e+01 7.999987245779719842e+02 1.799999987897856784e+02
1.350000000000002132e+01 7.999987245779719842e+02 1.799999987897856784e+02
1.365000000000002167e+01 7.999987245779719842e+02 1.799999987897856784e+02
1.380000000000002203e+01 7.999987245779719842e+02 1.799999987897856784e+02
1.395000000000002238e+01 7.999987245779719842e+02 1.799999987897856784e+02
1.410000000000002274e+01 7.999987245779719842e+02 1.799999987897856784e+02
1.425000000000002309e+01 7.999987245779719842e+02 1.799999987897856784e+02
1.440000000000002345e+01 7.999987245779719842e+02 1.799999987897856784e+02
1.455000000000002380e+01 7.999987245779719842e+02 1.799999987897856784e+02
1.470000000000002416e+01 7.999987245779719842e+02 1.799999987897856784e+02
1.485000000000002451e+01 7.999987245779719842e+02 1.799999987897856784e+02
1.500000000000002487e+01 7.999987245779719842e+02 1.799999987897856784e+02
1.515000000000002522e+01 7.999987245779719842e+02 1.799999987897856784e+02
1.530000000000002558e+01 7.999987245779719842e+02 1.799999987897856784e+02
1.545000000000002593e+01 7.999987245779719842e+02 1.799999987897856784e+02
1.560000000000002629e+01 7.999987245779719842e+02 1.799999987897856784e+02
1.575000000000002665e+01 7.999987245779719842e+02 1.799999987897856784e+02
1.590000000000002700e+01 7.999987245779719842e+02 1.799999987897856784e+02
