1.499999999999999944e-01 7.999431261017261932e+02 2.727939309676852275e-05
2.999999999999999889e-01 7.999431261017261932e+02 2.727939309676852275e-05
4.499999999999999556e-01 7.999431261017261932e+02 2.727939309676852275e-05
5.999999999999999778e-01 7.999431261017261932e+02 2.727939309676852275e-05
7.500000000000000000e-01 7.999431261017261932e+02 2.727939309676852275e-05
9.000000000000000222e-01 7.999431261017261932e+02 2.727939309676852275e-05
1.050000000000000044e+00 7.999431261017261932e+02 2.727939309676852275e-05
1.199999999999999956e+00 7.999431261017261932e+02 2.727939309676852275e-05
1.349999999999999867e+00 7.999431261017261932e+02 2.727939309676852275e-05
1.499999999999999778e+00 7.999431261017261932e+02 2.727939309676852275e-05
1.649999999999999689e+00 7.999431261017261932e+02 2.727939309676852275e-05
1.799999999999999600e+00 7.999431261017261932e+02 2.727939309676852275e-05
1.949999999999999512e+00 7.999431261017261932e+02 2.727939309676852275e-05
2.099999999999999645e+00 7.999765806538066499e+02 2.726652693807452010e-05
2.249999999999999556e+00 7.999765806538066499e+02 2.726652693807452010e-05
2.399999999999999467e+00 7.999765806538066499e+02 2.726652693807452010e-05
2.549999999999999378e+00 7.999765806538066499e+02 2.726652693807452010e-05
2.699999999999999289e+00 7.999765806538066499e+02 2.726652693807452010e-05
2.849999999999999201e+00 7.999765806538066499e+02 2.726652693807452010e-05
2.999999999999999112e+00 7.999765806538066499e+02 2.726652693807452010e-05
3.149999999999999023e+00 7.999765806538066499e+02 2.726652693807452010e-05
3.299999999999998934e+00 7.999765806538066499e+02 2.726652693807452010e-05
3.449999999999998845e+00 7.999765806538066499e+02 2.726652693807452010e-05
3.599999999999998757e+00 7.999765806538066499e+02 2.726652693807452010e-05
3.749999999999998668e+00 7.999765806538066499e+02 2.726652693807452010e-05
3.899999999999998579e+00 7.999765806538066499e+02 2.726652693807452010e-05
4.049999999999998934e+00 4.711708906573456375e+02 2.728811093166694235e-05
4.199999999999999289e+00 2.692943703578485497e+02 2.737103308247945677e-05
4.349999999999999645e+00 1.111722793771154585e+02 2.750889677860524074e-05
4.500000000000000000e+00 5.115074251453859233e+01 2.778877352438424708e-05
4.650000000000000355e+00 2.250164075398090091e+01 2.848343722272606016e-05
4.800000000000000711e+00 9.710977878437695665e+00 3.002129418083754331e-05
4.950000000000001066e+00 3.879521768482987909e+00 3.408086587186609506e-05
5.100000000000001421e+00 1.237372950734197730e+00 4.857298744331828289e-05
5.250000000000001776e+00 3.791762760192796122e-02 7.193396924360939693e-04
5.400000000000002132e+00 5.062735930811186336e-01 1.799999755483860611e+02
5.550000000000002487e+00 7.532172336638609522e-01 1.799999925306788384e+02
5.700000000000002842e+00 8.652691870995568024e-01 1.799999970490671046e+02
5.850000000000003197e+00 9.161142969036859540e-01 1.799999987350627180e+02
6.000000000000003553e+00 9.391860609004538674e-01 1.799999994392385929e+02
6.150000000000003908e+00 9.496557507785610142e-01 1.799999997483067204e+02
6.300000000000004263e+00 9.544078698862108467e-01 1.799999998863388839e+02
6.450000000000004619e+00 9.565672526389903396e-01 1.799999999484603279e+02
6.600000000000004974e+00 9.575538358041058018e-01 1.799999999766329779e+02
6.750000000000005329e+00 9.580163633763163489e-01 1.799999999893999814e+02
6.900000000000005684e+00 9.582589777334646897e-01 1.799999999951838277e+02
7.050000000000006040e+00 9.584412139590199331e-01 1.799999999978147969e+02
7.200000000000006395e+00 9.586829044988576243e-01 1.799999999990083666e+02
7.350000000000006750e+00 9.591429768187254012e-01 1.799999999995496012e+02
7.500000000000007105e+00 9.601239589615602199e-01 1.799999999997957616e+02
7.650000000000007461e+00 9.622709117190879624e-01 1.799999999999074021e+02
7.800000000000007816e+00 9.669955987570233447e-01 1.799999999999578222e+02
7.950000000000008171e+00 9.774048166585203035e-01 1.799999999999806448e+02
8.100000000000008527e+00 1.000343308546803200e+00 1.799999999999906208e+02
8.250000000000008882e+00 1.050894730414199785e+00 1.799999999999937472e+02
8.400000000000009237e+00 1.162299556255163679e+00 1.799999999999930367e+02
8.550000000000009592e+00 1.407817554538524973e+00 1.799999999999891998e+02
8.700000000000009948e+00 1.948869443712709426e+00 1.799999999999834870e+02
8.850000000000010303e+00 3.141417944970058329e+00 1.799999999999778595e+02
9.000000000000010658e+00 5.768405522995358581e+00 1.799999999999735110e+02
9.150000000000011013e+00 1.156671362532530978e+01 1.799999999999708109e+02
9.300000000000011369e+00 2.428577323829230039e+01 1.799999999999692477e+02
9.450000000000011724e+00 5.278265451566421973e+01 1.799999999999686793e+02
9.600000000000012079e+00 1.125027085738295369e+02 1.799999999999682245e+02
9.750000000000012434e+00 2.700520474925115764e+02 1.799999999999681677e+02
9.900000000000012790e+00 4.712868096245074980e+02 1.799999999999680540e+02
1.005000000000001315e+01 7.999768472665464287e+02 1.799999999999680824e+02
1.020000000000001350e+01 7.999768472665464287e+02 1.799999999999680824e+02
1.035000000000001386e+01 7.999768472665464287e+02 1.799999999999680824e+02
1.050000000000001421e+01 7.999768472665464287e+02 1.799999999999680824e+02
1.065000000000001457e+01 7.999768472665464287e+02 1.799999999999680824e+02
1.080000000000001492e+01 7.999768472665464287e+02 1.799999999999680824e+02
1.095000000000001528e+01 7.999768472665464287e+02 1.799999999999680824e+02
1.110000000000001563e+01 7.999768472665464287e+02 1.799999999999680824e+02
1.125000000000001599e+01 7.999768472665464287e+02 1.799999999999680824e+02
1.140000000000001634e+01 7.999768472665464287e+02 1.799999999999680824e+02
1.155000000000001670e+01 7.999768472665464287e+02 1.799999999999680824e+02
1.170000000000001705e+01 7.999768472665464287e+02 1.799999999999680824e+02
1.185000000000001741e+01 7.999768472665464287e+02 1.799999999999680824e+02
1.200000000000001776e+01 7.999768472665464287e+02 1.799999999999680824e+02
1.215000000000001812e+01 7.999768472665464287e+02 1.799999999999680824e+02
1.230000000000001847e+01 7.999768472665464287e+02 1.799999999999680824e+02
1.245000000000001883e+01 7.999768472665464287e+02 1.799999999999680824e+02
1.260000000000001918e+01 7.999768472665464287e+02 1.799999999999680824e+02
1.275000000000001954e+01 7.999768472665464287e+02 1.799999999999680824e+02
1.290000000000001990e+01 7.999768472665464287e+02 1.799999999999680824e+02
1.305000000000002025e+01 7.999437439496053912e+02 1.799999999999682245e+02
1.320000000000002061e+01 7.999437439496053912e+02 1.799999999999682245e+02
1.335000000000002096e+01 7.999437439496053912e+02 1.799999999999682245e+02
1.350000000000002132e+01 7.999437439496053912e+02 1.799999999999682245e+02
1.365000000000002167e+01 7.999437439496053912e+02 1.799999999999682245e+02
1.380000000000002203e+01 7.999437439496053912e+02 1.799999999999682245e+02
1.395000000000002238e+01 7.999437439496053912e+02 1.799999999999682245e+02
1.410000000000002274e+01 7.999437439496053912e+02 1.799999999999682245e+02
1.425000000000002309e+01 7.999437439496053912e+02 1.799999999999682245e+02
1.440000000000002345e+01 7.999437439496053912e+02 1.799999999999682245e+02
1.455000000000002380e+01 7.999437439496053912e+02 1.799999999999682245e+02
1.470000000000002416e+01 7.999437439496053912e+02 1.799999999999682245e+02
1.485000000000002451e+01 7.999437439496053912e+02 1.799999999999682245e+02
1.500000000000002487e+01 7.999437439496053912e+02 1.799999999999682245e+02
1.515000000000002522e+01 7.999437439496053912e+02 1.799999999999682245e+02
1.530000000000002558e+01 7.999437439496053912e+02 1.799999999999682245e+02
1.545000000000002593e+01 7.999437439496053912e+02 1.799999999999682245e+02
1.560000000000002629e+01 7.999437439496053912e+02 1.799999999999682245e+02
1.575000000000002665e+01 7.999437439496053912e+02 1.799999999999682245e+02
1.590000000000002700e+01 7.999437439496053912e+02 1.799999999999682245e+02
