1.499999999999999944e-01 7.999834051115742568e+02 7.053391204436820772e-11
2.999999999999999889e-01 7.999834051115742568e+02 7.053391204436820772e-11
4.499999999999999556e-01 7.999834051115742568e+02 7.053391204436820772e-11
5.999999999999999778e-01 7.999834051115742568e+02 7.053391204436820772e-11
7.500000000000000000e-01 7.999834051115742568e+02 7.053391204436820772e-11
9.000000000000000222e-01 7.999834051115742568e+02 7.053391204436820772e-11
1.050000000000000044e+00 7.999834051115742568e+02 7.053391204436820772e-11
1.199999999999999956e+00 7.999834051115742568e+02 7.053391204436820772e-11
1.349999999999999867e+00 7.999834051115742568e+02 7.053391204436820772e-11
1.499999999999999778e+00 7.999834051115742568e+02 7.053391204436820772e-11
1.649999999999999689e+00 7.999834051115742568e+02 7.053391204436820772e-11
1.799999999999999600e+00 7.999834051115742568e+02 7.053391204436820772e-11
1.949999999999999512e+00 7.999834051115742568e+02 7.053391204436820772e-11
2.099999999999999645e+00 7.999941797066381923e+02 7.059441919921027875e-11
2.249999999999999556e+00 7.999941797066381923e+02 7.059441919921027875e-11
2.399999999999999467e+00 7.999941797066381923e+02 7.059441919921027875e-11
2.549999999999999378e+00 7.999941797066381923e+02 7.059441919921027875e-11
2.699999999999999289e+00 7.999941797066381923e+02 7.059441919921027875e-11
2.849999999999999201e+00 7.999941797066381923e+02 7.059441919921027875e-11
2.999999999999999112e+00 7.999941797066381923e+02 7.059441919921027875e-11
3.149999999999999023e+00 7.999941797066381923e+02 7.059441919921027875e-11
3.299999999999998934e+00 7.999941797066381923e+02 7.059441919921027875e-11
3.449999999999998845e+00 7.999941797066381923e+02 7.059441919921027875e-11
3.599999999999998757e+00 7.999941797066381923e+02 7.059441919921027875e-11
3.749999999999998668e+00 7.999941797066381923e+02 7.059441919921027875e-11
3.899999999999998579e+00 7.999941797066381923e+02 7.059441919921027875e-11
4.049999999999998934e+00 4.860883750685822520e+02 7.135858570705977399e-11
4.199999999999999289e+00 3.099502533227597496e+02 7.510114752307117669e-11
4.349999999999999645e+00 1.501264502566718022e+02 9.420597635312333296e-11
4.500000000000000000e+00 8.101000332649816471e+01 1.619232525840175185e-10
4.650000000000000355e+00 4.282443539783729136e+01 4.067283176922842358e-10
4.800000000000000711e+00 2.280136004374062964e+01 1.269633620459842405e-09
4.950000000000001066e+00 1.210314514329322222e+01 4.326096925133526838e-09
5.100000000000001421e+00 6.407953172210682169e+00 1.517164149866800926e-08
5.250000000000001776e+00 3.371861211919267021e+00 5.392286683836289285e-08
5.400000000000002132e+00 1.753755712394848842e+00 1.942982117419944643e-07
5.550000000000002487e+00 8.912843192226205247e-01 7.171293672225687033e-07
5.700000000000002842e+00 4.315818894159519914e-01 2.777598821501747750e-06
5.850000000000003197e+00 1.865505581301931670e-01 1.205243343449513560e-05
6.000000000000003553e+00 5.593376988781528780e-02 7.541688425682924191e-05
6.150000000000003908e+00 1.371179628404206596e-02 1.799994229760729638e+02
6.300000000000004263e+00 5.088234320555784507e-02 1.799997083465082142e+02
6.450000000000004619e+00 7.078657997135451296e-02 1.799996066701995687e+02
6.600000000000004974e+00 8.156853635591687635e-02 1.799993597769687312e+02
6.750000000000005329e+00 8.763975963938719360e-02 1.799988823676385437e+02
6.900000000000005684e+00 9.148435792894815677e-02 1.799979912454963937e+02
7.050000000000006040e+00 9.467538706758205080e-02 1.799963593174641403e+02
7.200000000000006395e+00 9.851849138931356720e-02 1.799934378169079707e+02
7.350000000000006750e+00 1.045861168772717065e-01 1.799884024668012046e+02
7.500000000000007105e+00 1.153608977319890982e-01 1.799802790769854823e+02
7.650000000000007461e+00 1.352514527734456351e-01 1.799684506702144233e+02
7.800000000000007816e+00 1.723962193093484530e-01 1.799535615270007156e+02
7.950000000000008171e+00 2.419933864698577963e-01 1.799379490519950764e+02
8.100000000000008527e+00 3.725193789944114542e-01 1.799243952128997250e+02
8.250000000000008882e+00 6.173804571870959990e-01 1.799144107889185022e+02
8.400000000000009237e+00 1.076763788357652629e+00 1.799079555444039613e+02
8.550000000000009592e+00 1.938637616789918638e+00 1.799041109230867050e+02
8.700000000000009948e+00 3.555625890928595823e+00 1.799019106530464285e+02
8.850000000000010303e+00 6.589635342534172935e+00 1.799007247133122291e+02
9.000000000000010658e+00 1.228096795029174970e+01 1.799000938429049938e+02
9.150000000000011013e+00 2.297210428659552051e+01 1.798997378896253849e+02
9.300000000000011369e+00 4.298247009765456284e+01 1.798995764969282902e+02
9.450000000000011724e+00 8.114595542084182966e+01 1.798995035073340034e+02
9.600000000000012079e+00 1.502272806370291676e+02 1.798994486904046823e+02
9.750000000000012434e+00 3.099987631948082480e+02 1.798994508215050416e+02
9.900000000000012790e+00 4.860937869772609474e+02 1.798994595995210375e+02
1.005000000000001315e+01 7.999940892555016489e+02 1.798994552594957668e+02
1.020000000000001350e+01 7.999940892555016489e+02 1.798994552594957668e+02
1.035000000000001386e+01 7.999940892555016489e+02 1.798994552594957668e+02
1.050000000000001421e+01 7.999940892555016489e+02 1.798994552594957668e+02
1.065000000000001457e+01 7.999940892555016489e+02 1.798994552594957668e+02
1.080000000000001492e+01 7.999940892555016489e+02 1.798994552594957668e+02
1.095000000000001528e+01 7.999940892555016489e+02 1.798994552594957668e+02
1.110000000000001563e+01 7.999940892555016489e+02 1.798994552594957668e+02
1.125000000000001599e+01 7.999940892555016489e+02 1.798994552594957668e+02
1.140000000000001634e+01 7.999940892555016489e+02 1.798994552594957668e+02
1.155000000000001670e+01 7.999940892555016489e+02 1.798994552594957668e+02
1.170000000000001705e+01 7.999940892555016489e+02 1.798994552594957668e+02
1.185000000000001741e+01 7.999940892555016489e+02 1.798994552594957668e+02
1.200000000000001776e+01 7.999940892555016489e+02 1.798994552594957668e+02
1.215000000000001812e+01 7.999940892555016489e+02 1.798994552594957668e+02
1.230000000000001847e+01 7.999940892555016489e+02 1.798994552594957668e+02
1.245000000000001883e+01 7.999940892555016489e+02 1.798994552594957668e+02
1.260000000000001918e+01 7.999940892555016489e+02 1.798994552594957668e+02
1.275000000000001954e+01 7.999940892555016489e+02 1.798994552594957668e+02
1.290000000000001990e+01 7.999940892555016489e+02 1.798994552594957668e+02
1.305000000000002025e+01 7.999831466369844293e+02 1.798994720878571059e+02
1.320000000000002061e+01 7.999831466369844293e+02 1.798994720878571059e+02
1.335000000000002096e+01 7.999831466369844293e+02 1.798994720878571059e+02
1.350000000000002132e+01 7.999831466369844293e+02 1.798994720878571059e+02
1.365000000000002167e+01 7.999831466369844293e+02 1.798994720878571059e+02
1.380000000000002203e+01 7.999831466369844293e+02 1.798994720878571059e+02
1.395000000000002238e+01 7.999831466369844293e+02 1.798994720878571059e+02
1.410000000000002274e+01 7.999831466369844293e+02 1.798994720878571059e+02
1.425000000000002309e+01 7.999831466369844293e+02 1.798994720878571059e+02
1.440000000000002345e+01 7.999831466369844293e+02 1.798994720878571059e+02
1.455000000000002380e+01 7.999831466369844293e+02 1.798994720878571059e+02
1.470000000000002416e+01 7.999831466369844293e+02 1.798994720878571059e+02
1.485000000000002451e+01 7.999831466369844293e+02 1.798994720878571059e+02
1.500000000000002487e+01 7.999831466369844293e+02 1.798994720878571059e+02
1.515000000000002522e+01 7.999831466369844293e+02 1.798994720878571059e+02
1.530000000000002558e+01 7.999831466369844293e+02 1.798994720878571059e+02
1.545000000000002593e+01 7.999831466369844293e+02 1.798994720878571059e+02
1.560000000000002629e+01 7.999831466369844293e+02 1.798994720878571059e+02
1.575000000000002665e+01 7.999831466369844293e+02 1.798994720878571059e+02
1.590000000000002700e+01 7.999831466369844293e+02 1.798994720878571059e+02
