1.499999999999999944e-01 7.997216519736685996e+02 5.041780411720875321e-04
2.999999999999999889e-01 7.997216519736685996e+02 5.041780411720875321e-04
4.499999999999999556e-01 7.997216519736685996e+02 5.041780411720875321e-04
5.999999999999999778e-01 7.997216519736685996e+02 5.041780411720875321e-04
7.500000000000000000e-01 7.997216519736685996e+02 5.041780411720875321e-04
9.000000000000000222e-01 7.997216519736685996e+02 5.041780411720875321e-04
1.050000000000000044e+00 7.997216519736685996e+02 5.041780411720875321e-04
1.199999999999999956e+00 7.997216519736685996e+02 5.041780411720875321e-04
1.349999999999999867e+00 7.997216519736685996e+02 5.041780411720875321e-04
1.499999999999999778e+00 7.997216519736685996e+02 5.041780411720875321e-04
1.649999999999999689e+00 7.997216519736685996e+02 5.041780411720875321e-04
1.799999999999999600e+00 7.997216519736685996e+02 5.041780411720875321e-04
1.949999999999999512e+00 7.997216519736685996e+02 5.041780411720875321e-04
2.099999999999999645e+00 7.998591492851720659e+02 5.040802027678203956e-04
2.249999999999999556e+00 7.998591492851720659e+02 5.040802027678203956e-04
2.399999999999999467e+00 7.998591492851720659e+02 5.040802027678203956e-04
2.549999999999999378e+00 7.998591492851720659e+02 5.040802027678203956e-04
2.699999999999999289e+00 7.998591492851720659e+02 5.040802027678203956e-04
2.849999999999999201e+00 7.998591492851720659e+02 5.040802027678203956e-04
2.999999999999999112e+00 7.998591492851720659e+02 5.040802027678203956e-04
3.149999999999999023e+00 7.998591492851720659e+02 5.040802027678203956e-04
3.299999999999998934e+00 7.998591492851720659e+02 5.040802027678203956e-04
3.449999999999998845e+00 7.998591492851720659e+02 5.040802027678203956e-04
3.599999999999998757e+00 7.998591492851720659e+02 5.040802027678203956e-04
3.749999999999998668e+00 7.998591492851720659e+02 5.040802027678203956e-04
3.899999999999998579e+00 7.998591492851720659e+02 5.040802027678203956e-04
4.049999999999998934e+00 4.418889164800630738e+02 5.044456921300399799e-04
4.199999999999999289e+00 2.150795902146693948e+02 5.056708960970990319e-04
4.349999999999999645e+00 7.200737923327879741e+01 5.089049549472646206e-04
4.500000000000000000e+00 2.725240567536052083e+01 5.169832578643118737e-04
4.650000000000000355e+00 9.555751134911545819e+00 5.413483182485911982e-04
4.800000000000000711e+00 3.123267286421167910e+00 6.175229433431628223e-04
4.950000000000001066e+00 7.170424685777447849e-01 9.971783448758930746e-04
5.100000000000001421e+00 1.739101719676909852e-01 1.799984717050654126e+02
5.250000000000001776e+00 5.050009697433779365e-01 1.799998046293026448e+02
5.400000000000002132e+00 6.278805672180851616e-01 1.799999416548961904e+02
5.550000000000002487e+00 6.735064200178157989e-01 1.799999797924238578e+02
5.700000000000002842e+00 6.904447893660972113e-01 1.799999926813410411e+02
5.850000000000003197e+00 6.967334373048288398e-01 1.799999973072666251e+02
6.000000000000003553e+00 6.990681550014414825e-01 1.799999990029298544e+02
6.150000000000003908e+00 6.999349508878367487e-01 1.799999996302669842e+02
6.300000000000004263e+00 7.002567716194789682e-01 1.799999998627887692e+02
6.450000000000004619e+00 7.003762881902844128e-01 1.799999999490317748e+02
6.600000000000004974e+00 7.004207597537401853e-01 1.799999999810777354e+02
6.750000000000005329e+00 7.004375392191946048e-01 1.799999999929746934e+02
6.900000000000005684e+00 7.004444927484883010e-01 1.799999999973898070e+02
7.050000000000006040e+00 7.004490246869181647e-01 1.799999999990309618e+02
7.200000000000006395e+00 7.004559604561677588e-01 1.799999999996402096e+02
7.350000000000006750e+00 7.004726851959048872e-01 1.799999999998663327e+02
7.500000000000007105e+00 7.005170071560655742e-01 1.799999999999505178e+02
7.650000000000007461e+00 7.006361197301202992e-01 1.799999999999815259e+02
7.800000000000007816e+00 7.009568520542757142e-01 1.799999999999931219e+02
7.950000000000008171e+00 7.018207161173108943e-01 1.799999999999972715e+02
8.100000000000008527e+00 7.041475367896623538e-01 1.799999999999988916e+02
8.250000000000008882e+00 7.104149140369031556e-01 1.799999999999991758e+02
8.400000000000009237e+00 7.272959915185310820e-01 1.799999999999985789e+02
8.550000000000009592e+00 7.727675316908175773e-01 1.799999999999964757e+02
8.700000000000009948e+00 8.952315465231777125e-01 1.799999999999918998e+02
8.850000000000010303e+00 1.225203196004827078e+00 1.799999999999839417e+02
9.000000000000010658e+00 2.113144704134896301e+00 1.799999999999753015e+02
9.150000000000011013e+00 4.511270723628712176e+00 1.799999999999685940e+02
9.300000000000011369e+00 1.092211823211816935e+01 1.799999999999652971e+02
9.450000000000011724e+00 2.856107794986611736e+01 1.799999999999637055e+02
9.600000000000012079e+00 7.316988546749610123e+01 1.799999999999630518e+02
9.750000000000012434e+00 2.158758684636307237e+02 1.799999999999628812e+02
9.900000000000012790e+00 4.420749569873734686e+02 1.799999999999627391e+02
1.005000000000001315e+01 7.998612269020293297e+02 1.799999999999627391e+02
1.020000000000001350e+01 7.998612269020293297e+02 1.799999999999627391e+02
1.035000000000001386e+01 7.998612269020293297e+02 1.799999999999627391e+02
1.050000000000001421e+01 7.998612269020293297e+02 1.799999999999627391e+02
1.065000000000001457e+01 7.998612269020293297e+02 1.799999999999627391e+02
1.080000000000001492e+01 7.998612269020293297e+02 1.799999999999627391e+02
1.095000000000001528e+01 7.998612269020293297e+02 1.799999999999627391e+02
1.110000000000001563e+01 7.998612269020293297e+02 1.799999999999627391e+02
1.125000000000001599e+01 7.998612269020293297e+02 1.799999999999627391e+02
1.140000000000001634e+01 7.998612269020293297e+02 1.799999999999627391e+02
1.155000000000001670e+01 7.998612269020293297e+02 1.799999999999627391e+02
1.170000000000001705e+01 7.998612269020293297e+02 1.799999999999627391e+02
1.185000000000001741e+01 7.998612269020293297e+02 1.799999999999627391e+02
1.200000000000001776e+01 7.998612269020293297e+02 1.799999999999627391e+02
1.215000000000001812e+01 7.998612269020293297e+02 1.799999999999627391e+02
1.230000000000001847e+01 7.998612269020293297e+02 1.799999999999627391e+02
1.245000000000001883e+01 7.998612269020293297e+02 1.799999999999627391e+02
1.260000000000001918e+01 7.998612269020293297e+02 1.799999999999627391e+02
1.275000000000001954e+01 7.998612269020293297e+02 1.799999999999627391e+02
1.290000000000001990e+01 7.998612269020293297e+02 1.799999999999627391e+02
1.305000000000002025e+01 7.997256071953100900e+02 1.799999999999629097e+02
1.320000000000002061e+01 7.997256071953100900e+02 1.799999999999629097e+02
1.335000000000002096e+01 7.997256071953100900e+02 1.799999999999629097e+02
1.350000000000002132e+01 7.997256071953100900e+02 1.799999999999629097e+02
1.365000000000002167e+01 7.997256071953100900e+02 1.799999999999629097e+02
1.380000000000002203e+01 7.997256071953100900e+02 1.799999999999629097e+02
1.395000000000002238e+01 7.997256071953100900e+02 1.799999999999629097e+02
1.410000000000002274e+01 7.997256071953100900e+02 1.799999999999629097e+02
1.425000000000002309e+01 7.997256071953100900e+02 1.799999999999629097e+02
1.440000000000002345e+01 7.997256071953100900e+02 1.799999999999629097e+02
1.455000000000002380e+01 7.997256071953100900e+02 1.799999999999629097e+02
1.470000000000002416e+01 7.997256071953100900e+02 1.799999999999629097e+02
1.485000000000002451e+01 7.997256071953100900e+02 1.799999999999629097e+02
1.500000000000002487e+01 7.997256071953100900e+02 1.799999999999629097e+02
1.515000000000002522e+01 7.997256071953100900e+02 1.799999999999629097e+02
1.530000000000002558e+01 7.997256071953100900e+02 1.799999999999629097e+02
1.545000000000002593e+01 7.997256071953100900e+02 1.799999999999629097e+02
1.560000000000002629e+01 7.997256071953100900e+02 1.799999999999629097e+02
1.575000000000002665e+01 7.997256071953100900e+02 1.799999999999629097e+02
1.590000000000002700e+01 7.997256071953100900e+02 1.799999999999629097e+02
