1.499999999999999944e-01 7.999965463605994955e+02 5.409996887550949651e-05
2.999999999999999889e-01 7.999965463605994955e+02 5.409996887550949651e-05
4.499999999999999556e-01 7.999965463605994955e+02 5.409996887550949651e-05
5.999999999999999778e-01 7.999965463605994955e+02 5.409996887550949651e-05
7.500000000000000000e-01 7.999965463605994955e+02 5.409996887550949651e-05
9.000000000000000222e-01 7.999965463605994955e+02 5.409996887550949651e-05
1.050000000000000044e+00 7.999965463605994955e+02 5.409996887550949651e-05
1.199999999999999956e+00 7.999965463605994955e+02 5.409996887550949651e-05
1.349999999999999867e+00 7.999965463605994955e+02 5.409996887550949651e-05
1.499999999999999778e+00 7.999965463605994955e+02 5.409996887550949651e-05
1.649999999999999689e+00 7.999965463605994955e+02 5.409996887550949651e-05
1.799999999999999600e+00 7.999965463605994955e+02 5.409996887550949651e-05
1.949999999999999512e+00 7.999965463605994955e+02 5.409996887550949651e-05
2.099999999999999645e+00 7.999990150438258070e+02 5.404724243063263600e-05
2.249999999999999556e+00 7.999990150438258070e+02 5.404724243063263600e-05
2.399999999999999467e+00 7.999990150438258070e+02 5.404724243063263600e-05
2.549999999999999378e+00 7.999990150438258070e+02 5.404724243063263600e-05
2.699999999999999289e+00 7.999990150438258070e+02 5.404724243063263600e-05
2.849999999999999201e+00 7.999990150438258070e+02 5.404724243063263600e-05
2.999999999999999112e+00 7.999990150438258070e+02 5.404724243063263600e-05
3.149999999999999023e+00 7.999990150438258070e+02 5.404724243063263600e-05
3.299999999999998934e+00 7.999990150438258070e+02 5.404724243063263600e-05
3.449999999999998845e+00 7.999990150438258070e+02 5.404724243063263600e-05
3.599999999999998757e+00 7.999990150438258070e+02 5.404724243063263600e-05
3.749999999999998668e+00 7.999990150438258070e+02 5.404724243063263600e-05
3.899999999999998579e+00 7.999990150438258070e+02 5.404724243063263600e-05
4.049999999999998934e+00 4.987251766926723349e+02 5.410354421964136407e-05
4.199999999999999289e+00 3.583711761541719625e+02 5.435972274869804721e-05
4.349999999999999645e+00 2.115661681540825043e+02 5.460788142030992276e-05
4.500000000000000000e+00 1.404573993637067133e+02 5.495219833340225790e-05
4.650000000000000355e+00 9.333167505944979325e+01 5.562439293804732898e-05
4.800000000000000711e+00 6.257050848140880817e+01 5.637415372472531772e-05
4.950000000000001066e+00 4.183708702974735871e+01 5.748152448825649685e-05
5.100000000000001421e+00 2.777916614403719109e+01 5.931305052686575152e-05
5.250000000000001776e+00 1.820303297113035157e+01 6.190038321851609737e-05
5.400000000000002132e+00 1.166883735925742016e+01 6.607768343724895743e-05
5.550000000000002487e+00 7.206138768355636159e+00 7.347657028844434279e-05
5.700000000000002842e+00 4.156404659308776672e+00 8.734298815116225967e-05
5.850000000000003197e+00 2.070726493062693407e+00 1.205083058698486198e-04
6.000000000000003553e+00 6.424145462167416554e-01 2.691749149287270271e-04
6.150000000000003908e+00 3.384885263055821270e-01 1.799996430605465036e+02
6.300000000000004263e+00 1.016163069099263794e+00 1.799999150412872098e+02
6.450000000000004619e+00 1.490222129098611958e+00 1.799999566482686646e+02
6.600000000000004974e+00 1.830353108088473846e+00 1.799999715669632394e+02
6.750000000000005329e+00 2.086558887128120432e+00 1.799999774507995767e+02
6.900000000000005684e+00 2.296506532388377764e+00 1.799999786544924802e+02
7.050000000000006040e+00 2.491063807804039243e+00 1.799999767304286706e+02
7.200000000000006395e+00 2.698837026477349355e+00 1.799999720992720142e+02
7.350000000000006750e+00 2.950377211765868424e+00 1.799999648214464685e+02
7.500000000000007105e+00 3.282673179944154640e+00 1.799999551956890400e+02
7.650000000000007461e+00 3.744593019110951104e+00 1.799999434889899135e+02
7.800000000000007816e+00 4.404076337593281210e+00 1.799999301761132813e+02
7.950000000000008171e+00 5.358140700531805578e+00 1.799999165249876967e+02
8.100000000000008527e+00 6.747189000186793351e+00 1.799999034201589438e+02
8.250000000000008882e+00 8.775763631579550861e+00 1.799998914447007508e+02
8.400000000000009237e+00 1.174291478221043405e+01 1.799998816576544698e+02
8.550000000000009592e+00 1.608699641333741326e+01 1.799998739475878722e+02
8.700000000000009948e+00 2.245240144097543222e+01 1.799998678248883266e+02
8.850000000000010303e+00 3.179151783481984239e+01 1.799998636703570867e+02
9.000000000000010658e+00 4.552294888911505666e+01 1.799998608144546779e+02
9.150000000000011013e+00 6.581888050890265163e+01 1.799998585729997274e+02
9.300000000000011369e+00 9.601721544808530950e+01 1.799998574219178806e+02
9.450000000000011724e+00 1.424578634247288562e+02 1.799998567932500180e+02
9.600000000000012079e+00 2.128114583448983410e+02 1.799998561616835673e+02
9.750000000000012434e+00 3.588375191085740994e+02 1.799998561877999066e+02
9.900000000000012790e+00 4.987607070138676022e+02 1.799998563004584753e+02
1.005000000000001315e+01 7.999990135900499126e+02 1.799998562470190393e+02
1.020000000000001350e+01 7.999990135900499126e+02 1.799998562470190393e+02
1.035000000000001386e+01 7.999990135900499126e+02 1.799998562470190393e+02
1.050000000000001421e+01 7.999990135900499126e+02 1.799998562470190393e+02
1.065000000000001457e+01 7.999990135900499126e+02 1.799998562470190393e+02
1.080000000000001492e+01 7.999990135900499126e+02 1.799998562470190393e+02
1.095000000000001528e+01 7.999990135900499126e+02 1.799998562470190393e+02
1.110000000000001563e+01 7.999990135900499126e+02 1.799998562470190393e+02
1.125000000000001599e+01 7.999990135900499126e+02 1.799998562470190393e+02
1.140000000000001634e+01 7.999990135900499126e+02 1.799998562470190393e+02
1.155000000000001670e+01 7.999990135900499126e+02 1.799998562470190393e+02
1.170000000000001705e+01 7.999990135900499126e+02 1.799998562470190393e+02
1.185000000000001741e+01 7.999990135900499126e+02 1.799998562470190393e+02
1.200000000000001776e+01 7.999990135900499126e+02 1.799998562470190393e+02
1.215000000000001812e+01 7.999990135900499126e+02 1.799998562470190393e+02
1.230000000000001847e+01 7.999990135900499126e+02 1.799998562470190393e+02
1.245000000000001883e+01 7.999990135900499126e+02 1.799998562470190393e+02
1.260000000000001918e+01 7.999990135900499126e+02 1.799998562470190393e+02
1.275000000000001954e+01 7.999990135900499126e+02 1.799998562470190393e+02
1.290000000000001990e+01 7.999990135900499126e+02 1.799998562470190393e+02
1.305000000000002025e+01 7.999965400751837024e+02 1.799998564627267967e+02
1.320000000000002061e+01 7.999965400751837024e+02 1.799998564627267967e+02
1.335000000000002096e+01 7.999965400751837024e+02 1.799998564627267967e+02
1.350000000000002132e+01 7.999965400751837024e+02 1.799998564627267967e+02
1.365000000000002167e+01 7.999965400751837024e+02 1.799998564627267967e+02
1.380000000000002203e+01 7.999965400751837024e+02 1.799998564627267967e+02
1.395000000000002238e+01 7.999965400751837024e+02 1.799998564627267967e+02
1.410000000000002274e+01 7.999965400751837024e+02 1.799998564627267967e+02
1.425000000000002309e+01 7.999965400751837024e+02 1.799998564627267967e+02
1.440000000000002345e+01 7.999965400751837024e+02 1.799998564627267967e+02
1.455000000000002380e+01 7.999965400751837024e+02 1.799998564627267967e+02
1.470000000000002416e+01 7.999965400751837024e+02 1.799998564627267967e+02
1.485000000000002451e+01 7.999965400751837024e+02 1.799998564627267967e+02
1.500000000000002487e+01 7.999965400751837024e+02 1.799998564627267967e+02
1.515000000000002522e+01 7.999965400751837024e+02 1.799998564627267967e+02
1.530000000000002558e+01 7.999965400751837024e+02 1.799998564627267967e+02
1.545000000000002593e+01 7.999965400751837024e+02 1.799998564627267967e+02
1.560000000000002629e+01 7.999965400751837024e+02 1.799998564627267967e+02
1.575000000000002665e+01 7.999965400751837024e+02 1.799998564627267967e+02
1.590000000000002700e+01 7.999965400751837024e+02 1.799998564627267967e+02
