1.499999999999999944e-01 7.999999916579545243e+02 2.909072831361548239e+01
2.999999999999999889e-01 7.999999916579545243e+02 2.909072831361548239e+01
4.499999999999999556e-01 7.999999916579545243e+02 2.909072831361548239e+01
5.999999999999999778e-01 7.999999916579545243e+02 2.909072831361548239e+01
7.500000000000000000e-01 7.999999916579545243e+02 2.909072831361548239e+01
9.000000000000000222e-01 7.999999916579545243e+02 2.909072831361548239e+01
1.050000000000000044e+00 7.999999916579545243e+02 2.909072831361548239e+01
1.199999999999999956e+00 7.999999916579545243e+02 2.909072831361548239e+01
1.349999999999999867e+00 7.999999916579545243e+02 2.909072831361548239e+01
1.499999999999999778e+00 7.999999916579545243e+02 2.909072831361548239e+01
1.649999999999999689e+00 7.999999916579545243e+02 2.909072831361548239e+01
1.799999999999999600e+00 7.999999916579545243e+02 2.909072831361548239e+01
1.949999999999999512e+00 7.999999916579545243e+02 2.909072831361548239e+01
2.099999999999999645e+00 7.999999988841506138e+02 2.914353284173243352e+01
2.249999999999999556e+00 7.999999988841506138e+02 2.914353284173243352e+01
2.399999999999999467e+00 7.999999988841506138e+02 2.914353284173243352e+01
2.549999999999999378e+00 7.999999988841506138e+02 2.914353284173243352e+01
2.699999999999999289e+00 7.999999988841506138e+02 2.914353284173243352e+01
2.849999999999999201e+00 7.999999988841506138e+02 2.914353284173243352e+01
2.999999999999999112e+00 7.999999988841506138e+02 2.914353284173243352e+01
3.149999999999999023e+00 7.999999988841506138e+02 2.914353284173243352e+01
3.299999999999998934e+00 7.999999988841506138e+02 2.914353284173243352e+01
3.449999999999998845e+00 7.999999988841506138e+02 2.914353284173243352e+01
3.599999999999998757e+00 7.999999988841506138e+02 2.914353284173243352e+01
3.749999999999998668e+00 7.999999988841506138e+02 2.914353284173243352e+01
3.899999999999998579e+00 7.999999988841506138e+02 2.914353284173243352e+01
4.049999999999998934e+00 5.157288931851089728e+02 2.941778524168156039e+01
4.199999999999999289e+00 4.679235190035820438e+02 3.064033683973235966e+01
4.349999999999999645e+00 4.138472230467156123e+02 3.311618614994201693e+01
4.500000000000000000e+00 4.027045719717430075e+02 3.580759913907653669e+01
4.650000000000000355e+00 3.985036739162365507e+02 3.865383505185410229e+01
4.800000000000000711e+00 3.972478171261110447e+02 4.151754727456162186e+01
4.950000000000001066e+00 3.968429615169095541e+02 4.437752098498256004e+01
5.100000000000001421e+00 3.967228250222241286e+02 4.722135870682183878e+01
5.250000000000001776e+00 3.966931614904769390e+02 5.004528843229240920e+01
5.400000000000002132e+00 3.966930467145938906e+02 5.284732974154622553e+01
5.550000000000002487e+00 3.967026652402905142e+02 5.562629318175491022e+01
5.700000000000002842e+00 3.967156329233819747e+02 5.838125799203052679e+01
5.850000000000003197e+00 3.967298606822954525e+02 6.111143491878723211e+01
6.000000000000003553e+00 3.967446443591315415e+02 6.381612005886104555e+01
6.150000000000003908e+00 3.967597257406484346e+02 6.649468257120942383e+01
6.300000000000004263e+00 3.967749910666541382e+02 6.914655567455729113e+01
6.450000000000004619e+00 3.967903740040100047e+02 7.177123670160959534e+01
6.600000000000004974e+00 3.968058248002006962e+02 7.436828827183897772e+01
6.750000000000005329e+00 3.968213004015531169e+02 7.693733286477639410e+01
6.900000000000005684e+00 3.968367611796683150e+02 7.947805384688751928e+01
7.050000000000006040e+00 3.968521701858329038e+02 8.199019665558274994e+01
7.200000000000006395e+00 3.968674929191316210e+02 8.447356267490494020e+01
7.350000000000006750e+00 3.968826971861490733e+02 8.692800998754159991e+01
7.500000000000007105e+00 3.968977535951494815e+02 8.935345427562783982e+01
7.650000000000007461e+00 3.969126365316723195e+02 9.174986205092457681e+01
7.800000000000007816e+00 3.969273270268184888e+02 9.411725120486369178e+01
7.950000000000008171e+00 3.969418224974829741e+02 9.645569164910546078e+01
8.100000000000008527e+00 3.969561665917710229e+02 9.876529773283117208e+01
8.250000000000008882e+00 3.969705422444686178e+02 1.010462276418869436e+02
8.400000000000009237e+00 3.969855628209799647e+02 1.032986805152511494e+02
8.550000000000009592e+00 3.970031818083323287e+02 1.055228780680813543e+02
8.700000000000009948e+00 3.970295213969210408e+02 1.077190297065507707e+02
8.850000000000010303e+00 3.970838001816860583e+02 1.098872359918846229e+02
9.000000000000010658e+00 3.972254608218394196e+02 1.120271069241162252e+02
9.150000000000011013e+00 3.976452344543650383e+02 1.141370548814227988e+02
9.300000000000011369e+00 3.989009658897461463e+02 1.162095583083119550e+02
9.450000000000011724e+00 4.030707285730689478e+02 1.182310551016876872e+02
9.600000000000012079e+00 4.141257382011737604e+02 1.201090351849750419e+02
9.750000000000012434e+00 4.680221966411845642e+02 1.218037387089817116e+02
9.900000000000012790e+00 5.157323199748734623e+02 1.226261070638346951e+02
1.005000000000001315e+01 7.999999988667672142e+02 1.228038597970156616e+02
1.020000000000001350e+01 7.999999988667672142e+02 1.228038597970156616e+02
1.035000000000001386e+01 7.999999988667672142e+02 1.228038597970156616e+02
1.050000000000001421e+01 7.999999988667672142e+02 1.228038597970156616e+02
1.065000000000001457e+01 7.999999988667672142e+02 1.228038597970156616e+02
1.080000000000001492e+01 7.999999988667672142e+02 1.228038597970156616e+02
1.095000000000001528e+01 7.999999988667672142e+02 1.228038597970156616e+02
1.110000000000001563e+01 7.999999988667672142e+02 1.228038597970156616e+02
1.125000000000001599e+01 7.999999988667672142e+02 1.228038597970156616e+02
1.140000000000001634e+01 7.999999988667672142e+02 1.228038597970156616e+02
1.155000000000001670e+01 7.999999988667672142e+02 1.228038597970156616e+02
1.170000000000001705e+01 7.999999988667672142e+02 1.228038597970156616e+02
1.185000000000001741e+01 7.999999988667672142e+02 1.228038597970156616e+02
1.200000000000001776e+01 7.999999988667672142e+02 1.228038597970156616e+02
1.215000000000001812e+01 7.999999988667672142e+02 1.228038597970156616e+02
1.230000000000001847e+01 7.999999988667672142e+02 1.228038597970156616e+02
1.245000000000001883e+01 7.999999988667672142e+02 1.228038597970156616e+02
1.260000000000001918e+01 7.999999988667672142e+02 1.228038597970156616e+02
1.275000000000001954e+01 7.999999988667672142e+02 1.228038597970156616e+02
1.290000000000001990e+01 7.999999988667672142e+02 1.228038597970156616e+02
1.305000000000002025e+01 7.999999915264169204e+02 1.228387276381139941e+02
1.320000000000002061e+01 7.999999915264169204e+02 1.228387276381139941e+02
1.335000000000002096e+01 7.999999915264169204e+02 1.228387276381139941e+02
1.350000000000002132e+01 7.999999915264169204e+02 1.228387276381139941e+02
1.365000000000002167e+01 7.999999915264169204e+02 1.228387276381139941e+02
1.380000000000002203e+01 7.999999915264169204e+02 1.228387276381139941e+02
1.395000000000002238e+01 7.999999915264169204e+02 1.228387276381139941e+02
1.410000000000002274e+01 7.999999915264169204e+02 1.228387276381139941e+02
1.425000000000002309e+01 7.999999915264169204e+02 1.228387276381139941e+02
1.440000000000002345e+01 7.999999915264169204e+02 1.228387276381139941e+02
1.455000000000002380e+01 7.999999915264169204e+02 1.228387276381139941e+02
1.470000000000002416e+01 7.999999915264169204e+02 1.228387276381139941e+02
1.485000000000002451e+01 7.999999915264169204e+02 1.228387276381139941e+02
1.500000000000002487e+01 7.999999915264169204e+02 1.228387276381139941e+02
1.515000000000002522e+01 7.999999915264169204e+02 1.228387276381139941e+02
1.530000000000002558e+01 7.999999915264169204e+02 1.228387276381139941e+02
1.545000000000002593e+01 7.999999915264169204e+02 1.228387276381139941e+02
1.560000000000002629e+01 7.999999915264169204e+02 1.228387276381139941e+02
1.575000000000002665e+01 7.999999915264169204e+02 1.228387276381139941e+02
1.590000000000002700e+01 7.999999915264169204e+02 1.228387276381139941e+02
