1.499999999999999944e-01 7.999766075279145525e+02 1.799995167202463904e+02
2.999999999999999889e-01 7.999766075279145525e+02 1.799995167202463904e+02
4.499999999999999556e-01 7.999766075279145525e+02 1.799995167202463904e+02
5.999999999999999778e-01 7.999766075279145525e+02 1.799995167202463904e+02
7.500000000000000000e-01 7.999766075279145525e+02 1.799995167202463904e+02
9.000000000000000222e-01 7.999766075279145525e+02 1.799995167202463904e+02
1.050000000000000044e+00 7.999766075279145525e+02 1.799995167202463904e+02
1.199999999999999956e+00 7.999766075279145525e+02 1.799995167202463904e+02
1.349999999999999867e+00 7.999766075279145525e+02 1.799995167202463904e+02
1.499999999999999778e+00 7.999766075279145525e+02 1.799995167202463904e+02
1.649999999999999689e+00 7.999766075279145525e+02 1.799995167202463904e+02
1.799999999999999600e+00 7.999766075279145525e+02 1.799995167202463904e+02
1.949999999999999512e+00 7.999766075279145525e+02 1.799995167202463904e+02
2.099999999999999645e+00 7.999914333832660986e+02 1.799995171767080819e+02
2.249999999999999556e+00 7.999914333832660986e+02 1.799995171767080819e+02
2.399999999999999467e+00 7.999914333832660986e+02 1.799995171767080819e+02
2.549999999999999378e+00 7.999914333832660986e+02 1.799995171767080819e+02
2.699999999999999289e+00 7.999914333832660986e+02 1.799995171767080819e+02
2.849999999999999201e+00 7.999914333832660986e+02 1.799995171767080819e+02
2.999999999999999112e+00 7.999914333832660986e+02 1.799995171767080819e+02
3.149999999999999023e+00 7.999914333832660986e+02 1.799995171767080819e+02
3.299999999999998934e+00 7.999914333832660986e+02 1.799995171767080819e+02
3.449999999999998845e+00 7.999914333832660986e+02 1.799995171767080819e+02
3.599999999999998757e+00 7.999914333832660986e+02 1.799995171767080819e+02
3.749999999999998668e+00 7.999914333832660986e+02 1.799995171767080819e+02
3.899999999999998579e+00 7.999914333832660986e+02 1.799995171767080819e+02
4.049999999999998934e+00 4.826545315049360738e+02 1.799995175849569478e+02
4.199999999999999289e+00 2.999781699319421477e+02 1.799995181863127982e+02
4.349999999999999645e+00 1.405613252694987807e+02 1.799995226502294940e+02
4.500000000000000000e+00 7.407351432670684233e+01 1.799995309968247454e+02
4.650000000000000355e+00 3.881818860143276595e+01 1.799995463350149976e+02
4.800000000000000711e+00 2.115209574106571466e+01 1.799995752414330923e+02
4.950000000000001066e+00 1.212724179424399296e+01 1.799996226927351017e+02
5.100000000000001421e+00 7.536505015471874458e+00 1.799996899411992501e+02
5.250000000000001776e+00 5.197632697434102056e+00 1.799997709067888820e+02
5.400000000000002132e+00 4.006407180649318889e+00 1.799998485418858252e+02
5.550000000000002487e+00 3.399613661456399427e+00 1.799999088530995550e+02
5.700000000000002842e+00 3.090527947679646559e+00 1.799999489061849260e+02
5.850000000000003197e+00 2.933086745818670238e+00 1.799999725649493314e+02
6.000000000000003553e+00 2.852893233969595599e+00 1.799999855963583002e+02
6.150000000000003908e+00 2.812052992534503915e+00 1.799999925532889335e+02
6.300000000000004263e+00 2.791267648000925305e+00 1.799999961768900789e+02
6.450000000000004619e+00 2.780715451064779131e+00 1.799999980403020743e+02
6.600000000000004974e+00 2.775410154457290446e+00 1.799999989994269356e+02
6.750000000000005329e+00 2.772844838931973754e+00 1.799999994896350870e+02
6.900000000000005684e+00 2.771807312924210009e+00 1.799999997392820319e+02
7.050000000000006040e+00 2.771807312975838045e+00 1.799999998671378307e+02
7.200000000000006395e+00 2.772844839204864797e+00 1.799999999323186444e+02
7.350000000000006750e+00 2.775410155025198833e+00 1.799999999654700673e+02
7.500000000000007105e+00 2.780715452274350241e+00 1.799999999824369468e+02
7.650000000000007461e+00 2.791267650397941225e+00 1.799999999910837687e+02
7.800000000000007816e+00 2.812052997217904249e+00 1.799999999954803798e+02
7.950000000000008171e+00 2.852893243188887595e+00 1.799999999977296739e+02
8.100000000000008527e+00 2.933086763940110586e+00 1.799999999988742161e+02
8.250000000000008882e+00 3.090527983258738232e+00 1.799999999994534221e+02
8.400000000000009237e+00 3.399613731294380159e+00 1.799999999997453415e+02
8.550000000000009592e+00 4.006407317780755761e+00 1.799999999998873648e+02
8.700000000000009948e+00 5.197632966615302053e+00 1.799999999999516263e+02
8.850000000000010303e+00 7.536505544013884617e+00 1.799999999999776321e+02
9.000000000000010658e+00 1.212724283152128635e+01 1.799999999999862723e+02
9.150000000000011013e+00 2.115209778146098074e+01 1.799999999999886029e+02
9.300000000000011369e+00 3.881819259080572238e+01 1.799999999999888587e+02
9.450000000000011724e+00 7.407352234945182090e+01 1.799999999999888871e+02
9.600000000000012079e+00 1.405613401490608396e+02 1.799999999999886313e+02
9.750000000000012434e+00 2.999782089134724288e+02 1.799999999999883755e+02
9.900000000000012790e+00 4.826545668836276946e+02 1.799999999999883187e+02
1.005000000000001315e+01 7.999916780829819345e+02 1.799999999999883471e+02
1.020000000000001350e+01 7.999916780829819345e+02 1.799999999999883471e+02
1.035000000000001386e+01 7.999916780829819345e+02 1.799999999999883471e+02
1.050000000000001421e+01 7.999916780829819345e+02 1.799999999999883471e+02
1.065000000000001457e+01 7.999916780829819345e+02 1.799999999999883471e+02
1.080000000000001492e+01 7.999916780829819345e+02 1.799999999999883471e+02
1.095000000000001528e+01 7.999916780829819345e+02 1.799999999999883471e+02
1.110000000000001563e+01 7.999916780829819345e+02 1.799999999999883471e+02
1.125000000000001599e+01 7.999916780829819345e+02 1.799999999999883471e+02
1.140000000000001634e+01 7.999916780829819345e+02 1.799999999999883471e+02
1.155000000000001670e+01 7.999916780829819345e+02 1.799999999999883471e+02
1.170000000000001705e+01 7.999916780829819345e+02 1.799999999999883471e+02
1.185000000000001741e+01 7.999916780829819345e+02 1.799999999999883471e+02
1.200000000000001776e+01 7.999916780829819345e+02 1.799999999999883471e+02
1.215000000000001812e+01 7.999916780829819345e+02 1.799999999999883471e+02
1.230000000000001847e+01 7.999916780829819345e+02 1.799999999999883471e+02
1.245000000000001883e+01 7.999916780829819345e+02 1.799999999999883471e+02
1.260000000000001918e+01 7.999916780829819345e+02 1.799999999999883471e+02
1.275000000000001954e+01 7.999916780829819345e+02 1.799999999999883471e+02
1.290000000000001990e+01 7.999916780829819345e+02 1.799999999999883471e+02
1.305000000000002025e+01 7.999772757192690733e+02 1.799999999999883187e+02
1.320000000000002061e+01 7.999772757192690733e+02 1.799999999999883187e+02
1.335000000000002096e+01 7.999772757192690733e+02 1.799999999999883187e+02
1.350000000000002132e+01 7.999772757192690733e+02 1.799999999999883187e+02
1.365000000000002167e+01 7.999772757192690733e+02 1.799999999999883187e+02
1.380000000000002203e+01 7.999772757192690733e+02 1.799999999999883187e+02
1.395000000000002238e+01 7.999772757192690733e+02 1.799999999999883187e+02
1.410000000000002274e+01 7.999772757192690733e+02 1.799999999999883187e+02
1.425000000000002309e+01 7.999772757192690733e+02 1.799999999999883187e+02
1.440000000000002345e+01 7.999772757192690733e+02 1.799999999999883187e+02
1.455000000000002380e+01 7.999772757192690733e+02 1.799999999999883187e+02
1.470000000000002416e+01 7.999772757192690733e+02 1.799999999999883187e+02
1.485000000000002451e+01 7.999772757192690733e+02 1.799999999999883187e+02
1.500000000000002487e+01 7.999772757192690733e+02 1.799999999999883187e+02
1.515000000000002522e+01 7.999772757192690733e+02 1.799999999999883187e+02
1.530000000000002558e+01 7.999772757192690733e+02 1.799999999999883187e+02
1.545000000000002593e+01 7.999772757192690733e+02 1.799999999999883187e+02
1.560000000000002629e+01 7.999772757192690733e+02 1.799999999999883187e+02
1.575000000000002665e+01 7.999772757192690733e+02 1.799999999999883187e+02
1.590000000000002700e+01 7.999772757192690733e+02 1.799999999999883187e+02
