1.499999999999999944e-01 7.999918935774464899e+02 1.650275492397464916e+02
2.999999999999999889e-01 7.999918935774464899e+02 1.650275492397464916e+02
4.499999999999999556e-01 7.999918935774464899e+02 1.650275492397464916e+02
5.999999999999999778e-01 7.999918935774464899e+02 1.650275492397464916e+02
7.500000000000000000e-01 7.999918935774464899e+02 1.650275492397464916e+02
9.000000000000000222e-01 7.999918935774464899e+02 1.650275492397464916e+02
1.050000000000000044e+00 7.999918935774464899e+02 1.650275492397464916e+02
1.199999999999999956e+00 7.999918935774464899e+02 1.650275492397464916e+02
1.349999999999999867e+00 7.999918935774464899e+02 1.650275492397464916e+02
1.499999999999999778e+00 7.999918935774464899e+02 1.650275492397464916e+02
1.649999999999999689e+00 7.999918935774464899e+02 1.650275492397464916e+02
1.799999999999999600e+00 7.999918935774464899e+02 1.650275492397464916e+02
1.949999999999999512e+00 7.999918935774464899e+02 1.650275492397464916e+02
2.099999999999999645e+00 7.999974195839820368e+02 1.650299285183426719e+02
2.249999999999999556e+00 7.999974195839820368e+02 1.650299285183426719e+02
2.399999999999999467e+00 7.999974195839820368e+02 1.650299285183426719e+02
2.549999999999999378e+00 7.999974195839820368e+02 1.650299285183426719e+02
2.699999999999999289e+00 7.999974195839820368e+02 1.650299285183426719e+02
2.849999999999999201e+00 7.999974195839820368e+02 1.650299285183426719e+02
2.999999999999999112e+00 7.999974195839820368e+02 1.650299285183426719e+02
3.149999999999999023e+00 7.999974195839820368e+02 1.650299285183426719e+02
3.299999999999998934e+00 7.999974195839820368e+02 1.650299285183426719e+02
3.449999999999998845e+00 7.999974195839820368e+02 1.650299285183426719e+02
3.599999999999998757e+00 7.999974195839820368e+02 1.650299285183426719e+02
3.749999999999998668e+00 7.999974195839820368e+02 1.650299285183426719e+02
3.899999999999998579e+00 7.999974195839820368e+02 1.650299285183426719e+02
4.049999999999998934e+00 4.927925967239578426e+02 1.650437295050029718e+02
4.199999999999999289e+00 3.337831403161223989e+02 1.650840850320503250e+02
4.349999999999999645e+00 1.785332351516968004e+02 1.651917788892409646e+02
4.500000000000000000e+00 1.071608025680669982e+02 1.653691196326127510e+02
4.650000000000000355e+00 6.418735130489993423e+01 1.656724959443145622e+02
4.800000000000000711e+00 3.930698067103767102e+01 1.661602833513217092e+02
4.950000000000001066e+00 2.459036737911713999e+01 1.669172383000871491e+02
5.100000000000001421e+00 1.589622631540732911e+01 1.680250691577206226e+02
5.250000000000001776e+00 1.075344286005697825e+01 1.695284764135422222e+02
5.400000000000002132e+00 7.714159205727902702e+00 1.713647190863213723e+02
5.550000000000002487e+00 5.920129277609639473e+00 1.733411343307470247e+02
5.700000000000002842e+00 4.862376613776703493e+00 1.752002446124771211e+02
5.850000000000003197e+00 4.239025867464619068e+00 1.767390929626005800e+02
6.000000000000003553e+00 3.871595850296898789e+00 1.778844314416563464e+02
6.150000000000003908e+00 3.654969218152999133e+00 1.786720324855876925e+02
6.300000000000004263e+00 3.527407638226932818e+00 1.791845339135334427e+02
6.450000000000004619e+00 3.452725739013288830e+00 1.795062117945125237e+02
6.600000000000004974e+00 3.409824984791796965e+00 1.797036653220826281e+02
6.750000000000005329e+00 3.386621473358303547e+00 1.798231675418396378e+02
6.900000000000005684e+00 3.376591591988017171e+00 1.798948763456082816e+02
7.050000000000006040e+00 3.376917303113373237e+00 1.799377020616898903e+02
7.200000000000006395e+00 3.387686477996894041e+00 1.799631950743005575e+02
7.350000000000006750e+00 3.411913650898938499e+00 1.799783398559830516e+02
7.500000000000007105e+00 3.456382819927569017e+00 1.799873278065909972e+02
7.650000000000007461e+00 3.533546765165667125e+00 1.799926535733791582e+02
7.800000000000007816e+00 3.665014283844712395e+00 1.799958018435278859e+02
7.950000000000008171e+00 3.887601991574442195e+00 1.799976543561211599e+02
8.100000000000008527e+00 4.263646224016312658e+00 1.799987324381561109e+02
8.250000000000008882e+00 4.898465777648127073e+00 1.799993460728163086e+02
8.400000000000009237e+00 5.969873487660926514e+00 1.799996819963925816e+02
8.550000000000009592e+00 7.778041432157010604e+00 1.799998553330380560e+02
8.700000000000009948e+00 1.082973187113214308e+01 1.799999383904024910e+02
8.850000000000010303e+00 1.598134343460070994e+01 1.799999752155404167e+02
9.000000000000010658e+00 2.467965547575533591e+01 1.799999904331101845e+02
9.150000000000011013e+00 3.939517597796547932e+01 1.799999963798066460e+02
9.300000000000011369e+00 6.426856155716967578e+01 1.799999986056281500e+02
9.450000000000011724e+00 1.072283391048066363e+02 1.799999994147248401e+02
9.600000000000012079e+00 1.785804035608823881e+02 1.799999996934006390e+02
9.750000000000012434e+00 3.338036157800964361e+02 1.799999997889558472e+02
9.900000000000012790e+00 4.927945228490282830e+02 1.799999998109472301e+02
1.005000000000001315e+01 7.999974904206223982e+02 1.799999998144158440e+02
1.020000000000001350e+01 7.999974904206223982e+02 1.799999998144158440e+02
1.035000000000001386e+01 7.999974904206223982e+02 1.799999998144158440e+02
1.050000000000001421e+01 7.999974904206223982e+02 1.799999998144158440e+02
1.065000000000001457e+01 7.999974904206223982e+02 1.799999998144158440e+02
1.080000000000001492e+01 7.999974904206223982e+02 1.799999998144158440e+02
1.095000000000001528e+01 7.999974904206223982e+02 1.799999998144158440e+02
1.110000000000001563e+01 7.999974904206223982e+02 1.799999998144158440e+02
1.125000000000001599e+01 7.999974904206223982e+02 1.799999998144158440e+02
1.140000000000001634e+01 7.999974904206223982e+02 1.799999998144158440e+02
1.155000000000001670e+01 7.999974904206223982e+02 1.799999998144158440e+02
1.170000000000001705e+01 7.999974904206223982e+02 1.799999998144158440e+02
1.185000000000001741e+01 7.999974904206223982e+02 1.799999998144158440e+02
1.200000000000001776e+01 7.999974904206223982e+02 1.799999998144158440e+02
1.215000000000001812e+01 7.999974904206223982e+02 1.799999998144158440e+02
1.230000000000001847e+01 7.999974904206223982e+02 1.799999998144158440e+02
1.245000000000001883e+01 7.999974904206223982e+02 1.799999998144158440e+02
1.260000000000001918e+01 7.999974904206223982e+02 1.799999998144158440e+02
1.275000000000001954e+01 7.999974904206223982e+02 1.799999998144158440e+02
1.290000000000001990e+01 7.999974904206223982e+02 1.799999998144158440e+02
1.305000000000002025e+01 7.999921159948934246e+02 1.799999998150643137e+02
1.320000000000002061e+01 7.999921159948934246e+02 1.799999998150643137e+02
1.335000000000002096e+01 7.999921159948934246e+02 1.799999998150643137e+02
1.350000000000002132e+01 7.999921159948934246e+02 1.799999998150643137e+02
1.365000000000002167e+01 7.999921159948934246e+02 1.799999998150643137e+02
1.380000000000002203e+01 7.999921159948934246e+02 1.799999998150643137e+02
1.395000000000002238e+01 7.999921159948934246e+02 1.799999998150643137e+02
1.410000000000002274e+01 7.999921159948934246e+02 1.799999998150643137e+02
1.425000000000002309e+01 7.999921159948934246e+02 1.799999998150643137e+02
1.440000000000002345e+01 7.999921159948934246e+02 1.799999998150643137e+02
1.455000000000002380e+01 7.999921159948934246e+02 1.799999998150643137e+02
1.470000000000002416e+01 7.999921159948934246e+02 1.799999998150643137e+02
1.485000000000002451e+01 7.999921159948934246e+02 1.799999998150643137e+02
1.500000000000002487e+01 7.999921159948934246e+02 1.799999998150643137e+02
1.515000000000002522e+01 7.999921159948934246e+02 1.799999998150643137e+02
1.530000000000002558e+01 7.999921159948934246e+02 1.799999998150643137e+02
1.545000000000002593e+01 7.999921159948934246e+02 1.799999998150643137e+02
1.560000000000002629e+01 7.999921159948934246e+02 1.799999998150643137e+02
1.575000000000002665e+01 7.999921159948934246e+02 1.799999998150643137e+02
1.590000000000002700e+01 7.999921159948934246e+02 1.799999998150643137e+02
