1.499999999999999944e-01 7.999997803609539915e+02 2.062636062865335873e+01
2.999999999999999889e-01 7.999997803609539915e+02 2.062636062865335873e+01
4.499999999999999556e-01 7.999997803609539915e+02 2.062636062865335873e+01
5.999999999999999778e-01 7.999997803609539915e+02 2.062636062865335873e+01
7.500000000000000000e-01 7.999997803609539915e+02 2.062636062865335873e+01
9.000000000000000222e-01 7.999997803609539915e+02 2.062636062865335873e+01
1.050000000000000044e+00 7.999997803609539915e+02 2.062636062865335873e+01
1.199999999999999956e+00 7.999997803609539915e+02 2.062636062865335873e+01
1.349999999999999867e+00 7.999997803609539915e+02 2.062636062865335873e+01
1.499999999999999778e+00 7.999997803609539915e+02 2.062636062865335873e+01
1.649999999999999689e+00 7.999997803609539915e+02 2.062636062865335873e+01
1.799999999999999600e+00 7.999997803609539915e+02 2.062636062865335873e+01
1.949999999999999512e+00 7.999997803609539915e+02 2.062636062865335873e+01
2.099999999999999645e+00 7.999999561236814998e+02 2.066307343991188006e+01
2.249999999999999556e+00 7.999999561236814998e+02 2.066307343991188006e+01
2.399999999999999467e+00 7.999999561236814998e+02 2.066307343991188006e+01
2.549999999999999378e+00 7.999999561236814998e+02 2.066307343991188006e+01
2.699999999999999289e+00 7.999999561236814998e+02 2.066307343991188006e+01
2.849999999999999201e+00 7.999999561236814998e+02 2.066307343991188006e+01
2.999999999999999112e+00 7.999999561236814998e+02 2.066307343991188006e+01
3.149999999999999023e+00 7.999999561236814998e+02 2.066307343991188006e+01
3.299999999999998934e+00 7.999999561236814998e+02 2.066307343991188006e+01
3.449999999999998845e+00 7.999999561236814998e+02 2.066307343991188006e+01
3.599999999999998757e+00 7.999999561236814998e+02 2.066307343991188006e+01
3.749999999999998668e+00 7.999999561236814998e+02 2.066307343991188006e+01
3.899999999999998579e+00 7.999999561236814998e+02 2.066307343991188006e+01
4.049999999999998934e+00 5.103307345482064648e+02 2.085703560334619766e+01
4.199999999999999289e+00 4.258166828735128320e+02 2.180059626194923439e+01
4.349999999999999645e+00 3.341654527786762969e+02 2.411028827159756460e+01
4.500000000000000000e+00 3.028709654042892225e+02 2.715033244452840222e+01
4.650000000000000355e+00 2.863861783507727523e+02 3.078960879593092415e+01
4.800000000000000711e+00 2.783060005563804111e+02 3.472923702786507505e+01
4.950000000000001066e+00 2.741546079435905199e+02 3.883027217849905099e+01
5.100000000000001421e+00 2.720366406931773895e+02 4.299967905543213931e+01
5.250000000000001776e+00 2.709685943154915435e+02 4.718734108349698886e+01
5.400000000000002132e+00 2.704509427805159021e+02 5.136473984810949389e+01
5.550000000000002487e+00 2.702231912339642577e+02 5.551580963376857625e+01
5.700000000000002842e+00 2.701489107283595672e+02 5.963117294098356069e+01
5.850000000000003197e+00 2.701562094639306792e+02 6.370512909531576184e+01
6.000000000000003553e+00 2.702070237500570897e+02 6.773403319926190136e+01
6.150000000000003908e+00 2.702810644554286341e+02 7.171544387749305827e+01
6.300000000000004263e+00 2.703674025363398528e+02 7.564766835211591456e+01
6.450000000000004619e+00 2.704600498764212944e+02 7.952952516115149706e+01
6.600000000000004974e+00 2.705556393531880417e+02 8.336021767227006762e+01
6.750000000000005329e+00 2.706522096394145365e+02 8.713925829817652868e+01
6.900000000000005684e+00 2.707485744520843127e+02 9.086642797807887462e+01
7.050000000000006040e+00 2.708440068995548700e+02 9.454175052588171013e+01
7.200000000000006395e+00 2.709381029301496824e+02 9.816546679038883383e+01
7.350000000000006750e+00 2.710307660430202077e+02 1.017380177279013225e+02
7.500000000000007105e+00 2.711223091920434740e+02 1.052600267336427180e+02
7.650000000000007461e+00 2.712137197992905158e+02 1.087322700040298429e+02
7.800000000000007816e+00 2.713072075414613664e+02 1.121556440624375313e+02
7.950000000000008171e+00 2.714072822709769071e+02 1.155311137821649510e+02
8.100000000000008527e+00 2.715228460177112311e+02 1.188596145589850011e+02
8.250000000000008882e+00 2.716712421989279846e+02 1.221418893544740882e+02
8.400000000000009237e+00 2.718860954272544177e+02 1.253781871093283513e+02
8.550000000000009592e+00 2.722325241254170010e+02 1.285676900356078249e+02
8.700000000000009948e+00 2.728367318503089791e+02 1.317074468940025156e+02
8.850000000000010303e+00 2.739443296048090133e+02 1.347903997693867666e+02
9.000000000000010658e+00 2.760345300906752755e+02 1.378015761308327001e+02
9.150000000000011013e+00 2.800664638947741309e+02 1.407120575482683194e+02
9.300000000000011369e+00 2.879120618738455732e+02 1.434647219547759960e+02
9.450000000000011724e+00 3.040392963775414614e+02 1.459722846537935652e+02
9.600000000000012079e+00 3.348859283661146264e+02 1.480411506957323127e+02
9.750000000000012434e+00 4.260478543026860621e+02 1.495905036129524035e+02
9.900000000000012790e+00 5.103418754415876606e+02 1.502136755286950063e+02
1.005000000000001315e+01 7.999999556965070724e+02 1.503369431189105399e+02
1.020000000000001350e+01 7.999999556965070724e+02 1.503369431189105399e+02
1.035000000000001386e+01 7.999999556965070724e+02 1.503369431189105399e+02
1.050000000000001421e+01 7.999999556965070724e+02 1.503369431189105399e+02
1.065000000000001457e+01 7.999999556965070724e+02 1.503369431189105399e+02
1.080000000000001492e+01 7.999999556965070724e+02 1.503369431189105399e+02
1.095000000000001528e+01 7.999999556965070724e+02 1.503369431189105399e+02
1.110000000000001563e+01 7.999999556965070724e+02 1.503369431189105399e+02
1.125000000000001599e+01 7.999999556965070724e+02 1.503369431189105399e+02
1.140000000000001634e+01 7.999999556965070724e+02 1.503369431189105399e+02
1.155000000000001670e+01 7.999999556965070724e+02 1.503369431189105399e+02
1.170000000000001705e+01 7.999999556965070724e+02 1.503369431189105399e+02
1.185000000000001741e+01 7.999999556965070724e+02 1.503369431189105399e+02
1.200000000000001776e+01 7.999999556965070724e+02 1.503369431189105399e+02
1.215000000000001812e+01 7.999999556965070724e+02 1.503369431189105399e+02
1.230000000000001847e+01 7.999999556965070724e+02 1.503369431189105399e+02
1.245000000000001883e+01 7.999999556965070724e+02 1.503369431189105399e+02
1.260000000000001918e+01 7.999999556965070724e+02 1.503369431189105399e+02
1.275000000000001954e+01 7.999999556965070724e+02 1.503369431189105399e+02
1.290000000000001990e+01 7.999999556965070724e+02 1.503369431189105399e+02
1.305000000000002025e+01 7.999997781712075948e+02 1.503607333786198410e+02
1.320000000000002061e+01 7.999997781712075948e+02 1.503607333786198410e+02
1.335000000000002096e+01 7.999997781712075948e+02 1.503607333786198410e+02
1.350000000000002132e+01 7.999997781712075948e+02 1.503607333786198410e+02
1.365000000000002167e+01 7.999997781712075948e+02 1.503607333786198410e+02
1.380000000000002203e+01 7.999997781712075948e+02 1.503607333786198410e+02
1.395000000000002238e+01 7.999997781712075948e+02 1.503607333786198410e+02
1.410000000000002274e+01 7.999997781712075948e+02 1.503607333786198410e+02
1.425000000000002309e+01 7.999997781712075948e+02 1.503607333786198410e+02
1.440000000000002345e+01 7.999997781712075948e+02 1.503607333786198410e+02
1.455000000000002380e+01 7.999997781712075948e+02 1.503607333786198410e+02
1.470000000000002416e+01 7.999997781712075948e+02 1.503607333786198410e+02
1.485000000000002451e+01 7.999997781712075948e+02 1.503607333786198410e+02
1.500000000000002487e+01 7.999997781712075948e+02 1.503607333786198410e+02
1.515000000000002522e+01 7.999997781712075948e+02 1.503607333786198410e+02
1.530000000000002558e+01 7.999997781712075948e+02 1.503607333786198410e+02
1.545000000000002593e+01 7.999997781712075948e+02 1.503607333786198410e+02
1.560000000000002629e+01 7.999997781712075948e+02 1.503607333786198410e+02
1.575000000000002665e+01 7.999997781712075948e+02 1.503607333786198410e+02
1.590000000000002700e+01 7.999997781712075948e+02 1.503607333786198410e+02
