1.499999999999999944e-01 7.999573057307185309e+02 7.532419132871837064e-12
2.999999999999999889e-01 7.999573057307185309e+02 7.532419132871837064e-12
4.499999999999999556e-01 7.999573057307185309e+02 7.532419132871837064e-12
5.999999999999999778e-01 7.999573057307185309e+02 7.532419132871837064e-12
7.500000000000000000e-01 7.999573057307185309e+02 7.532419132871837064e-12
9.000000000000000222e-01 7.999573057307185309e+02 7.532419132871837064e-12
1.050000000000000044e+00 7.999573057307185309e+02 7.532419132871837064e-12
1.199999999999999956e+00 7.999573057307185309e+02 7.532419132871837064e-12
1.349999999999999867e+00 7.999573057307185309e+02 7.532419132871837064e-12
1.499999999999999778e+00 7.999573057307185309e+02 7.532419132871837064e-12
1.649999999999999689e+00 7.999573057307185309e+02 7.532419132871837064e-12
1.799999999999999600e+00 7.999573057307185309e+02 7.532419132871837064e-12
1.949999999999999512e+00 7.999573057307185309e+02 7.532419132871837064e-12
2.099999999999999645e+00 7.999830533186003549e+02 7.516098854409847263e-12
2.249999999999999556e+00 7.999830533186003549e+02 7.516098854409847263e-12
2.399999999999999467e+00 7.999830533186003549e+02 7.516098854409847263e-12
2.549999999999999378e+00 7.999830533186003549e+02 7.516098854409847263e-12
2.699999999999999289e+00 7.999830533186003549e+02 7.516098854409847263e-12
2.849999999999999201e+00 7.999830533186003549e+02 7.516098854409847263e-12
2.999999999999999112e+00 7.999830533186003549e+02 7.516098854409847263e-12
3.149999999999999023e+00 7.999830533186003549e+02 7.516098854409847263e-12
3.299999999999998934e+00 7.999830533186003549e+02 7.516098854409847263e-12
3.449999999999998845e+00 7.999830533186003549e+02 7.516098854409847263e-12
3.599999999999998757e+00 7.999830533186003549e+02 7.516098854409847263e-12
3.749999999999998668e+00 7.999830533186003549e+02 7.516098854409847263e-12
3.899999999999998579e+00 7.999830533186003549e+02 7.516098854409847263e-12
4.049999999999998934e+00 4.750988356887040709e+02 7.563616399863803963e-12
4.199999999999999289e+00 2.789317881515406157e+02 7.535971846550637565e-12
4.349999999999999645e+00 1.197478069665946379e+02 7.497558129898607149e-12
4.500000000000000000e+00 5.741388265512382105e+01 7.514877609082759591e-12
4.650000000000000355e+00 2.665905906186496566e+01 7.451150807469275605e-12
4.800000000000000711e+00 1.242314644027712589e+01 7.944422897310232656e-12
4.950000000000001066e+00 5.699506807099055550e+00 8.906098081240543252e-12
5.100000000000001421e+00 2.541799676609457492e+00 1.389210968483212127e-11
5.250000000000001776e+00 1.056174778013939886e+00 3.897715483702768324e-11
5.400000000000002132e+00 3.575829895532933733e-01 2.002012999824387407e-10
5.550000000000002487e+00 2.902969530987320468e-02 4.985940327273397088e-09
5.700000000000002842e+00 1.254844591899200168e-01 1.799999999975799767e+02
5.850000000000003197e+00 1.981516216735599301e-01 1.799999999967537576e+02
6.000000000000003553e+00 2.323269821179110295e-01 1.799999999941155409e+02
6.150000000000003908e+00 2.484008102203461021e-01 1.799999999883115152e+02
6.300000000000004263e+00 2.559632943721226184e-01 1.799999999759076559e+02
6.450000000000004619e+00 2.595264754993422684e-01 1.799999999494679912e+02
6.600000000000004974e+00 2.612162704133424995e-01 1.799999998933638778e+02
6.750000000000005329e+00 2.620408690249860229e-01 1.799999997742166329e+02
6.900000000000005684e+00 2.624922548836821079e-01 1.799999995206637493e+02
7.050000000000006040e+00 2.628397411801870476e-01 1.799999989832305118e+02
7.200000000000006395e+00 2.632906502908554103e-01 1.799999978440693837e+02
7.350000000000006750e+00 2.641140094756337930e-01 1.799999954293865017e+02
7.500000000000007105e+00 2.658010632064815582e-01 1.799999903535834846e+02
7.650000000000007461e+00 2.693583664081415918e-01 1.799999797814944600e+02
7.800000000000007816e+00 2.769083291977949557e-01 1.799999581746846218e+02
7.950000000000008171e+00 2.929555223083752935e-01 1.799999160287978555e+02
8.100000000000008527e+00 3.270742460310884780e-01 1.799998402494147172e+02
8.250000000000008882e+00 3.996209905774321669e-01 1.799997219413233154e+02
8.400000000000009237e+00 5.538791544566947778e-01 1.799995738858824836e+02
8.550000000000009592e+00 8.818884054461477717e-01 1.799994315577270072e+02
8.700000000000009948e+00 1.579324652391221662e+00 1.799993249787401908e+02
8.850000000000010303e+00 3.062498115939760623e+00 1.799992605737513998e+02
9.000000000000010658e+00 6.215019111807642105e+00 1.799992262362621602e+02
9.150000000000011013e+00 1.292774264733100509e+01 1.799992083973014019e+02
9.300000000000011369e+00 2.714099075401682626e+01 1.799992006733513676e+02
9.450000000000011724e+00 5.784965925980379353e+01 1.799991974359143398e+02
9.600000000000012079e+00 1.200963594117485798e+02 1.799991953788087073e+02
9.750000000000012434e+00 2.791231622034171664e+02 1.799991954162322827e+02
9.900000000000012790e+00 4.751260319445900677e+02 1.799991957047258211e+02
1.005000000000001315e+01 7.999829016332815854e+02 1.799991955542780886e+02
1.020000000000001350e+01 7.999829016332815854e+02 1.799991955542780886e+02
1.035000000000001386e+01 7.999829016332815854e+02 1.799991955542780886e+02
1.050000000000001421e+01 7.999829016332815854e+02 1.799991955542780886e+02
1.065000000000001457e+01 7.999829016332815854e+02 1.799991955542780886e+02
1.080000000000001492e+01 7.999829016332815854e+02 1.799991955542780886e+02
1.095000000000001528e+01 7.999829016332815854e+02 1.799991955542780886e+02
1.110000000000001563e+01 7.999829016332815854e+02 1.799991955542780886e+02
1.125000000000001599e+01 7.999829016332815854e+02 1.799991955542780886e+02
1.140000000000001634e+01 7.999829016332815854e+02 1.799991955542780886e+02
1.155000000000001670e+01 7.999829016332815854e+02 1.799991955542780886e+02
1.170000000000001705e+01 7.999829016332815854e+02 1.799991955542780886e+02
1.185000000000001741e+01 7.999829016332815854e+02 1.799991955542780886e+02
1.200000000000001776e+01 7.999829016332815854e+02 1.799991955542780886e+02
1.215000000000001812e+01 7.999829016332815854e+02 1.799991955542780886e+02
1.230000000000001847e+01 7.999829016332815854e+02 1.799991955542780886e+02
1.245000000000001883e+01 7.999829016332815854e+02 1.799991955542780886e+02
1.260000000000001918e+01 7.999829016332815854e+02 1.799991955542780886e+02
1.275000000000001954e+01 7.999829016332815854e+02 1.799991955542780886e+02
1.290000000000001990e+01 7.999829016332815854e+02 1.799991955542780886e+02
1.305000000000002025e+01 7.999569178337767426e+02 1.799991961206521864e+02
1.320000000000002061e+01 7.999569178337767426e+02 1.799991961206521864e+02
1.335000000000002096e+01 7.999569178337767426e+02 1.799991961206521864e+02
1.350000000000002132e+01 7.999569178337767426e+02 1.799991961206521864e+02
1.365000000000002167e+01 7.999569178337767426e+02 1.799991961206521864e+02
1.380000000000002203e+01 7.999569178337767426e+02 1.799991961206521864e+02
1.395000000000002238e+01 7.999569178337767426e+02 1.799991961206521864e+02
1.410000000000002274e+01 7.999569178337767426e+02 1.799991961206521864e+02
1.425000000000002309e+01 7.999569178337767426e+02 1.799991961206521864e+02
1.440000000000002345e+01 7.999569178337767426e+02 1.799991961206521864e+02
1.455000000000002380e+01 7.999569178337767426e+02 1.799991961206521864e+02
1.470000000000002416e+01 7.999569178337767426e+02 1.799991961206521864e+02
1.485000000000002451e+01 7.999569178337767426e+02 1.799991961206521864e+02
1.500000000000002487e+01 7.999569178337767426e+02 1.799991961206521864e+02
1.515000000000002522e+01 7.999569178337767426e+02 1.799991961206521864e+02
1.530000000000002558e+01 7.999569178337767426e+02 1.799991961206521864e+02
1.545000000000002593e+01 7.999569178337767426e+02 1.799991961206521864e+02
1.560000000000002629e+01 7.999569178337767426e+02 1.799991961206521864e+02
1.575000000000002665e+01 7.999569178337767426e+02 1.799991961206521864e+02
1.590000000000002700e+01 7.999569178337767426e+02 1.799991961206521864e+02
