1.499999999999999944e-01 7.998495774591793861e+02 1.799996038259887428e+02
2.999999999999999889e-01 7.998495774591793861e+02 1.799996038259887428e+02
4.499999999999999556e-01 7.998495774591793861e+02 1.799996038259887428e+02
5.999999999999999778e-01 7.998495774591793861e+02 1.799996038259887428e+02
7.500000000000000000e-01 7.998495774591793861e+02 1.799996038259887428e+02
9.000000000000000222e-01 7.998495774591793861e+02 1.799996038259887428e+02
1.050000000000000044e+00 7.998495774591793861e+02 1.799996038259887428e+02
1.199999999999999956e+00 7.998495774591793861e+02 1.799996038259887428e+02
1.349999999999999867e+00 7.998495774591793861e+02 1.799996038259887428e+02
1.499999999999999778e+00 7.998495774591793861e+02 1.799996038259887428e+02
1.649999999999999689e+00 7.998495774591793861e+02 1.799996038259887428e+02
1.799999999999999600e+00 7.998495774591793861e+02 1.799996038259887428e+02
1.949999999999999512e+00 7.998495774591793861e+02 1.799996038259887428e+02
2.099999999999999645e+00 7.999297194319758546e+02 1.799996042701333749e+02
2.249999999999999556e+00 7.999297194319758546e+02 1.799996042701333749e+02
2.399999999999999467e+00 7.999297194319758546e+02 1.799996042701333749e+02
2.549999999999999378e+00 7.999297194319758546e+02 1.799996042701333749e+02
2.699999999999999289e+00 7.999297194319758546e+02 1.799996042701333749e+02
2.849999999999999201e+00 7.999297194319758546e+02 1.799996042701333749e+02
2.999999999999999112e+00 7.999297194319758546e+02 1.799996042701333749e+02
3.149999999999999023e+00 7.999297194319758546e+02 1.799996042701333749e+02
3.299999999999998934e+00 7.999297194319758546e+02 1.799996042701333749e+02
3.449999999999998845e+00 7.999297194319758546e+02 1.799996042701333749e+02
3.599999999999998757e+00 7.999297194319758546e+02 1.799996042701333749e+02
3.749999999999998668e+00 7.999297194319758546e+02 1.799996042701333749e+02
3.899999999999998579e+00 7.999297194319758546e+02 1.799996042701333749e+02
4.049999999999998934e+00 4.550094859186004896e+02 1.799996045730152332e+02
4.199999999999999289e+00 2.372471375884347822e+02 1.799996048244465499e+02
4.349999999999999645e+00 8.759778168665673093e+01 1.799996088730038082e+02
4.500000000000000000e+00 3.710204936364785766e+01 1.799996180447455458e+02
4.650000000000000355e+00 1.563392618380373733e+01 1.799996390664687453e+02
4.800000000000000711e+00 7.185694586565617215e+00 1.799996838899855049e+02
4.950000000000001066e+00 3.775544991948208917e+00 1.799997588945608129e+02
5.100000000000001421e+00 2.410636147813789876e+00 1.799998480557668188e+02
5.250000000000001776e+00 1.862760802640337943e+00 1.799999211183924785e+02
5.400000000000002132e+00 1.643053990813200471e+00 1.799999641183674157e+02
5.550000000000002487e+00 1.554919358180285371e+00 1.799999847497829819e+02
5.700000000000002842e+00 1.519568286533598211e+00 1.799999937390745686e+02
5.850000000000003197e+00 1.505388344706318549e+00 1.799999974643910434e+02
6.000000000000003553e+00 1.499700599274774504e+00 1.799999989762527264e+02
6.150000000000003908e+00 1.497419194413140531e+00 1.799999995886355464e+02
6.300000000000004263e+00 1.496504173546128413e+00 1.799999998348549468e+02
6.450000000000004619e+00 1.496137351975164620e+00 1.799999999335586836e+02
6.600000000000004974e+00 1.495990729196051916e+00 1.799999999733404081e+02
6.750000000000005329e+00 1.495933199560170124e+00 1.799999999893035749e+02
6.900000000000005684e+00 1.495913321837321064e+00 1.799999999956974648e+02
7.050000000000006040e+00 1.495913321822570197e+00 1.799999999982737506e+02
7.200000000000006395e+00 1.495933199589671858e+00 1.799999999993073914e+02
7.350000000000006750e+00 1.495990729328809721e+00 1.799999999997213820e+02
7.500000000000007105e+00 1.496137352284932831e+00 1.799999999998881606e+02
7.650000000000007461e+00 1.496504174209917437e+00 1.799999999999551790e+02
7.800000000000007816e+00 1.497419196109490258e+00 1.799999999999820091e+02
7.950000000000008171e+00 1.499700603405017318e+00 1.799999999999929230e+02
8.100000000000008527e+00 1.505388354987672983e+00 1.799999999999970726e+02
8.250000000000008882e+00 1.519568312273861466e+00 1.799999999999988631e+02
8.400000000000009237e+00 1.554919422258052464e+00 1.799999999999995453e+02
8.550000000000009592e+00 1.643054150624095655e+00 1.799999999999998295e+02
8.700000000000009948e+00 1.862761201002257394e+00 1.799999999999996589e+02
8.850000000000010303e+00 2.410637141240442816e+00 1.799999999999995737e+02
9.000000000000010658e+00 3.775547466184917766e+00 1.799999999999992610e+02
9.150000000000011013e+00 7.185700773064567670e+00 1.799999999999989484e+02
9.300000000000011369e+00 1.563394147614945240e+01 1.799999999999988631e+02
9.450000000000011724e+00 3.710208848956157368e+01 1.799999999999989768e+02
9.600000000000012079e+00 8.759787182303936959e+01 1.799999999999988916e+02
9.750000000000012434e+00 2.372474215871105514e+02 1.799999999999988631e+02
9.900000000000012790e+00 4.550098240939101970e+02 1.799999999999988916e+02
1.005000000000001315e+01 7.999314254469519483e+02 1.799999999999989200e+02
1.020000000000001350e+01 7.999314254469519483e+02 1.799999999999989200e+02
1.035000000000001386e+01 7.999314254469519483e+02 1.799999999999989200e+02
1.050000000000001421e+01 7.999314254469519483e+02 1.799999999999989200e+02
1.065000000000001457e+01 7.999314254469519483e+02 1.799999999999989200e+02
1.080000000000001492e+01 7.999314254469519483e+02 1.799999999999989200e+02
1.095000000000001528e+01 7.999314254469519483e+02 1.799999999999989200e+02
1.110000000000001563e+01 7.999314254469519483e+02 1.799999999999989200e+02
1.125000000000001599e+01 7.999314254469519483e+02 1.799999999999989200e+02
1.140000000000001634e+01 7.999314254469519483e+02 1.799999999999989200e+02
1.155000000000001670e+01 7.999314254469519483e+02 1.799999999999989200e+02
1.170000000000001705e+01 7.999314254469519483e+02 1.799999999999989200e+02
1.185000000000001741e+01 7.999314254469519483e+02 1.799999999999989200e+02
1.200000000000001776e+01 7.999314254469519483e+02 1.799999999999989200e+02
1.215000000000001812e+01 7.999314254469519483e+02 1.799999999999989200e+02
1.230000000000001847e+01 7.999314254469519483e+02 1.799999999999989200e+02
1.245000000000001883e+01 7.999314254469519483e+02 1.799999999999989200e+02
1.260000000000001918e+01 7.999314254469519483e+02 1.799999999999989200e+02
1.275000000000001954e+01 7.999314254469519483e+02 1.799999999999989200e+02
1.290000000000001990e+01 7.999314254469519483e+02 1.799999999999989200e+02
1.305000000000002025e+01 7.998532289097712464e+02 1.799999999999988916e+02
1.320000000000002061e+01 7.998532289097712464e+02 1.799999999999988916e+02
1.335000000000002096e+01 7.998532289097712464e+02 1.799999999999988916e+02
1.350000000000002132e+01 7.998532289097712464e+02 1.799999999999988916e+02
1.365000000000002167e+01 7.998532289097712464e+02 1.799999999999988916e+02
1.380000000000002203e+01 7.998532289097712464e+02 1.799999999999988916e+02
1.395000000000002238e+01 7.998532289097712464e+02 1.799999999999988916e+02
1.410000000000002274e+01 7.998532289097712464e+02 1.799999999999988916e+02
1.425000000000002309e+01 7.998532289097712464e+02 1.799999999999988916e+02
1.440000000000002345e+01 7.998532289097712464e+02 1.799999999999988916e+02
1.455000000000002380e+01 7.998532289097712464e+02 1.799999999999988916e+02
1.470000000000002416e+01 7.998532289097712464e+02 1.799999999999988916e+02
1.485000000000002451e+01 7.998532289097712464e+02 1.799999999999988916e+02
1.500000000000002487e+01 7.998532289097712464e+02 1.799999999999988916e+02
1.515000000000002522e+01 7.998532289097712464e+02 1.799999999999988916e+02
1.530000000000002558e+01 7.998532289097712464e+02 1.799999999999988916e+02
1.545000000000002593e+01 7.998532289097712464e+02 1.799999999999988916e+02
1.560000000000002629e+01 7.998532289097712464e+02 1.799999999999988916e+02
1.575000000000002665e+01 7.998532289097712464e+02 1.799999999999988916e+02
1.590000000000002700e+01 7.998532289097712464e+02 1.799999999999988916e+02
