1.499999999999999944e-01 7.999262534613754951e+02 1.067945167738670875e-04
2.999999999999999889e-01 7.999262534613754951e+02 1.067945167738670875e-04
4.499999999999999556e-01 7.999262534613754951e+02 1.067945167738670875e-04
5.999999999999999778e-01 7.999262534613754951e+02 1.067945167738670875e-04
7.500000000000000000e-01 7.999262534613754951e+02 1.067945167738670875e-04
9.000000000000000222e-01 7.999262534613754951e+02 1.067945167738670875e-04
1.050000000000000044e+00 7.999262534613754951e+02 1.067945167738670875e-04
1.199999999999999956e+00 7.999262534613754951e+02 1.067945167738670875e-04
1.349999999999999867e+00 7.999262534613754951e+02 1.067945167738670875e-04
1.499999999999999778e+00 7.999262534613754951e+02 1.067945167738670875e-04
1.649999999999999689e+00 7.999262534613754951e+02 1.067945167738670875e-04
1.799999999999999600e+00 7.999262534613754951e+02 1.067945167738670875e-04
1.949999999999999512e+00 7.999262534613754951e+02 1.067945167738670875e-04
2.099999999999999645e+00 7.999685709943887559e+02 1.066885161907782376e-04
2.249999999999999556e+00 7.999685709943887559e+02 1.066885161907782376e-04
2.399999999999999467e+00 7.999685709943887559e+02 1.066885161907782376e-04
2.549999999999999378e+00 7.999685709943887559e+02 1.066885161907782376e-04
2.699999999999999289e+00 7.999685709943887559e+02 1.066885161907782376e-04
2.849999999999999201e+00 7.999685709943887559e+02 1.066885161907782376e-04
2.999999999999999112e+00 7.999685709943887559e+02 1.066885161907782376e-04
3.149999999999999023e+00 7.999685709943887559e+02 1.066885161907782376e-04
3.299999999999998934e+00 7.999685709943887559e+02 1.066885161907782376e-04
3.449999999999998845e+00 7.999685709943887559e+02 1.066885161907782376e-04
3.599999999999998757e+00 7.999685709943887559e+02 1.066885161907782376e-04
3.749999999999998668e+00 7.999685709943887559e+02 1.066885161907782376e-04
3.899999999999998579e+00 7.999685709943887559e+02 1.066885161907782376e-04
4.049999999999998934e+00 4.672137548734150982e+02 1.067710101163577008e-04
4.199999999999999289e+00 2.605341133423566475e+02 1.071688725773345396e-04
4.349999999999999645e+00 1.041454227067340668e+02 1.075330902390314591e-04
4.500000000000000000e+00 4.658905183495752311e+01 1.082530634615164189e-04
4.650000000000000355e+00 1.996541063640361457e+01 1.102453267134428927e-04
4.800000000000000711e+00 8.478257085472357346e+00 1.142425078256570359e-04
4.950000000000001066e+00 3.411779136007766056e+00 1.245102167880540733e-04
5.100000000000001421e+00 1.192270129758185249e+00 1.568473285232796499e-04
5.250000000000001776e+00 2.178488720287532487e-01 3.767613983240991615e-04
5.400000000000002132e+00 2.096567432165556966e-01 1.799998281583503115e+02
5.550000000000002487e+00 3.972553387782227219e-01 1.799999600865091054e+02
5.700000000000002842e+00 4.795720443105437880e-01 1.799999854875347864e+02
5.850000000000003197e+00 5.156927356086953296e-01 1.799999940760922925e+02
6.000000000000003553e+00 5.315425414059973264e-01 1.799999974705998511e+02
6.150000000000003908e+00 5.384977013195566542e-01 1.799999989040789217e+02
6.300000000000004263e+00 5.415502646578715940e-01 1.799999995216509205e+02
6.450000000000004619e+00 5.428912063420057166e-01 1.799999997899562345e+02
6.600000000000004974e+00 5.434829856443457174e-01 1.799999999078123949e+02
6.750000000000005329e+00 5.437503514846184771e-01 1.799999999593471216e+02
6.900000000000005684e+00 5.438852055056031531e-01 1.799999999816386946e+02
7.050000000000006040e+00 5.439843388855933881e-01 1.799999999908645805e+02
7.200000000000006395e+00 5.441189044976226796e-01 1.799999999935429003e+02
7.350000000000006750e+00 5.443854869488404802e-01 1.799999999915798128e+02
7.500000000000007105e+00 5.449754249299303410e-01 1.799999999836413451e+02
7.650000000000007461e+00 5.463121460959428077e-01 1.799999999641177340e+02
7.800000000000007816e+00 5.493550805991844754e-01 1.799999999191702216e+02
7.950000000000008171e+00 5.562882922254175355e-01 1.799999998188045822e+02
8.100000000000008527e+00 5.720880782450876723e-01 1.799999995996408302e+02
8.250000000000008882e+00 6.080947811549322068e-01 1.799999991412659028e+02
8.400000000000009237e+00 6.901517412924818018e-01 1.799999982803041405e+02
8.550000000000009592e+00 8.771585352189958940e-01 1.799999969246673004e+02
8.700000000000009948e+00 1.303316256342441193e+00 1.799999952810310901e+02
8.850000000000010303e+00 2.274669572202213885e+00 1.799999938541103006e+02
9.000000000000010658e+00 4.487208724956033734e+00 1.799999929206930744e+02
9.150000000000011013e+00 9.537901797858410191e+00 1.799999924001389502e+02
9.300000000000011369e+00 2.098969037902894996e+01 1.799999921702077188e+02
9.450000000000011724e+00 4.753512359788562236e+01 1.799999920758116332e+02
9.600000000000012079e+00 1.049297874698284687e+02 1.799999920206159061e+02
9.750000000000012434e+00 2.609959220722371356e+02 1.799999920208830417e+02
9.900000000000012790e+00 4.672894542082556200e+02 1.799999920279893502e+02
1.005000000000001315e+01 7.999686136812590576e+02 1.799999920241608322e+02
1.020000000000001350e+01 7.999686136812590576e+02 1.799999920241608322e+02
1.035000000000001386e+01 7.999686136812590576e+02 1.799999920241608322e+02
1.050000000000001421e+01 7.999686136812590576e+02 1.799999920241608322e+02
1.065000000000001457e+01 7.999686136812590576e+02 1.799999920241608322e+02
1.080000000000001492e+01 7.999686136812590576e+02 1.799999920241608322e+02
1.095000000000001528e+01 7.999686136812590576e+02 1.799999920241608322e+02
1.110000000000001563e+01 7.999686136812590576e+02 1.799999920241608322e+02
1.125000000000001599e+01 7.999686136812590576e+02 1.799999920241608322e+02
1.140000000000001634e+01 7.999686136812590576e+02 1.799999920241608322e+02
1.155000000000001670e+01 7.999686136812590576e+02 1.799999920241608322e+02
1.170000000000001705e+01 7.999686136812590576e+02 1.799999920241608322e+02
1.185000000000001741e+01 7.999686136812590576e+02 1.799999920241608322e+02
1.200000000000001776e+01 7.999686136812590576e+02 1.799999920241608322e+02
1.215000000000001812e+01 7.999686136812590576e+02 1.799999920241608322e+02
1.230000000000001847e+01 7.999686136812590576e+02 1.799999920241608322e+02
1.245000000000001883e+01 7.999686136812590576e+02 1.799999920241608322e+02
1.260000000000001918e+01 7.999686136812590576e+02 1.799999920241608322e+02
1.275000000000001954e+01 7.999686136812590576e+02 1.799999920241608322e+02
1.290000000000001990e+01 7.999686136812590576e+02 1.799999920241608322e+02
1.305000000000002025e+01 7.999263300332223707e+02 1.799999920383383198e+02
1.320000000000002061e+01 7.999263300332223707e+02 1.799999920383383198e+02
1.335000000000002096e+01 7.999263300332223707e+02 1.799999920383383198e+02
1.350000000000002132e+01 7.999263300332223707e+02 1.799999920383383198e+02
1.365000000000002167e+01 7.999263300332223707e+02 1.799999920383383198e+02
1.380000000000002203e+01 7.999263300332223707e+02 1.799999920383383198e+02
1.395000000000002238e+01 7.999263300332223707e+02 1.799999920383383198e+02
1.410000000000002274e+01 7.999263300332223707e+02 1.799999920383383198e+02
1.425000000000002309e+01 7.999263300332223707e+02 1.799999920383383198e+02
1.440000000000002345e+01 7.999263300332223707e+02 1.799999920383383198e+02
1.455000000000002380e+01 7.999263300332223707e+02 1.799999920383383198e+02
1.470000000000002416e+01 7.999263300332223707e+02 1.799999920383383198e+02
1.485000000000002451e+01 7.999263300332223707e+02 1.799999920383383198e+02
1.500000000000002487e+01 7.999263300332223707e+02 1.799999920383383198e+02
1.515000000000002522e+01 7.999263300332223707e+02 1.799999920383383198e+02
1.530000000000002558e+01 7.999263300332223707e+02 1.799999920383383198e+02
1.545000000000002593e+01 7.999263300332223707e+02 1.799999920383383198e+02
1.560000000000002629e+01 7.999263300332223707e+02 1.799999920383383198e+02
1.575000000000002665e+01 7.999263300332223707e+02 1.799999920383383198e+02
1.590000000000002700e+01 7.999263300332223707e+02 1.799999920383383198e+02
