1.499999999999999944e-01 7.999946301925843954e+02 1.799994471268612415e+02
2.999999999999999889e-01 7.999946301925843954e+02 1.799994471268612415e+02
4.499999999999999556e-01 7.999946301925843954e+02 1.799994471268612415e+02
5.999999999999999778e-01 7.999946301925843954e+02 1.799994471268612415e+02
7.500000000000000000e-01 7.999946301925843954e+02 1.799994471268612415e+02
9.000000000000000222e-01 7.999946301925843954e+02 1.799994471268612415e+02
1.050000000000000044e+00 7.999946301925843954e+02 1.799994471268612415e+02
1.199999999999999956e+00 7.999946301925843954e+02 1.799994471268612415e+02
1.349999999999999867e+00 7.999946301925843954e+02 1.799994471268612415e+02
1.499999999999999778e+00 7.999946301925843954e+02 1.799994471268612415e+02
1.649999999999999689e+00 7.999946301925843954e+02 1.799994471268612415e+02
1.799999999999999600e+00 7.999946301925843954e+02 1.799994471268612415e+02
1.949999999999999512e+00 7.999946301925843954e+02 1.799994471268612415e+02
2.099999999999999645e+00 7.999983797531750724e+02 1.799994476043919747e+02
2.249999999999999556e+00 7.999983797531750724e+02 1.799994476043919747e+02
2.399999999999999467e+00 7.999983797531750724e+02 1.799994476043919747e+02
2.549999999999999378e+00 7.999983797531750724e+02 1.799994476043919747e+02
2.699999999999999289e+00 7.999983797531750724e+02 1.799994476043919747e+02
2.849999999999999201e+00 7.999983797531750724e+02 1.799994476043919747e+02
2.999999999999999112e+00 7.999983797531750724e+02 1.799994476043919747e+02
3.149999999999999023e+00 7.999983797531750724e+02 1.799994476043919747e+02
3.299999999999998934e+00 7.999983797531750724e+02 1.799994476043919747e+02
3.449999999999998845e+00 7.999983797531750724e+02 1.799994476043919747e+02
3.599999999999998757e+00 7.999983797531750724e+02 1.799994476043919747e+02
3.749999999999998668e+00 7.999983797531750724e+02 1.799994476043919747e+02
3.899999999999998579e+00 7.999983797531750724e+02 1.799994476043919747e+02
4.049999999999998934e+00 4.958970235747592028e+02 1.799994481470690459e+02
4.199999999999999289e+00 3.464636785121841172e+02 1.799994492715373724e+02
4.349999999999999645e+00 1.955691818892375409e+02 1.799994546901698982e+02
4.500000000000000000e+00 1.245021613781178331e+02 1.799994634439239860e+02
4.650000000000000355e+00 7.977236511322495005e+01 1.799994767697880604e+02
4.800000000000000711e+00 5.242333437960409270e+01 1.799994982467311502e+02
4.950000000000001066e+00 3.526268512836404057e+01 1.799995292174612302e+02
5.100000000000001421e+00 2.447319836592093978e+01 1.799995705266588857e+02
5.250000000000001776e+00 1.766831633074603403e+01 1.799996238748269093e+02
5.400000000000002132e+00 1.337267870366943967e+01 1.799996857176719800e+02
5.550000000000002487e+00 1.065956585654055999e+01 1.799997501698084363e+02
5.700000000000002842e+00 8.945681130023366734e+00 1.799998116953776730e+02
5.850000000000003197e+00 7.863104074574266633e+00 1.799998644855388648e+02
6.000000000000003553e+00 7.179637458779374981e+00 1.799999059463842457e+02
6.150000000000003908e+00 6.748755745004004325e+00 1.799999367043783707e+02
6.300000000000004263e+00 6.478109240155873749e+00 1.799999582869821779e+02
6.450000000000004619e+00 6.309700376096429864e+00 1.799999728593844566e+02
6.600000000000004974e+00 6.207443875217720120e+00 1.799999825481676226e+02
6.750000000000005329e+00 6.149430329529856465e+00 1.799999888559040926e+02
6.900000000000005684e+00 6.123230220134530555e+00 1.799999929073377416e+02
7.050000000000006040e+00 6.123230220562305703e+00 1.799999955132195737e+02
7.200000000000006395e+00 6.149430330894311680e+00 1.799999971737853457e+02
7.350000000000006750e+00 6.207443877824935896e+00 1.799999982256702538e+02
7.500000000000007105e+00 6.309700380470061987e+00 1.799999988957723076e+02
7.650000000000007461e+00 6.478109247265791737e+00 1.799999993196464345e+02
7.800000000000007816e+00 6.748755756365859781e+00 1.799999995861419109e+02
7.950000000000008171e+00 7.179637476823373277e+00 1.799999997539245271e+02
8.100000000000008527e+00 7.863104103168822689e+00 1.799999998578803400e+02
8.250000000000008882e+00 8.945681175282715003e+00 1.799999999208471309e+02
8.400000000000009237e+00 1.065956592815602022e+01 1.799999999579902408e+02
8.550000000000009592e+00 1.337267881699297689e+01 1.799999999788241780e+02
8.700000000000009948e+00 1.766831651014239313e+01 1.799999999898456053e+02
8.850000000000010303e+00 2.447319865013050588e+01 1.799999999953604686e+02
9.000000000000010658e+00 3.526268557920309377e+01 1.799999999979561380e+02
9.150000000000011013e+00 5.242333509801834168e+01 1.799999999991168806e+02
9.300000000000011369e+00 7.977236626105307948e+01 1.799999999996163922e+02
9.450000000000011724e+00 1.245021632834896508e+02 1.799999999998237570e+02
9.600000000000012079e+00 1.955691849089189134e+02 1.799999999999042188e+02
9.750000000000012434e+00 3.464636857808134209e+02 1.799999999999355111e+02
9.900000000000012790e+00 4.958970292757726384e+02 1.799999999999432134e+02
1.005000000000001315e+01 7.999984313962949045e+02 1.799999999999443503e+02
1.020000000000001350e+01 7.999984313962949045e+02 1.799999999999443503e+02
1.035000000000001386e+01 7.999984313962949045e+02 1.799999999999443503e+02
1.050000000000001421e+01 7.999984313962949045e+02 1.799999999999443503e+02
1.065000000000001457e+01 7.999984313962949045e+02 1.799999999999443503e+02
1.080000000000001492e+01 7.999984313962949045e+02 1.799999999999443503e+02
1.095000000000001528e+01 7.999984313962949045e+02 1.799999999999443503e+02
1.110000000000001563e+01 7.999984313962949045e+02 1.799999999999443503e+02
1.125000000000001599e+01 7.999984313962949045e+02 1.799999999999443503e+02
1.140000000000001634e+01 7.999984313962949045e+02 1.799999999999443503e+02
1.155000000000001670e+01 7.999984313962949045e+02 1.799999999999443503e+02
1.170000000000001705e+01 7.999984313962949045e+02 1.799999999999443503e+02
1.185000000000001741e+01 7.999984313962949045e+02 1.799999999999443503e+02
1.200000000000001776e+01 7.999984313962949045e+02 1.799999999999443503e+02
1.215000000000001812e+01 7.999984313962949045e+02 1.799999999999443503e+02
1.230000000000001847e+01 7.999984313962949045e+02 1.799999999999443503e+02
1.245000000000001883e+01 7.999984313962949045e+02 1.799999999999443503e+02
1.260000000000001918e+01 7.999984313962949045e+02 1.799999999999443503e+02
1.275000000000001954e+01 7.999984313962949045e+02 1.799999999999443503e+02
1.290000000000001990e+01 7.999984313962949045e+02 1.799999999999443503e+02
1.305000000000002025e+01 7.999948013477619497e+02 1.799999999999445208e+02
1.320000000000002061e+01 7.999948013477619497e+02 1.799999999999445208e+02
1.335000000000002096e+01 7.999948013477619497e+02 1.799999999999445208e+02
1.350000000000002132e+01 7.999948013477619497e+02 1.799999999999445208e+02
1.365000000000002167e+01 7.999948013477619497e+02 1.799999999999445208e+02
1.380000000000002203e+01 7.999948013477619497e+02 1.799999999999445208e+02
1.395000000000002238e+01 7.999948013477619497e+02 1.799999999999445208e+02
1.410000000000002274e+01 7.999948013477619497e+02 1.799999999999445208e+02
1.425000000000002309e+01 7.999948013477619497e+02 1.799999999999445208e+02
1.440000000000002345e+01 7.999948013477619497e+02 1.799999999999445208e+02
1.455000000000002380e+01 7.999948013477619497e+02 1.799999999999445208e+02
1.470000000000002416e+01 7.999948013477619497e+02 1.799999999999445208e+02
1.485000000000002451e+01 7.999948013477619497e+02 1.799999999999445208e+02
1.500000000000002487e+01 7.999948013477619497e+02 1.799999999999445208e+02
1.515000000000002522e+01 7.999948013477619497e+02 1.799999999999445208e+02
1.530000000000002558e+01 7.999948013477619497e+02 1.799999999999445208e+02
1.545000000000002593e+01 7.999948013477619497e+02 1.799999999999445208e+02
1.560000000000002629e+01 7.999948013477619497e+02 1.799999999999445208e+02
1.575000000000002665e+01 7.999948013477619497e+02 1.799999999999445208e+02
1.590000000000002700e+01 7.999948013477619497e+02 1.799999999999445208e+02
