1.499999999999999944e-01 7.999999990945264017e+02 1.799997247555724584e+02
2.999999999999999889e-01 7.999999990945264017e+02 1.799997247555724584e+02
4.499999999999999556e-01 7.999999990945264017e+02 1.799997247555724584e+02
5.999999999999999778e-01 7.999999990945264017e+02 1.799997247555724584e+02
7.500000000000000000e-01 7.999999990945264017e+02 1.799997247555724584e+02
9.000000000000000222e-01 7.999999990945264017e+02 1.799997247555724584e+02
1.050000000000000044e+00 7.999999990945264017e+02 1.799997247555724584e+02
1.199999999999999956e+00 7.999999990945264017e+02 1.799997247555724584e+02
1.349999999999999867e+00 7.999999990945264017e+02 1.799997247555724584e+02
1.499999999999999778e+00 7.999999990945264017e+02 1.799997247555724584e+02
1.649999999999999689e+00 7.999999990945264017e+02 1.799997247555724584e+02
1.799999999999999600e+00 7.999999990945264017e+02 1.799997247555724584e+02
1.949999999999999512e+00 7.999999990945264017e+02 1.799997247555724584e+02
2.099999999999999645e+00 7.999999999071071670e+02 1.799997253555439158e+02
2.249999999999999556e+00 7.999999999071071670e+02 1.799997253555439158e+02
2.399999999999999467e+00 7.999999999071071670e+02 1.799997253555439158e+02
2.549999999999999378e+00 7.999999999071071670e+02 1.799997253555439158e+02
2.699999999999999289e+00 7.999999999071071670e+02 1.799997253555439158e+02
2.849999999999999201e+00 7.999999999071071670e+02 1.799997253555439158e+02
2.999999999999999112e+00 7.999999999071071670e+02 1.799997253555439158e+02
3.149999999999999023e+00 7.999999999071071670e+02 1.799997253555439158e+02
3.299999999999998934e+00 7.999999999071071670e+02 1.799997253555439158e+02
3.449999999999998845e+00 7.999999999071071670e+02 1.799997253555439158e+02
3.599999999999998757e+00 7.999999999071071670e+02 1.799997253555439158e+02
3.749999999999998668e+00 7.999999999071071670e+02 1.799997253555439158e+02
3.899999999999998579e+00 7.999999999071071670e+02 1.799997253555439158e+02
4.049999999999998934e+00 5.173016691184950560e+02 1.799997264479163164e+02
4.199999999999999289e+00 4.843648899248369162e+02 1.799997303368444079e+02
4.349999999999999645e+00 4.452586439881029037e+02 1.799997393328813473e+02
4.500000000000000000e+00 4.393846285047220022e+02 1.799997483830501892e+02
4.650000000000000355e+00 4.374838142110994568e+02 1.799997566494327259e+02
4.800000000000000711e+00 4.370511515125580786e+02 1.799997656092762384e+02
4.950000000000001066e+00 4.369369371301493175e+02 1.799997743444340017e+02
5.100000000000001421e+00 4.369087456435918853e+02 1.799997820597612304e+02
5.250000000000001776e+00 4.369015718328995490e+02 1.799997903690030512e+02
5.400000000000002132e+00 4.368997713295353833e+02 1.799997984604410135e+02
5.550000000000002487e+00 4.368993165991833507e+02 1.799998056389434282e+02
5.700000000000002842e+00 4.368992020783899761e+02 1.799998133465159071e+02
5.850000000000003197e+00 4.368991732000568504e+02 1.799998208591351840e+02
6.000000000000003553e+00 4.368991659221343298e+02 1.799998275605027231e+02
6.150000000000003908e+00 4.368991640874679661e+02 1.799998347315356568e+02
6.300000000000004263e+00 4.368991636250289048e+02 1.799998417289846486e+02
6.450000000000004619e+00 4.368991635084638006e+02 1.799998480099938831e+02
6.600000000000004974e+00 4.368991634790891680e+02 1.799998547052847186e+02
6.750000000000005329e+00 4.368991634717129386e+02 1.799998612468827446e+02
6.900000000000005684e+00 4.368991634699651172e+02 1.799998671607330039e+02
7.050000000000006040e+00 4.368991634699653446e+02 1.799998734370211650e+02
7.200000000000006395e+00 4.368991634717136776e+02 1.799998795781952481e+02
7.350000000000006750e+00 4.368991634790902481e+02 1.799998851749451205e+02
7.500000000000007105e+00 4.368991635084652785e+02 1.799998910853898337e+02
7.650000000000007461e+00 4.368991636250308375e+02 1.799998968781438862e+02
7.800000000000007816e+00 4.368991640874702966e+02 1.799999022051336794e+02
7.950000000000008171e+00 4.368991659221368877e+02 1.799999077997626387e+02
8.100000000000008527e+00 4.368991732000600337e+02 1.799999132931172880e+02
8.250000000000008882e+00 4.368992020783936141e+02 1.799999183953698321e+02
8.400000000000009237e+00 4.368993165991874434e+02 1.799999237215020571e+02
8.550000000000009592e+00 4.368997713295398739e+02 1.799999289619000820e+02
8.700000000000009948e+00 4.369015718329044944e+02 1.799999338824598851e+02
8.850000000000010303e+00 4.369087456435972285e+02 1.799999389849602949e+02
9.000000000000010658e+00 4.369369371301552292e+02 1.799999440160086408e+02
9.150000000000011013e+00 4.370511515125650703e+02 1.799999487942620249e+02
9.300000000000011369e+00 4.374838142111084380e+02 1.799999537048167895e+02
9.450000000000011724e+00 4.393846285047383162e+02 1.799999585417845651e+02
9.600000000000012079e+00 4.452586439881369529e+02 1.799999630174905008e+02
9.750000000000012434e+00 4.843648899250382556e+02 1.799999674430166294e+02
9.900000000000012790e+00 5.173016691186193157e+02 1.799999697566877046e+02
1.005000000000001315e+01 7.999999999123584757e+02 1.799999702520570963e+02
1.020000000000001350e+01 7.999999999123584757e+02 1.799999702520570963e+02
1.035000000000001386e+01 7.999999999123584757e+02 1.799999702520570963e+02
1.050000000000001421e+01 7.999999999123584757e+02 1.799999702520570963e+02
1.065000000000001457e+01 7.999999999123584757e+02 1.799999702520570963e+02
1.080000000000001492e+01 7.999999999123584757e+02 1.799999702520570963e+02
1.095000000000001528e+01 7.999999999123584757e+02 1.799999702520570963e+02
1.110000000000001563e+01 7.999999999123584757e+02 1.799999702520570963e+02
1.125000000000001599e+01 7.999999999123584757e+02 1.799999702520570963e+02
1.140000000000001634e+01 7.999999999123584757e+02 1.799999702520570963e+02
1.155000000000001670e+01 7.999999999123584757e+02 1.799999702520570963e+02
1.170000000000001705e+01 7.999999999123584757e+02 1.799999702520570963e+02
1.185000000000001741e+01 7.999999999123584757e+02 1.799999702520570963e+02
1.200000000000001776e+01 7.999999999123584757e+02 1.799999702520570963e+02
1.215000000000001812e+01 7.999999999123584757e+02 1.799999702520570963e+02
1.230000000000001847e+01 7.999999999123584757e+02 1.799999702520570963e+02
1.245000000000001883e+01 7.999999999123584757e+02 1.799999702520570963e+02
1.260000000000001918e+01 7.999999999123584757e+02 1.799999702520570963e+02
1.275000000000001954e+01 7.999999999123584757e+02 1.799999702520570963e+02
1.290000000000001990e+01 7.999999999123584757e+02 1.799999702520570963e+02
1.305000000000002025e+01 7.999999991457134456e+02 1.799999704152667448e+02
1.320000000000002061e+01 7.999999991457134456e+02 1.799999704152667448e+02
1.335000000000002096e+01 7.999999991457134456e+02 1.799999704152667448e+02
1.350000000000002132e+01 7.999999991457134456e+02 1.799999704152667448e+02
1.365000000000002167e+01 7.999999991457134456e+02 1.799999704152667448e+02
1.380000000000002203e+01 7.999999991457134456e+02 1.799999704152667448e+02
1.395000000000002238e+01 7.999999991457134456e+02 1.799999704152667448e+02
1.410000000000002274e+01 7.999999991457134456e+02 1.799999704152667448e+02
1.425000000000002309e+01 7.999999991457134456e+02 1.799999704152667448e+02
1.440000000000002345e+01 7.999999991457134456e+02 1.799999704152667448e+02
1.455000000000002380e+01 7.999999991457134456e+02 1.799999704152667448e+02
1.470000000000002416e+01 7.999999991457134456e+02 1.799999704152667448e+02
1.485000000000002451e+01 7.999999991457134456e+02 1.799999704152667448e+02
1.500000000000002487e+01 7.999999991457134456e+02 1.799999704152667448e+02
1.515000000000002522e+01 7.999999991457134456e+02 1.799999704152667448e+02
1.530000000000002558e+01 7.999999991457134456e+02 1.799999704152667448e+02
1.545000000000002593e+01 7.999999991457134456e+02 1.799999704152667448e+02
1.560000000000002629e+01 7.999999991457134456e+02 1.799999704152667448e+02
1.575000000000002665e+01 7.999999991457134456e+02 1.799999704152667448e+02
1.590000000000002700e+01 7.999999991457134456e+02 1.799999704152667448e+02
