1.499999999999999944e-01 7.999264969446250007e+02 1.806477190058330962e-11
2.999999999999999889e-01 7.999264969446250007e+02 1.806477190058330962e-11
4.499999999999999556e-01 7.999264969446250007e+02 1.806477190058330962e-11
5.999999999999999778e-01 7.999264969446250007e+02 1.806477190058330962e-11
7.500000000000000000e-01 7.999264969446250007e+02 1.806477190058330962e-11
9.000000000000000222e-01 7.999264969446250007e+02 1.806477190058330962e-11
1.050000000000000044e+00 7.999264969446250007e+02 1.806477190058330962e-11
1.199999999999999956e+00 7.999264969446250007e+02 1.806477190058330962e-11
1.349999999999999867e+00 7.999264969446250007e+02 1.806477190058330962e-11
1.499999999999999778e+00 7.999264969446250007e+02 1.806477190058330962e-11
1.649999999999999689e+00 7.999264969446250007e+02 1.806477190058330962e-11
1.799999999999999600e+00 7.999264969446250007e+02 1.806477190058330962e-11
1.949999999999999512e+00 7.999264969446250007e+02 1.806477190058330962e-11
2.099999999999999645e+00 7.999686774126653290e+02 1.805211535810258283e-11
2.249999999999999556e+00 7.999686774126653290e+02 1.805211535810258283e-11
2.399999999999999467e+00 7.999686774126653290e+02 1.805211535810258283e-11
2.549999999999999378e+00 7.999686774126653290e+02 1.805211535810258283e-11
2.699999999999999289e+00 7.999686774126653290e+02 1.805211535810258283e-11
2.849999999999999201e+00 7.999686774126653290e+02 1.805211535810258283e-11
2.999999999999999112e+00 7.999686774126653290e+02 1.805211535810258283e-11
3.149999999999999023e+00 7.999686774126653290e+02 1.805211535810258283e-11
3.299999999999998934e+00 7.999686774126653290e+02 1.805211535810258283e-11
3.449999999999998845e+00 7.999686774126653290e+02 1.805211535810258283e-11
3.599999999999998757e+00 7.999686774126653290e+02 1.805211535810258283e-11
3.749999999999998668e+00 7.999686774126653290e+02 1.805211535810258283e-11
3.899999999999998579e+00 7.999686774126653290e+02 1.805211535810258283e-11
4.049999999999998934e+00 4.672337832830477851e+02 1.810074312658116469e-11
4.199999999999999289e+00 2.606562125399196361e+02 1.800803950402496412e-11
4.349999999999999645e+00 1.043527353838709502e+02 1.799149718095804928e-11
4.500000000000000000e+00 4.683905525494380839e+01 1.817213046706456225e-11
4.650000000000000355e+00 2.023603916202450748e+01 1.795785742331190704e-11
4.800000000000000711e+00 8.758201118217165515e+00 1.841193864038359607e-11
4.950000000000001066e+00 3.695875779044470733e+00 1.922240144835996034e-11
5.100000000000001421e+00 1.478197949202495920e+00 2.215616579093193650e-11
5.250000000000001776e+00 5.045816400562443960e-01 3.334532650001165166e-11
5.400000000000002132e+00 7.742919567863282282e-02 1.690974027468428176e-10
5.550000000000002487e+00 1.100145507075467322e-01 1.799999999998300098e+02
5.700000000000002842e+00 1.922633852577746438e-01 1.799999999998038049e+02
5.850000000000003197e+00 2.283543328483119694e-01 1.799999999996332747e+02
6.000000000000003553e+00 2.441911047203575436e-01 1.799999999992219841e+02
6.150000000000003908e+00 2.511405534521600202e-01 1.799999999982797476e+02
6.300000000000004263e+00 2.541906145713710430e-01 1.799999999961324306e+02
6.450000000000004619e+00 2.555304612101281236e-01 1.799999999912306521e+02
6.600000000000004974e+00 2.561217637644404022e-01 1.799999999800866703e+02
6.750000000000005329e+00 2.563889268687944423e-01 1.799999999547229663e+02
6.900000000000005684e+00 2.565237071944466152e-01 1.799999998968476689e+02
7.050000000000006040e+00 2.566228429345756012e-01 1.799999997653090134e+02
7.200000000000006395e+00 2.567574868442079605e-01 1.799999994661071128e+02
7.350000000000006750e+00 2.570242805868474534e-01 1.799999987842804785e+02
7.500000000000007105e+00 2.576147142560785142e-01 1.799999972392801624e+02
7.650000000000007461e+00 2.589525698817851662e-01 1.799999937488742603e+02
7.800000000000007816e+00 2.619980886779558205e-01 1.799999859165011742e+02
7.950000000000008171e+00 2.689371833630502806e-01 1.799999687720621750e+02
8.100000000000008527e+00 2.847503583318484743e-01 1.799999328702209311e+02
8.250000000000008882e+00 3.207875320490529703e-01 1.799998641709689196e+02
8.400000000000009237e+00 4.029138324435734830e-01 1.799997538599498057e+02
8.550000000000009592e+00 5.900783980758887992e-01 1.799996174628074073e+02
8.700000000000009948e+00 1.016594978325940701e+00 1.799994938783933094e+02
8.850000000000010303e+00 1.988763997980186105e+00 1.799994111020651815e+02
9.000000000000010658e+00 4.203153830317816642e+00 1.799993659480114445e+02
9.150000000000011013e+00 9.258032724894128762e+00 1.799993433005028294e+02
9.300000000000011369e+00 2.071918751845745277e+01 1.799993337818898738e+02
9.450000000000011724e+00 4.728530914285373399e+01 1.799993299627646763e+02
9.600000000000012079e+00 1.047227048028814664e+02 1.799993277576303399e+02
9.750000000000012434e+00 2.608740057815884370e+02 1.799993277674161902e+02
9.900000000000012790e+00 4.672694468793318947e+02 1.799993280498699733e+02
1.005000000000001315e+01 7.999684510687293368e+02 1.799993278975454132e+02
1.020000000000001350e+01 7.999684510687293368e+02 1.799993278975454132e+02
1.035000000000001386e+01 7.999684510687293368e+02 1.799993278975454132e+02
1.050000000000001421e+01 7.999684510687293368e+02 1.799993278975454132e+02
1.065000000000001457e+01 7.999684510687293368e+02 1.799993278975454132e+02
1.080000000000001492e+01 7.999684510687293368e+02 1.799993278975454132e+02
1.095000000000001528e+01 7.999684510687293368e+02 1.799993278975454132e+02
1.110000000000001563e+01 7.999684510687293368e+02 1.799993278975454132e+02
1.125000000000001599e+01 7.999684510687293368e+02 1.799993278975454132e+02
1.140000000000001634e+01 7.999684510687293368e+02 1.799993278975454132e+02
1.155000000000001670e+01 7.999684510687293368e+02 1.799993278975454132e+02
1.170000000000001705e+01 7.999684510687293368e+02 1.799993278975454132e+02
1.185000000000001741e+01 7.999684510687293368e+02 1.799993278975454132e+02
1.200000000000001776e+01 7.999684510687293368e+02 1.799993278975454132e+02
1.215000000000001812e+01 7.999684510687293368e+02 1.799993278975454132e+02
1.230000000000001847e+01 7.999684510687293368e+02 1.799993278975454132e+02
1.245000000000001883e+01 7.999684510687293368e+02 1.799993278975454132e+02
1.260000000000001918e+01 7.999684510687293368e+02 1.799993278975454132e+02
1.275000000000001954e+01 7.999684510687293368e+02 1.799993278975454132e+02
1.290000000000001990e+01 7.999684510687293368e+02 1.799993278975454132e+02
1.305000000000002025e+01 7.999259546067112296e+02 1.799993284616532492e+02
1.320000000000002061e+01 7.999259546067112296e+02 1.799993284616532492e+02
1.335000000000002096e+01 7.999259546067112296e+02 1.799993284616532492e+02
1.350000000000002132e+01 7.999259546067112296e+02 1.799993284616532492e+02
1.365000000000002167e+01 7.999259546067112296e+02 1.799993284616532492e+02
1.380000000000002203e+01 7.999259546067112296e+02 1.799993284616532492e+02
1.395000000000002238e+01 7.999259546067112296e+02 1.799993284616532492e+02
1.410000000000002274e+01 7.999259546067112296e+02 1.799993284616532492e+02
1.425000000000002309e+01 7.999259546067112296e+02 1.799993284616532492e+02
1.440000000000002345e+01 7.999259546067112296e+02 1.799993284616532492e+02
1.455000000000002380e+01 7.999259546067112296e+02 1.799993284616532492e+02
1.470000000000002416e+01 7.999259546067112296e+02 1.799993284616532492e+02
1.485000000000002451e+01 7.999259546067112296e+02 1.799993284616532492e+02
1.500000000000002487e+01 7.999259546067112296e+02 1.799993284616532492e+02
1.515000000000002522e+01 7.999259546067112296e+02 1.799993284616532492e+02
1.530000000000002558e+01 7.999259546067112296e+02 1.799993284616532492e+02
1.545000000000002593e+01 7.999259546067112296e+02 1.799993284616532492e+02
1.560000000000002629e+01 7.999259546067112296e+02 1.799993284616532492e+02
1.575000000000002665e+01 7.999259546067112296e+02 1.799993284616532492e+02
1.590000000000002700e+01 7.999259546067112296e+02 1.799993284616532492e+02
