1.499999999999999944e-01 7.999997788621603831e+02 1.799996900758359004e+02
2.999999999999999889e-01 7.999997788621603831e+02 1.799996900758359004e+02
4.499999999999999556e-01 7.999997788621603831e+02 1.799996900758359004e+02
5.999999999999999778e-01 7.999997788621603831e+02 1.799996900758359004e+02
7.500000000000000000e-01 7.999997788621603831e+02 1.799996900758359004e+02
9.000000000000000222e-01 7.999997788621603831e+02 1.799996900758359004e+02
1.050000000000000044e+00 7.999997788621603831e+02 1.799996900758359004e+02
1.199999999999999956e+00 7.999997788621603831e+02 1.799996900758359004e+02
1.349999999999999867e+00 7.999997788621603831e+02 1.799996900758359004e+02
1.499999999999999778e+00 7.999997788621603831e+02 1.799996900758359004e+02
1.649999999999999689e+00 7.999997788621603831e+02 1.799996900758359004e+02
1.799999999999999600e+00 7.999997788621603831e+02 1.799996900758359004e+02
1.949999999999999512e+00 7.999997788621603831e+02 1.799996900758359004e+02
2.099999999999999645e+00 7.999999558539218469e+02 1.799996906387910940e+02
2.249999999999999556e+00 7.999999558539218469e+02 1.799996906387910940e+02
2.399999999999999467e+00 7.999999558539218469e+02 1.799996906387910940e+02
2.549999999999999378e+00 7.999999558539218469e+02 1.799996906387910940e+02
2.699999999999999289e+00 7.999999558539218469e+02 1.799996906387910940e+02
2.849999999999999201e+00 7.999999558539218469e+02 1.799996906387910940e+02
2.999999999999999112e+00 7.999999558539218469e+02 1.799996906387910940e+02
3.149999999999999023e+00 7.999999558539218469e+02 1.799996906387910940e+02
3.299999999999998934e+00 7.999999558539218469e+02 1.799996906387910940e+02
3.449999999999998845e+00 7.999999558539218469e+02 1.799996906387910940e+02
3.599999999999998757e+00 7.999999558539218469e+02 1.799996906387910940e+02
3.749999999999998668e+00 7.999999558539218469e+02 1.799996906387910940e+02
3.899999999999998579e+00 7.999999558539218469e+02 1.799996906387910940e+02
4.049999999999998934e+00 5.103696446717825665e+02 1.799996915649457208e+02
4.199999999999999289e+00 4.265284047522406468e+02 1.799996950394751138e+02
4.349999999999999645e+00 3.362580863530934607e+02 1.799997052075234762e+02
4.500000000000000000e+00 3.061807860456677304e+02 1.799997177034931894e+02
4.650000000000000355e+00 2.906997600509070594e+02 1.799997309158212886e+02
4.800000000000000711e+00 2.833434799071858379e+02 1.799997453373984797e+02
4.950000000000001066e+00 2.796661598841368459e+02 1.799997595593407880e+02
5.100000000000001421e+00 2.778288880774884433e+02 1.799997725690342349e+02
5.250000000000001776e+00 2.769043081831715654e+02 1.799997857588777777e+02
5.400000000000002132e+00 2.764383353932759064e+02 1.799997983196790301e+02
5.550000000000002487e+00 2.762031739528284788e+02 1.799998096438929167e+02
5.700000000000002842e+00 2.760844350404926217e+02 1.799998210112126173e+02
5.850000000000003197e+00 2.760244629314453846e+02 1.799998318003578675e+02
6.000000000000003553e+00 2.759941693905445845e+02 1.799998415334852098e+02
6.150000000000003908e+00 2.759788684941497081e+02 1.799998512907888824e+02
6.300000000000004263e+00 2.759711445605922222e+02 1.799998605612463507e+02
6.450000000000004619e+00 2.759672546250209280e+02 1.799998689537611938e+02
6.600000000000004974e+00 2.759653137788898789e+02 1.799998773652147293e+02
6.750000000000005329e+00 2.759643815966522880e+02 1.799998853736558999e+02
6.900000000000005684e+00 2.759640064024151229e+02 1.799998926603638552e+02
7.050000000000006040e+00 2.759640064024167145e+02 1.799998999627395335e+02
7.200000000000006395e+00 2.759643815966571196e+02 1.799999069351908361e+02
7.350000000000006750e+00 2.759653137788985191e+02 1.799999133219542671e+02
7.500000000000007105e+00 2.759672546250341725e+02 1.799999197216676521e+02
7.650000000000007461e+00 2.759711445606114353e+02 1.799999258551667936e+02
7.800000000000007816e+00 2.759788684941778456e+02 1.799999315222555083e+02
7.950000000000008171e+00 2.759941693905874445e+02 1.799999371996148341e+02
8.100000000000008527e+00 2.760244629315152451e+02 1.799999426662576809e+02
8.250000000000008882e+00 2.760844350406105150e+02 1.799999477712301541e+02
8.400000000000009237e+00 2.762031739530392542e+02 1.799999528816416898e+02
8.550000000000009592e+00 2.764383353936657386e+02 1.799999578261204078e+02
8.700000000000009948e+00 2.769043081839128035e+02 1.799999624941420677e+02
8.850000000000010303e+00 2.778288880789246491e+02 1.799999671453962264e+02
9.000000000000010658e+00 2.796661598869534373e+02 1.799999716368153884e+02
9.150000000000011013e+00 2.833434799127983297e+02 1.799999758640975926e+02
9.300000000000011369e+00 2.906997600621247670e+02 1.799999799281150388e+02
9.450000000000011724e+00 3.061807860696889065e+02 1.799999836256921526e+02
9.600000000000012079e+00 3.362580863992411082e+02 1.799999866419699970e+02
9.750000000000012434e+00 4.265284049092493888e+02 1.799999889580763863e+02
9.900000000000012790e+00 5.103696447839069492e+02 1.799999899009115154e+02
1.005000000000001315e+01 7.999999576981718974e+02 1.799999900813714646e+02
1.020000000000001350e+01 7.999999576981718974e+02 1.799999900813714646e+02
1.035000000000001386e+01 7.999999576981718974e+02 1.799999900813714646e+02
1.050000000000001421e+01 7.999999576981718974e+02 1.799999900813714646e+02
1.065000000000001457e+01 7.999999576981718974e+02 1.799999900813714646e+02
1.080000000000001492e+01 7.999999576981718974e+02 1.799999900813714646e+02
1.095000000000001528e+01 7.999999576981718974e+02 1.799999900813714646e+02
1.110000000000001563e+01 7.999999576981718974e+02 1.799999900813714646e+02
1.125000000000001599e+01 7.999999576981718974e+02 1.799999900813714646e+02
1.140000000000001634e+01 7.999999576981718974e+02 1.799999900813714646e+02
1.155000000000001670e+01 7.999999576981718974e+02 1.799999900813714646e+02
1.170000000000001705e+01 7.999999576981718974e+02 1.799999900813714646e+02
1.185000000000001741e+01 7.999999576981718974e+02 1.799999900813714646e+02
1.200000000000001776e+01 7.999999576981718974e+02 1.799999900813714646e+02
1.215000000000001812e+01 7.999999576981718974e+02 1.799999900813714646e+02
1.230000000000001847e+01 7.999999576981718974e+02 1.799999900813714646e+02
1.245000000000001883e+01 7.999999576981718974e+02 1.799999900813714646e+02
1.260000000000001918e+01 7.999999576981718974e+02 1.799999900813714646e+02
1.275000000000001954e+01 7.999999576981718974e+02 1.799999900813714646e+02
1.290000000000001990e+01 7.999999576981718974e+02 1.799999900813714646e+02
1.305000000000002025e+01 7.999997881004321698e+02 1.799999901354538849e+02
1.320000000000002061e+01 7.999997881004321698e+02 1.799999901354538849e+02
1.335000000000002096e+01 7.999997881004321698e+02 1.799999901354538849e+02
1.350000000000002132e+01 7.999997881004321698e+02 1.799999901354538849e+02
1.365000000000002167e+01 7.999997881004321698e+02 1.799999901354538849e+02
1.380000000000002203e+01 7.999997881004321698e+02 1.799999901354538849e+02
1.395000000000002238e+01 7.999997881004321698e+02 1.799999901354538849e+02
1.410000000000002274e+01 7.999997881004321698e+02 1.799999901354538849e+02
1.425000000000002309e+01 7.999997881004321698e+02 1.799999901354538849e+02
1.440000000000002345e+01 7.999997881004321698e+02 1.799999901354538849e+02
1.455000000000002380e+01 7.999997881004321698e+02 1.799999901354538849e+02
1.470000000000002416e+01 7.999997881004321698e+02 1.799999901354538849e+02
1.485000000000002451e+01 7.999997881004321698e+02 1.799999901354538849e+02
1.500000000000002487e+01 7.999997881004321698e+02 1.799999901354538849e+02
1.515000000000002522e+01 7.999997881004321698e+02 1.799999901354538849e+02
1.530000000000002558e+01 7.999997881004321698e+02 1.799999901354538849e+02
1.545000000000002593e+01 7.999997881004321698e+02 1.799999901354538849e+02
1.560000000000002629e+01 7.999997881004321698e+02 1.799999901354538849e+02
1.575000000000002665e+01 7.999997881004321698e+02 1.799999901354538849e+02
1.590000000000002700e+01 7.999997881004321698e+02 1.799999901354538849e+02
