1.499999999999999944e-01 7.999052931141272893e+02 3.631632380163285490e-05
2.999999999999999889e-01 7.999052931141272893e+02 3.631632380163285490e-05
4.499999999999999556e-01 7.999052931141272893e+02 3.631632380163285490e-05
5.999999999999999778e-01 7.999052931141272893e+02 3.631632380163285490e-05
7.500000000000000000e-01 7.999052931141272893e+02 3.631632380163285490e-05
9.000000000000000222e-01 7.999052931141272893e+02 3.631632380163285490e-05
1.050000000000000044e+00 7.999052931141272893e+02 3.631632380163285490e-05
1.199999999999999956e+00 7.999052931141272893e+02 3.631632380163285490e-05
1.349999999999999867e+00 7.999052931141272893e+02 3.631632380163285490e-05
1.499999999999999778e+00 7.999052931141272893e+02 3.631632380163285490e-05
1.649999999999999689e+00 7.999052931141272893e+02 3.631632380163285490e-05
1.799999999999999600e+00 7.999052931141272893e+02 3.631632380163285490e-05
1.949999999999999512e+00 7.999052931141272893e+02 3.631632380163285490e-05
2.099999999999999645e+00 7.999583010626612349e+02 3.628223769569505208e-05
2.249999999999999556e+00 7.999583010626612349e+02 3.628223769569505208e-05
2.399999999999999467e+00 7.999583010626612349e+02 3.628223769569505208e-05
2.549999999999999378e+00 7.999583010626612349e+02 3.628223769569505208e-05
2.699999999999999289e+00 7.999583010626612349e+02 3.628223769569505208e-05
2.849999999999999201e+00 7.999583010626612349e+02 3.628223769569505208e-05
2.999999999999999112e+00 7.999583010626612349e+02 3.628223769569505208e-05
3.149999999999999023e+00 7.999583010626612349e+02 3.628223769569505208e-05
3.299999999999998934e+00 7.999583010626612349e+02 3.628223769569505208e-05
3.449999999999998845e+00 7.999583010626612349e+02 3.628223769569505208e-05
3.599999999999998757e+00 7.999583010626612349e+02 3.628223769569505208e-05
3.749999999999998668e+00 7.999583010626612349e+02 3.628223769569505208e-05
3.899999999999998579e+00 7.999583010626612349e+02 3.628223769569505208e-05
4.049999999999998934e+00 4.631486329850800416e+02 3.630983289215627963e-05
4.199999999999999289e+00 2.520376152050802432e+02 3.644094042232204345e-05
4.349999999999999645e+00 9.752265341971978785e+01 3.657203462981151176e-05
4.500000000000000000e+00 4.231303715345541150e+01 3.684200171538698498e-05
4.650000000000000355e+00 1.751971360695326041e+01 3.759942786141223792e-05
4.800000000000000711e+00 7.161520066345616442e+00 3.922676361889365637e-05
4.950000000000001066e+00 2.733215295351811847e+00 4.367051863096715891e-05
5.100000000000001421e+00 8.538738484431291909e-01 5.961475435833918368e-05
5.250000000000001776e+00 5.439318176559027052e-02 3.979533549832714456e-04
5.400000000000002132e+00 2.854488162597590417e-01 1.799999677498545623e+02
5.550000000000002487e+00 4.299439862236340559e-01 1.799999908714485457e+02
5.700000000000002842e+00 4.913760181868838117e-01 1.799999966031909651e+02
5.850000000000003197e+00 5.174944971571449059e-01 1.799999986283324063e+02
6.000000000000003553e+00 5.285989988359460767e-01 1.799999994274856192e+02
6.150000000000003908e+00 5.333202983372302697e-01 1.799999997586793086e+02
6.300000000000004263e+00 5.353279101844918841e-01 1.799999998977569931e+02
6.450000000000004619e+00 5.361822054779850077e-01 1.799999999564784900e+02
6.600000000000004974e+00 5.365471657697753471e-01 1.799999999815030662e+02
6.750000000000005329e+00 5.367064481708894164e-01 1.799999999921334961e+02
6.900000000000005684e+00 5.367838509863531726e-01 1.799999999966406108e+02
7.050000000000006040e+00 5.368395338579148302e-01 1.799999999985575698e+02
7.200000000000006395e+00 5.369167752988914799e-01 1.799999999993540598e+02
7.350000000000006750e+00 5.370756093916497775e-01 1.799999999996477982e+02
7.500000000000007105e+00 5.374394859667290802e-01 1.799999999996699671e+02
7.650000000000007461e+00 5.382912203326668532e-01 1.799999999994378186e+02
7.800000000000007816e+00 5.402928030284783745e-01 1.799999999987715000e+02
7.950000000000008171e+00 5.449999195119517026e-01 1.799999999971811349e+02
8.100000000000008527e+00 5.560710611015338145e-01 1.799999999935362780e+02
8.250000000000008882e+00 5.821110766689798766e-01 1.799999999854754833e+02
8.400000000000009237e+00 6.433585720974406286e-01 1.799999999691799530e+02
8.550000000000009592e+00 7.874197743806234939e-01 1.799999999409397446e+02
8.700000000000009948e+00 1.126241500915341476e+00 1.799999999028273976e+02
8.850000000000010303e+00 1.923324662195767587e+00 1.799999998665312830e+02
9.000000000000010658e+00 3.797041198495051617e+00 1.799999998414820936e+02
9.150000000000011013e+00 8.212181072138164950e+00 1.799999998273574136e+02
9.300000000000011369e+00 1.853986133792683688e+01 1.799999998211353329e+02
9.450000000000011724e+00 4.326319771980107021e+01 1.799999998186206369e+02
9.600000000000012079e+00 9.832223552941647426e+01 1.799999998172102664e+02
9.750000000000012434e+00 2.525229966392363679e+02 1.799999998172078222e+02
9.900000000000012790e+00 4.632336306690103811e+02 1.799999998173815072e+02
1.005000000000001315e+01 7.999584058323639510e+02 1.799999998172863229e+02
1.020000000000001350e+01 7.999584058323639510e+02 1.799999998172863229e+02
1.035000000000001386e+01 7.999584058323639510e+02 1.799999998172863229e+02
1.050000000000001421e+01 7.999584058323639510e+02 1.799999998172863229e+02
1.065000000000001457e+01 7.999584058323639510e+02 1.799999998172863229e+02
1.080000000000001492e+01 7.999584058323639510e+02 1.799999998172863229e+02
1.095000000000001528e+01 7.999584058323639510e+02 1.799999998172863229e+02
1.110000000000001563e+01 7.999584058323639510e+02 1.799999998172863229e+02
1.125000000000001599e+01 7.999584058323639510e+02 1.799999998172863229e+02
1.140000000000001634e+01 7.999584058323639510e+02 1.799999998172863229e+02
1.155000000000001670e+01 7.999584058323639510e+02 1.799999998172863229e+02
1.170000000000001705e+01 7.999584058323639510e+02 1.799999998172863229e+02
1.185000000000001741e+01 7.999584058323639510e+02 1.799999998172863229e+02
1.200000000000001776e+01 7.999584058323639510e+02 1.799999998172863229e+02
1.215000000000001812e+01 7.999584058323639510e+02 1.799999998172863229e+02
1.230000000000001847e+01 7.999584058323639510e+02 1.799999998172863229e+02
1.245000000000001883e+01 7.999584058323639510e+02 1.799999998172863229e+02
1.260000000000001918e+01 7.999584058323639510e+02 1.799999998172863229e+02
1.275000000000001954e+01 7.999584058323639510e+02 1.799999998172863229e+02
1.290000000000001990e+01 7.999584058323639510e+02 1.799999998172863229e+02
1.305000000000002025e+01 7.999054993219529024e+02 1.799999998176357678e+02
1.320000000000002061e+01 7.999054993219529024e+02 1.799999998176357678e+02
1.335000000000002096e+01 7.999054993219529024e+02 1.799999998176357678e+02
1.350000000000002132e+01 7.999054993219529024e+02 1.799999998176357678e+02
1.365000000000002167e+01 7.999054993219529024e+02 1.799999998176357678e+02
1.380000000000002203e+01 7.999054993219529024e+02 1.799999998176357678e+02
1.395000000000002238e+01 7.999054993219529024e+02 1.799999998176357678e+02
1.410000000000002274e+01 7.999054993219529024e+02 1.799999998176357678e+02
1.425000000000002309e+01 7.999054993219529024e+02 1.799999998176357678e+02
1.440000000000002345e+01 7.999054993219529024e+02 1.799999998176357678e+02
1.455000000000002380e+01 7.999054993219529024e+02 1.799999998176357678e+02
1.470000000000002416e+01 7.999054993219529024e+02 1.799999998176357678e+02
1.485000000000002451e+01 7.999054993219529024e+02 1.799999998176357678e+02
1.500000000000002487e+01 7.999054993219529024e+02 1.799999998176357678e+02
1.515000000000002522e+01 7.999054993219529024e+02 1.799999998176357678e+02
1.530000000000002558e+01 7.999054993219529024e+02 1.799999998176357678e+02
1.545000000000002593e+01 7.999054993219529024e+02 1.799999998176357678e+02
1.560000000000002629e+01 7.999054993219529024e+02 1.799999998176357678e+02
1.575000000000002665e+01 7.999054993219529024e+02 1.799999998176357678e+02
1.590000000000002700e+01 7.999054993219529024e+02 1.799999998176357678e+02
