1.499999999999999944e-01 7.999999488038580466e+02 1.799991737176202662e+02
2.999999999999999889e-01 7.999999488038580466e+02 1.799991737176202662e+02
4.499999999999999556e-01 7.999999488038580466e+02 1.799991737176202662e+02
5.999999999999999778e-01 7.999999488038580466e+02 1.799991737176202662e+02
7.500000000000000000e-01 7.999999488038580466e+02 1.799991737176202662e+02
9.000000000000000222e-01 7.999999488038580466e+02 1.799991737176202662e+02
1.050000000000000044e+00 7.999999488038580466e+02 1.799991737176202662e+02
1.199999999999999956e+00 7.999999488038580466e+02 1.799991737176202662e+02
1.349999999999999867e+00 7.999999488038580466e+02 1.799991737176202662e+02
1.499999999999999778e+00 7.999999488038580466e+02 1.799991737176202662e+02
1.649999999999999689e+00 7.999999488038580466e+02 1.799991737176202662e+02
1.799999999999999600e+00 7.999999488038580466e+02 1.799991737176202662e+02
1.949999999999999512e+00 7.999999488038580466e+02 1.799991737176202662e+02
2.099999999999999645e+00 7.999999914903694389e+02 1.799991746766214646e+02
2.249999999999999556e+00 7.999999914903694389e+02 1.799991746766214646e+02
2.399999999999999467e+00 7.999999914903694389e+02 1.799991746766214646e+02
2.549999999999999378e+00 7.999999914903694389e+02 1.799991746766214646e+02
2.699999999999999289e+00 7.999999914903694389e+02 1.799991746766214646e+02
2.849999999999999201e+00 7.999999914903694389e+02 1.799991746766214646e+02
2.999999999999999112e+00 7.999999914903694389e+02 1.799991746766214646e+02
3.149999999999999023e+00 7.999999914903694389e+02 1.799991746766214646e+02
3.299999999999998934e+00 7.999999914903694389e+02 1.799991746766214646e+02
3.449999999999998845e+00 7.999999914903694389e+02 1.799991746766214646e+02
3.599999999999998757e+00 7.999999914903694389e+02 1.799991746766214646e+02
3.749999999999998668e+00 7.999999914903694389e+02 1.799991746766214646e+02
3.899999999999998579e+00 7.999999914903694389e+02 1.799991746766214646e+02
4.049999999999998934e+00 5.134565077249083060e+02 1.799991777371437536e+02
4.199999999999999289e+00 4.488930932296452170e+02 1.799991902045525194e+02
4.349999999999999645e+00 3.782960538736317631e+02 1.799992184039194285e+02
4.500000000000000000e+00 3.596355478122714544e+02 1.799992499508535104e+02
4.650000000000000355e+00 3.514652787477763241e+02 1.799992825109802084e+02
4.800000000000000711e+00 3.483797836154317906e+02 1.799993155808547556e+02
4.950000000000001066e+00 3.471394647470157224e+02 1.799993477352141440e+02
5.100000000000001421e+00 3.466484717039336942e+02 1.799993779806207783e+02
5.250000000000001776e+00 3.464526268147531027e+02 1.799994078136777205e+02
5.400000000000002132e+00 3.463746350711172113e+02 1.799994364637186948e+02
5.550000000000002487e+00 3.463435474786856503e+02 1.799994633250311438e+02
5.700000000000002842e+00 3.463311579298379002e+02 1.799994897753757073e+02
5.850000000000003197e+00 3.463262196727717424e+02 1.799995151848886508e+02
6.000000000000003553e+00 3.463242514026408116e+02 1.799995390477237436e+02
6.150000000000003908e+00 3.463234668951318440e+02 1.799995625547392422e+02
6.300000000000004263e+00 3.463231542310971349e+02 1.799995851674494816e+02
6.450000000000004619e+00 3.463230296753552580e+02 1.799996064565392544e+02
6.600000000000004974e+00 3.463229801971221491e+02 1.799996274419291353e+02
6.750000000000005329e+00 3.463229608963004580e+02 1.799996476647062025e+02
6.900000000000005684e+00 3.463229542579494478e+02 1.799996667635341794e+02
7.050000000000006040e+00 3.463229542579538816e+02 1.799996856054912655e+02
7.200000000000006395e+00 3.463229608963138162e+02 1.799997038028386953e+02
7.350000000000006750e+00 3.463229801971441475e+02 1.799997210556493599e+02
7.500000000000007105e+00 3.463230296753862376e+02 1.799997380937890057e+02
7.650000000000007461e+00 3.463231542311373801e+02 1.799997545936825531e+02
7.800000000000007816e+00 3.463234668951817525e+02 1.799997703113825480e+02
7.950000000000008171e+00 3.463242514027012930e+02 1.799997858526905929e+02
8.100000000000008527e+00 3.463262196728427966e+02 1.799998009522857387e+02
8.250000000000008882e+00 3.463311579299209484e+02 1.799998154176302592e+02
8.400000000000009237e+00 3.463435474787823409e+02 1.799998297410065220e+02
8.550000000000009592e+00 3.463746350712314666e+02 1.799998437095858321e+02
8.700000000000009948e+00 3.464526268148935628e+02 1.799998571763520090e+02
8.850000000000010303e+00 3.466484717041205386e+02 1.799998705231560905e+02
9.000000000000010658e+00 3.471394647472992574e+02 1.799998835711017193e+02
9.150000000000011013e+00 3.483797836159417329e+02 1.799998961819557621e+02
9.300000000000011369e+00 3.514652787488217314e+02 1.799999085394798897e+02
9.450000000000011724e+00 3.596355478148120142e+02 1.799999203314143301e+02
9.600000000000012079e+00 3.782960538790928808e+02 1.799999307660136765e+02
9.750000000000012434e+00 4.488930932522648050e+02 1.799999396145326216e+02
9.900000000000012790e+00 5.134565077405546845e+02 1.799999435958066556e+02
1.005000000000001315e+01 7.999999918245714525e+02 1.799999444099597383e+02
1.020000000000001350e+01 7.999999918245714525e+02 1.799999444099597383e+02
1.035000000000001386e+01 7.999999918245714525e+02 1.799999444099597383e+02
1.050000000000001421e+01 7.999999918245714525e+02 1.799999444099597383e+02
1.065000000000001457e+01 7.999999918245714525e+02 1.799999444099597383e+02
1.080000000000001492e+01 7.999999918245714525e+02 1.799999444099597383e+02
1.095000000000001528e+01 7.999999918245714525e+02 1.799999444099597383e+02
1.110000000000001563e+01 7.999999918245714525e+02 1.799999444099597383e+02
1.125000000000001599e+01 7.999999918245714525e+02 1.799999444099597383e+02
1.140000000000001634e+01 7.999999918245714525e+02 1.799999444099597383e+02
1.155000000000001670e+01 7.999999918245714525e+02 1.799999444099597383e+02
1.170000000000001705e+01 7.999999918245714525e+02 1.799999444099597383e+02
1.185000000000001741e+01 7.999999918245714525e+02 1.799999444099597383e+02
1.200000000000001776e+01 7.999999918245714525e+02 1.799999444099597383e+02
1.215000000000001812e+01 7.999999918245714525e+02 1.799999444099597383e+02
1.230000000000001847e+01 7.999999918245714525e+02 1.799999444099597383e+02
1.245000000000001883e+01 7.999999918245714525e+02 1.799999444099597383e+02
1.260000000000001918e+01 7.999999918245714525e+02 1.799999444099597383e+02
1.275000000000001954e+01 7.999999918245714525e+02 1.799999444099597383e+02
1.290000000000001990e+01 7.999999918245714525e+02 1.799999444099597383e+02
1.305000000000002025e+01 7.999999508145035634e+02 1.799999446090810693e+02
1.320000000000002061e+01 7.999999508145035634e+02 1.799999446090810693e+02
1.335000000000002096e+01 7.999999508145035634e+02 1.799999446090810693e+02
1.350000000000002132e+01 7.999999508145035634e+02 1.799999446090810693e+02
1.365000000000002167e+01 7.999999508145035634e+02 1.799999446090810693e+02
1.380000000000002203e+01 7.999999508145035634e+02 1.799999446090810693e+02
1.395000000000002238e+01 7.999999508145035634e+02 1.799999446090810693e+02
1.410000000000002274e+01 7.999999508145035634e+02 1.799999446090810693e+02
1.425000000000002309e+01 7.999999508145035634e+02 1.799999446090810693e+02
1.440000000000002345e+01 7.999999508145035634e+02 1.799999446090810693e+02
1.455000000000002380e+01 7.999999508145035634e+02 1.799999446090810693e+02
1.470000000000002416e+01 7.999999508145035634e+02 1.799999446090810693e+02
1.485000000000002451e+01 7.999999508145035634e+02 1.799999446090810693e+02
1.500000000000002487e+01 7.999999508145035634e+02 1.799999446090810693e+02
1.515000000000002522e+01 7.999999508145035634e+02 1.799999446090810693e+02
1.530000000000002558e+01 7.999999508145035634e+02 1.799999446090810693e+02
1.545000000000002593e+01 7.999999508145035634e+02 1.799999446090810693e+02
1.560000000000002629e+01 7.999999508145035634e+02 1.799999446090810693e+02
1.575000000000002665e+01 7.999999508145035634e+02 1.799999446090810693e+02
1.590000000000002700e+01 7.999999508145035634e+02 1.799999446090810693e+02
