1.499999999999999944e-01 7.999965700578040924e+02 6.806683312643446726e-05
2.999999999999999889e-01 7.999965700578040924e+02 6.806683312643446726e-05
4.499999999999999556e-01 7.999965700578040924e+02 6.806683312643446726e-05
5.999999999999999778e-01 7.999965700578040924e+02 6.806683312643446726e-05
7.500000000000000000e-01 7.999965700578040924e+02 6.806683312643446726e-05
9.000000000000000222e-01 7.999965700578040924e+02 6.806683312643446726e-05
1.050000000000000044e+00 7.999965700578040924e+02 6.806683312643446726e-05
1.199999999999999956e+00 7.999965700578040924e+02 6.806683312643446726e-05
1.349999999999999867e+00 7.999965700578040924e+02 6.806683312643446726e-05
1.499999999999999778e+00 7.999965700578040924e+02 6.806683312643446726e-05
1.649999999999999689e+00 7.999965700578040924e+02 6.806683312643446726e-05
1.799999999999999600e+00 7.999965700578040924e+02 6.806683312643446726e-05
1.949999999999999512e+00 7.999965700578040924e+02 6.806683312643446726e-05
2.099999999999999645e+00 7.999990219667023439e+02 6.822335404055301922e-05
2.249999999999999556e+00 7.999990219667023439e+02 6.822335404055301922e-05
2.399999999999999467e+00 7.999990219667023439e+02 6.822335404055301922e-05
2.549999999999999378e+00 7.999990219667023439e+02 6.822335404055301922e-05
2.699999999999999289e+00 7.999990219667023439e+02 6.822335404055301922e-05
2.849999999999999201e+00 7.999990219667023439e+02 6.822335404055301922e-05
2.999999999999999112e+00 7.999990219667023439e+02 6.822335404055301922e-05
3.149999999999999023e+00 7.999990219667023439e+02 6.822335404055301922e-05
3.299999999999998934e+00 7.999990219667023439e+02 6.822335404055301922e-05
3.449999999999998845e+00 7.999990219667023439e+02 6.822335404055301922e-05
3.599999999999998757e+00 7.999990219667023439e+02 6.822335404055301922e-05
3.749999999999998668e+00 7.999990219667023439e+02 6.822335404055301922e-05
3.899999999999998579e+00 7.999990219667023439e+02 6.822335404055301922e-05
4.049999999999998934e+00 4.987425727795294961e+02 6.907844121373241109e-05
4.199999999999999289e+00 3.585997429304084676e+02 7.402634866848778472e-05
4.349999999999999645e+00 2.121768611703565171e+02 9.234504099753237938e-05
4.500000000000000000e+00 1.414387029905673501e+02 1.357273282838189488e-04
4.650000000000000355e+00 9.464903054749895261e+01 2.363432967996681455e-04
4.800000000000000711e+00 6.416364726325720369e+01 4.577049101646135654e-04
4.950000000000001066e+00 4.364423913987958059e+01 9.391293893941110582e-04
5.100000000000001421e+00 2.974570876791322860e+01 1.977919652130455397e-03
5.250000000000001776e+00 2.028503451023738791e+01 4.212899815874693310e-03
5.400000000000002132e+00 1.383290240835538043e+01 9.016973605809663894e-03
5.550000000000002487e+00 9.427814302644875966e+00 1.934717988945056089e-02
5.700000000000002842e+00 6.418241248936176646e+00 4.158606299935974082e-02
5.850000000000003197e+00 4.360515309951722429e+00 8.959137391606308842e-02
6.000000000000003553e+00 2.951772170690517783e+00 1.937385747092958965e-01
6.150000000000003908e+00 1.984829968428016400e+00 4.217526227829421215e-01
6.300000000000004263e+00 1.317571362201817919e+00 9.300382404659338631e-01
6.450000000000004619e+00 8.520860482954617510e-01 2.105566952863543229e+00
6.600000000000004974e+00 5.206520251882693628e-01 5.049464994896140091e+00
6.750000000000005329e+00 2.780422060557157238e-01 1.396044063995029383e+01
6.900000000000005684e+00 1.197416116874592262e-01 5.508613099865011264e+01
7.050000000000006040e+00 1.839793758899759268e-01 1.286244738617889425e+02
7.200000000000006395e+00 3.723967502561436049e-01 1.455987670920374910e+02
7.350000000000006750e+00 6.190588873839715234e-01 1.501640590938686159e+02
7.500000000000007105e+00 9.514424797772562670e-01 1.517160245253137134e+02
7.650000000000007461e+00 1.417058766589178731e+00 1.522447196154950291e+02
7.800000000000007816e+00 2.084078013473089186e+00 1.523851661121408085e+02
7.950000000000008171e+00 3.050506922323762637e+00 1.523838911300856580e+02
8.100000000000008527e+00 4.458440338278833792e+00 1.523376240531000576e+02
8.250000000000008882e+00 6.514969711310726552e+00 1.522834447217777267e+02
8.400000000000009237e+00 9.522808719167002778e+00 1.522379121262867443e+02
8.550000000000009592e+00 1.392540789314455907e+01 1.522026387678369588e+02
8.700000000000009948e+00 2.037400148508428188e+01 1.521753760604346439e+02
8.850000000000010303e+00 2.982970997825512427e+01 1.521574063849989216e+02
9.000000000000010658e+00 4.372140242898296947e+01 1.521453007578378163e+02
9.150000000000011013e+00 6.423164982771335474e+01 1.521359224301129416e+02
9.300000000000011369e+00 9.470524926252046782e+01 1.521311732510527293e+02
9.450000000000011724e+00 1.414805793674701420e+02 1.521285977964890321e+02
9.600000000000012079e+00 2.122029282785719602e+02 1.521260001484798181e+02
9.750000000000012434e+00 3.586095024568079452e+02 1.521261198740699854e+02
9.900000000000012790e+00 4.987433145983894747e+02 1.521265896498631207e+02
1.005000000000001315e+01 7.999990028960938844e+02 1.521263685858811527e+02
1.020000000000001350e+01 7.999990028960938844e+02 1.521263685858811527e+02
1.035000000000001386e+01 7.999990028960938844e+02 1.521263685858811527e+02
1.050000000000001421e+01 7.999990028960938844e+02 1.521263685858811527e+02
1.065000000000001457e+01 7.999990028960938844e+02 1.521263685858811527e+02
1.080000000000001492e+01 7.999990028960938844e+02 1.521263685858811527e+02
1.095000000000001528e+01 7.999990028960938844e+02 1.521263685858811527e+02
1.110000000000001563e+01 7.999990028960938844e+02 1.521263685858811527e+02
1.125000000000001599e+01 7.999990028960938844e+02 1.521263685858811527e+02
1.140000000000001634e+01 7.999990028960938844e+02 1.521263685858811527e+02
1.155000000000001670e+01 7.999990028960938844e+02 1.521263685858811527e+02
1.170000000000001705e+01 7.999990028960938844e+02 1.521263685858811527e+02
1.185000000000001741e+01 7.999990028960938844e+02 1.521263685858811527e+02
1.200000000000001776e+01 7.999990028960938844e+02 1.521263685858811527e+02
1.215000000000001812e+01 7.999990028960938844e+02 1.521263685858811527e+02
1.230000000000001847e+01 7.999990028960938844e+02 1.521263685858811527e+02
1.245000000000001883e+01 7.999990028960938844e+02 1.521263685858811527e+02
1.260000000000001918e+01 7.999990028960938844e+02 1.521263685858811527e+02
1.275000000000001954e+01 7.999990028960938844e+02 1.521263685858811527e+02
1.290000000000001990e+01 7.999990028960938844e+02 1.521263685858811527e+02
1.305000000000002025e+01 7.999965031524516235e+02 1.521272632203618116e+02
1.320000000000002061e+01 7.999965031524516235e+02 1.521272632203618116e+02
1.335000000000002096e+01 7.999965031524516235e+02 1.521272632203618116e+02
1.350000000000002132e+01 7.999965031524516235e+02 1.521272632203618116e+02
1.365000000000002167e+01 7.999965031524516235e+02 1.521272632203618116e+02
1.380000000000002203e+01 7.999965031524516235e+02 1.521272632203618116e+02
1.395000000000002238e+01 7.999965031524516235e+02 1.521272632203618116e+02
1.410000000000002274e+01 7.999965031524516235e+02 1.521272632203618116e+02
1.425000000000002309e+01 7.999965031524516235e+02 1.521272632203618116e+02
1.440000000000002345e+01 7.999965031524516235e+02 1.521272632203618116e+02
1.455000000000002380e+01 7.999965031524516235e+02 1.521272632203618116e+02
1.470000000000002416e+01 7.999965031524516235e+02 1.521272632203618116e+02
1.485000000000002451e+01 7.999965031524516235e+02 1.521272632203618116e+02
1.500000000000002487e+01 7.999965031524516235e+02 1.521272632203618116e+02
1.515000000000002522e+01 7.999965031524516235e+02 1.521272632203618116e+02
1.530000000000002558e+01 7.999965031524516235e+02 1.521272632203618116e+02
1.545000000000002593e+01 7.999965031524516235e+02 1.521272632203618116e+02
1.560000000000002629e+01 7.999965031524516235e+02 1.521272632203618116e+02
1.575000000000002665e+01 7.999965031524516235e+02 1.521272632203618116e+02
1.590000000000002700e+01 7.999965031524516235e+02 1.521272632203618116e+02
