1.499999999999999944e-01 7.999995794600207546e+02 2.719389574559733092e+01
2.999999999999999889e-01 7.999995794600207546e+02 2.719389574559733092e+01
4.499999999999999556e-01 7.999995794600207546e+02 2.719389574559733092e+01
5.999999999999999778e-01 7.999995794600207546e+02 2.719389574559733092e+01
7.500000000000000000e-01 7.999995794600207546e+02 2.719389574559733092e+01
9.000000000000000222e-01 7.999995794600207546e+02 2.719389574559733092e+01
1.050000000000000044e+00 7.999995794600207546e+02 2.719389574559733092e+01
1.199999999999999956e+00 7.999995794600207546e+02 2.719389574559733092e+01
1.349999999999999867e+00 7.999995794600207546e+02 2.719389574559733092e+01
1.499999999999999778e+00 7.999995794600207546e+02 2.719389574559733092e+01
1.649999999999999689e+00 7.999995794600207546e+02 2.719389574559733092e+01
1.799999999999999600e+00 7.999995794600207546e+02 2.719389574559733092e+01
1.949999999999999512e+00 7.999995794600207546e+02 2.719389574559733092e+01
2.099999999999999645e+00 7.999999088392420390e+02 2.722770667290891922e+01
2.249999999999999556e+00 7.999999088392420390e+02 2.722770667290891922e+01
2.399999999999999467e+00 7.999999088392420390e+02 2.722770667290891922e+01
2.549999999999999378e+00 7.999999088392420390e+02 2.722770667290891922e+01
2.699999999999999289e+00 7.999999088392420390e+02 2.722770667290891922e+01
2.849999999999999201e+00 7.999999088392420390e+02 2.722770667290891922e+01
2.999999999999999112e+00 7.999999088392420390e+02 2.722770667290891922e+01
3.149999999999999023e+00 7.999999088392420390e+02 2.722770667290891922e+01
3.299999999999998934e+00 7.999999088392420390e+02 2.722770667290891922e+01
3.449999999999998845e+00 7.999999088392420390e+02 2.722770667290891922e+01
3.599999999999998757e+00 7.999999088392420390e+02 2.722770667290891922e+01
3.749999999999998668e+00 7.999999088392420390e+02 2.722770667290891922e+01
3.899999999999998579e+00 7.999999088392420390e+02 2.722770667290891922e+01
4.049999999999998934e+00 5.084451432648763785e+02 2.740905103106211982e+01
4.199999999999999289e+00 4.131615738330614818e+02 2.829741009447455369e+01
4.349999999999999645e+00 3.098669546592752226e+02 3.060225391557287722e+01
4.500000000000000000e+00 2.702330545575409246e+02 3.386944192709511015e+01
4.650000000000000355e+00 2.472440036074347915e+02 3.804473571119435604e+01
4.800000000000000711e+00 2.343935977873624950e+02 4.279785990287262365e+01
4.950000000000001066e+00 2.268584035285692551e+02 4.792151220420821289e+01
5.100000000000001421e+00 2.224514398927692582e+02 5.324220814755223330e+01
5.250000000000001776e+00 2.199189060783461116e+02 5.864149501192074609e+01
5.400000000000002132e+00 2.185355393946334175e+02 6.403845740098222450e+01
5.550000000000002487e+00 2.178621442553119039e+02 6.937997380359944088e+01
5.700000000000002842e+00 2.176274537767071422e+02 7.463185532367099029e+01
5.850000000000003197e+00 2.176614764248894289e+02 7.977270587376041533e+01
6.000000000000003553e+00 2.178568203693802730e+02 8.478967572793101226e+01
6.150000000000003908e+00 2.181453445320318849e+02 8.967563596045081908e+01
6.300000000000004263e+00 2.184837599233936203e+02 9.442732498224061999e+01
6.450000000000004619e+00 2.188446259844212989e+02 9.904412731410847925e+01
6.600000000000004974e+00 2.192106801972555559e+02 1.035272687118846449e+02
6.750000000000005329e+00 2.195712641767675279e+02 1.078792855247970408e+02
6.900000000000005684e+00 2.199200900877955007e+02 1.121036572357896688e+02
7.050000000000006040e+00 2.202538856958480551e+02 1.162045475043951797e+02
7.200000000000006395e+00 2.205716488244221125e+02 1.201866187397030643e+02
7.350000000000006750e+00 2.208743748412022114e+02 1.240548798367519083e+02
7.500000000000007105e+00 2.211652281962247741e+02 1.278145534725283170e+02
7.650000000000007461e+00 2.214502387078280776e+02 1.314709495252666045e+02
7.800000000000007816e+00 2.217397388521081609e+02 1.350293130011736480e+02
7.950000000000008171e+00 2.220509592303942554e+02 1.384946253186344620e+02
8.100000000000008527e+00 2.224125258301246788e+02 1.418713221267798588e+02
8.250000000000008882e+00 2.228721525241443544e+02 1.451628536874012241e+02
8.400000000000009237e+00 2.235097800266534875e+02 1.483709907574843214e+02
8.550000000000009592e+00 2.244601469894872992e+02 1.514947192802533777e+02
8.700000000000009948e+00 2.259519593553968093e+02 1.545284654345643105e+02
8.850000000000010303e+00 2.283776168509692468e+02 1.574593402055127456e+02
9.000000000000010658e+00 2.324185766193103291e+02 1.602628320790849443e+02
9.150000000000011013e+00 2.393015171251059030e+02 1.628975510141479504e+02
9.300000000000011369e+00 2.512217694690030783e+02 1.652954068337193121e+02
9.450000000000011724e+00 2.730703373339950986e+02 1.673697210225570302e+02
9.600000000000012079e+00 3.115077221389526017e+02 1.689715642582307851e+02
9.750000000000012434e+00 4.136744252356027687e+02 1.700814937096793358e+02
9.900000000000012790e+00 5.084716471146482490e+02 1.704998645661389105e+02
1.005000000000001315e+01 7.999999093006514386e+02 1.705803501465740339e+02
1.020000000000001350e+01 7.999999093006514386e+02 1.705803501465740339e+02
1.035000000000001386e+01 7.999999093006514386e+02 1.705803501465740339e+02
1.050000000000001421e+01 7.999999093006514386e+02 1.705803501465740339e+02
1.065000000000001457e+01 7.999999093006514386e+02 1.705803501465740339e+02
1.080000000000001492e+01 7.999999093006514386e+02 1.705803501465740339e+02
1.095000000000001528e+01 7.999999093006514386e+02 1.705803501465740339e+02
1.110000000000001563e+01 7.999999093006514386e+02 1.705803501465740339e+02
1.125000000000001599e+01 7.999999093006514386e+02 1.705803501465740339e+02
1.140000000000001634e+01 7.999999093006514386e+02 1.705803501465740339e+02
1.155000000000001670e+01 7.999999093006514386e+02 1.705803501465740339e+02
1.170000000000001705e+01 7.999999093006514386e+02 1.705803501465740339e+02
1.185000000000001741e+01 7.999999093006514386e+02 1.705803501465740339e+02
1.200000000000001776e+01 7.999999093006514386e+02 1.705803501465740339e+02
1.215000000000001812e+01 7.999999093006514386e+02 1.705803501465740339e+02
1.230000000000001847e+01 7.999999093006514386e+02 1.705803501465740339e+02
1.245000000000001883e+01 7.999999093006514386e+02 1.705803501465740339e+02
1.260000000000001918e+01 7.999999093006514386e+02 1.705803501465740339e+02
1.275000000000001954e+01 7.999999093006514386e+02 1.705803501465740339e+02
1.290000000000001990e+01 7.999999093006514386e+02 1.705803501465740339e+02
1.305000000000002025e+01 7.999995813975956480e+02 1.705957963914617892e+02
1.320000000000002061e+01 7.999995813975956480e+02 1.705957963914617892e+02
1.335000000000002096e+01 7.999995813975956480e+02 1.705957963914617892e+02
1.350000000000002132e+01 7.999995813975956480e+02 1.705957963914617892e+02
1.365000000000002167e+01 7.999995813975956480e+02 1.705957963914617892e+02
1.380000000000002203e+01 7.999995813975956480e+02 1.705957963914617892e+02
1.395000000000002238e+01 7.999995813975956480e+02 1.705957963914617892e+02
1.410000000000002274e+01 7.999995813975956480e+02 1.705957963914617892e+02
1.425000000000002309e+01 7.999995813975956480e+02 1.705957963914617892e+02
1.440000000000002345e+01 7.999995813975956480e+02 1.705957963914617892e+02
1.455000000000002380e+01 7.999995813975956480e+02 1.705957963914617892e+02
1.470000000000002416e+01 7.999995813975956480e+02 1.705957963914617892e+02
1.485000000000002451e+01 7.999995813975956480e+02 1.705957963914617892e+02
1.500000000000002487e+01 7.999995813975956480e+02 1.705957963914617892e+02
1.515000000000002522e+01 7.999995813975956480e+02 1.705957963914617892e+02
1.530000000000002558e+01 7.999995813975956480e+02 1.705957963914617892e+02
1.545000000000002593e+01 7.999995813975956480e+02 1.705957963914617892e+02
1.560000000000002629e+01 7.999995813975956480e+02 1.705957963914617892e+02
1.575000000000002665e+01 7.999995813975956480e+02 1.705957963914617892e+02
1.590000000000002700e+01 7.999995813975956480e+02 1.705957963914617892e+02
