1.499999999999999944e-01 7.999883091398680790e+02 8.029219558558509107e-06
2.999999999999999889e-01 7.999883091398680790e+02 8.029219558558509107e-06
4.499999999999999556e-01 7.999883091398680790e+02 8.029219558558509107e-06
5.999999999999999778e-01 7.999883091398680790e+02 8.029219558558509107e-06
7.500000000000000000e-01 7.999883091398680790e+02 8.029219558558509107e-06
9.000000000000000222e-01 7.999883091398680790e+02 8.029219558558509107e-06
1.050000000000000044e+00 7.999883091398680790e+02 8.029219558558509107e-06
1.199999999999999956e+00 7.999883091398680790e+02 8.029219558558509107e-06
1.349999999999999867e+00 7.999883091398680790e+02 8.029219558558509107e-06
1.499999999999999778e+00 7.999883091398680790e+02 8.029219558558509107e-06
1.649999999999999689e+00 7.999883091398680790e+02 8.029219558558509107e-06
1.799999999999999600e+00 7.999883091398680790e+02 8.029219558558509107e-06
1.949999999999999512e+00 7.999883091398680790e+02 8.029219558558509107e-06
2.099999999999999645e+00 7.999960861939425740e+02 8.020360163119022445e-06
2.249999999999999556e+00 7.999960861939425740e+02 8.020360163119022445e-06
2.399999999999999467e+00 7.999960861939425740e+02 8.020360163119022445e-06
2.549999999999999378e+00 7.999960861939425740e+02 8.020360163119022445e-06
2.699999999999999289e+00 7.999960861939425740e+02 8.020360163119022445e-06
2.849999999999999201e+00 7.999960861939425740e+02 8.020360163119022445e-06
2.999999999999999112e+00 7.999960861939425740e+02 8.020360163119022445e-06
3.149999999999999023e+00 7.999960861939425740e+02 8.020360163119022445e-06
3.299999999999998934e+00 7.999960861939425740e+02 8.020360163119022445e-06
3.449999999999998845e+00 7.999960861939425740e+02 8.020360163119022445e-06
3.599999999999998757e+00 7.999960861939425740e+02 8.020360163119022445e-06
3.749999999999998668e+00 7.999960861939425740e+02 8.020360163119022445e-06
3.899999999999998579e+00 7.999960861939425740e+02 8.020360163119022445e-06
4.049999999999998934e+00 4.894684784524303609e+02 8.027568894730663374e-06
4.199999999999999289e+00 3.211133128159834200e+02 8.062154772447982509e-06
4.349999999999999645e+00 1.623921006793207766e+02 8.088468133826687279e-06
4.500000000000000000e+00 9.137123927558113223e+01 8.128543707353053094e-06
4.650000000000000355e+00 5.040309985623062516e+01 8.224455766425720071e-06
4.800000000000000711e+00 2.785020786160210093e+01 8.348902968080551545e-06
4.950000000000001066e+00 1.519526023095306755e+01 8.575811314193160229e-06
5.100000000000001421e+00 8.113633544566582145e+00 9.033787493617495556e-06
5.250000000000001776e+00 4.145271413101852431e+00 9.915395373205626584e-06
5.400000000000002132e+00 1.921871435346957924e+00 1.199412341124084236e-05
5.550000000000002487e+00 6.760177468086681074e-01 1.918605648476567893e-05
5.700000000000002842e+00 2.208010437971097417e-02 1.799996702224795229e+02
5.850000000000003197e+00 4.132688748941291124e-01 1.799999900837140956e+02
6.000000000000003553e+00 6.325070908635552769e-01 1.799999963137378245e+02
6.150000000000003908e+00 7.554320174876352212e-01 1.799999982066299538e+02
6.300000000000004263e+00 8.244529254707231303e-01 1.799999989763863368e+02
6.450000000000004619e+00 8.633822096733183571e-01 1.799999992761831891e+02
6.600000000000004974e+00 8.856505998157331305e-01 1.799999993021760645e+02
6.750000000000005329e+00 8.989407716792356950e-01 1.799999990845007574e+02
6.900000000000005684e+00 9.078378858845894683e-01 1.799999985538395890e+02
7.050000000000006040e+00 9.154114829266859488e-01 1.799999975421490888e+02
7.200000000000006395e+00 9.242744848370989530e-01 1.799999957191299984e+02
7.350000000000006750e+00 9.374846649604364757e-01 1.799999924971995711e+02
7.500000000000007105e+00 9.595995934824372853e-01 1.799999869661451442e+02
7.650000000000007461e+00 9.982490231705583028e-01 1.799999777019388603e+02
7.800000000000007816e+00 1.066767202689050009e+00 1.799999627662851651e+02
7.950000000000008171e+00 1.188793306048864906e+00 1.799999405166630595e+02
8.100000000000008527e+00 1.406427214840562101e+00 1.799999104858372618e+02
8.250000000000008882e+00 1.794754956082584840e+00 1.799998748138655174e+02
8.400000000000009237e+00 2.487755169558738544e+00 1.799998392070925490e+02
8.550000000000009592e+00 3.724538675757855799e+00 1.799998087866799210e+02
8.700000000000009948e+00 5.931838962526789771e+00 1.799997857306597950e+02
8.850000000000010303e+00 9.871744999538911713e+00 1.799997707565050007e+02
9.000000000000010658e+00 1.690345983169316213e+01 1.799997616322706051e+02
9.150000000000011013e+00 2.947201462743927536e+01 1.799997558478262079e+02
9.300000000000011369e+00 5.187908144185692549e+01 1.799997530851362058e+02
9.450000000000011724e+00 9.261039299919043799e+01 1.799997517707677730e+02
9.600000000000012079e+00 1.632808580690635551e+02 1.799997507022123102e+02
9.750000000000012434e+00 3.215187956625426864e+02 1.799997507512352684e+02
9.900000000000012790e+00 4.895099605751701120e+02 1.799997509308047938e+02
1.005000000000001315e+01 7.999960753066912957e+02 1.799997508437768374e+02
1.020000000000001350e+01 7.999960753066912957e+02 1.799997508437768374e+02
1.035000000000001386e+01 7.999960753066912957e+02 1.799997508437768374e+02
1.050000000000001421e+01 7.999960753066912957e+02 1.799997508437768374e+02
1.065000000000001457e+01 7.999960753066912957e+02 1.799997508437768374e+02
1.080000000000001492e+01 7.999960753066912957e+02 1.799997508437768374e+02
1.095000000000001528e+01 7.999960753066912957e+02 1.799997508437768374e+02
1.110000000000001563e+01 7.999960753066912957e+02 1.799997508437768374e+02
1.125000000000001599e+01 7.999960753066912957e+02 1.799997508437768374e+02
1.140000000000001634e+01 7.999960753066912957e+02 1.799997508437768374e+02
1.155000000000001670e+01 7.999960753066912957e+02 1.799997508437768374e+02
1.170000000000001705e+01 7.999960753066912957e+02 1.799997508437768374e+02
1.185000000000001741e+01 7.999960753066912957e+02 1.799997508437768374e+02
1.200000000000001776e+01 7.999960753066912957e+02 1.799997508437768374e+02
1.215000000000001812e+01 7.999960753066912957e+02 1.799997508437768374e+02
1.230000000000001847e+01 7.999960753066912957e+02 1.799997508437768374e+02
1.245000000000001883e+01 7.999960753066912957e+02 1.799997508437768374e+02
1.260000000000001918e+01 7.999960753066912957e+02 1.799997508437768374e+02
1.275000000000001954e+01 7.999960753066912957e+02 1.799997508437768374e+02
1.290000000000001990e+01 7.999960753066912957e+02 1.799997508437768374e+02
1.305000000000002025e+01 7.999882732274037380e+02 1.799997511850606315e+02
1.320000000000002061e+01 7.999882732274037380e+02 1.799997511850606315e+02
1.335000000000002096e+01 7.999882732274037380e+02 1.799997511850606315e+02
1.350000000000002132e+01 7.999882732274037380e+02 1.799997511850606315e+02
1.365000000000002167e+01 7.999882732274037380e+02 1.799997511850606315e+02
1.380000000000002203e+01 7.999882732274037380e+02 1.799997511850606315e+02
1.395000000000002238e+01 7.999882732274037380e+02 1.799997511850606315e+02
1.410000000000002274e+01 7.999882732274037380e+02 1.799997511850606315e+02
1.425000000000002309e+01 7.999882732274037380e+02 1.799997511850606315e+02
1.440000000000002345e+01 7.999882732274037380e+02 1.799997511850606315e+02
1.455000000000002380e+01 7.999882732274037380e+02 1.799997511850606315e+02
1.470000000000002416e+01 7.999882732274037380e+02 1.799997511850606315e+02
1.485000000000002451e+01 7.999882732274037380e+02 1.799997511850606315e+02
1.500000000000002487e+01 7.999882732274037380e+02 1.799997511850606315e+02
1.515000000000002522e+01 7.999882732274037380e+02 1.799997511850606315e+02
1.530000000000002558e+01 7.999882732274037380e+02 1.799997511850606315e+02
1.545000000000002593e+01 7.999882732274037380e+02 1.799997511850606315e+02
1.560000000000002629e+01 7.999882732274037380e+02 1.799997511850606315e+02
1.575000000000002665e+01 7.999882732274037380e+02 1.799997511850606315e+02
1.590000000000002700e+01 7.999882732274037380e+02 1.799997511850606315e+02
