1.499999999999999944e-01 7.995995101975304351e+02 5.516680923779941992e+01
2.999999999999999889e-01 7.995995101975304351e+02 5.516680923779941992e+01
4.499999999999999556e-01 7.995995101975304351e+02 5.516680923779941992e+01
5.999999999999999778e-01 7.995995101975304351e+02 5.516680923779941992e+01
7.500000000000000000e-01 7.995995101975304351e+02 5.516680923779941992e+01
9.000000000000000222e-01 7.995995101975304351e+02 5.516680923779941992e+01
1.050000000000000044e+00 7.995995101975304351e+02 5.516680923779941992e+01
1.199999999999999956e+00 7.995995101975304351e+02 5.516680923779941992e+01
1.349999999999999867e+00 7.995995101975304351e+02 5.516680923779941992e+01
1.499999999999999778e+00 7.995995101975304351e+02 5.516680923779941992e+01
1.649999999999999689e+00 7.995995101975304351e+02 5.516680923779941992e+01
1.799999999999999600e+00 7.995995101975304351e+02 5.516680923779941992e+01
1.949999999999999512e+00 7.995995101975304351e+02 5.516680923779941992e+01
2.099999999999999645e+00 7.997877431914099589e+02 5.516974651462704315e+01
2.249999999999999556e+00 7.997877431914099589e+02 5.516974651462704315e+01
2.399999999999999467e+00 7.997877431914099589e+02 5.516974651462704315e+01
2.549999999999999378e+00 7.997877431914099589e+02 5.516974651462704315e+01
2.699999999999999289e+00 7.997877431914099589e+02 5.516974651462704315e+01
2.849999999999999201e+00 7.997877431914099589e+02 5.516974651462704315e+01
2.999999999999999112e+00 7.997877431914099589e+02 5.516974651462704315e+01
3.149999999999999023e+00 7.997877431914099589e+02 5.516974651462704315e+01
3.299999999999998934e+00 7.997877431914099589e+02 5.516974651462704315e+01
3.449999999999998845e+00 7.997877431914099589e+02 5.516974651462704315e+01
3.599999999999998757e+00 7.997877431914099589e+02 5.516974651462704315e+01
3.749999999999998668e+00 7.997877431914099589e+02 5.516974651462704315e+01
3.899999999999998579e+00 7.997877431914099589e+02 5.516974651462704315e+01
4.049999999999998934e+00 4.331734520049845401e+02 5.520350706319480594e+01
4.199999999999999289e+00 2.027692524622896997e+02 5.529926621408731791e+01
4.349999999999999645e+00 6.475246156454421964e+01 5.565106156820820615e+01
4.500000000000000000e+00 2.357837056774940976e+01 5.656840868599664418e+01
4.650000000000000355e+00 8.000367026856089581e+00 5.937889273662150913e+01
4.800000000000000711e+00 2.642934156883143260e+00 6.809497606368074685e+01
4.950000000000001066e+00 8.756896682617139049e-01 9.775584662166862415e+01
5.100000000000001421e+00 5.942748877429266940e-01 1.488098937063811036e+02
5.250000000000001776e+00 6.559736677211276401e-01 1.704291239565521039e+02
5.400000000000002132e+00 6.969786647485989306e-01 1.768199419297047825e+02
5.550000000000002487e+00 7.134307114582725262e-01 1.788992807454913816e+02
5.700000000000002842e+00 7.194806125992272428e-01 1.796131270142390122e+02
5.850000000000003197e+00 7.216516542014232982e-01 1.798632798398225248e+02
6.000000000000003553e+00 7.224245014311350133e-01 1.799515881025731971e+02
6.150000000000003908e+00 7.226988643452614269e-01 1.799828460432833026e+02
6.300000000000004263e+00 7.227961732789935922e-01 1.799939202835822130e+02
6.450000000000004619e+00 7.228306857354596104e-01 1.799978450031196644e+02
6.600000000000004974e+00 7.228429569818786149e-01 1.799992361348707561e+02
6.750000000000005329e+00 7.228474114192522393e-01 1.799997292356993910e+02
6.900000000000005684e+00 7.228492847793859255e-01 1.799999040214082413e+02
7.050000000000006040e+00 7.228507796027656696e-01 1.799999659787023631e+02
7.200000000000006395e+00 7.228536531306986035e-01 1.799999879405766023e+02
7.350000000000006750e+00 7.228612836952947873e-01 1.799999957252958325e+02
7.500000000000007105e+00 7.228826415939124672e-01 1.799999984847975725e+02
7.650000000000007461e+00 7.229428353691673692e-01 1.799999994629535820e+02
7.800000000000007816e+00 7.231126286777112000e-01 1.799999998096759555e+02
7.950000000000008171e+00 7.235916314934911497e-01 1.799999999325806925e+02
8.100000000000008527e+00 7.249429558705173804e-01 1.799999999761464835e+02
8.250000000000008882e+00 7.287552500264382616e-01 1.799999999915888225e+02
8.400000000000009237e+00 7.395100227753914623e-01 1.799999999970617068e+02
8.550000000000009592e+00 7.698523575460285429e-01 1.799999999989992716e+02
8.700000000000009948e+00 8.554392045399481503e-01 1.799999999996803410e+02
8.850000000000010303e+00 1.096990864018948741e+00 1.799999999999106706e+02
9.000000000000010658e+00 1.777674192291271993e+00 1.799999999999785132e+02
9.150000000000011013e+00 3.703882208606898985e+00 1.799999999999938041e+02
9.300000000000011369e+00 9.092612652397896511e+00 1.799999999999962199e+02
9.450000000000011724e+00 2.464567419228350786e+01 1.799999999999966462e+02
9.600000000000012079e+00 6.571899524919869862e+01 1.799999999999966178e+02
9.750000000000012434e+00 2.034573964557371255e+02 1.799999999999965894e+02
9.900000000000012790e+00 4.333510557780868453e+02 1.799999999999965894e+02
1.005000000000001315e+01 7.997915910355915230e+02 1.799999999999965894e+02
1.020000000000001350e+01 7.997915910355915230e+02 1.799999999999965894e+02
1.035000000000001386e+01 7.997915910355915230e+02 1.799999999999965894e+02
1.050000000000001421e+01 7.997915910355915230e+02 1.799999999999965894e+02
1.065000000000001457e+01 7.997915910355915230e+02 1.799999999999965894e+02
1.080000000000001492e+01 7.997915910355915230e+02 1.799999999999965894e+02
1.095000000000001528e+01 7.997915910355915230e+02 1.799999999999965894e+02
1.110000000000001563e+01 7.997915910355915230e+02 1.799999999999965894e+02
1.125000000000001599e+01 7.997915910355915230e+02 1.799999999999965894e+02
1.140000000000001634e+01 7.997915910355915230e+02 1.799999999999965894e+02
1.155000000000001670e+01 7.997915910355915230e+02 1.799999999999965894e+02
1.170000000000001705e+01 7.997915910355915230e+02 1.799999999999965894e+02
1.185000000000001741e+01 7.997915910355915230e+02 1.799999999999965894e+02
1.200000000000001776e+01 7.997915910355915230e+02 1.799999999999965894e+02
1.215000000000001812e+01 7.997915910355915230e+02 1.799999999999965894e+02
1.230000000000001847e+01 7.997915910355915230e+02 1.799999999999965894e+02
1.245000000000001883e+01 7.997915910355915230e+02 1.799999999999965894e+02
1.260000000000001918e+01 7.997915910355915230e+02 1.799999999999965894e+02
1.275000000000001954e+01 7.997915910355915230e+02 1.799999999999965894e+02
1.290000000000001990e+01 7.997915910355915230e+02 1.799999999999965894e+02
1.305000000000002025e+01 7.996065838791179203e+02 1.799999999999965894e+02
1.320000000000002061e+01 7.996065838791179203e+02 1.799999999999965894e+02
1.335000000000002096e+01 7.996065838791179203e+02 1.799999999999965894e+02
1.350000000000002132e+01 7.996065838791179203e+02 1.799999999999965894e+02
1.365000000000002167e+01 7.996065838791179203e+02 1.799999999999965894e+02
1.380000000000002203e+01 7.996065838791179203e+02 1.799999999999965894e+02
1.395000000000002238e+01 7.996065838791179203e+02 1.799999999999965894e+02
1.410000000000002274e+01 7.996065838791179203e+02 1.799999999999965894e+02
1.425000000000002309e+01 7.996065838791179203e+02 1.799999999999965894e+02
1.440000000000002345e+01 7.996065838791179203e+02 1.799999999999965894e+02
1.455000000000002380e+01 7.996065838791179203e+02 1.799999999999965894e+02
1.470000000000002416e+01 7.996065838791179203e+02 1.799999999999965894e+02
1.485000000000002451e+01 7.996065838791179203e+02 1.799999999999965894e+02
1.500000000000002487e+01 7.996065838791179203e+02 1.799999999999965894e+02
1.515000000000002522e+01 7.996065838791179203e+02 1.799999999999965894e+02
1.530000000000002558e+01 7.996065838791179203e+02 1.799999999999965894e+02
1.545000000000002593e+01 7.996065838791179203e+02 1.799999999999965894e+02
1.560000000000002629e+01 7.996065838791179203e+02 1.799999999999965894e+02
1.575000000000002665e+01 7.996065838791179203e+02 1.799999999999965894e+02
1.590000000000002700e+01 7.996065838791179203e+02 1.799999999999965894e+02
