1.499999999999999944e-01 7.999261139657260173e+02 3.469376289322312346e-05
2.999999999999999889e-01 7.999261139657260173e+02 3.469376289322312346e-05
4.499999999999999556e-01 7.999261139657260173e+02 3.469376289322312346e-05
5.999999999999999778e-01 7.999261139657260173e+02 3.469376289322312346e-05
7.500000000000000000e-01 7.999261139657260173e+02 3.469376289322312346e-05
9.000000000000000222e-01 7.999261139657260173e+02 3.469376289322312346e-05
1.050000000000000044e+00 7.999261139657260173e+02 3.469376289322312346e-05
1.199999999999999956e+00 7.999261139657260173e+02 3.469376289322312346e-05
1.349999999999999867e+00 7.999261139657260173e+02 3.469376289322312346e-05
1.499999999999999778e+00 7.999261139657260173e+02 3.469376289322312346e-05
1.649999999999999689e+00 7.999261139657260173e+02 3.469376289322312346e-05
1.799999999999999600e+00 7.999261139657260173e+02 3.469376289322312346e-05
1.949999999999999512e+00 7.999261139657260173e+02 3.469376289322312346e-05
2.099999999999999645e+00 7.999685100208461108e+02 3.466821234643369110e-05
2.249999999999999556e+00 7.999685100208461108e+02 3.466821234643369110e-05
2.399999999999999467e+00 7.999685100208461108e+02 3.466821234643369110e-05
2.549999999999999378e+00 7.999685100208461108e+02 3.466821234643369110e-05
2.699999999999999289e+00 7.999685100208461108e+02 3.466821234643369110e-05
2.849999999999999201e+00 7.999685100208461108e+02 3.466821234643369110e-05
2.999999999999999112e+00 7.999685100208461108e+02 3.466821234643369110e-05
3.149999999999999023e+00 7.999685100208461108e+02 3.466821234643369110e-05
3.299999999999998934e+00 7.999685100208461108e+02 3.466821234643369110e-05
3.449999999999998845e+00 7.999685100208461108e+02 3.466821234643369110e-05
3.599999999999998757e+00 7.999685100208461108e+02 3.466821234643369110e-05
3.749999999999998668e+00 7.999685100208461108e+02 3.466821234643369110e-05
3.899999999999998579e+00 7.999685100208461108e+02 3.466821234643369110e-05
4.049999999999998934e+00 4.672023050300470572e+02 3.469509692188843530e-05
4.199999999999999289e+00 2.604643113609993748e+02 3.481186315934525766e-05
4.349999999999999645e+00 1.040269208457859378e+02 3.495868783909283906e-05
4.500000000000000000e+00 4.644616229271326091e+01 3.525897480038953091e-05
4.650000000000000355e+00 1.981074576909460205e+01 3.605208576940022169e-05
4.800000000000000711e+00 8.318277369305441482e+00 3.778005111942928096e-05
4.950000000000001066e+00 3.249431916645548313e+00 4.241383749625793342e-05
5.100000000000001421e+00 1.028879698954085598e+00 5.892663966178268709e-05
5.250000000000001776e+00 5.400021960758749628e-02 4.927399388209297015e-04
5.400000000000002132e+00 3.737062836268023602e-01 1.799999687488868005e+02
5.550000000000002487e+00 5.613928895885464954e-01 1.799999908509454656e+02
5.700000000000002842e+00 6.437481394908672883e-01 1.799999964981324183e+02
5.850000000000003197e+00 6.798857092917955924e-01 1.799999985447053632e+02
6.000000000000003553e+00 6.957429055095758486e-01 1.799999993745554718e+02
6.150000000000003908e+00 7.027013011733629355e-01 1.799999997282070296e+02
6.300000000000004263e+00 7.057552808604441452e-01 1.799999998812247668e+02
6.450000000000004619e+00 7.070968420219969630e-01 1.799999999478623351e+02
6.600000000000004974e+00 7.076888908226806052e-01 1.799999999771356727e+02
6.750000000000005329e+00 7.079563708936689181e-01 1.799999999899685292e+02
6.900000000000005684e+00 7.080912661285765353e-01 1.799999999955890360e+02
7.050000000000006040e+00 7.081903978269679101e-01 1.799999999980643111e+02
7.200000000000006395e+00 7.083249177113088990e-01 1.799999999991505319e+02
7.350000000000006750e+00 7.085913776713255174e-01 1.799999999996265387e+02
7.500000000000007105e+00 7.091810294560900729e-01 1.799999999998362625e+02
7.650000000000007461e+00 7.105170961851285938e-01 1.799999999999282920e+02
7.800000000000007816e+00 7.135585407032749572e-01 1.799999999999683951e+02
7.950000000000008171e+00 7.204883630817562334e-01 1.799999999999859597e+02
8.100000000000008527e+00 7.362804411537808846e-01 1.799999999999935483e+02
8.250000000000008882e+00 7.722696154901314003e-01 1.799999999999961062e+02
8.400000000000009237e+00 8.542867165423899678e-01 1.799999999999961062e+02
8.550000000000009592e+00 1.041202886008647965e+00 1.799999999999941167e+02
8.700000000000009948e+00 1.467154631052636660e+00 1.799999999999910187e+02
8.850000000000010303e+00 2.438040102286862520e+00 1.799999999999877218e+02
9.000000000000010658e+00 4.649518588860772184e+00 1.799999999999853060e+02
9.150000000000011013e+00 9.697814421383803563e+00 1.799999999999839417e+02
9.300000000000011369e+00 2.114424271362607755e+01 1.799999999999832880e+02
9.450000000000011724e+00 4.767784374215656840e+01 1.799999999999829186e+02
9.600000000000012079e+00 1.050480826810003805e+02 1.799999999999828617e+02
9.750000000000012434e+00 2.610655574541843293e+02 1.799999999999828049e+02
9.900000000000012790e+00 4.673008818971125038e+02 1.799999999999826912e+02
1.005000000000001315e+01 7.999687062251308589e+02 1.799999999999827196e+02
1.020000000000001350e+01 7.999687062251308589e+02 1.799999999999827196e+02
1.035000000000001386e+01 7.999687062251308589e+02 1.799999999999827196e+02
1.050000000000001421e+01 7.999687062251308589e+02 1.799999999999827196e+02
1.065000000000001457e+01 7.999687062251308589e+02 1.799999999999827196e+02
1.080000000000001492e+01 7.999687062251308589e+02 1.799999999999827196e+02
1.095000000000001528e+01 7.999687062251308589e+02 1.799999999999827196e+02
1.110000000000001563e+01 7.999687062251308589e+02 1.799999999999827196e+02
1.125000000000001599e+01 7.999687062251308589e+02 1.799999999999827196e+02
1.140000000000001634e+01 7.999687062251308589e+02 1.799999999999827196e+02
1.155000000000001670e+01 7.999687062251308589e+02 1.799999999999827196e+02
1.170000000000001705e+01 7.999687062251308589e+02 1.799999999999827196e+02
1.185000000000001741e+01 7.999687062251308589e+02 1.799999999999827196e+02
1.200000000000001776e+01 7.999687062251308589e+02 1.799999999999827196e+02
1.215000000000001812e+01 7.999687062251308589e+02 1.799999999999827196e+02
1.230000000000001847e+01 7.999687062251308589e+02 1.799999999999827196e+02
1.245000000000001883e+01 7.999687062251308589e+02 1.799999999999827196e+02
1.260000000000001918e+01 7.999687062251308589e+02 1.799999999999827196e+02
1.275000000000001954e+01 7.999687062251308589e+02 1.799999999999827196e+02
1.290000000000001990e+01 7.999687062251308589e+02 1.799999999999827196e+02
1.305000000000002025e+01 7.999265437066667346e+02 1.799999999999827480e+02
1.320000000000002061e+01 7.999265437066667346e+02 1.799999999999827480e+02
1.335000000000002096e+01 7.999265437066667346e+02 1.799999999999827480e+02
1.350000000000002132e+01 7.999265437066667346e+02 1.799999999999827480e+02
1.365000000000002167e+01 7.999265437066667346e+02 1.799999999999827480e+02
1.380000000000002203e+01 7.999265437066667346e+02 1.799999999999827480e+02
1.395000000000002238e+01 7.999265437066667346e+02 1.799999999999827480e+02
1.410000000000002274e+01 7.999265437066667346e+02 1.799999999999827480e+02
1.425000000000002309e+01 7.999265437066667346e+02 1.799999999999827480e+02
1.440000000000002345e+01 7.999265437066667346e+02 1.799999999999827480e+02
1.455000000000002380e+01 7.999265437066667346e+02 1.799999999999827480e+02
1.470000000000002416e+01 7.999265437066667346e+02 1.799999999999827480e+02
1.485000000000002451e+01 7.999265437066667346e+02 1.799999999999827480e+02
1.500000000000002487e+01 7.999265437066667346e+02 1.799999999999827480e+02
1.515000000000002522e+01 7.999265437066667346e+02 1.799999999999827480e+02
1.530000000000002558e+01 7.999265437066667346e+02 1.799999999999827480e+02
1.545000000000002593e+01 7.999265437066667346e+02 1.799999999999827480e+02
1.560000000000002629e+01 7.999265437066667346e+02 1.799999999999827480e+02
1.575000000000002665e+01 7.999265437066667346e+02 1.799999999999827480e+02
1.590000000000002700e+01 7.999265437066667346e+02 1.799999999999827480e+02
