1.499999999999999944e-01 7.999999916012849326e+02 1.799997306943747049e+02
2.999999999999999889e-01 7.999999916012849326e+02 1.799997306943747049e+02
4.499999999999999556e-01 7.999999916012849326e+02 1.799997306943747049e+02
5.999999999999999778e-01 7.999999916012849326e+02 1.799997306943747049e+02
7.500000000000000000e-01 7.999999916012849326e+02 1.799997306943747049e+02
9.000000000000000222e-01 7.999999916012849326e+02 1.799997306943747049e+02
1.050000000000000044e+00 7.999999916012849326e+02 1.799997306943747049e+02
1.199999999999999956e+00 7.999999916012849326e+02 1.799997306943747049e+02
1.349999999999999867e+00 7.999999916012849326e+02 1.799997306943747049e+02
1.499999999999999778e+00 7.999999916012849326e+02 1.799997306943747049e+02
1.649999999999999689e+00 7.999999916012849326e+02 1.799997306943747049e+02
1.799999999999999600e+00 7.999999916012849326e+02 1.799997306943747049e+02
1.949999999999999512e+00 7.999999916012849326e+02 1.799997306943747049e+02
2.099999999999999645e+00 7.999999988771658082e+02 1.799997312779933338e+02
2.249999999999999556e+00 7.999999988771658082e+02 1.799997312779933338e+02
2.399999999999999467e+00 7.999999988771658082e+02 1.799997312779933338e+02
2.549999999999999378e+00 7.999999988771658082e+02 1.799997312779933338e+02
2.699999999999999289e+00 7.999999988771658082e+02 1.799997312779933338e+02
2.849999999999999201e+00 7.999999988771658082e+02 1.799997312779933338e+02
2.999999999999999112e+00 7.999999988771658082e+02 1.799997312779933338e+02
3.149999999999999023e+00 7.999999988771658082e+02 1.799997312779933338e+02
3.299999999999998934e+00 7.999999988771658082e+02 1.799997312779933338e+02
3.449999999999998845e+00 7.999999988771658082e+02 1.799997312779933338e+02
3.599999999999998757e+00 7.999999988771658082e+02 1.799997312779933338e+02
3.749999999999998668e+00 7.999999988771658082e+02 1.799997312779933338e+02
3.899999999999998579e+00 7.999999988771658082e+02 1.799997312779933338e+02
4.049999999999998934e+00 5.157446899015088775e+02 1.799997322950596015e+02
4.199999999999999289e+00 4.682935561695672959e+02 1.799997359793231624e+02
4.349999999999999645e+00 4.148382579505639569e+02 1.799997450806968686e+02
4.500000000000000000e+00 4.040004161389051660e+02 1.799997546513581028e+02
4.650000000000000355e+00 3.999459015928468375e+02 1.799997636104021979e+02
4.800000000000000711e+00 3.987464568188883618e+02 1.799997732621343687e+02
4.950000000000001066e+00 3.983568636655338651e+02 1.799997826456899475e+02
5.100000000000001421e+00 3.982346557698607512e+02 1.799997909655940873e+02
5.250000000000001776e+00 3.981957623177355572e+02 1.799997998002912993e+02
5.400000000000002132e+00 3.981834517959270556e+02 1.799998083542500922e+02
5.550000000000002487e+00 3.981795465558997194e+02 1.799998159596353844e+02
5.700000000000002842e+00 3.981783087667247401e+02 1.799998240147431261e+02
5.850000000000003197e+00 3.981779163062678322e+02 1.799998318211628430e+02
6.000000000000003553e+00 3.981777918872089685e+02 1.799998387950734298e+02
6.150000000000003908e+00 3.981777524414016511e+02 1.799998461630684687e+02
6.300000000000004263e+00 3.981777399358718412e+02 1.799998533127148050e+02
6.450000000000004619e+00 3.981777359715302964e+02 1.799998597365197952e+02
6.600000000000004974e+00 3.981777347158429166e+02 1.799998665035167278e+02
6.750000000000005329e+00 3.981777343213665858e+02 1.799998730799758277e+02
6.900000000000005684e+00 3.981777342077260755e+02 1.799998790287400539e+02
7.050000000000006040e+00 3.981777342077265871e+02 1.799998852738410164e+02
7.200000000000006395e+00 3.981777343213676090e+02 1.799998913539769489e+02
7.350000000000006750e+00 3.981777347158442808e+02 1.799998968971783029e+02
7.500000000000007105e+00 3.981777359715323996e+02 1.799999026933499806e+02
7.650000000000007461e+00 3.981777399358746834e+02 1.799999083481876028e+02
7.800000000000007816e+00 3.981777524414052323e+02 1.799999135505265144e+02
7.950000000000008171e+00 3.981777918872131181e+02 1.799999189654488703e+02
8.100000000000008527e+00 3.981779163062726639e+02 1.799999242610015244e+02
8.250000000000008882e+00 3.981783087667304812e+02 1.799999291831441610e+02
8.400000000000009237e+00 3.981795465559062563e+02 1.799999342799711144e+02
8.550000000000009592e+00 3.981834517959345590e+02 1.799999392779185712e+02
8.700000000000009948e+00 3.981957623177443679e+02 1.799999439769187006e+02
8.850000000000010303e+00 3.982346557698720630e+02 1.799999488141412201e+02
9.000000000000010658e+00 3.983568636655500086e+02 1.799999535697388637e+02
9.150000000000011013e+00 3.987464568189192846e+02 1.799999580914473825e+02
9.300000000000011369e+00 3.999459015929208476e+02 1.799999626948793718e+02
9.450000000000011724e+00 4.040004161391292428e+02 1.799999671853801999e+02
9.600000000000012079e+00 4.148382579511227846e+02 1.799999712604820843e+02
9.750000000000012434e+00 4.682935561725333287e+02 1.799999750738411421e+02
9.900000000000012790e+00 5.157446899034771377e+02 1.799999769473471076e+02
1.005000000000001315e+01 7.999999989344881897e+02 1.799999773360576398e+02
1.020000000000001350e+01 7.999999989344881897e+02 1.799999773360576398e+02
1.035000000000001386e+01 7.999999989344881897e+02 1.799999773360576398e+02
1.050000000000001421e+01 7.999999989344881897e+02 1.799999773360576398e+02
1.065000000000001457e+01 7.999999989344881897e+02 1.799999773360576398e+02
1.080000000000001492e+01 7.999999989344881897e+02 1.799999773360576398e+02
1.095000000000001528e+01 7.999999989344881897e+02 1.799999773360576398e+02
1.110000000000001563e+01 7.999999989344881897e+02 1.799999773360576398e+02
1.125000000000001599e+01 7.999999989344881897e+02 1.799999773360576398e+02
1.140000000000001634e+01 7.999999989344881897e+02 1.799999773360576398e+02
1.155000000000001670e+01 7.999999989344881897e+02 1.799999773360576398e+02
1.170000000000001705e+01 7.999999989344881897e+02 1.799999773360576398e+02
1.185000000000001741e+01 7.999999989344881897e+02 1.799999773360576398e+02
1.200000000000001776e+01 7.999999989344881897e+02 1.799999773360576398e+02
1.215000000000001812e+01 7.999999989344881897e+02 1.799999773360576398e+02
1.230000000000001847e+01 7.999999989344881897e+02 1.799999773360576398e+02
1.245000000000001883e+01 7.999999989344881897e+02 1.799999773360576398e+02
1.260000000000001918e+01 7.999999989344881897e+02 1.799999773360576398e+02
1.275000000000001954e+01 7.999999989344881897e+02 1.799999773360576398e+02
1.290000000000001990e+01 7.999999989344881897e+02 1.799999773360576398e+02
1.305000000000002025e+01 7.999999920300513168e+02 1.799999774630881006e+02
1.320000000000002061e+01 7.999999920300513168e+02 1.799999774630881006e+02
1.335000000000002096e+01 7.999999920300513168e+02 1.799999774630881006e+02
1.350000000000002132e+01 7.999999920300513168e+02 1.799999774630881006e+02
1.365000000000002167e+01 7.999999920300513168e+02 1.799999774630881006e+02
1.380000000000002203e+01 7.999999920300513168e+02 1.799999774630881006e+02
1.395000000000002238e+01 7.999999920300513168e+02 1.799999774630881006e+02
1.410000000000002274e+01 7.999999920300513168e+02 1.799999774630881006e+02
1.425000000000002309e+01 7.999999920300513168e+02 1.799999774630881006e+02
1.440000000000002345e+01 7.999999920300513168e+02 1.799999774630881006e+02
1.455000000000002380e+01 7.999999920300513168e+02 1.799999774630881006e+02
1.470000000000002416e+01 7.999999920300513168e+02 1.799999774630881006e+02
1.485000000000002451e+01 7.999999920300513168e+02 1.799999774630881006e+02
1.500000000000002487e+01 7.999999920300513168e+02 1.799999774630881006e+02
1.515000000000002522e+01 7.999999920300513168e+02 1.799999774630881006e+02
1.530000000000002558e+01 7.999999920300513168e+02 1.799999774630881006e+02
1.545000000000002593e+01 7.999999920300513168e+02 1.799999774630881006e+02
1.560000000000002629e+01 7.999999920300513168e+02 1.799999774630881006e+02
1.575000000000002665e+01 7.999999920300513168e+02 1.799999774630881006e+02
1.590000000000002700e+01 7.999999920300513168e+02 1.799999774630881006e+02
