1.499999999999999944e-01 7.999883683985012794e+02 2.864289916360007737e-10
2.999999999999999889e-01 7.999883683985012794e+02 2.864289916360007737e-10
4.499999999999999556e-01 7.999883683985012794e+02 2.864289916360007737e-10
5.999999999999999778e-01 7.999883683985012794e+02 2.864289916360007737e-10
7.500000000000000000e-01 7.999883683985012794e+02 2.864289916360007737e-10
9.000000000000000222e-01 7.999883683985012794e+02 2.864289916360007737e-10
1.050000000000000044e+00 7.999883683985012794e+02 2.864289916360007737e-10
1.199999999999999956e+00 7.999883683985012794e+02 2.864289916360007737e-10
1.349999999999999867e+00 7.999883683985012794e+02 2.864289916360007737e-10
1.499999999999999778e+00 7.999883683985012794e+02 2.864289916360007737e-10
1.649999999999999689e+00 7.999883683985012794e+02 2.864289916360007737e-10
1.799999999999999600e+00 7.999883683985012794e+02 2.864289916360007737e-10
1.949999999999999512e+00 7.999883683985012794e+02 2.864289916360007737e-10
2.099999999999999645e+00 7.999961065271511416e+02 2.871111126623304699e-10
2.249999999999999556e+00 7.999961065271511416e+02 2.871111126623304699e-10
2.399999999999999467e+00 7.999961065271511416e+02 2.871111126623304699e-10
2.549999999999999378e+00 7.999961065271511416e+02 2.871111126623304699e-10
2.699999999999999289e+00 7.999961065271511416e+02 2.871111126623304699e-10
2.849999999999999201e+00 7.999961065271511416e+02 2.871111126623304699e-10
2.999999999999999112e+00 7.999961065271511416e+02 2.871111126623304699e-10
3.149999999999999023e+00 7.999961065271511416e+02 2.871111126623304699e-10
3.299999999999998934e+00 7.999961065271511416e+02 2.871111126623304699e-10
3.449999999999998845e+00 7.999961065271511416e+02 2.871111126623304699e-10
3.599999999999998757e+00 7.999961065271511416e+02 2.871111126623304699e-10
3.749999999999998668e+00 7.999961065271511416e+02 2.871111126623304699e-10
3.899999999999998579e+00 7.999961065271511416e+02 2.871111126623304699e-10
4.049999999999998934e+00 4.894867071653515609e+02 2.906649365641555960e-10
4.199999999999999289e+00 3.212915225142093618e+02 3.132134551719900628e-10
4.349999999999999645e+00 1.627826932258236639e+02 4.185097823850014720e-10
4.500000000000000000e+00 9.191576223201731466e+01 7.590083006547843070e-10
4.650000000000000355e+00 5.105157675986039578e+01 1.881242606138755491e-09
4.800000000000000711e+00 2.856262379820566721e+01 5.467072350384682977e-09
4.950000000000001066e+00 1.594550711152707834e+01 1.695903306675461408e-08
5.100000000000001421e+00 8.885705116536357195e+00 5.381825185502009390e-08
5.250000000000001776e+00 4.929766735093849661e+00 1.725926541684685844e-07
5.400000000000002132e+00 2.713384532323615872e+00 5.589919364057394091e-07
5.550000000000002487e+00 1.471477988975181006e+00 1.839125981173417301e-06
5.700000000000002842e+00 7.755948016417733015e-01 6.224833855150713191e-06
5.850000000000003197e+00 3.856468943139361727e-01 2.233536688589499164e-05
6.000000000000003553e+00 1.671032898952944379e-01 9.199243849999927392e-05
6.150000000000003908e+00 4.456684272918209899e-02 6.153957892376382688e-04
6.300000000000004263e+00 2.423718056888901629e-02 1.799979811030698329e+02
6.450000000000004619e+00 6.304598334645561408e-02 1.799986148526893430e+02
6.600000000000004974e+00 8.524849608647855348e-02 1.799981723341003317e+02
6.750000000000005329e+00 9.850452692035105429e-02 1.799971779967148109e+02
6.900000000000005684e+00 1.073873735854249389e-01 1.799953802581700586e+02
7.050000000000006040e+00 1.149615929371066159e-01 1.799923007514731523e+02
7.200000000000006395e+00 1.238402730132293073e-01 1.799872482613925513e+02
7.350000000000006750e+00 1.370865359408526274e-01 1.799794413908044532e+02
7.500000000000007105e+00 1.592703134274415788e-01 1.799684293224360658e+02
7.650000000000007461e+00 1.980449598049744964e-01 1.799547013600221987e+02
7.800000000000007816e+00 2.667876433329183783e-01 1.799399876651777959e+02
7.950000000000008171e+00 3.892144456510777673e-01 1.799266081979102410e+02
8.100000000000008527e+00 6.075623683107096440e-01 1.799161166173578295e+02
8.250000000000008882e+00 9.971613295077190742e-01 1.799087865500260364e+02
8.400000000000009237e+00 1.692422799547500745e+00 1.799041160203720153e+02
8.550000000000009592e+00 2.933223142713984544e+00 1.799012942976671923e+02
8.700000000000009948e+00 5.147641842491339048e+00 1.798996219898634479e+02
8.850000000000010303e+00 9.100109767875188993e+00 1.798986895632319545e+02
9.000000000000010658e+00 1.615382463319868833e+01 1.798981725176134319e+02
9.150000000000011013e+00 2.876040510822819130e+01 1.798978636875864368e+02
9.300000000000011369e+00 5.123157374138858700e+01 1.798977202509204005e+02
9.450000000000011724e+00 9.206687652270979072e+01 1.798976531041259364e+02
9.600000000000012079e+00 1.628910745162372677e+02 1.798975992293735260e+02
9.750000000000012434e+00 3.213409622599792783e+02 1.798976016428418632e+02
9.900000000000012790e+00 4.894917581239862443e+02 1.798976106368407955e+02
1.005000000000001315e+01 7.999960440217546420e+02 1.798976062686758723e+02
1.020000000000001350e+01 7.999960440217546420e+02 1.798976062686758723e+02
1.035000000000001386e+01 7.999960440217546420e+02 1.798976062686758723e+02
1.050000000000001421e+01 7.999960440217546420e+02 1.798976062686758723e+02
1.065000000000001457e+01 7.999960440217546420e+02 1.798976062686758723e+02
1.080000000000001492e+01 7.999960440217546420e+02 1.798976062686758723e+02
1.095000000000001528e+01 7.999960440217546420e+02 1.798976062686758723e+02
1.110000000000001563e+01 7.999960440217546420e+02 1.798976062686758723e+02
1.125000000000001599e+01 7.999960440217546420e+02 1.798976062686758723e+02
1.140000000000001634e+01 7.999960440217546420e+02 1.798976062686758723e+02
1.155000000000001670e+01 7.999960440217546420e+02 1.798976062686758723e+02
1.170000000000001705e+01 7.999960440217546420e+02 1.798976062686758723e+02
1.185000000000001741e+01 7.999960440217546420e+02 1.798976062686758723e+02
1.200000000000001776e+01 7.999960440217546420e+02 1.798976062686758723e+02
1.215000000000001812e+01 7.999960440217546420e+02 1.798976062686758723e+02
1.230000000000001847e+01 7.999960440217546420e+02 1.798976062686758723e+02
1.245000000000001883e+01 7.999960440217546420e+02 1.798976062686758723e+02
1.260000000000001918e+01 7.999960440217546420e+02 1.798976062686758723e+02
1.275000000000001954e+01 7.999960440217546420e+02 1.798976062686758723e+02
1.290000000000001990e+01 7.999960440217546420e+02 1.798976062686758723e+02
1.305000000000002025e+01 7.999881812490457378e+02 1.798976233951736674e+02
1.320000000000002061e+01 7.999881812490457378e+02 1.798976233951736674e+02
1.335000000000002096e+01 7.999881812490457378e+02 1.798976233951736674e+02
1.350000000000002132e+01 7.999881812490457378e+02 1.798976233951736674e+02
1.365000000000002167e+01 7.999881812490457378e+02 1.798976233951736674e+02
1.380000000000002203e+01 7.999881812490457378e+02 1.798976233951736674e+02
1.395000000000002238e+01 7.999881812490457378e+02 1.798976233951736674e+02
1.410000000000002274e+01 7.999881812490457378e+02 1.798976233951736674e+02
1.425000000000002309e+01 7.999881812490457378e+02 1.798976233951736674e+02
1.440000000000002345e+01 7.999881812490457378e+02 1.798976233951736674e+02
1.455000000000002380e+01 7.999881812490457378e+02 1.798976233951736674e+02
1.470000000000002416e+01 7.999881812490457378e+02 1.798976233951736674e+02
1.485000000000002451e+01 7.999881812490457378e+02 1.798976233951736674e+02
1.500000000000002487e+01 7.999881812490457378e+02 1.798976233951736674e+02
1.515000000000002522e+01 7.999881812490457378e+02 1.798976233951736674e+02
1.530000000000002558e+01 7.999881812490457378e+02 1.798976233951736674e+02
1.545000000000002593e+01 7.999881812490457378e+02 1.798976233951736674e+02
1.560000000000002629e+01 7.999881812490457378e+02 1.798976233951736674e+02
1.575000000000002665e+01 7.999881812490457378e+02 1.798976233951736674e+02
1.590000000000002700e+01 7.999881812490457378e+02 1.798976233951736674e+02
