1.499999999999999944e-01 7.998137978628625433e+02 1.799996277897431298e+02
2.999999999999999889e-01 7.998137978628625433e+02 1.799996277897431298e+02
4.499999999999999556e-01 7.998137978628625433e+02 1.799996277897431298e+02
5.999999999999999778e-01 7.998137978628625433e+02 1.799996277897431298e+02
7.500000000000000000e-01 7.998137978628625433e+02 1.799996277897431298e+02
9.000000000000000222e-01 7.998137978628625433e+02 1.799996277897431298e+02
1.050000000000000044e+00 7.998137978628625433e+02 1.799996277897431298e+02
1.199999999999999956e+00 7.998137978628625433e+02 1.799996277897431298e+02
1.349999999999999867e+00 7.998137978628625433e+02 1.799996277897431298e+02
1.499999999999999778e+00 7.998137978628625433e+02 1.799996277897431298e+02
1.649999999999999689e+00 7.998137978628625433e+02 1.799996277897431298e+02
1.799999999999999600e+00 7.998137978628625433e+02 1.799996277897431298e+02
1.949999999999999512e+00 7.998137978628625433e+02 1.799996277897431298e+02
2.099999999999999645e+00 7.999105586063341207e+02 1.799996282313982761e+02
2.249999999999999556e+00 7.999105586063341207e+02 1.799996282313982761e+02
2.399999999999999467e+00 7.999105586063341207e+02 1.799996282313982761e+02
2.549999999999999378e+00 7.999105586063341207e+02 1.799996282313982761e+02
2.699999999999999289e+00 7.999105586063341207e+02 1.799996282313982761e+02
2.849999999999999201e+00 7.999105586063341207e+02 1.799996282313982761e+02
2.999999999999999112e+00 7.999105586063341207e+02 1.799996282313982761e+02
3.149999999999999023e+00 7.999105586063341207e+02 1.799996282313982761e+02
3.299999999999998934e+00 7.999105586063341207e+02 1.799996282313982761e+02
3.449999999999998845e+00 7.999105586063341207e+02 1.799996282313982761e+02
3.599999999999998757e+00 7.999105586063341207e+02 1.799996282313982761e+02
3.749999999999998668e+00 7.999105586063341207e+02 1.799996282313982761e+02
3.899999999999998579e+00 7.999105586063341207e+02 1.799996282313982761e+02
4.049999999999998934e+00 4.507672358836563262e+02 1.799996285139475845e+02
4.199999999999999289e+00 2.299048578477957392e+02 1.799996287069336631e+02
4.349999999999999645e+00 8.255383015962515003e+01 1.799996326355502845e+02
4.500000000000000000e+00 3.413256882250846047e+01 1.799996417373934889e+02
4.650000000000000355e+00 1.406069843673387965e+01 1.799996630604414349e+02
4.800000000000000711e+00 6.377679899643169392e+00 1.799997088516710164e+02
4.950000000000001066e+00 3.357705633096273345e+00 1.799997843010108909e+02
5.100000000000001421e+00 2.181334836801966048e+00 1.799998699320452147e+02
5.250000000000001776e+00 1.721670789931806667e+00 1.799999356520418416e+02
5.400000000000002132e+00 1.542249228988708865e+00 1.799999719451543285e+02
5.550000000000002487e+00 1.472189549980413403e+00 1.799999884917490931e+02
5.700000000000002842e+00 1.444836401668453618e+00 1.799999954205545691e+02
5.850000000000003197e+00 1.434156551347143704e+00 1.799999981982684005e+02
6.000000000000003553e+00 1.429986743564967355e+00 1.799999992924241212e+02
6.150000000000003908e+00 1.428358703097472926e+00 1.799999997233544207e+02
6.300000000000004263e+00 1.427723097183843493e+00 1.799999998919131770e+02
6.450000000000004619e+00 1.427475045391531694e+00 1.799999999576682796e+02
6.600000000000004974e+00 1.427378487247437988e+00 1.799999999834670064e+02
6.750000000000005329e+00 1.427341532371883659e+00 1.799999999935432982e+02
6.900000000000005684e+00 1.427329012366840288e+00 1.799999999974717468e+02
7.050000000000006040e+00 1.427329012352089421e+00 1.799999999990126867e+02
7.200000000000006395e+00 1.427341532416136261e+00 1.799999999996144311e+02
7.350000000000006750e+00 1.427378487321192324e+00 1.799999999998490239e+02
7.500000000000007105e+00 1.427475045627545569e+00 1.799999999999410818e+02
7.650000000000007461e+00 1.427723097759127313e+00 1.799999999999768932e+02
7.800000000000007816e+00 1.428358704528307044e+00 1.799999999999909335e+02
7.950000000000008171e+00 1.429986747311687623e+00 1.799999999999963620e+02
8.100000000000008527e+00 1.434156560949958248e+00 1.799999999999986358e+02
8.250000000000008882e+00 1.444836426302401833e+00 1.799999999999994316e+02
8.400000000000009237e+00 1.472189613069872394e+00 1.799999999999995168e+02
8.550000000000009592e+00 1.542249390628711581e+00 1.799999999999992042e+02
8.700000000000009948e+00 1.721671203885392742e+00 1.799999999999983231e+02
8.850000000000010303e+00 2.181335897492573395e+00 1.799999999999968168e+02
9.000000000000010658e+00 3.357708346798560228e+00 1.799999999999948841e+02
9.150000000000011013e+00 6.377686871821246939e+00 1.799999999999930935e+02
9.300000000000011369e+00 1.406071613381206120e+01 1.799999999999917861e+02
9.450000000000011724e+00 3.413261537305913862e+01 1.799999999999911324e+02
9.600000000000012079e+00 8.255394015003936659e+01 1.799999999999910472e+02
9.750000000000012434e+00 2.299052128422424062e+02 1.799999999999907345e+02
9.900000000000012790e+00 4.507676741153325679e+02 1.799999999999907061e+02
1.005000000000001315e+01 7.999126973547176931e+02 1.799999999999907345e+02
1.020000000000001350e+01 7.999126973547176931e+02 1.799999999999907345e+02
1.035000000000001386e+01 7.999126973547176931e+02 1.799999999999907345e+02
1.050000000000001421e+01 7.999126973547176931e+02 1.799999999999907345e+02
1.065000000000001457e+01 7.999126973547176931e+02 1.799999999999907345e+02
1.080000000000001492e+01 7.999126973547176931e+02 1.799999999999907345e+02
1.095000000000001528e+01 7.999126973547176931e+02 1.799999999999907345e+02
1.110000000000001563e+01 7.999126973547176931e+02 1.799999999999907345e+02
1.125000000000001599e+01 7.999126973547176931e+02 1.799999999999907345e+02
1.140000000000001634e+01 7.999126973547176931e+02 1.799999999999907345e+02
1.155000000000001670e+01 7.999126973547176931e+02 1.799999999999907345e+02
1.170000000000001705e+01 7.999126973547176931e+02 1.799999999999907345e+02
1.185000000000001741e+01 7.999126973547176931e+02 1.799999999999907345e+02
1.200000000000001776e+01 7.999126973547176931e+02 1.799999999999907345e+02
1.215000000000001812e+01 7.999126973547176931e+02 1.799999999999907345e+02
1.230000000000001847e+01 7.999126973547176931e+02 1.799999999999907345e+02
1.245000000000001883e+01 7.999126973547176931e+02 1.799999999999907345e+02
1.260000000000001918e+01 7.999126973547176931e+02 1.799999999999907345e+02
1.275000000000001954e+01 7.999126973547176931e+02 1.799999999999907345e+02
1.290000000000001990e+01 7.999126973547176931e+02 1.799999999999907345e+02
1.305000000000002025e+01 7.998182504437365878e+02 1.799999999999907061e+02
1.320000000000002061e+01 7.998182504437365878e+02 1.799999999999907061e+02
1.335000000000002096e+01 7.998182504437365878e+02 1.799999999999907061e+02
1.350000000000002132e+01 7.998182504437365878e+02 1.799999999999907061e+02
1.365000000000002167e+01 7.998182504437365878e+02 1.799999999999907061e+02
1.380000000000002203e+01 7.998182504437365878e+02 1.799999999999907061e+02
1.395000000000002238e+01 7.998182504437365878e+02 1.799999999999907061e+02
1.410000000000002274e+01 7.998182504437365878e+02 1.799999999999907061e+02
1.425000000000002309e+01 7.998182504437365878e+02 1.799999999999907061e+02
1.440000000000002345e+01 7.998182504437365878e+02 1.799999999999907061e+02
1.455000000000002380e+01 7.998182504437365878e+02 1.799999999999907061e+02
1.470000000000002416e+01 7.998182504437365878e+02 1.799999999999907061e+02
1.485000000000002451e+01 7.998182504437365878e+02 1.799999999999907061e+02
1.500000000000002487e+01 7.998182504437365878e+02 1.799999999999907061e+02
1.515000000000002522e+01 7.998182504437365878e+02 1.799999999999907061e+02
1.530000000000002558e+01 7.998182504437365878e+02 1.799999999999907061e+02
1.545000000000002593e+01 7.998182504437365878e+02 1.799999999999907061e+02
1.560000000000002629e+01 7.998182504437365878e+02 1.799999999999907061e+02
1.575000000000002665e+01 7.998182504437365878e+02 1.799999999999907061e+02
1.590000000000002700e+01 7.998182504437365878e+02 1.799999999999907061e+02
