1.499999999999999944e-01 7.999987032873721091e+02 2.439210123564108379e-01
2.999999999999999889e-01 7.999987032873721091e+02 2.439210123564108379e-01
4.499999999999999556e-01 7.999987032873721091e+02 2.439210123564108379e-01
5.999999999999999778e-01 7.999987032873721091e+02 2.439210123564108379e-01
7.500000000000000000e-01 7.999987032873721091e+02 2.439210123564108379e-01
9.000000000000000222e-01 7.999987032873721091e+02 2.439210123564108379e-01
1.050000000000000044e+00 7.999987032873721091e+02 2.439210123564108379e-01
1.199999999999999956e+00 7.999987032873721091e+02 2.439210123564108379e-01
1.349999999999999867e+00 7.999987032873721091e+02 2.439210123564108379e-01
1.499999999999999778e+00 7.999987032873721091e+02 2.439210123564108379e-01
1.649999999999999689e+00 7.999987032873721091e+02 2.439210123564108379e-01
1.799999999999999600e+00 7.999987032873721091e+02 2.439210123564108379e-01
1.949999999999999512e+00 7.999987032873721091e+02 2.439210123564108379e-01
2.099999999999999645e+00 7.999996745110156553e+02 2.444889750982831567e-01
2.249999999999999556e+00 7.999996745110156553e+02 2.444889750982831567e-01
2.399999999999999467e+00 7.999996745110156553e+02 2.444889750982831567e-01
2.549999999999999378e+00 7.999996745110156553e+02 2.444889750982831567e-01
2.699999999999999289e+00 7.999996745110156553e+02 2.444889750982831567e-01
2.849999999999999201e+00 7.999996745110156553e+02 2.444889750982831567e-01
2.999999999999999112e+00 7.999996745110156553e+02 2.444889750982831567e-01
3.149999999999999023e+00 7.999996745110156553e+02 2.444889750982831567e-01
3.299999999999998934e+00 7.999996745110156553e+02 2.444889750982831567e-01
3.449999999999998845e+00 7.999996745110156553e+02 2.444889750982831567e-01
3.599999999999998757e+00 7.999996745110156553e+02 2.444889750982831567e-01
3.749999999999998668e+00 7.999996745110156553e+02 2.444889750982831567e-01
3.899999999999998579e+00 7.999996745110156553e+02 2.444889750982831567e-01
4.049999999999998934e+00 5.040229394174554614e+02 2.475336288626451831e-01
4.199999999999999289e+00 3.861656208220181838e+02 2.639788115119162670e-01
4.349999999999999645e+00 2.587874583676562565e+02 3.149744520915419566e-01
4.500000000000000000e+00 1.999323011602991471e+02 4.074919928599278762e-01
4.650000000000000355e+00 1.599699414107308826e+02 5.624539283381559951e-01
4.800000000000000711e+00 1.322313937709671450e+02 7.970453706321657394e-01
4.950000000000001066e+00 1.114725287264732287e+02 1.135231550389883548e+00
5.100000000000001421e+00 9.526113136636986667e+01 1.605603206436609476e+00
5.250000000000001776e+00 8.213900622496306880e+01 2.244798378842118858e+00
5.400000000000002132e+00 7.121674817844285599e+01 3.100485605178896709e+00
5.550000000000002487e+00 6.191779510876887116e+01 4.236219305865658313e+00
5.700000000000002842e+00 5.385654630646789798e+01 5.738270761280629628e+00
5.850000000000003197e+00 4.677052959307605562e+01 7.726813708454485230e+00
6.000000000000003553e+00 4.048323048201456231e+01 1.037214349212785613e+01
6.150000000000003908e+00 3.488505527352040758e+01 1.391805195770448655e+01
6.300000000000004263e+00 2.992746955697999311e+01 1.871436071768522069e+01
6.450000000000004619e+00 2.562891039128768256e+01 2.524479143932879666e+01
6.600000000000004974e+00 2.209101570685041338e+01 3.409961731481751457e+01
6.750000000000005329e+00 1.951337147653376292e+01 4.575126737605330618e+01
6.900000000000005684e+00 1.816390793302409890e+01 5.995197829316479243e+01
7.050000000000006040e+00 1.824750706796090327e+01 7.513929395346107754e+01
7.200000000000006395e+00 1.974416228969565523e+01 8.906305606711511302e+01
7.350000000000006750e+00 2.242484936967428766e+01 1.003330962177192873e+02
7.500000000000007105e+00 2.602208640854218658e+01 1.088446262022886799e+02
7.650000000000007461e+00 3.034677759367110639e+01 1.151097429934479806e+02
7.800000000000007816e+00 3.530728243305651404e+01 1.197100329910759910e+02
7.950000000000008171e+00 4.089238076994188020e+01 1.231141158053968638e+02
8.100000000000008527e+00 4.715552338970812229e+01 1.256544290752191415e+02
8.250000000000008882e+00 5.420969687049684183e+01 1.275623906657004198e+02
8.400000000000009237e+00 6.223396103715779759e+01 1.290035993853187222e+02
8.550000000000009592e+00 7.149282421643241037e+01 1.300916860794947070e+02
8.700000000000009948e+00 8.237356790831296394e+01 1.309083390559996758e+02
8.850000000000010303e+00 9.545423292815692662e+01 1.315177123441027049e+02
9.000000000000010658e+00 1.116255454606717592e+02 1.319645414790320785e+02
9.150000000000011013e+00 1.323468584648960018e+02 1.322830969191327881e+02
9.300000000000011369e+00 1.600514364200955697e+02 1.325040343851832745e+02
9.450000000000011724e+00 1.999842603770523226e+02 1.326492970367739019e+02
9.600000000000012079e+00 2.588153938827801994e+02 1.327343306484586094e+02
9.750000000000012434e+00 3.861744543659675628e+02 1.327820807852360758e+02
9.900000000000012790e+00 5.040234779866889880e+02 1.327976979061018881e+02
1.005000000000001315e+01 7.999996676435526979e+02 1.328002438969240018e+02
1.020000000000001350e+01 7.999996676435526979e+02 1.328002438969240018e+02
1.035000000000001386e+01 7.999996676435526979e+02 1.328002438969240018e+02
1.050000000000001421e+01 7.999996676435526979e+02 1.328002438969240018e+02
1.065000000000001457e+01 7.999996676435526979e+02 1.328002438969240018e+02
1.080000000000001492e+01 7.999996676435526979e+02 1.328002438969240018e+02
1.095000000000001528e+01 7.999996676435526979e+02 1.328002438969240018e+02
1.110000000000001563e+01 7.999996676435526979e+02 1.328002438969240018e+02
1.125000000000001599e+01 7.999996676435526979e+02 1.328002438969240018e+02
1.140000000000001634e+01 7.999996676435526979e+02 1.328002438969240018e+02
1.155000000000001670e+01 7.999996676435526979e+02 1.328002438969240018e+02
1.170000000000001705e+01 7.999996676435526979e+02 1.328002438969240018e+02
1.185000000000001741e+01 7.999996676435526979e+02 1.328002438969240018e+02
1.200000000000001776e+01 7.999996676435526979e+02 1.328002438969240018e+02
1.215000000000001812e+01 7.999996676435526979e+02 1.328002438969240018e+02
1.230000000000001847e+01 7.999996676435526979e+02 1.328002438969240018e+02
1.245000000000001883e+01 7.999996676435526979e+02 1.328002438969240018e+02
1.260000000000001918e+01 7.999996676435526979e+02 1.328002438969240018e+02
1.275000000000001954e+01 7.999996676435526979e+02 1.328002438969240018e+02
1.290000000000001990e+01 7.999996676435526979e+02 1.328002438969240018e+02
1.305000000000002025e+01 7.999986759192617001e+02 1.328015670545726437e+02
1.320000000000002061e+01 7.999986759192617001e+02 1.328015670545726437e+02
1.335000000000002096e+01 7.999986759192617001e+02 1.328015670545726437e+02
1.350000000000002132e+01 7.999986759192617001e+02 1.328015670545726437e+02
1.365000000000002167e+01 7.999986759192617001e+02 1.328015670545726437e+02
1.380000000000002203e+01 7.999986759192617001e+02 1.328015670545726437e+02
1.395000000000002238e+01 7.999986759192617001e+02 1.328015670545726437e+02
1.410000000000002274e+01 7.999986759192617001e+02 1.328015670545726437e+02
1.425000000000002309e+01 7.999986759192617001e+02 1.328015670545726437e+02
1.440000000000002345e+01 7.999986759192617001e+02 1.328015670545726437e+02
1.455000000000002380e+01 7.999986759192617001e+02 1.328015670545726437e+02
1.470000000000002416e+01 7.999986759192617001e+02 1.328015670545726437e+02
1.485000000000002451e+01 7.999986759192617001e+02 1.328015670545726437e+02
1.500000000000002487e+01 7.999986759192617001e+02 1.328015670545726437e+02
1.515000000000002522e+01 7.999986759192617001e+02 1.328015670545726437e+02
1.530000000000002558e+01 7.999986759192617001e+02 1.328015670545726437e+02
1.545000000000002593e+01 7.999986759192617001e+02 1.328015670545726437e+02
1.560000000000002629e+01 7.999986759192617001e+02 1.328015670545726437e+02
1.575000000000002665e+01 7.999986759192617001e+02 1.328015670545726437e+02
1.590000000000002700e+01 7.999986759192617001e+02 1.328015670545726437e+02
