1.499999999999999944e-01 7.999997795300957932e+02 2.872736536521399842e+01
2.999999999999999889e-01 7.999997795300957932e+02 2.872736536521399842e+01
4.499999999999999556e-01 7.999997795300957932e+02 2.872736536521399842e+01
5.999999999999999778e-01 7.999997795300957932e+02 2.872736536521399842e+01
7.500000000000000000e-01 7.999997795300957932e+02 2.872736536521399842e+01
9.000000000000000222e-01 7.999997795300957932e+02 2.872736536521399842e+01
1.050000000000000044e+00 7.999997795300957932e+02 2.872736536521399842e+01
1.199999999999999956e+00 7.999997795300957932e+02 2.872736536521399842e+01
1.349999999999999867e+00 7.999997795300957932e+02 2.872736536521399842e+01
1.499999999999999778e+00 7.999997795300957932e+02 2.872736536521399842e+01
1.649999999999999689e+00 7.999997795300957932e+02 2.872736536521399842e+01
1.799999999999999600e+00 7.999997795300957932e+02 2.872736536521399842e+01
1.949999999999999512e+00 7.999997795300957932e+02 2.872736536521399842e+01
2.099999999999999645e+00 7.999999559540025302e+02 2.876915618923185392e+01
2.249999999999999556e+00 7.999999559540025302e+02 2.876915618923185392e+01
2.399999999999999467e+00 7.999999559540025302e+02 2.876915618923185392e+01
2.549999999999999378e+00 7.999999559540025302e+02 2.876915618923185392e+01
2.699999999999999289e+00 7.999999559540025302e+02 2.876915618923185392e+01
2.849999999999999201e+00 7.999999559540025302e+02 2.876915618923185392e+01
2.999999999999999112e+00 7.999999559540025302e+02 2.876915618923185392e+01
3.149999999999999023e+00 7.999999559540025302e+02 2.876915618923185392e+01
3.299999999999998934e+00 7.999999559540025302e+02 2.876915618923185392e+01
3.449999999999998845e+00 7.999999559540025302e+02 2.876915618923185392e+01
3.599999999999998757e+00 7.999999559540025302e+02 2.876915618923185392e+01
3.749999999999998668e+00 7.999999559540025302e+02 2.876915618923185392e+01
3.899999999999998579e+00 7.999999559540025302e+02 2.876915618923185392e+01
4.049999999999998934e+00 5.103274815965118023e+02 2.899101282023707071e+01
4.199999999999999289e+00 4.257379435212699832e+02 3.005912295440267457e+01
4.349999999999999645e+00 3.339054154304777171e+02 3.266287968458205881e+01
4.500000000000000000e+00 3.024394925625907149e+02 3.607721822147851043e+01
4.650000000000000355e+00 2.858213948141191736e+02 4.015157356217924445e+01
4.800000000000000711e+00 2.776607033183138356e+02 4.454578998632062792e+01
4.950000000000001066e+00 2.734789207797886093e+02 4.910035089837357702e+01
5.100000000000001421e+00 2.713699627160293630e+02 5.370801978908365726e+01
5.250000000000001776e+00 2.703388533378490024e+02 5.831058719211515040e+01
5.400000000000002132e+00 2.698762625157583557e+02 6.287481190751297078e+01
5.550000000000002487e+00 2.697143508624592414e+02 6.738199715440029536e+01
5.700000000000002842e+00 2.697115298147424483e+02 7.182138913398989644e+01
5.850000000000003197e+00 2.697924181009243512e+02 7.618670543746590340e+01
6.000000000000003553e+00 2.699166343615922301e+02 8.047424630750830943e+01
6.150000000000003908e+00 2.700623597024075480e+02 8.468188768805261191e+01
6.300000000000004263e+00 2.702176562604198580e+02 8.880853727988106527e+01
6.450000000000004619e+00 2.703758730953953773e+02 9.285383587434367314e+01
6.600000000000004974e+00 2.705332145388912295e+02 9.681798749291530726e+01
6.750000000000005329e+00 2.706874544711613453e+02 1.007016543476669597e+02
6.900000000000005684e+00 2.708372604031346214e+02 1.045058882899085688e+02
7.050000000000006040e+00 2.709818472317067517e+02 1.082320812878687661e+02
7.200000000000006395e+00 2.711208187115128680e+02 1.118819222541776526e+02
7.350000000000006750e+00 2.712541347625002572e+02 1.154573612082328680e+02
7.500000000000007105e+00 2.713821973671253431e+02 1.189605753194275337e+02
7.650000000000007461e+00 2.715060990255683464e+02 1.223939283106978166e+02
7.800000000000007816e+00 2.716281508385843040e+02 1.257599261383653015e+02
7.950000000000008171e+00 2.717529337510518417e+02 1.290611565272249948e+02
8.100000000000008527e+00 2.718893521897498999e+02 1.323001890975793913e+02
8.250000000000008882e+00 2.720546262012762782e+02 1.354794137222471022e+02
8.400000000000009237e+00 2.722820463346969859e+02 1.386007506730179841e+02
8.550000000000009592e+00 2.726360650374896863e+02 1.416651088221437647e+02
8.700000000000009948e+00 2.732417280683350214e+02 1.446713788699568966e+02
8.850000000000010303e+00 2.743428186332425867e+02 1.476145739683727811e+02
9.000000000000010658e+00 2.764159230274772199e+02 1.504822377067029322e+02
9.150000000000011013e+00 2.804168494723096501e+02 1.532487418864157007e+02
9.300000000000011369e+00 2.882141545834022054e+02 1.558617619784220665e+02
9.450000000000011724e+00 3.042737048273361893e+02 1.582403115808250220e+02
9.600000000000012079e+00 3.350374137317341479e+02 1.602023105714227427e+02
9.750000000000012434e+00 4.261013981459124125e+02 1.616718424359970641e+02
9.900000000000012790e+00 5.103450055866740627e+02 1.622630716303507938e+02
1.005000000000001315e+01 7.999999559284035513e+02 1.623800334869536925e+02
1.020000000000001350e+01 7.999999559284035513e+02 1.623800334869536925e+02
1.035000000000001386e+01 7.999999559284035513e+02 1.623800334869536925e+02
1.050000000000001421e+01 7.999999559284035513e+02 1.623800334869536925e+02
1.065000000000001457e+01 7.999999559284035513e+02 1.623800334869536925e+02
1.080000000000001492e+01 7.999999559284035513e+02 1.623800334869536925e+02
1.095000000000001528e+01 7.999999559284035513e+02 1.623800334869536925e+02
1.110000000000001563e+01 7.999999559284035513e+02 1.623800334869536925e+02
1.125000000000001599e+01 7.999999559284035513e+02 1.623800334869536925e+02
1.140000000000001634e+01 7.999999559284035513e+02 1.623800334869536925e+02
1.155000000000001670e+01 7.999999559284035513e+02 1.623800334869536925e+02
1.170000000000001705e+01 7.999999559284035513e+02 1.623800334869536925e+02
1.185000000000001741e+01 7.999999559284035513e+02 1.623800334869536925e+02
1.200000000000001776e+01 7.999999559284035513e+02 1.623800334869536925e+02
1.215000000000001812e+01 7.999999559284035513e+02 1.623800334869536925e+02
1.230000000000001847e+01 7.999999559284035513e+02 1.623800334869536925e+02
1.245000000000001883e+01 7.999999559284035513e+02 1.623800334869536925e+02
1.260000000000001918e+01 7.999999559284035513e+02 1.623800334869536925e+02
1.275000000000001954e+01 7.999999559284035513e+02 1.623800334869536925e+02
1.290000000000001990e+01 7.999999559284035513e+02 1.623800334869536925e+02
1.305000000000002025e+01 7.999997793215635511e+02 1.624026001041418112e+02
1.320000000000002061e+01 7.999997793215635511e+02 1.624026001041418112e+02
1.335000000000002096e+01 7.999997793215635511e+02 1.624026001041418112e+02
1.350000000000002132e+01 7.999997793215635511e+02 1.624026001041418112e+02
1.365000000000002167e+01 7.999997793215635511e+02 1.624026001041418112e+02
1.380000000000002203e+01 7.999997793215635511e+02 1.624026001041418112e+02
1.395000000000002238e+01 7.999997793215635511e+02 1.624026001041418112e+02
1.410000000000002274e+01 7.999997793215635511e+02 1.624026001041418112e+02
1.425000000000002309e+01 7.999997793215635511e+02 1.624026001041418112e+02
1.440000000000002345e+01 7.999997793215635511e+02 1.624026001041418112e+02
1.455000000000002380e+01 7.999997793215635511e+02 1.624026001041418112e+02
1.470000000000002416e+01 7.999997793215635511e+02 1.624026001041418112e+02
1.485000000000002451e+01 7.999997793215635511e+02 1.624026001041418112e+02
1.500000000000002487e+01 7.999997793215635511e+02 1.624026001041418112e+02
1.515000000000002522e+01 7.999997793215635511e+02 1.624026001041418112e+02
1.530000000000002558e+01 7.999997793215635511e+02 1.624026001041418112e+02
1.545000000000002593e+01 7.999997793215635511e+02 1.624026001041418112e+02
1.560000000000002629e+01 7.999997793215635511e+02 1.624026001041418112e+02
1.575000000000002665e+01 7.999997793215635511e+02 1.624026001041418112e+02
1.590000000000002700e+01 7.999997793215635511e+02 1.624026001041418112e+02
