1.499999999999999944e-01 7.996012954357012177e+02 1.262295892445752798e-04
2.999999999999999889e-01 7.996012954357012177e+02 1.262295892445752798e-04
4.499999999999999556e-01 7.996012954357012177e+02 1.262295892445752798e-04
5.999999999999999778e-01 7.996012954357012177e+02 1.262295892445752798e-04
7.500000000000000000e-01 7.996012954357012177e+02 1.262295892445752798e-04
9.000000000000000222e-01 7.996012954357012177e+02 1.262295892445752798e-04
1.050000000000000044e+00 7.996012954357012177e+02 1.262295892445752798e-04
1.199999999999999956e+00 7.996012954357012177e+02 1.262295892445752798e-04
1.349999999999999867e+00 7.996012954357012177e+02 1.262295892445752798e-04
1.499999999999999778e+00 7.996012954357012177e+02 1.262295892445752798e-04
1.649999999999999689e+00 7.996012954357012177e+02 1.262295892445752798e-04
1.799999999999999600e+00 7.996012954357012177e+02 1.262295892445752798e-04
1.949999999999999512e+00 7.996012954357012177e+02 1.262295892445752798e-04
2.099999999999999645e+00 7.997886851882248038e+02 1.261452008300967265e-04
2.249999999999999556e+00 7.997886851882248038e+02 1.261452008300967265e-04
2.399999999999999467e+00 7.997886851882248038e+02 1.261452008300967265e-04
2.549999999999999378e+00 7.997886851882248038e+02 1.261452008300967265e-04
2.699999999999999289e+00 7.997886851882248038e+02 1.261452008300967265e-04
2.849999999999999201e+00 7.997886851882248038e+02 1.261452008300967265e-04
2.999999999999999112e+00 7.997886851882248038e+02 1.261452008300967265e-04
3.149999999999999023e+00 7.997886851882248038e+02 1.261452008300967265e-04
3.299999999999998934e+00 7.997886851882248038e+02 1.261452008300967265e-04
3.449999999999998845e+00 7.997886851882248038e+02 1.261452008300967265e-04
3.599999999999998757e+00 7.997886851882248038e+02 1.261452008300967265e-04
3.749999999999998668e+00 7.997886851882248038e+02 1.261452008300967265e-04
3.899999999999998579e+00 7.997886851882248038e+02 1.261452008300967265e-04
4.049999999999998934e+00 4.331662989084522337e+02 1.262337893056519889e-04
4.199999999999999289e+00 2.027404017748592935e+02 1.266198432213760938e-04
4.349999999999999645e+00 6.471006015378412712e+01 1.272426390312997313e-04
4.500000000000000000e+00 2.352679746590575149e+01 1.288280147881959437e-04
4.650000000000000355e+00 7.932588624974293623e+00 1.339383783772740699e-04
4.800000000000000711e+00 2.529168191120220399e+00 1.496394344301377188e-04
4.950000000000001066e+00 5.977146008665386034e-01 2.240773439944332424e-04
5.100000000000001421e+00 8.483043361684394768e-02 1.799994389266317398e+02
5.250000000000001776e+00 3.270429009103281714e-01 1.799999484186908489e+02
5.400000000000002132e+00 4.128641145795199918e-01 1.799999855137761813e+02
5.550000000000002487e+00 4.432895731124517624e-01 1.799999952086060659e+02
5.700000000000002842e+00 4.540738247319495713e-01 1.799999983417280589e+02
5.850000000000003197e+00 4.578965735059910003e-01 1.799999994170372588e+02
6.000000000000003553e+00 4.592516055724900070e-01 1.799999997935764497e+02
6.150000000000003908e+00 4.597319239591115547e-01 1.799999999268974591e+02
6.300000000000004263e+00 4.599021858437026822e-01 1.799999999740939813e+02
6.450000000000004619e+00 4.599625513485534611e-01 1.799999999908009443e+02
6.600000000000004974e+00 4.599839861876944269e-01 1.799999999967390352e+02
6.750000000000005329e+00 4.599916884415051754e-01 1.799999999988440038e+02
6.900000000000005684e+00 4.599947133723389925e-01 1.799999999995895053e+02
7.050000000000006040e+00 4.599966167652382865e-01 1.799999999998544524e+02
7.200000000000006395e+00 4.599996367397807262e-01 1.799999999999484430e+02
7.350000000000006750e+00 4.600073232986687799e-01 1.799999999999816964e+02
7.500000000000007105e+00 4.600287127051387870e-01 1.799999999999934630e+02
7.650000000000007461e+00 4.600889504674796626e-01 1.799999999999976410e+02
7.800000000000007816e+00 4.602588517818730907e-01 1.799999999999991473e+02
7.950000000000008171e+00 4.607381528306859764e-01 1.799999999999996589e+02
8.100000000000008527e+00 4.620903153224844573e-01 1.799999999999997442e+02
8.250000000000008882e+00 4.659049679355575790e-01 1.799999999999995737e+02
8.400000000000009237e+00 4.766663802563471108e-01 1.799999999999988916e+02
8.550000000000009592e+00 5.070274067653599559e-01 1.799999999999972147e+02
8.700000000000009948e+00 5.926668696895376343e-01 1.799999999999934630e+02
8.850000000000010303e+00 8.343666424785283198e-01 1.799999999999865281e+02
9.000000000000010658e+00 1.515466576439592927e+00 1.799999999999792237e+02
9.150000000000011013e+00 3.442846528495223879e+00 1.799999999999742215e+02
9.300000000000011369e+00 8.834853694607517127e+00 1.799999999999716636e+02
9.450000000000011724e+00 2.439707887220062688e+01 1.799999999999707256e+02
9.600000000000012079e+00 6.549484966185794121e+01 1.799999999999704130e+02
9.750000000000012434e+00 2.032980687974224168e+02 1.799999999999703562e+02
9.900000000000012790e+00 4.333098693846332026e+02 1.799999999999702140e+02
1.005000000000001315e+01 7.997901938385286940e+02 1.799999999999702425e+02
1.020000000000001350e+01 7.997901938385286940e+02 1.799999999999702425e+02
1.035000000000001386e+01 7.997901938385286940e+02 1.799999999999702425e+02
1.050000000000001421e+01 7.997901938385286940e+02 1.799999999999702425e+02
1.065000000000001457e+01 7.997901938385286940e+02 1.799999999999702425e+02
1.080000000000001492e+01 7.997901938385286940e+02 1.799999999999702425e+02
1.095000000000001528e+01 7.997901938385286940e+02 1.799999999999702425e+02
1.110000000000001563e+01 7.997901938385286940e+02 1.799999999999702425e+02
1.125000000000001599e+01 7.997901938385286940e+02 1.799999999999702425e+02
1.140000000000001634e+01 7.997901938385286940e+02 1.799999999999702425e+02
1.155000000000001670e+01 7.997901938385286940e+02 1.799999999999702425e+02
1.170000000000001705e+01 7.997901938385286940e+02 1.799999999999702425e+02
1.185000000000001741e+01 7.997901938385286940e+02 1.799999999999702425e+02
1.200000000000001776e+01 7.997901938385286940e+02 1.799999999999702425e+02
1.215000000000001812e+01 7.997901938385286940e+02 1.799999999999702425e+02
1.230000000000001847e+01 7.997901938385286940e+02 1.799999999999702425e+02
1.245000000000001883e+01 7.997901938385286940e+02 1.799999999999702425e+02
1.260000000000001918e+01 7.997901938385286940e+02 1.799999999999702425e+02
1.275000000000001954e+01 7.997901938385286940e+02 1.799999999999702425e+02
1.290000000000001990e+01 7.997901938385286940e+02 1.799999999999702425e+02
1.305000000000002025e+01 7.996039897604913449e+02 1.799999999999703846e+02
1.320000000000002061e+01 7.996039897604913449e+02 1.799999999999703846e+02
1.335000000000002096e+01 7.996039897604913449e+02 1.799999999999703846e+02
1.350000000000002132e+01 7.996039897604913449e+02 1.799999999999703846e+02
1.365000000000002167e+01 7.996039897604913449e+02 1.799999999999703846e+02
1.380000000000002203e+01 7.996039897604913449e+02 1.799999999999703846e+02
1.395000000000002238e+01 7.996039897604913449e+02 1.799999999999703846e+02
1.410000000000002274e+01 7.996039897604913449e+02 1.799999999999703846e+02
1.425000000000002309e+01 7.996039897604913449e+02 1.799999999999703846e+02
1.440000000000002345e+01 7.996039897604913449e+02 1.799999999999703846e+02
1.455000000000002380e+01 7.996039897604913449e+02 1.799999999999703846e+02
1.470000000000002416e+01 7.996039897604913449e+02 1.799999999999703846e+02
1.485000000000002451e+01 7.996039897604913449e+02 1.799999999999703846e+02
1.500000000000002487e+01 7.996039897604913449e+02 1.799999999999703846e+02
1.515000000000002522e+01 7.996039897604913449e+02 1.799999999999703846e+02
1.530000000000002558e+01 7.996039897604913449e+02 1.799999999999703846e+02
1.545000000000002593e+01 7.996039897604913449e+02 1.799999999999703846e+02
1.560000000000002629e+01 7.996039897604913449e+02 1.799999999999703846e+02
1.575000000000002665e+01 7.996039897604913449e+02 1.799999999999703846e+02
1.590000000000002700e+01 7.996039897604913449e+02 1.799999999999703846e+02
