1.499999999999999944e-01 7.997711159323828269e+02 1.258351204014296343e-06
2.999999999999999889e-01 7.997711159323828269e+02 1.258351204014296343e-06
4.499999999999999556e-01 7.997711159323828269e+02 1.258351204014296343e-06
5.999999999999999778e-01 7.997711159323828269e+02 1.258351204014296343e-06
7.500000000000000000e-01 7.997711159323828269e+02 1.258351204014296343e-06
9.000000000000000222e-01 7.997711159323828269e+02 1.258351204014296343e-06
1.050000000000000044e+00 7.997711159323828269e+02 1.258351204014296343e-06
1.199999999999999956e+00 7.997711159323828269e+02 1.258351204014296343e-06
1.349999999999999867e+00 7.997711159323828269e+02 1.258351204014296343e-06
1.499999999999999778e+00 7.997711159323828269e+02 1.258351204014296343e-06
1.649999999999999689e+00 7.997711159323828269e+02 1.258351204014296343e-06
1.799999999999999600e+00 7.997711159323828269e+02 1.258351204014296343e-06
1.949999999999999512e+00 7.997711159323828269e+02 1.258351204014296343e-06
2.099999999999999645e+00 7.998870415739464761e+02 1.257783268870937832e-06
2.249999999999999556e+00 7.998870415739464761e+02 1.257783268870937832e-06
2.399999999999999467e+00 7.998870415739464761e+02 1.257783268870937832e-06
2.549999999999999378e+00 7.998870415739464761e+02 1.257783268870937832e-06
2.699999999999999289e+00 7.998870415739464761e+02 1.257783268870937832e-06
2.849999999999999201e+00 7.998870415739464761e+02 1.257783268870937832e-06
2.999999999999999112e+00 7.998870415739464761e+02 1.257783268870937832e-06
3.149999999999999023e+00 7.998870415739464761e+02 1.257783268870937832e-06
3.299999999999998934e+00 7.998870415739464761e+02 1.257783268870937832e-06
3.449999999999998845e+00 7.998870415739464761e+02 1.257783268870937832e-06
3.599999999999998757e+00 7.998870415739464761e+02 1.257783268870937832e-06
3.749999999999998668e+00 7.998870415739464761e+02 1.257783268870937832e-06
3.899999999999998579e+00 7.998870415739464761e+02 1.257783268870937832e-06
4.049999999999998934e+00 4.462378478520402041e+02 1.258698539174929465e-06
4.199999999999999289e+00 2.218100113744435760e+02 1.262235370003139678e-06
4.349999999999999645e+00 7.629917533584554690e+01 1.269089825672864436e-06
4.500000000000000000e+00 2.964049643836484549e+01 1.285582944543506301e-06
4.650000000000000355e+00 1.076001192870378276e+01 1.334401835584309026e-06
4.800000000000000711e+00 3.720748052536080763e+00 1.474291491332380133e-06
4.950000000000001066e+00 1.022984946136205053e+00 2.037863251147520316e-06
5.100000000000001421e+00 1.013205677736550570e-03 1.799992156120035247e+02
5.250000000000001776e+00 3.910026421840484545e-01 1.799999992266121183e+02
5.400000000000002132e+00 5.393557552520178433e-01 1.799999997866208901e+02
5.550000000000002487e+00 5.958128092623837802e-01 1.799999999263988002e+02
5.700000000000002842e+00 6.172949521923101202e-01 1.799999999729649005e+02
5.850000000000003197e+00 6.254694056303833349e-01 1.799999999898462022e+02
6.000000000000003553e+00 6.285799235328113355e-01 1.799999999961502795e+02
6.150000000000003908e+00 6.297635433240884595e-01 1.799999999985376746e+02
6.300000000000004263e+00 6.302139563925948096e-01 1.799999999994439008e+02
6.450000000000004619e+00 6.303854109733038058e-01 1.799999999997881162e+02
6.600000000000004974e+00 6.304508213337385314e-01 1.799999999999194529e+02
6.750000000000005329e+00 6.304761547090720342e-01 1.799999999999692761e+02
6.900000000000005684e+00 6.304869600733127299e-01 1.799999999999882903e+02
7.050000000000006040e+00 6.304941349541195450e-01 1.799999999999954241e+02
7.200000000000006395e+00 6.305049150058721352e-01 1.799999999999983231e+02
7.350000000000006750e+00 6.305301725027447901e-01 1.799999999999993747e+02
7.500000000000007105e+00 6.305953795962295771e-01 1.799999999999998295e+02
7.650000000000007461e+00 6.307662987204594174e-01 1.799999999999999716e+02
7.800000000000007816e+00 6.312153042022146110e-01 1.799999999999998579e+02
7.950000000000008171e+00 6.323952246530097909e-01 -1.799999999999999716e+02
8.100000000000008527e+00 6.354960203768769134e-01 1.799999999999999432e+02
8.250000000000008882e+00 6.436449244279174309e-01 1.799999999999998010e+02
8.400000000000009237e+00 6.650599257766316441e-01 1.799999999999998010e+02
8.550000000000009592e+00 7.213405387641387279e-01 1.799999999999992610e+02
8.700000000000009948e+00 8.692300455879831134e-01 1.799999999999983231e+02
8.850000000000010303e+00 1.258001479005145029e+00 1.799999999999969020e+02
9.000000000000010658e+00 2.278802758891458780e+00 1.799999999999954241e+02
9.150000000000011013e+00 4.968180382783117466e+00 1.799999999999944009e+02
9.300000000000011369e+00 1.198560543051200966e+01 1.799999999999940599e+02
9.450000000000011724e+00 3.080939186914100958e+01 1.799999999999936620e+02
9.600000000000012079e+00 7.732852657425972609e+01 1.799999999999936620e+02
9.750000000000012434e+00 2.225007081463808163e+02 1.799999999999936620e+02
9.900000000000012790e+00 4.463909467546442329e+02 1.799999999999936335e+02
1.005000000000001315e+01 7.998882662426919978e+02 1.799999999999936620e+02
1.020000000000001350e+01 7.998882662426919978e+02 1.799999999999936620e+02
1.035000000000001386e+01 7.998882662426919978e+02 1.799999999999936620e+02
1.050000000000001421e+01 7.998882662426919978e+02 1.799999999999936620e+02
1.065000000000001457e+01 7.998882662426919978e+02 1.799999999999936620e+02
1.080000000000001492e+01 7.998882662426919978e+02 1.799999999999936620e+02
1.095000000000001528e+01 7.998882662426919978e+02 1.799999999999936620e+02
1.110000000000001563e+01 7.998882662426919978e+02 1.799999999999936620e+02
1.125000000000001599e+01 7.998882662426919978e+02 1.799999999999936620e+02
1.140000000000001634e+01 7.998882662426919978e+02 1.799999999999936620e+02
1.155000000000001670e+01 7.998882662426919978e+02 1.799999999999936620e+02
1.170000000000001705e+01 7.998882662426919978e+02 1.799999999999936620e+02
1.185000000000001741e+01 7.998882662426919978e+02 1.799999999999936620e+02
1.200000000000001776e+01 7.998882662426919978e+02 1.799999999999936620e+02
1.215000000000001812e+01 7.998882662426919978e+02 1.799999999999936620e+02
1.230000000000001847e+01 7.998882662426919978e+02 1.799999999999936620e+02
1.245000000000001883e+01 7.998882662426919978e+02 1.799999999999936620e+02
1.260000000000001918e+01 7.998882662426919978e+02 1.799999999999936620e+02
1.275000000000001954e+01 7.998882662426919978e+02 1.799999999999936620e+02
1.290000000000001990e+01 7.998882662426919978e+02 1.799999999999936620e+02
1.305000000000002025e+01 7.997734895843143477e+02 1.799999999999936335e+02
1.320000000000002061e+01 7.997734895843143477e+02 1.799999999999936335e+02
1.335000000000002096e+01 7.997734895843143477e+02 1.799999999999936335e+02
1.350000000000002132e+01 7.997734895843143477e+02 1.799999999999936335e+02
1.365000000000002167e+01 7.997734895843143477e+02 1.799999999999936335e+02
1.380000000000002203e+01 7.997734895843143477e+02 1.799999999999936335e+02
1.395000000000002238e+01 7.997734895843143477e+02 1.799999999999936335e+02
1.410000000000002274e+01 7.997734895843143477e+02 1.799999999999936335e+02
1.425000000000002309e+01 7.997734895843143477e+02 1.799999999999936335e+02
1.440000000000002345e+01 7.997734895843143477e+02 1.799999999999936335e+02
1.455000000000002380e+01 7.997734895843143477e+02 1.799999999999936335e+02
1.470000000000002416e+01 7.997734895843143477e+02 1.799999999999936335e+02
1.485000000000002451e+01 7.997734895843143477e+02 1.799999999999936335e+02
1.500000000000002487e+01 7.997734895843143477e+02 1.799999999999936335e+02
1.515000000000002522e+01 7.997734895843143477e+02 1.799999999999936335e+02
1.530000000000002558e+01 7.997734895843143477e+02 1.799999999999936335e+02
1.545000000000002593e+01 7.997734895843143477e+02 1.799999999999936335e+02
1.560000000000002629e+01 7.997734895843143477e+02 1.799999999999936335e+02
1.575000000000002665e+01 7.997734895843143477e+02 1.799999999999936335e+02
1.590000000000002700e+01 7.997734895843143477e+02 1.799999999999936335e+02
