1.499999999999999944e-01 7.999260091706596540e+02 5.776520249189953660e-05
2.999999999999999889e-01 7.999260091706596540e+02 5.776520249189953660e-05
4.499999999999999556e-01 7.999260091706596540e+02 5.776520249189953660e-05
5.999999999999999778e-01 7.999260091706596540e+02 5.776520249189953660e-05
7.500000000000000000e-01 7.999260091706596540e+02 5.776520249189953660e-05
9.000000000000000222e-01 7.999260091706596540e+02 5.776520249189953660e-05
1.050000000000000044e+00 7.999260091706596540e+02 5.776520249189953660e-05
1.199999999999999956e+00 7.999260091706596540e+02 5.776520249189953660e-05
1.349999999999999867e+00 7.999260091706596540e+02 5.776520249189953660e-05
1.499999999999999778e+00 7.999260091706596540e+02 5.776520249189953660e-05
1.649999999999999689e+00 7.999260091706596540e+02 5.776520249189953660e-05
1.799999999999999600e+00 7.999260091706596540e+02 5.776520249189953660e-05
1.949999999999999512e+00 7.999260091706596540e+02 5.776520249189953660e-05
2.099999999999999645e+00 7.999684642126678682e+02 5.773376260853613218e-05
2.249999999999999556e+00 7.999684642126678682e+02 5.773376260853613218e-05
2.399999999999999467e+00 7.999684642126678682e+02 5.773376260853613218e-05
2.549999999999999378e+00 7.999684642126678682e+02 5.773376260853613218e-05
2.699999999999999289e+00 7.999684642126678682e+02 5.773376260853613218e-05
2.849999999999999201e+00 7.999684642126678682e+02 5.773376260853613218e-05
2.999999999999999112e+00 7.999684642126678682e+02 5.773376260853613218e-05
3.149999999999999023e+00 7.999684642126678682e+02 5.773376260853613218e-05
3.299999999999998934e+00 7.999684642126678682e+02 5.773376260853613218e-05
3.449999999999998845e+00 7.999684642126678682e+02 5.773376260853613218e-05
3.599999999999998757e+00 7.999684642126678682e+02 5.773376260853613218e-05
3.749999999999998668e+00 7.999684642126678682e+02 5.773376260853613218e-05
3.899999999999998579e+00 7.999684642126678682e+02 5.773376260853613218e-05
4.049999999999998934e+00 4.671937152422469808e+02 5.777863272649064186e-05
4.199999999999999289e+00 2.604119450758112180e+02 5.795745120795725569e-05
4.349999999999999645e+00 1.039380265878737220e+02 5.823757972300835917e-05
4.500000000000000000e+00 4.633898065294273749e+01 5.882102886078932613e-05
4.650000000000000355e+00 1.969473764182463782e+01 6.032724815141499164e-05
4.800000000000000711e+00 8.198287077862815408e+00 6.376493669080218751e-05
4.950000000000001066e+00 3.127668590175474606e+00 7.329578414849713397e-05
5.100000000000001421e+00 9.063354832732670729e-01 1.112098988077514505e-04
5.250000000000001776e+00 6.888682593398698373e-02 1.799993578912655039e+02
5.400000000000002132e+00 4.967435524129086843e-01 1.799999609185755958e+02
5.550000000000002487e+00 6.844959395128853430e-01 1.799999875333380430e+02
5.700000000000002842e+00 7.668799840225233311e-01 1.799999951163846106e+02
5.850000000000003197e+00 8.030301562858426223e-01 1.799999979531624206e+02
6.000000000000003553e+00 8.188928677938633882e-01 1.799999991177126049e+02
6.150000000000003908e+00 8.258536768765338820e-01 1.799999996160445903e+02
6.300000000000004263e+00 8.289087125191940686e-01 1.799999998321105181e+02
6.450000000000004619e+00 8.302507351468761954e-01 1.799999999263211237e+02
6.600000000000004974e+00 8.308429846773606187e-01 1.799999999676869038e+02
6.750000000000005329e+00 8.311105496248387681e-01 1.799999999858231092e+02
6.900000000000005684e+00 8.312454754825466807e-01 1.799999999937693360e+02
7.050000000000006040e+00 8.313446056468478673e-01 1.799999999972657179e+02
7.200000000000006395e+00 8.314790908666509495e-01 1.799999999988000638e+02
7.350000000000006750e+00 8.317454583977337279e-01 1.799999999994728626e+02
7.500000000000007105e+00 8.323348941117956201e-01 1.799999999997687894e+02
7.650000000000007461e+00 8.336704669522987388e-01 1.799999999998985913e+02
7.800000000000007816e+00 8.367107875723718280e-01 1.799999999999554348e+02
7.950000000000008171e+00 8.436380549531463657e-01 1.799999999999801901e+02
8.100000000000008527e+00 8.594243248712132299e-01 1.799999999999905640e+02
8.250000000000008882e+00 8.954002970929195726e-01 1.799999999999942020e+02
8.400000000000009237e+00 9.773873914591035827e-01 1.799999999999936051e+02
8.550000000000009592e+00 1.164235369082405214e+00 1.799999999999897398e+02
8.700000000000009948e+00 1.590032197008412140e+00 1.799999999999837712e+02
8.850000000000010303e+00 2.560565961870537421e+00 1.799999999999773195e+02
9.000000000000010658e+00 4.771247456302020851e+00 1.799999999999723741e+02
9.150000000000011013e+00 9.817742815731662631e+00 1.799999999999693330e+02
9.300000000000011369e+00 2.126014700519404244e+01 1.799999999999678835e+02
9.450000000000011724e+00 4.778486902070335418e+01 1.799999999999670308e+02
9.600000000000012079e+00 1.051367860536686436e+02 1.799999999999667466e+02
9.750000000000012434e+00 2.611177691603763265e+02 1.799999999999664055e+02
9.900000000000012790e+00 4.673094502446685965e+02 1.799999999999664055e+02
1.005000000000001315e+01 7.999687754534530768e+02 1.799999999999663203e+02
1.020000000000001350e+01 7.999687754534530768e+02 1.799999999999663203e+02
1.035000000000001386e+01 7.999687754534530768e+02 1.799999999999663203e+02
1.050000000000001421e+01 7.999687754534530768e+02 1.799999999999663203e+02
1.065000000000001457e+01 7.999687754534530768e+02 1.799999999999663203e+02
1.080000000000001492e+01 7.999687754534530768e+02 1.799999999999663203e+02
1.095000000000001528e+01 7.999687754534530768e+02 1.799999999999663203e+02
1.110000000000001563e+01 7.999687754534530768e+02 1.799999999999663203e+02
1.125000000000001599e+01 7.999687754534530768e+02 1.799999999999663203e+02
1.140000000000001634e+01 7.999687754534530768e+02 1.799999999999663203e+02
1.155000000000001670e+01 7.999687754534530768e+02 1.799999999999663203e+02
1.170000000000001705e+01 7.999687754534530768e+02 1.799999999999663203e+02
1.185000000000001741e+01 7.999687754534530768e+02 1.799999999999663203e+02
1.200000000000001776e+01 7.999687754534530768e+02 1.799999999999663203e+02
1.215000000000001812e+01 7.999687754534530768e+02 1.799999999999663203e+02
1.230000000000001847e+01 7.999687754534530768e+02 1.799999999999663203e+02
1.245000000000001883e+01 7.999687754534530768e+02 1.799999999999663203e+02
1.260000000000001918e+01 7.999687754534530768e+02 1.799999999999663203e+02
1.275000000000001954e+01 7.999687754534530768e+02 1.799999999999663203e+02
1.290000000000001990e+01 7.999687754534530768e+02 1.799999999999663203e+02
1.305000000000002025e+01 7.999267035545950648e+02 1.799999999999664340e+02
1.320000000000002061e+01 7.999267035545950648e+02 1.799999999999664340e+02
1.335000000000002096e+01 7.999267035545950648e+02 1.799999999999664340e+02
1.350000000000002132e+01 7.999267035545950648e+02 1.799999999999664340e+02
1.365000000000002167e+01 7.999267035545950648e+02 1.799999999999664340e+02
1.380000000000002203e+01 7.999267035545950648e+02 1.799999999999664340e+02
1.395000000000002238e+01 7.999267035545950648e+02 1.799999999999664340e+02
1.410000000000002274e+01 7.999267035545950648e+02 1.799999999999664340e+02
1.425000000000002309e+01 7.999267035545950648e+02 1.799999999999664340e+02
1.440000000000002345e+01 7.999267035545950648e+02 1.799999999999664340e+02
1.455000000000002380e+01 7.999267035545950648e+02 1.799999999999664340e+02
1.470000000000002416e+01 7.999267035545950648e+02 1.799999999999664340e+02
1.485000000000002451e+01 7.999267035545950648e+02 1.799999999999664340e+02
1.500000000000002487e+01 7.999267035545950648e+02 1.799999999999664340e+02
1.515000000000002522e+01 7.999267035545950648e+02 1.799999999999664340e+02
1.530000000000002558e+01 7.999267035545950648e+02 1.799999999999664340e+02
1.545000000000002593e+01 7.999267035545950648e+02 1.799999999999664340e+02
1.560000000000002629e+01 7.999267035545950648e+02 1.799999999999664340e+02
1.575000000000002665e+01 7.999267035545950648e+02 1.799999999999664340e+02
1.590000000000002700e+01 7.999267035545950648e+02 1.799999999999664340e+02
