1.499999999999999944e-01 7.999965571522972141e+02 3.466063436263766562e-09
2.999999999999999889e-01 7.999965571522972141e+02 3.466063436263766562e-09
4.499999999999999556e-01 7.999965571522972141e+02 3.466063436263766562e-09
5.999999999999999778e-01 7.999965571522972141e+02 3.466063436263766562e-09
7.500000000000000000e-01 7.999965571522972141e+02 3.466063436263766562e-09
9.000000000000000222e-01 7.999965571522972141e+02 3.466063436263766562e-09
1.050000000000000044e+00 7.999965571522972141e+02 3.466063436263766562e-09
1.199999999999999956e+00 7.999965571522972141e+02 3.466063436263766562e-09
1.349999999999999867e+00 7.999965571522972141e+02 3.466063436263766562e-09
1.499999999999999778e+00 7.999965571522972141e+02 3.466063436263766562e-09
1.649999999999999689e+00 7.999965571522972141e+02 3.466063436263766562e-09
1.799999999999999600e+00 7.999965571522972141e+02 3.466063436263766562e-09
1.949999999999999512e+00 7.999965571522972141e+02 3.466063436263766562e-09
2.099999999999999645e+00 7.999990181967335729e+02 3.468055176369944093e-09
2.249999999999999556e+00 7.999990181967335729e+02 3.468055176369944093e-09
2.399999999999999467e+00 7.999990181967335729e+02 3.468055176369944093e-09
2.549999999999999378e+00 7.999990181967335729e+02 3.468055176369944093e-09
2.699999999999999289e+00 7.999990181967335729e+02 3.468055176369944093e-09
2.849999999999999201e+00 7.999990181967335729e+02 3.468055176369944093e-09
2.999999999999999112e+00 7.999990181967335729e+02 3.468055176369944093e-09
3.149999999999999023e+00 7.999990181967335729e+02 3.468055176369944093e-09
3.299999999999998934e+00 7.999990181967335729e+02 3.468055176369944093e-09
3.449999999999998845e+00 7.999990181967335729e+02 3.468055176369944093e-09
3.599999999999998757e+00 7.999990181967335729e+02 3.468055176369944093e-09
3.749999999999998668e+00 7.999990181967335729e+02 3.468055176369944093e-09
3.899999999999998579e+00 7.999990181967335729e+02 3.468055176369944093e-09
4.049999999999998934e+00 4.987330898522953930e+02 3.490742028766646854e-09
4.199999999999999289e+00 3.584752046380781962e+02 3.619179400615735176e-09
4.349999999999999645e+00 2.118441928876454483e+02 4.070927039911964584e-09
4.500000000000000000e+00 1.409042040866093828e+02 5.133123370804071328e-09
4.650000000000000355e+00 9.393147300982741399e+01 7.605392760012819053e-09
4.800000000000000711e+00 6.329577366728437937e+01 1.304658869827335366e-08
4.950000000000001066e+00 4.265961165701362034e+01 2.498001216988399165e-08
5.100000000000001421e+00 2.867401926530639145e+01 5.118857993036129983e-08
5.250000000000001776e+00 1.915017591312424727e+01 1.088830596795986594e-07
5.400000000000002132e+00 1.265304469674509846e+01 2.377258073726906673e-07
5.550000000000002487e+00 8.216260232433981514e+00 5.326222234369737407e-07
5.700000000000002842e+00 5.184469156897677067e+00 1.230149319630946536e-06
5.850000000000003197e+00 3.111125537090842386e+00 2.991786526185258310e-06
6.000000000000003553e+00 1.691241424897214074e+00 8.048877451982683340e-06
6.150000000000003908e+00 7.160593044571328392e-01 2.777018176602918942e-05
6.300000000000004263e+00 4.223093882683315314e-02 6.879236516241782340e-04
6.450000000000004619e+00 4.292887917631560413e-01 1.799999009804359957e+02
6.600000000000004974e+00 7.678079606056940065e-01 1.799999191091147850e+02
6.750000000000005329e+00 1.023086002911270498e+00 1.799999112991488062e+02
6.900000000000005684e+00 1.232647497034690787e+00 1.799998922735681219e+02
7.050000000000006040e+00 1.427297663115837167e+00 1.799998640624581014e+02
7.200000000000006395e+00 1.635650495387523051e+00 1.799998266764774826e+02
7.350000000000006750e+00 1.888335190681829090e+00 1.799997803180676499e+02
7.500000000000007105e+00 2.222499406734129934e+00 1.799997272730785767e+02
7.650000000000007461e+00 2.687271959003169286e+00 1.799996704238401719e+02
7.800000000000007816e+00 3.350989686115269706e+00 1.799996132550242010e+02
7.950000000000008171e+00 4.311255457841539851e+00 1.799995607639872617e+02
8.100000000000008527e+00 5.709318560138711973e+00 1.799995153499787079e+02
8.250000000000008882e+00 7.750927801936171591e+00 1.799994775884442504e+02
8.400000000000009237e+00 1.073682656737894803e+01 1.799994488892876632e+02
8.550000000000009592e+00 1.510769688543014411e+01 1.799994275810343254e+02
8.700000000000009948e+00 2.151103681611501628e+01 1.799994114584977467e+02
8.850000000000010303e+00 3.090318309428666765e+01 1.799994008451519676e+02
9.000000000000010658e+00 4.470737010566870850e+01 1.799993937160620590e+02
9.150000000000011013e+00 6.510046110450210222e+01 1.799993882276669126e+02
9.300000000000011369e+00 9.542345868891054295e+01 1.799993854318896354e+02
9.450000000000011724e+00 1.420155799189336960e+02 1.799993839145065806e+02
9.600000000000012079e+00 2.125360218253912876e+02 1.799993824014806023e+02
9.750000000000012434e+00 3.587342828489735780e+02 1.799993824623826413e+02
9.900000000000012790e+00 4.987528280296307912e+02 1.799993827308773291e+02
1.005000000000001315e+01 7.999990087563242014e+02 1.799993826032172990e+02
1.020000000000001350e+01 7.999990087563242014e+02 1.799993826032172990e+02
1.035000000000001386e+01 7.999990087563242014e+02 1.799993826032172990e+02
1.050000000000001421e+01 7.999990087563242014e+02 1.799993826032172990e+02
1.065000000000001457e+01 7.999990087563242014e+02 1.799993826032172990e+02
1.080000000000001492e+01 7.999990087563242014e+02 1.799993826032172990e+02
1.095000000000001528e+01 7.999990087563242014e+02 1.799993826032172990e+02
1.110000000000001563e+01 7.999990087563242014e+02 1.799993826032172990e+02
1.125000000000001599e+01 7.999990087563242014e+02 1.799993826032172990e+02
1.140000000000001634e+01 7.999990087563242014e+02 1.799993826032172990e+02
1.155000000000001670e+01 7.999990087563242014e+02 1.799993826032172990e+02
1.170000000000001705e+01 7.999990087563242014e+02 1.799993826032172990e+02
1.185000000000001741e+01 7.999990087563242014e+02 1.799993826032172990e+02
1.200000000000001776e+01 7.999990087563242014e+02 1.799993826032172990e+02
1.215000000000001812e+01 7.999990087563242014e+02 1.799993826032172990e+02
1.230000000000001847e+01 7.999990087563242014e+02 1.799993826032172990e+02
1.245000000000001883e+01 7.999990087563242014e+02 1.799993826032172990e+02
1.260000000000001918e+01 7.999990087563242014e+02 1.799993826032172990e+02
1.275000000000001954e+01 7.999990087563242014e+02 1.799993826032172990e+02
1.290000000000001990e+01 7.999990087563242014e+02 1.799993826032172990e+02
1.305000000000002025e+01 7.999965233848304251e+02 1.799993831182744088e+02
1.320000000000002061e+01 7.999965233848304251e+02 1.799993831182744088e+02
1.335000000000002096e+01 7.999965233848304251e+02 1.799993831182744088e+02
1.350000000000002132e+01 7.999965233848304251e+02 1.799993831182744088e+02
1.365000000000002167e+01 7.999965233848304251e+02 1.799993831182744088e+02
1.380000000000002203e+01 7.999965233848304251e+02 1.799993831182744088e+02
1.395000000000002238e+01 7.999965233848304251e+02 1.799993831182744088e+02
1.410000000000002274e+01 7.999965233848304251e+02 1.799993831182744088e+02
1.425000000000002309e+01 7.999965233848304251e+02 1.799993831182744088e+02
1.440000000000002345e+01 7.999965233848304251e+02 1.799993831182744088e+02
1.455000000000002380e+01 7.999965233848304251e+02 1.799993831182744088e+02
1.470000000000002416e+01 7.999965233848304251e+02 1.799993831182744088e+02
1.485000000000002451e+01 7.999965233848304251e+02 1.799993831182744088e+02
1.500000000000002487e+01 7.999965233848304251e+02 1.799993831182744088e+02
1.515000000000002522e+01 7.999965233848304251e+02 1.799993831182744088e+02
1.530000000000002558e+01 7.999965233848304251e+02 1.799993831182744088e+02
1.545000000000002593e+01 7.999965233848304251e+02 1.799993831182744088e+02
1.560000000000002629e+01 7.999965233848304251e+02 1.799993831182744088e+02
1.575000000000002665e+01 7.999965233848304251e+02 1.799993831182744088e+02
1.590000000000002700e+01 7.999965233848304251e+02 1.799993831182744088e+02
