1.499999999999999944e-01 7.997716868981556217e+02 1.192593694090415823e-04
2.999999999999999889e-01 7.997716868981556217e+02 1.192593694090415823e-04
4.499999999999999556e-01 7.997716868981556217e+02 1.192593694090415823e-04
5.999999999999999778e-01 7.997716868981556217e+02 1.192593694090415823e-04
7.500000000000000000e-01 7.997716868981556217e+02 1.192593694090415823e-04
9.000000000000000222e-01 7.997716868981556217e+02 1.192593694090415823e-04
1.050000000000000044e+00 7.997716868981556217e+02 1.192593694090415823e-04
1.199999999999999956e+00 7.997716868981556217e+02 1.192593694090415823e-04
1.349999999999999867e+00 7.997716868981556217e+02 1.192593694090415823e-04
1.499999999999999778e+00 7.997716868981556217e+02 1.192593694090415823e-04
1.649999999999999689e+00 7.997716868981556217e+02 1.192593694090415823e-04
1.799999999999999600e+00 7.997716868981556217e+02 1.192593694090415823e-04
1.949999999999999512e+00 7.997716868981556217e+02 1.192593694090415823e-04
2.099999999999999645e+00 7.998873305971071659e+02 1.191586668128907789e-04
2.249999999999999556e+00 7.998873305971071659e+02 1.191586668128907789e-04
2.399999999999999467e+00 7.998873305971071659e+02 1.191586668128907789e-04
2.549999999999999378e+00 7.998873305971071659e+02 1.191586668128907789e-04
2.699999999999999289e+00 7.998873305971071659e+02 1.191586668128907789e-04
2.849999999999999201e+00 7.998873305971071659e+02 1.191586668128907789e-04
2.999999999999999112e+00 7.998873305971071659e+02 1.191586668128907789e-04
3.149999999999999023e+00 7.998873305971071659e+02 1.191586668128907789e-04
3.299999999999998934e+00 7.998873305971071659e+02 1.191586668128907789e-04
3.449999999999998845e+00 7.998873305971071659e+02 1.191586668128907789e-04
3.599999999999998757e+00 7.998873305971071659e+02 1.191586668128907789e-04
3.749999999999998668e+00 7.998873305971071659e+02 1.191586668128907789e-04
3.899999999999998579e+00 7.998873305971071659e+02 1.191586668128907789e-04
4.049999999999998934e+00 4.462585411235072570e+02 1.192445624430549245e-04
4.199999999999999289e+00 2.219032518926233024e+02 1.196454698696447494e-04
4.349999999999999645e+00 7.643805215379605045e+01 1.201357280786741200e-04
4.500000000000000000e+00 2.979815615536383433e+01 1.212803920772609345e-04
4.650000000000000355e+00 1.092529033443570086e+01 1.247689097554349758e-04
4.800000000000000711e+00 3.888955828842824758e+00 1.339221071684493225e-04
4.950000000000001066e+00 1.192315411026243055e+00 1.660186277903097363e-04
5.100000000000001421e+00 1.687444560384392389e-01 4.476591395009554830e-04
5.250000000000001776e+00 2.210825291674609616e-01 1.799998699817841157e+02
5.400000000000002132e+00 3.693739293273665680e-01 1.799999703809466780e+02
5.550000000000002487e+00 4.258075423216496347e-01 1.799999901997361178e+02
5.700000000000002842e+00 4.472807829852172290e-01 1.799999964491890410e+02
5.850000000000003197e+00 4.554518554065225544e-01 1.799999986728566057e+02
6.000000000000003553e+00 4.585610892164595498e-01 1.799999994972106663e+02
6.150000000000003908e+00 4.597442212260602901e-01 1.799999998091375915e+02
6.300000000000004263e+00 4.601944491416816163e-01 1.799999999274314177e+02
6.450000000000004619e+00 4.603658333902558297e-01 1.799999999723300732e+02
6.600000000000004974e+00 4.604312172581330742e-01 1.799999999894705525e+02
6.750000000000005329e+00 4.604565406028768848e-01 1.799999999959927379e+02
6.900000000000005684e+00 4.604673427809302666e-01 1.799999999984715942e+02
7.050000000000006040e+00 4.604745176617370817e-01 1.799999999994182645e+02
7.200000000000006395e+00 4.604853013717047361e-01 1.799999999997786517e+02
7.350000000000006750e+00 4.605105694892017709e-01 1.799999999999153317e+02
7.500000000000007105e+00 4.605758047273411648e-01 1.799999999999669171e+02
7.650000000000007461e+00 4.607467979599277896e-01 1.799999999999853628e+02
7.800000000000007816e+00 4.611959975630952613e-01 1.799999999999891429e+02
7.950000000000008171e+00 4.623764275678468039e-01 1.799999999999818954e+02
8.100000000000008527e+00 4.654785598972921434e-01 1.799999999999567706e+02
8.250000000000008882e+00 4.736309702884682338e-01 1.799999999998901501e+02
8.400000000000009237e+00 4.950551683308503925e-01 1.799999999997249915e+02
8.550000000000009592e+00 5.513599035884908517e-01 1.799999999993535198e+02
8.700000000000009948e+00 6.993126727514891172e-01 1.799999999986594048e+02
8.850000000000010303e+00 1.088249997548302872e+00 1.799999999977425773e+02
9.000000000000010658e+00 2.109485870965102094e+00 1.799999999969504074e+02
9.150000000000011013e+00 4.800001310498615226e+00 1.799999999964705921e+02
9.300000000000011369e+00 1.182038418748815189e+01 1.799999999962595609e+02
9.450000000000011724e+00 3.065183603821085967e+01 1.799999999961791559e+02
9.600000000000012079e+00 7.718980592017787501e+01 1.799999999961398771e+02
9.750000000000012434e+00 2.224076278574185608e+02 1.799999999961390813e+02
9.900000000000012790e+00 4.463702711440410553e+02 1.799999999961434298e+02
1.005000000000001315e+01 7.998878293679741773e+02 1.799999999961409287e+02
1.020000000000001350e+01 7.998878293679741773e+02 1.799999999961409287e+02
1.035000000000001386e+01 7.998878293679741773e+02 1.799999999961409287e+02
1.050000000000001421e+01 7.998878293679741773e+02 1.799999999961409287e+02
1.065000000000001457e+01 7.998878293679741773e+02 1.799999999961409287e+02
1.080000000000001492e+01 7.998878293679741773e+02 1.799999999961409287e+02
1.095000000000001528e+01 7.998878293679741773e+02 1.799999999961409287e+02
1.110000000000001563e+01 7.998878293679741773e+02 1.799999999961409287e+02
1.125000000000001599e+01 7.998878293679741773e+02 1.799999999961409287e+02
1.140000000000001634e+01 7.998878293679741773e+02 1.799999999961409287e+02
1.155000000000001670e+01 7.998878293679741773e+02 1.799999999961409287e+02
1.170000000000001705e+01 7.998878293679741773e+02 1.799999999961409287e+02
1.185000000000001741e+01 7.998878293679741773e+02 1.799999999961409287e+02
1.200000000000001776e+01 7.998878293679741773e+02 1.799999999961409287e+02
1.215000000000001812e+01 7.998878293679741773e+02 1.799999999961409287e+02
1.230000000000001847e+01 7.998878293679741773e+02 1.799999999961409287e+02
1.245000000000001883e+01 7.998878293679741773e+02 1.799999999961409287e+02
1.260000000000001918e+01 7.998878293679741773e+02 1.799999999961409287e+02
1.275000000000001954e+01 7.998878293679741773e+02 1.799999999961409287e+02
1.290000000000001990e+01 7.998878293679741773e+02 1.799999999961409287e+02
1.305000000000002025e+01 7.997726185143593511e+02 1.799999999961494836e+02
1.320000000000002061e+01 7.997726185143593511e+02 1.799999999961494836e+02
1.335000000000002096e+01 7.997726185143593511e+02 1.799999999961494836e+02
1.350000000000002132e+01 7.997726185143593511e+02 1.799999999961494836e+02
1.365000000000002167e+01 7.997726185143593511e+02 1.799999999961494836e+02
1.380000000000002203e+01 7.997726185143593511e+02 1.799999999961494836e+02
1.395000000000002238e+01 7.997726185143593511e+02 1.799999999961494836e+02
1.410000000000002274e+01 7.997726185143593511e+02 1.799999999961494836e+02
1.425000000000002309e+01 7.997726185143593511e+02 1.799999999961494836e+02
1.440000000000002345e+01 7.997726185143593511e+02 1.799999999961494836e+02
1.455000000000002380e+01 7.997726185143593511e+02 1.799999999961494836e+02
1.470000000000002416e+01 7.997726185143593511e+02 1.799999999961494836e+02
1.485000000000002451e+01 7.997726185143593511e+02 1.799999999961494836e+02
1.500000000000002487e+01 7.997726185143593511e+02 1.799999999961494836e+02
1.515000000000002522e+01 7.997726185143593511e+02 1.799999999961494836e+02
1.530000000000002558e+01 7.997726185143593511e+02 1.799999999961494836e+02
1.545000000000002593e+01 7.997726185143593511e+02 1.799999999961494836e+02
1.560000000000002629e+01 7.997726185143593511e+02 1.799999999961494836e+02
1.575000000000002665e+01 7.997726185143593511e+02 1.799999999961494836e+02
1.590000000000002700e+01 7.997726185143593511e+02 1.799999999961494836e+02
