1.499999999999999944e-01 7.999429045518675139e+02 4.261393440483224992e+00
2.999999999999999889e-01 7.999429045518675139e+02 4.261393440483224992e+00
4.499999999999999556e-01 7.999429045518675139e+02 4.261393440483224992e+00
5.999999999999999778e-01 7.999429045518675139e+02 4.261393440483224992e+00
7.500000000000000000e-01 7.999429045518675139e+02 4.261393440483224992e+00
9.000000000000000222e-01 7.999429045518675139e+02 4.261393440483224992e+00
1.050000000000000044e+00 7.999429045518675139e+02 4.261393440483224992e+00
1.199999999999999956e+00 7.999429045518675139e+02 4.261393440483224992e+00
1.349999999999999867e+00 7.999429045518675139e+02 4.261393440483224992e+00
1.499999999999999778e+00 7.999429045518675139e+02 4.261393440483224992e+00
1.649999999999999689e+00 7.999429045518675139e+02 4.261393440483224992e+00
1.799999999999999600e+00 7.999429045518675139e+02 4.261393440483224992e+00
1.949999999999999512e+00 7.999429045518675139e+02 4.261393440483224992e+00
2.099999999999999645e+00 7.999764871123306875e+02 4.261560244783984430e+00
2.249999999999999556e+00 7.999764871123306875e+02 4.261560244783984430e+00
2.399999999999999467e+00 7.999764871123306875e+02 4.261560244783984430e+00
2.549999999999999378e+00 7.999764871123306875e+02 4.261560244783984430e+00
2.699999999999999289e+00 7.999764871123306875e+02 4.261560244783984430e+00
2.849999999999999201e+00 7.999764871123306875e+02 4.261560244783984430e+00
2.999999999999999112e+00 7.999764871123306875e+02 4.261560244783984430e+00
3.149999999999999023e+00 7.999764871123306875e+02 4.261560244783984430e+00
3.299999999999998934e+00 7.999764871123306875e+02 4.261560244783984430e+00
3.449999999999998845e+00 7.999764871123306875e+02 4.261560244783984430e+00
3.599999999999998757e+00 7.999764871123306875e+02 4.261560244783984430e+00
3.749999999999998668e+00 7.999764871123306875e+02 4.261560244783984430e+00
3.899999999999998579e+00 7.999764871123306875e+02 4.261560244783984430e+00
4.049999999999998934e+00 4.711492376963111610e+02 4.264946018619505175e+00
4.199999999999999289e+00 2.691528672159355438e+02 4.274837045578673056e+00
4.349999999999999645e+00 1.109239825766518095e+02 4.303294238379374193e+00
4.500000000000000000e+00 5.084638050023659162e+01 4.362945913759261884e+00
4.650000000000000355e+00 2.216914891543532917e+01 4.506031358002752008e+00
4.800000000000000711e+00 9.365536180749771233e+00 4.851761800036757499e+00
4.950000000000001066e+00 3.528816092240575131e+00 5.842001205611223824e+00
5.100000000000001421e+00 8.879343824139027674e-01 1.058079446747230712e+01
5.250000000000001776e+00 3.328953729635486525e-01 1.671598490534201744e+02
5.400000000000002132e+00 8.684828798245689541e-01 1.777847194913349256e+02
5.550000000000002487e+00 1.114459215593058161e+00 1.792167090343552047e+02
5.700000000000002842e+00 1.226234498724977584e+00 1.796769731143865272e+02
5.850000000000003197e+00 1.276976631368142989e+00 1.798592454066711639e+02
6.000000000000003553e+00 1.300005594484673566e+00 1.799372527451134260e+02
6.150000000000003908e+00 1.310456593096432698e+00 1.799717542863572248e+02
6.300000000000004263e+00 1.315200364275312950e+00 1.799872291853432671e+02
6.450000000000004619e+00 1.317355977827503466e+00 1.799942136850555983e+02
6.600000000000004974e+00 1.318340845142245144e+00 1.799973763080912477e+02
6.750000000000005329e+00 1.318802576108623725e+00 1.799988098653872441e+02
6.900000000000005684e+00 1.319044790274745083e+00 1.799994599785307230e+02
7.050000000000006040e+00 1.319226760748676952e+00 1.799997549885138426e+02
7.200000000000006395e+00 1.319468146211079329e+00 1.799998888415927922e+02
7.350000000000006750e+00 1.319927675610529150e+00 1.799999495703697789e+02
7.500000000000007105e+00 1.320907523146161111e+00 1.799999771335458263e+02
7.650000000000007461e+00 1.323052011004278938e+00 1.799999896407182405e+02
7.800000000000007816e+00 1.327771297690730989e+00 1.799999953153413514e+02
7.950000000000008171e+00 1.338168663594956342e+00 1.799999978907616196e+02
8.100000000000008527e+00 1.361081136000819924e+00 1.799999990590041250e+02
8.250000000000008882e+00 1.411575433881182562e+00 1.799999995882229769e+02
8.400000000000009237e+00 1.522854858735399830e+00 1.799999998268021670e+02
8.550000000000009592e+00 1.768097624732774875e+00 1.799999999323094357e+02
8.700000000000009948e+00 2.308545699386826300e+00 1.799999999764718268e+02
8.850000000000010303e+00 3.499770693386125231e+00 1.799999999929578109e+02
9.000000000000010658e+00 6.123863740625871799e+00 1.799999999981735641e+02
9.150000000000011013e+00 1.191586624476056500e+01 1.799999999995739870e+02
9.300000000000011369e+00 2.462135255789981869e+01 1.799999999999058389e+02
9.450000000000011724e+00 5.308947169553793799e+01 1.799999999999800195e+02
9.600000000000012079e+00 1.127527219295152605e+02 1.799999999999951399e+02
9.750000000000012434e+00 2.701943598125270682e+02 1.799999999999988063e+02
9.900000000000012790e+00 4.713085982573711021e+02 1.799999999999989768e+02
1.005000000000001315e+01 7.999769873875627582e+02 1.799999999999992895e+02
1.020000000000001350e+01 7.999769873875627582e+02 1.799999999999992895e+02
1.035000000000001386e+01 7.999769873875627582e+02 1.799999999999992895e+02
1.050000000000001421e+01 7.999769873875627582e+02 1.799999999999992895e+02
1.065000000000001457e+01 7.999769873875627582e+02 1.799999999999992895e+02
1.080000000000001492e+01 7.999769873875627582e+02 1.799999999999992895e+02
1.095000000000001528e+01 7.999769873875627582e+02 1.799999999999992895e+02
1.110000000000001563e+01 7.999769873875627582e+02 1.799999999999992895e+02
1.125000000000001599e+01 7.999769873875627582e+02 1.799999999999992895e+02
1.140000000000001634e+01 7.999769873875627582e+02 1.799999999999992895e+02
1.155000000000001670e+01 7.999769873875627582e+02 1.799999999999992895e+02
1.170000000000001705e+01 7.999769873875627582e+02 1.799999999999992895e+02
1.185000000000001741e+01 7.999769873875627582e+02 1.799999999999992895e+02
1.200000000000001776e+01 7.999769873875627582e+02 1.799999999999992895e+02
1.215000000000001812e+01 7.999769873875627582e+02 1.799999999999992895e+02
1.230000000000001847e+01 7.999769873875627582e+02 1.799999999999992895e+02
1.245000000000001883e+01 7.999769873875627582e+02 1.799999999999992895e+02
1.260000000000001918e+01 7.999769873875627582e+02 1.799999999999992895e+02
1.275000000000001954e+01 7.999769873875627582e+02 1.799999999999992895e+02
1.290000000000001990e+01 7.999769873875627582e+02 1.799999999999992895e+02
1.305000000000002025e+01 7.999440788823297908e+02 1.799999999999992610e+02
1.320000000000002061e+01 7.999440788823297908e+02 1.799999999999992610e+02
1.335000000000002096e+01 7.999440788823297908e+02 1.799999999999992610e+02
1.350000000000002132e+01 7.999440788823297908e+02 1.799999999999992610e+02
1.365000000000002167e+01 7.999440788823297908e+02 1.799999999999992610e+02
1.380000000000002203e+01 7.999440788823297908e+02 1.799999999999992610e+02
1.395000000000002238e+01 7.999440788823297908e+02 1.799999999999992610e+02
1.410000000000002274e+01 7.999440788823297908e+02 1.799999999999992610e+02
1.425000000000002309e+01 7.999440788823297908e+02 1.799999999999992610e+02
1.440000000000002345e+01 7.999440788823297908e+02 1.799999999999992610e+02
1.455000000000002380e+01 7.999440788823297908e+02 1.799999999999992610e+02
1.470000000000002416e+01 7.999440788823297908e+02 1.799999999999992610e+02
1.485000000000002451e+01 7.999440788823297908e+02 1.799999999999992610e+02
1.500000000000002487e+01 7.999440788823297908e+02 1.799999999999992610e+02
1.515000000000002522e+01 7.999440788823297908e+02 1.799999999999992610e+02
1.530000000000002558e+01 7.999440788823297908e+02 1.799999999999992610e+02
1.545000000000002593e+01 7.999440788823297908e+02 1.799999999999992610e+02
1.560000000000002629e+01 7.999440788823297908e+02 1.799999999999992610e+02
1.575000000000002665e+01 7.999440788823297908e+02 1.799999999999992610e+02
1.590000000000002700e+01 7.999440788823297908e+02 1.799999999999992610e+02
