1.499999999999999944e-01 7.999995801909441298e+02 2.299895928361398134e+01
2.999999999999999889e-01 7.999995801909441298e+02 2.299895928361398134e+01
4.499999999999999556e-01 7.999995801909441298e+02 2.299895928361398134e+01
5.999999999999999778e-01 7.999995801909441298e+02 2.299895928361398134e+01
7.500000000000000000e-01 7.999995801909441298e+02 2.299895928361398134e+01
9.000000000000000222e-01 7.999995801909441298e+02 2.299895928361398134e+01
1.050000000000000044e+00 7.999995801909441298e+02 2.299895928361398134e+01
1.199999999999999956e+00 7.999995801909441298e+02 2.299895928361398134e+01
1.349999999999999867e+00 7.999995801909441298e+02 2.299895928361398134e+01
1.499999999999999778e+00 7.999995801909441298e+02 2.299895928361398134e+01
1.649999999999999689e+00 7.999995801909441298e+02 2.299895928361398134e+01
1.799999999999999600e+00 7.999995801909441298e+02 2.299895928361398134e+01
1.949999999999999512e+00 7.999995801909441298e+02 2.299895928361398134e+01
2.099999999999999645e+00 7.999999090004811251e+02 2.303123901577503219e+01
2.249999999999999556e+00 7.999999090004811251e+02 2.303123901577503219e+01
2.399999999999999467e+00 7.999999090004811251e+02 2.303123901577503219e+01
2.549999999999999378e+00 7.999999090004811251e+02 2.303123901577503219e+01
2.699999999999999289e+00 7.999999090004811251e+02 2.303123901577503219e+01
2.849999999999999201e+00 7.999999090004811251e+02 2.303123901577503219e+01
2.999999999999999112e+00 7.999999090004811251e+02 2.303123901577503219e+01
3.149999999999999023e+00 7.999999090004811251e+02 2.303123901577503219e+01
3.299999999999998934e+00 7.999999090004811251e+02 2.303123901577503219e+01
3.449999999999998845e+00 7.999999090004811251e+02 2.303123901577503219e+01
3.599999999999998757e+00 7.999999090004811251e+02 2.303123901577503219e+01
3.749999999999998668e+00 7.999999090004811251e+02 2.303123901577503219e+01
3.899999999999998579e+00 7.999999090004811251e+02 2.303123901577503219e+01
4.049999999999998934e+00 5.084466997156793013e+02 2.320374942773960925e+01
4.199999999999999289e+00 4.131942103336431273e+02 2.405539811135159667e+01
4.349999999999999645e+00 3.099727114227708853e+02 2.627225583812743537e+01
4.500000000000000000e+00 2.704126941013875580e+02 2.942382299858447325e+01
4.650000000000000355e+00 2.474850120227015111e+02 3.346056128843724764e+01
4.800000000000000711e+00 2.346717361264211092e+02 3.806712331726114229e+01
4.950000000000001066e+00 2.271453465694472129e+02 4.304612643722914811e+01
5.100000000000001421e+00 2.227205850268436222e+02 4.823240364523839929e+01
5.250000000000001776e+00 2.201485239721298228e+02 5.351324434591662538e+01
5.400000000000002132e+00 2.187100235547648595e+02 5.881144738298703345e+01
5.550000000000002487e+00 2.179718671503698317e+02 6.407597046731444834e+01
5.700000000000002842e+00 2.176679113712685307e+02 6.927349662653281825e+01
5.850000000000003197e+00 2.176321681919910418e+02 7.438264624171340245e+01
6.000000000000003553e+00 2.177601424114889994e+02 7.939000402570650294e+01
6.150000000000003908e+00 2.179856300769613995e+02 8.428749458393855321e+01
6.300000000000004263e+00 2.182665124630808862e+02 8.907067323744381326e+01
6.450000000000004619e+00 2.185759413239020148e+02 9.373760546520725256e+01
6.600000000000004974e+00 2.188968318335161882e+02 9.828813153769191047e+01
6.750000000000005329e+00 2.192184204502806892e+02 1.027233842337299023e+02
6.900000000000005684e+00 2.195341333747392980e+02 1.070454534451500024e+02
7.050000000000006040e+00 2.198403088751548751e+02 1.112571481232515112e+02
7.200000000000006395e+00 2.201355102963372303e+02 1.153618246614643823e+02
7.350000000000006750e+00 2.204202990603909598e+02 1.193632413608004725e+02
7.500000000000007105e+00 2.206974436713658747e+02 1.232654273383298573e+02
7.650000000000007461e+00 2.209726500952018853e+02 1.270725540092134622e+02
7.800000000000007816e+00 2.212560337722843542e+02 1.307887750961631923e+02
7.950000000000008171e+00 2.215647536454412716e+02 1.344180138646433420e+02
8.100000000000008527e+00 2.219275541139170969e+02 1.379636596744605015e+02
8.250000000000008882e+00 2.223925080510025794e+02 1.414280936382785967e+02
8.400000000000009237e+00 2.230402067590159163e+02 1.448119411117023105e+02
8.550000000000009592e+00 2.240063683530968319e+02 1.481128861095461673e+02
8.700000000000009948e+00 2.255210017376775511e+02 1.513237730419655804e+02
8.850000000000010303e+00 2.279780328506950298e+02 1.544296713443309272e+02
9.000000000000010658e+00 2.320604037537084992e+02 1.574033078284305134e+02
9.150000000000011013e+00 2.389957045285937056e+02 1.601995252887602419e+02
9.300000000000011369e+00 2.509787936665430550e+02 1.627449508300382206e+02
9.450000000000011724e+00 2.728979171246328406e+02 1.649467898066069438e+02
9.600000000000012079e+00 3.114064980041417812e+02 1.666466571636759681e+02
9.750000000000012434e+00 4.136414390824194243e+02 1.678241241640241697e+02
9.900000000000012790e+00 5.084697835026103689e+02 1.682678424757010873e+02
1.005000000000001315e+01 7.999999090874746344e+02 1.683531979619597223e+02
1.020000000000001350e+01 7.999999090874746344e+02 1.683531979619597223e+02
1.035000000000001386e+01 7.999999090874746344e+02 1.683531979619597223e+02
1.050000000000001421e+01 7.999999090874746344e+02 1.683531979619597223e+02
1.065000000000001457e+01 7.999999090874746344e+02 1.683531979619597223e+02
1.080000000000001492e+01 7.999999090874746344e+02 1.683531979619597223e+02
1.095000000000001528e+01 7.999999090874746344e+02 1.683531979619597223e+02
1.110000000000001563e+01 7.999999090874746344e+02 1.683531979619597223e+02
1.125000000000001599e+01 7.999999090874746344e+02 1.683531979619597223e+02
1.140000000000001634e+01 7.999999090874746344e+02 1.683531979619597223e+02
1.155000000000001670e+01 7.999999090874746344e+02 1.683531979619597223e+02
1.170000000000001705e+01 7.999999090874746344e+02 1.683531979619597223e+02
1.185000000000001741e+01 7.999999090874746344e+02 1.683531979619597223e+02
1.200000000000001776e+01 7.999999090874746344e+02 1.683531979619597223e+02
1.215000000000001812e+01 7.999999090874746344e+02 1.683531979619597223e+02
1.230000000000001847e+01 7.999999090874746344e+02 1.683531979619597223e+02
1.245000000000001883e+01 7.999999090874746344e+02 1.683531979619597223e+02
1.260000000000001918e+01 7.999999090874746344e+02 1.683531979619597223e+02
1.275000000000001954e+01 7.999999090874746344e+02 1.683531979619597223e+02
1.290000000000001990e+01 7.999999090874746344e+02 1.683531979619597223e+02
1.305000000000002025e+01 7.999995804256330985e+02 1.683695809739525941e+02
1.320000000000002061e+01 7.999995804256330985e+02 1.683695809739525941e+02
1.335000000000002096e+01 7.999995804256330985e+02 1.683695809739525941e+02
1.350000000000002132e+01 7.999995804256330985e+02 1.683695809739525941e+02
1.365000000000002167e+01 7.999995804256330985e+02 1.683695809739525941e+02
1.380000000000002203e+01 7.999995804256330985e+02 1.683695809739525941e+02
1.395000000000002238e+01 7.999995804256330985e+02 1.683695809739525941e+02
1.410000000000002274e+01 7.999995804256330985e+02 1.683695809739525941e+02
1.425000000000002309e+01 7.999995804256330985e+02 1.683695809739525941e+02
1.440000000000002345e+01 7.999995804256330985e+02 1.683695809739525941e+02
1.455000000000002380e+01 7.999995804256330985e+02 1.683695809739525941e+02
1.470000000000002416e+01 7.999995804256330985e+02 1.683695809739525941e+02
1.485000000000002451e+01 7.999995804256330985e+02 1.683695809739525941e+02
1.500000000000002487e+01 7.999995804256330985e+02 1.683695809739525941e+02
1.515000000000002522e+01 7.999995804256330985e+02 1.683695809739525941e+02
1.530000000000002558e+01 7.999995804256330985e+02 1.683695809739525941e+02
1.545000000000002593e+01 7.999995804256330985e+02 1.683695809739525941e+02
1.560000000000002629e+01 7.999995804256330985e+02 1.683695809739525941e+02
1.575000000000002665e+01 7.999995804256330985e+02 1.683695809739525941e+02
1.590000000000002700e+01 7.999995804256330985e+02 1.683695809739525941e+02
