1.499999999999999944e-01 7.999264274602206797e+02 4.802002850912145959e-08
2.999999999999999889e-01 7.999264274602206797e+02 4.802002850912145959e-08
4.499999999999999556e-01 7.999264274602206797e+02 4.802002850912145959e-08
5.999999999999999778e-01 7.999264274602206797e+02 4.802002850912145959e-08
7.500000000000000000e-01 7.999264274602206797e+02 4.802002850912145959e-08
9.000000000000000222e-01 7.999264274602206797e+02 4.802002850912145959e-08
1.050000000000000044e+00 7.999264274602206797e+02 4.802002850912145959e-08
1.199999999999999956e+00 7.999264274602206797e+02 4.802002850912145959e-08
1.349999999999999867e+00 7.999264274602206797e+02 4.802002850912145959e-08
1.499999999999999778e+00 7.999264274602206797e+02 4.802002850912145959e-08
1.649999999999999689e+00 7.999264274602206797e+02 4.802002850912145959e-08
1.799999999999999600e+00 7.999264274602206797e+02 4.802002850912145959e-08
1.949999999999999512e+00 7.999264274602206797e+02 4.802002850912145959e-08
2.099999999999999645e+00 7.999686470444567021e+02 4.795703745230639470e-08
2.249999999999999556e+00 7.999686470444567021e+02 4.795703745230639470e-08
2.399999999999999467e+00 7.999686470444567021e+02 4.795703745230639470e-08
2.549999999999999378e+00 7.999686470444567021e+02 4.795703745230639470e-08
2.699999999999999289e+00 7.999686470444567021e+02 4.795703745230639470e-08
2.849999999999999201e+00 7.999686470444567021e+02 4.795703745230639470e-08
2.999999999999999112e+00 7.999686470444567021e+02 4.795703745230639470e-08
3.149999999999999023e+00 7.999686470444567021e+02 4.795703745230639470e-08
3.299999999999998934e+00 7.999686470444567021e+02 4.795703745230639470e-08
3.449999999999998845e+00 7.999686470444567021e+02 4.795703745230639470e-08
3.599999999999998757e+00 7.999686470444567021e+02 4.795703745230639470e-08
3.749999999999998668e+00 7.999686470444567021e+02 4.795703745230639470e-08
3.899999999999998579e+00 7.999686470444567021e+02 4.795703745230639470e-08
4.049999999999998934e+00 4.672280620250076595e+02 4.799398256594145096e-08
4.199999999999999289e+00 2.606213341034402902e+02 4.819442134262885702e-08
4.349999999999999645e+00 1.042935117142864669e+02 4.830891908724765926e-08
4.500000000000000000e+00 4.676763264023728794e+01 4.851868395938652156e-08
4.650000000000000355e+00 2.015872129088798204e+01 4.916792095688293784e-08
4.800000000000000711e+00 8.678219791327251187e+00 5.026304517041779718e-08
4.950000000000001066e+00 3.614706762875599111e+00 5.292980775895017587e-08
5.100000000000001421e+00 1.396505019049044449e+00 6.036483091165223414e-08
5.250000000000001776e+00 4.226583277612689926e-01 8.755303682050907810e-08
5.400000000000002132e+00 4.595231686835177243e-03 1.799999964638839458e+02
5.550000000000002487e+00 1.920833289743768546e-01 1.799999999626852230e+02
5.700000000000002842e+00 2.743516095338236482e-01 1.799999999884493604e+02
5.850000000000003197e+00 3.104510818275230122e-01 1.799999999953541590e+02
6.000000000000003553e+00 3.262915906252601417e-01 1.799999999976954257e+02
6.150000000000003908e+00 3.332426774113628198e-01 1.799999999982126440e+02
6.300000000000004263e+00 3.362934564847819274e-01 1.799999999974262153e+02
6.450000000000004619e+00 3.376336173760137171e-01 1.799999999947936260e+02
6.600000000000004974e+00 3.382250568183735595e-01 1.799999999884554711e+02
6.750000000000005329e+00 3.384922783951651581e-01 1.799999999738784027e+02
6.900000000000005684e+00 3.386270799620660910e-01 1.799999999405304152e+02
7.050000000000006040e+00 3.387262148171430454e-01 1.799999998647615769e+02
7.200000000000006395e+00 3.388608369544954257e-01 1.799999996924447885e+02
7.350000000000006750e+00 3.391275705726002343e-01 1.799999992994492288e+02
7.500000000000007105e+00 3.397178633415478544e-01 1.799999984089142231e+02
7.650000000000007461e+00 3.410553963952906997e-01 1.799999963942397869e+02
7.800000000000007816e+00 3.441001795362126359e-01 1.799999918529994147e+02
7.950000000000008171e+00 3.510375997618666588e-01 1.799999818306689576e+02
8.100000000000008527e+00 3.668469622805332619e-01 1.799999604435371623e+02
8.250000000000008882e+00 4.028754566464840536e-01 1.799999178906107034e+02
8.400000000000009237e+00 4.849819992574566641e-01 1.799998448160274336e+02
8.550000000000009592e+00 6.721015940389634125e-01 1.799997452284405597e+02
8.700000000000009948e+00 1.098515851004492561e+00 1.799996446717615015e+02
8.850000000000010303e+00 2.070452205820515701e+00 1.799995710410525191e+02
9.000000000000010658e+00 4.284313986201297553e+00 1.799995284786624552e+02
9.150000000000011013e+00 9.337998147981693364e+00 1.799995064348508720e+02
9.300000000000011369e+00 2.079647874081928194e+01 1.799994970335246478e+02
9.450000000000011724e+00 4.735669172628440293e+01 1.799994932363097746e+02
9.600000000000012079e+00 1.047818798497487052e+02 1.799994910358724951e+02
9.750000000000012434e+00 2.609088460683610720e+02 1.799994910458896697e+02
9.900000000000012790e+00 4.672751644117038836e+02 1.799994913281563242e+02
1.005000000000001315e+01 7.999684976154554761e+02 1.799994911759754928e+02
1.020000000000001350e+01 7.999684976154554761e+02 1.799994911759754928e+02
1.035000000000001386e+01 7.999684976154554761e+02 1.799994911759754928e+02
1.050000000000001421e+01 7.999684976154554761e+02 1.799994911759754928e+02
1.065000000000001457e+01 7.999684976154554761e+02 1.799994911759754928e+02
1.080000000000001492e+01 7.999684976154554761e+02 1.799994911759754928e+02
1.095000000000001528e+01 7.999684976154554761e+02 1.799994911759754928e+02
1.110000000000001563e+01 7.999684976154554761e+02 1.799994911759754928e+02
1.125000000000001599e+01 7.999684976154554761e+02 1.799994911759754928e+02
1.140000000000001634e+01 7.999684976154554761e+02 1.799994911759754928e+02
1.155000000000001670e+01 7.999684976154554761e+02 1.799994911759754928e+02
1.170000000000001705e+01 7.999684976154554761e+02 1.799994911759754928e+02
1.185000000000001741e+01 7.999684976154554761e+02 1.799994911759754928e+02
1.200000000000001776e+01 7.999684976154554761e+02 1.799994911759754928e+02
1.215000000000001812e+01 7.999684976154554761e+02 1.799994911759754928e+02
1.230000000000001847e+01 7.999684976154554761e+02 1.799994911759754928e+02
1.245000000000001883e+01 7.999684976154554761e+02 1.799994911759754928e+02
1.260000000000001918e+01 7.999684976154554761e+02 1.799994911759754928e+02
1.275000000000001954e+01 7.999684976154554761e+02 1.799994911759754928e+02
1.290000000000001990e+01 7.999684976154554761e+02 1.799994911759754928e+02
1.305000000000002025e+01 7.999260620663973214e+02 1.799994917395383709e+02
1.320000000000002061e+01 7.999260620663973214e+02 1.799994917395383709e+02
1.335000000000002096e+01 7.999260620663973214e+02 1.799994917395383709e+02
1.350000000000002132e+01 7.999260620663973214e+02 1.799994917395383709e+02
1.365000000000002167e+01 7.999260620663973214e+02 1.799994917395383709e+02
1.380000000000002203e+01 7.999260620663973214e+02 1.799994917395383709e+02
1.395000000000002238e+01 7.999260620663973214e+02 1.799994917395383709e+02
1.410000000000002274e+01 7.999260620663973214e+02 1.799994917395383709e+02
1.425000000000002309e+01 7.999260620663973214e+02 1.799994917395383709e+02
1.440000000000002345e+01 7.999260620663973214e+02 1.799994917395383709e+02
1.455000000000002380e+01 7.999260620663973214e+02 1.799994917395383709e+02
1.470000000000002416e+01 7.999260620663973214e+02 1.799994917395383709e+02
1.485000000000002451e+01 7.999260620663973214e+02 1.799994917395383709e+02
1.500000000000002487e+01 7.999260620663973214e+02 1.799994917395383709e+02
1.515000000000002522e+01 7.999260620663973214e+02 1.799994917395383709e+02
1.530000000000002558e+01 7.999260620663973214e+02 1.799994917395383709e+02
1.545000000000002593e+01 7.999260620663973214e+02 1.799994917395383709e+02
1.560000000000002629e+01 7.999260620663973214e+02 1.799994917395383709e+02
1.575000000000002665e+01 7.999260620663973214e+02 1.799994917395383709e+02
1.590000000000002700e+01 7.999260620663973214e+02 1.799994917395383709e+02
