1.499999999999999944e-01 7.996683475957304381e+02 1.132516302959629684e-11
2.999999999999999889e-01 7.996683475957304381e+02 1.132516302959629684e-11
4.499999999999999556e-01 7.996683475957304381e+02 1.132516302959629684e-11
5.999999999999999778e-01 7.996683475957304381e+02 1.132516302959629684e-11
7.500000000000000000e-01 7.996683475957304381e+02 1.132516302959629684e-11
9.000000000000000222e-01 7.996683475957304381e+02 1.132516302959629684e-11
1.050000000000000044e+00 7.996683475957304381e+02 1.132516302959629684e-11
1.199999999999999956e+00 7.996683475957304381e+02 1.132516302959629684e-11
1.349999999999999867e+00 7.996683475957304381e+02 1.132516302959629684e-11
1.499999999999999778e+00 7.996683475957304381e+02 1.132516302959629684e-11
1.649999999999999689e+00 7.996683475957304381e+02 1.132516302959629684e-11
1.799999999999999600e+00 7.996683475957304381e+02 1.132516302959629684e-11
1.949999999999999512e+00 7.996683475957304381e+02 1.132516302959629684e-11
2.099999999999999645e+00 7.998281850764464025e+02 1.132305360584950904e-11
2.249999999999999556e+00 7.998281850764464025e+02 1.132305360584950904e-11
2.399999999999999467e+00 7.998281850764464025e+02 1.132305360584950904e-11
2.549999999999999378e+00 7.998281850764464025e+02 1.132305360584950904e-11
2.699999999999999289e+00 7.998281850764464025e+02 1.132305360584950904e-11
2.849999999999999201e+00 7.998281850764464025e+02 1.132305360584950904e-11
2.999999999999999112e+00 7.998281850764464025e+02 1.132305360584950904e-11
3.149999999999999023e+00 7.998281850764464025e+02 1.132305360584950904e-11
3.299999999999998934e+00 7.998281850764464025e+02 1.132305360584950904e-11
3.449999999999998845e+00 7.998281850764464025e+02 1.132305360584950904e-11
3.599999999999998757e+00 7.998281850764464025e+02 1.132305360584950904e-11
3.749999999999998668e+00 7.998281850764464025e+02 1.132305360584950904e-11
3.899999999999998579e+00 7.998281850764464025e+02 1.132305360584950904e-11
4.049999999999998934e+00 4.376163463833138394e+02 1.130251447989394364e-11
4.199999999999999289e+00 2.090864369294778271e+02 1.133304561307113545e-11
4.349999999999999645e+00 6.866987449573966273e+01 1.130451288133826893e-11
4.500000000000000000e+00 2.580007276444591469e+01 1.131794657993623332e-11
4.650000000000000355e+00 9.219323980755760317e+00 1.131028604106631974e-11
4.800000000000000711e+00 3.337895659416645344e+00 1.134214944187306173e-11
4.950000000000001066e+00 1.188251947836249656e+00 1.173650066021991734e-11
5.100000000000001421e+00 4.110282676712131433e-01 1.315048070438251671e-11
5.250000000000001776e+00 1.289159048064902890e-01 2.171840485232223728e-11
5.400000000000002132e+00 2.666064467484829947e-02 1.247745240462450056e-10
5.550000000000002487e+00 1.042196111666271463e-02 1.799999999992747632e+02
5.700000000000002842e+00 2.386740441397705581e-02 1.799999999991511004e+02
5.850000000000003197e+00 2.874278740273439325e-02 1.799999999980637426e+02
6.000000000000003553e+00 3.051058419441687874e-02 1.799999999949717449e+02
6.150000000000003908e+00 3.115158843866083771e-02 1.799999999864222104e+02
6.300000000000004263e+00 3.138402245531324297e-02 1.799999999628406329e+02
6.450000000000004619e+00 3.146832661150256172e-02 1.799999998977873190e+02
6.600000000000004974e+00 3.149895460410334636e-02 1.799999997184510505e+02
6.750000000000005329e+00 3.151022662677860353e-02 1.799999992239860660e+02
6.900000000000005684e+00 3.151477225401322357e-02 1.799999978600212955e+02
7.050000000000006040e+00 3.151768560928758234e-02 1.799999941001558170e+02
7.200000000000006395e+00 3.152223123652220238e-02 1.799999837351843723e+02
7.350000000000006750e+00 3.153350231514195912e-02 1.799999551568245693e+02
7.500000000000007105e+00 3.156412653152074199e-02 1.799998764775158691e+02
7.650000000000007461e+00 3.164841558282205369e-02 1.799996603285414380e+02
7.800000000000007816e+00 3.188081655753194354e-02 1.799990699977390705e+02
7.950000000000008171e+00 3.252172356405935716e-02 1.799974863124324713e+02
8.100000000000008527e+00 3.428925129992421716e-02 1.799934264873718348e+02
8.250000000000008882e+00 3.916389792539121117e-02 1.799841264663683660e+02
8.400000000000009237e+00 5.260731527960160747e-02 1.799674178045772521e+02
8.550000000000009592e+00 8.968434736743802205e-02 1.799473021369981041e+02
8.700000000000009948e+00 1.919242471260531602e-01 1.799320875626731890e+02
8.850000000000010303e+00 4.739942664464251720e-01 1.799241651601969352e+02
9.000000000000010658e+00 1.251101292534940512e+00 1.799208287960642565e+02
9.150000000000011013e+00 3.400423614750678780e+00 1.799195304872599479e+02
9.300000000000011369e+00 9.280972294816351109e+00 1.799190723543430579e+02
9.450000000000011724e+00 2.585931364504467922e+01 1.799189155167967158e+02
9.600000000000012079e+00 6.872285231225950497e+01 1.799188468435438892e+02
9.750000000000012434e+00 2.091231568141175785e+02 1.799188444313526816e+02
9.900000000000012790e+00 4.376249891131595859e+02 1.799188508743217767e+02
1.005000000000001315e+01 7.998262509497292285e+02 1.799188470142692040e+02
1.020000000000001350e+01 7.998262509497292285e+02 1.799188470142692040e+02
1.035000000000001386e+01 7.998262509497292285e+02 1.799188470142692040e+02
1.050000000000001421e+01 7.998262509497292285e+02 1.799188470142692040e+02
1.065000000000001457e+01 7.998262509497292285e+02 1.799188470142692040e+02
1.080000000000001492e+01 7.998262509497292285e+02 1.799188470142692040e+02
1.095000000000001528e+01 7.998262509497292285e+02 1.799188470142692040e+02
1.110000000000001563e+01 7.998262509497292285e+02 1.799188470142692040e+02
1.125000000000001599e+01 7.998262509497292285e+02 1.799188470142692040e+02
1.140000000000001634e+01 7.998262509497292285e+02 1.799188470142692040e+02
1.155000000000001670e+01 7.998262509497292285e+02 1.799188470142692040e+02
1.170000000000001705e+01 7.998262509497292285e+02 1.799188470142692040e+02
1.185000000000001741e+01 7.998262509497292285e+02 1.799188470142692040e+02
1.200000000000001776e+01 7.998262509497292285e+02 1.799188470142692040e+02
1.215000000000001812e+01 7.998262509497292285e+02 1.799188470142692040e+02
1.230000000000001847e+01 7.998262509497292285e+02 1.799188470142692040e+02
1.245000000000001883e+01 7.998262509497292285e+02 1.799188470142692040e+02
1.260000000000001918e+01 7.998262509497292285e+02 1.799188470142692040e+02
1.275000000000001954e+01 7.998262509497292285e+02 1.799188470142692040e+02
1.290000000000001990e+01 7.998262509497292285e+02 1.799188470142692040e+02
1.305000000000002025e+01 7.996646055171529497e+02 1.799188607265155042e+02
1.320000000000002061e+01 7.996646055171529497e+02 1.799188607265155042e+02
1.335000000000002096e+01 7.996646055171529497e+02 1.799188607265155042e+02
1.350000000000002132e+01 7.996646055171529497e+02 1.799188607265155042e+02
1.365000000000002167e+01 7.996646055171529497e+02 1.799188607265155042e+02
1.380000000000002203e+01 7.996646055171529497e+02 1.799188607265155042e+02
1.395000000000002238e+01 7.996646055171529497e+02 1.799188607265155042e+02
1.410000000000002274e+01 7.996646055171529497e+02 1.799188607265155042e+02
1.425000000000002309e+01 7.996646055171529497e+02 1.799188607265155042e+02
1.440000000000002345e+01 7.996646055171529497e+02 1.799188607265155042e+02
1.455000000000002380e+01 7.996646055171529497e+02 1.799188607265155042e+02
1.470000000000002416e+01 7.996646055171529497e+02 1.799188607265155042e+02
1.485000000000002451e+01 7.996646055171529497e+02 1.799188607265155042e+02
1.500000000000002487e+01 7.996646055171529497e+02 1.799188607265155042e+02
1.515000000000002522e+01 7.996646055171529497e+02 1.799188607265155042e+02
1.530000000000002558e+01 7.996646055171529497e+02 1.799188607265155042e+02
1.545000000000002593e+01 7.996646055171529497e+02 1.799188607265155042e+02
1.560000000000002629e+01 7.996646055171529497e+02 1.799188607265155042e+02
1.575000000000002665e+01 7.996646055171529497e+02 1.799188607265155042e+02
1.590000000000002700e+01 7.996646055171529497e+02 1.799188607265155042e+02
