1.499999999999999944e-01 7.999431166702938754e+02 1.799994265984321657e+02
2.999999999999999889e-01 7.999431166702938754e+02 1.799994265984321657e+02
4.499999999999999556e-01 7.999431166702938754e+02 1.799994265984321657e+02
5.999999999999999778e-01 7.999431166702938754e+02 1.799994265984321657e+02
7.500000000000000000e-01 7.999431166702938754e+02 1.799994265984321657e+02
9.000000000000000222e-01 7.999431166702938754e+02 1.799994265984321657e+02
1.050000000000000044e+00 7.999431166702938754e+02 1.799994265984321657e+02
1.199999999999999956e+00 7.999431166702938754e+02 1.799994265984321657e+02
1.349999999999999867e+00 7.999431166702938754e+02 1.799994265984321657e+02
1.499999999999999778e+00 7.999431166702938754e+02 1.799994265984321657e+02
1.649999999999999689e+00 7.999431166702938754e+02 1.799994265984321657e+02
1.799999999999999600e+00 7.999431166702938754e+02 1.799994265984321657e+02
1.949999999999999512e+00 7.999431166702938754e+02 1.799994265984321657e+02
2.099999999999999645e+00 7.999765948908814153e+02 1.799994270600485038e+02
2.249999999999999556e+00 7.999765948908814153e+02 1.799994270600485038e+02
2.399999999999999467e+00 7.999765948908814153e+02 1.799994270600485038e+02
2.549999999999999378e+00 7.999765948908814153e+02 1.799994270600485038e+02
2.699999999999999289e+00 7.999765948908814153e+02 1.799994270600485038e+02
2.849999999999999201e+00 7.999765948908814153e+02 1.799994270600485038e+02
2.999999999999999112e+00 7.999765948908814153e+02 1.799994270600485038e+02
3.149999999999999023e+00 7.999765948908814153e+02 1.799994270600485038e+02
3.299999999999998934e+00 7.999765948908814153e+02 1.799994270600485038e+02
3.449999999999998845e+00 7.999765948908814153e+02 1.799994270600485038e+02
3.599999999999998757e+00 7.999765948908814153e+02 1.799994270600485038e+02
3.749999999999998668e+00 7.999765948908814153e+02 1.799994270600485038e+02
3.899999999999998579e+00 7.999765948908814153e+02 1.799994270600485038e+02
4.049999999999998934e+00 4.713411517327571687e+02 1.799994275175739631e+02
4.199999999999999289e+00 2.704075360387773799e+02 1.799994282224006668e+02
4.349999999999999645e+00 1.131274526274886512e+02 1.799994333089859140e+02
4.500000000000000000e+00 5.354945818902272237e+01 1.799994437036538955e+02
4.650000000000000355e+00 2.512455587330039464e+01 1.799994652524830485e+02
4.800000000000000711e+00 1.243948950311598622e+01 1.799995087307861752e+02
4.950000000000001066e+00 6.656986085533667108e+00 1.799995836631811414e+02
5.100000000000001421e+00 4.037259602657044866e+00 1.799996878185230855e+02
5.250000000000001776e+00 2.848034035860962376e+00 1.799997991629333569e+02
5.400000000000002132e+00 2.308499467779398628e+00 1.799998875410560686e+02
5.550000000000002487e+00 2.063673742768855845e+00 1.799999428045181844e+02
5.700000000000002842e+00 1.952584715101721713e+00 1.799999725640348345e+02
5.850000000000003197e+00 1.902177529264122313e+00 1.799999872178049145e+02
6.000000000000003553e+00 1.879305361124721685e+00 1.799999941177789538e+02
6.150000000000003908e+00 1.868927635882158711e+00 1.799999973154415613e+02
6.300000000000004263e+00 1.864220080250618139e+00 1.799999987784960922e+02
6.450000000000004619e+00 1.862087054775116712e+00 1.799999994440005651e+02
6.600000000000004974e+00 1.861125905291231675e+00 1.799999997475211444e+02
6.750000000000005329e+00 1.860704590255380708e+00 1.799999998853828060e+02
6.900000000000005684e+00 1.860546057419583121e+00 1.799999999478841914e+02
7.050000000000006040e+00 1.860546057463835723e+00 1.799999999763465155e+02
7.200000000000006395e+00 1.860704590343885911e+00 1.799999999892654330e+02
7.350000000000006750e+00 1.861125905556747284e+00 1.799999999951205325e+02
7.500000000000007105e+00 1.862087055379902267e+00 1.799999999977864604e+02
7.650000000000007461e+00 1.864220081519192718e+00 1.799999999989965715e+02
7.800000000000007816e+00 1.868927638714325212e+00 1.799999999995447411e+02
7.950000000000008171e+00 1.879305367290584172e+00 1.799999999997943689e+02
8.100000000000008527e+00 1.902177542893923601e+00 1.799999999999076863e+02
8.250000000000008882e+00 1.952584745090234719e+00 1.799999999999587317e+02
8.400000000000009237e+00 2.063673808882242611e+00 1.799999999999815543e+02
8.550000000000009592e+00 2.308499613488464774e+00 1.799999999999913598e+02
8.700000000000009948e+00 2.848034356935713163e+00 1.799999999999945146e+02
8.850000000000010303e+00 4.037260310374151118e+00 1.799999999999947136e+02
9.000000000000010658e+00 6.656987644257803538e+00 1.799999999999937188e+02
9.150000000000011013e+00 1.243949294580428599e+01 1.799999999999926956e+02
9.300000000000011369e+00 2.512456341192191545e+01 1.799999999999921272e+02
9.450000000000011724e+00 5.354947519842284720e+01 1.799999999999916156e+02
9.600000000000012079e+00 1.131274875811308789e+02 1.799999999999916156e+02
9.750000000000012434e+00 2.704076353622455713e+02 1.799999999999915303e+02
9.900000000000012790e+00 4.713412532654787128e+02 1.799999999999914735e+02
1.005000000000001315e+01 7.999771959766001146e+02 1.799999999999913882e+02
1.020000000000001350e+01 7.999771959766001146e+02 1.799999999999913882e+02
1.035000000000001386e+01 7.999771959766001146e+02 1.799999999999913882e+02
1.050000000000001421e+01 7.999771959766001146e+02 1.799999999999913882e+02
1.065000000000001457e+01 7.999771959766001146e+02 1.799999999999913882e+02
1.080000000000001492e+01 7.999771959766001146e+02 1.799999999999913882e+02
1.095000000000001528e+01 7.999771959766001146e+02 1.799999999999913882e+02
1.110000000000001563e+01 7.999771959766001146e+02 1.799999999999913882e+02
1.125000000000001599e+01 7.999771959766001146e+02 1.799999999999913882e+02
1.140000000000001634e+01 7.999771959766001146e+02 1.799999999999913882e+02
1.155000000000001670e+01 7.999771959766001146e+02 1.799999999999913882e+02
1.170000000000001705e+01 7.999771959766001146e+02 1.799999999999913882e+02
1.185000000000001741e+01 7.999771959766001146e+02 1.799999999999913882e+02
1.200000000000001776e+01 7.999771959766001146e+02 1.799999999999913882e+02
1.215000000000001812e+01 7.999771959766001146e+02 1.799999999999913882e+02
1.230000000000001847e+01 7.999771959766001146e+02 1.799999999999913882e+02
1.245000000000001883e+01 7.999771959766001146e+02 1.799999999999913882e+02
1.260000000000001918e+01 7.999771959766001146e+02 1.799999999999913882e+02
1.275000000000001954e+01 7.999771959766001146e+02 1.799999999999913882e+02
1.290000000000001990e+01 7.999771959766001146e+02 1.799999999999913882e+02
1.305000000000002025e+01 7.999445775435771111e+02 1.799999999999914735e+02
1.320000000000002061e+01 7.999445775435771111e+02 1.799999999999914735e+02
1.335000000000002096e+01 7.999445775435771111e+02 1.799999999999914735e+02
1.350000000000002132e+01 7.999445775435771111e+02 1.799999999999914735e+02
1.365000000000002167e+01 7.999445775435771111e+02 1.799999999999914735e+02
1.380000000000002203e+01 7.999445775435771111e+02 1.799999999999914735e+02
1.395000000000002238e+01 7.999445775435771111e+02 1.799999999999914735e+02
1.410000000000002274e+01 7.999445775435771111e+02 1.799999999999914735e+02
1.425000000000002309e+01 7.999445775435771111e+02 1.799999999999914735e+02
1.440000000000002345e+01 7.999445775435771111e+02 1.799999999999914735e+02
1.455000000000002380e+01 7.999445775435771111e+02 1.799999999999914735e+02
1.470000000000002416e+01 7.999445775435771111e+02 1.799999999999914735e+02
1.485000000000002451e+01 7.999445775435771111e+02 1.799999999999914735e+02
1.500000000000002487e+01 7.999445775435771111e+02 1.799999999999914735e+02
1.515000000000002522e+01 7.999445775435771111e+02 1.799999999999914735e+02
1.530000000000002558e+01 7.999445775435771111e+02 1.799999999999914735e+02
1.545000000000002593e+01 7.999445775435771111e+02 1.799999999999914735e+02
1.560000000000002629e+01 7.999445775435771111e+02 1.799999999999914735e+02
1.575000000000002665e+01 7.999445775435771111e+02 1.799999999999914735e+02
1.590000000000002700e+01 7.999445775435771111e+02 1.799999999999914735e+02
