1.499999999999999944e-01 7.998794515746533307e+02 2.648932818530846944e-04
2.999999999999999889e-01 7.998794515746533307e+02 2.648932818530846944e-04
4.499999999999999556e-01 7.998794515746533307e+02 2.648932818530846944e-04
5.999999999999999778e-01 7.998794515746533307e+02 2.648932818530846944e-04
7.500000000000000000e-01 7.998794515746533307e+02 2.648932818530846944e-04
9.000000000000000222e-01 7.998794515746533307e+02 2.648932818530846944e-04
1.050000000000000044e+00 7.998794515746533307e+02 2.648932818530846944e-04
1.199999999999999956e+00 7.998794515746533307e+02 2.648932818530846944e-04
1.349999999999999867e+00 7.998794515746533307e+02 2.648932818530846944e-04
1.499999999999999778e+00 7.998794515746533307e+02 2.648932818530846944e-04
1.649999999999999689e+00 7.998794515746533307e+02 2.648932818530846944e-04
1.799999999999999600e+00 7.998794515746533307e+02 2.648932818530846944e-04
1.949999999999999512e+00 7.998794515746533307e+02 2.648932818530846944e-04
2.099999999999999645e+00 7.999452550289358896e+02 2.648133299691934894e-04
2.249999999999999556e+00 7.999452550289358896e+02 2.648133299691934894e-04
2.399999999999999467e+00 7.999452550289358896e+02 2.648133299691934894e-04
2.549999999999999378e+00 7.999452550289358896e+02 2.648133299691934894e-04
2.699999999999999289e+00 7.999452550289358896e+02 2.648133299691934894e-04
2.849999999999999201e+00 7.999452550289358896e+02 2.648133299691934894e-04
2.999999999999999112e+00 7.999452550289358896e+02 2.648133299691934894e-04
3.149999999999999023e+00 7.999452550289358896e+02 2.648133299691934894e-04
3.299999999999998934e+00 7.999452550289358896e+02 2.648133299691934894e-04
3.449999999999998845e+00 7.999452550289358896e+02 2.648133299691934894e-04
3.599999999999998757e+00 7.999452550289358896e+02 2.648133299691934894e-04
3.749999999999998668e+00 7.999452550289358896e+02 2.648133299691934894e-04
3.899999999999998579e+00 7.999452550289358896e+02 2.648133299691934894e-04
4.049999999999998934e+00 4.589822981654371006e+02 2.650137090466353484e-04
4.199999999999999289e+00 2.437939587787408584e+02 2.657238088649149788e-04
4.349999999999999645e+00 9.126211475254031313e+01 2.672427936798449366e-04
4.500000000000000000e+00 3.828439846487000864e+01 2.706538431572758086e-04
4.650000000000000355e+00 1.515070979631413195e+01 2.798536581041233262e-04
4.800000000000000711e+00 5.776451385619594703e+00 3.038470495191347709e-04
4.950000000000001066e+00 1.885142455944674111e+00 3.838423795888834533e-04
5.100000000000001421e+00 2.825443086735504039e-01 1.058248133735673058e-03
5.250000000000001776e+00 3.791933610636988305e-01 1.799996746227902236e+02
5.400000000000002132e+00 6.521998839197067355e-01 1.799999219263638963e+02
5.550000000000002487e+00 7.648632978547880157e-01 1.799999725003373499e+02
5.700000000000002842e+00 8.113524983781985611e-01 1.799999893014554289e+02
5.850000000000003197e+00 8.305363037047754915e-01 1.799999956868312836e+02
6.000000000000003553e+00 8.384524577165848314e-01 1.799999982351490360e+02
6.150000000000003908e+00 8.417191062318352124e-01 1.799999992744947690e+02
6.300000000000004263e+00 8.430672390522317983e-01 1.799999997010717152e+02
6.450000000000004619e+00 8.436239288146794024e-01 1.799999998766008673e+02
6.600000000000004974e+00 8.438545812510938049e-01 1.799999999490887888e+02
6.750000000000005329e+00 8.439520275744030187e-01 1.799999999789919514e+02
6.900000000000005684e+00 8.439977350245158050e-01 1.799999999913225679e+02
7.050000000000006040e+00 8.440299163719373610e-01 1.799999999964190920e+02
7.200000000000006395e+00 8.440754757823469845e-01 1.799999999985222985e+02
7.350000000000006750e+00 8.441725022664741118e-01 1.799999999993896154e+02
7.500000000000007105e+00 8.444021122886056219e-01 1.799999999997481552e+02
7.650000000000007461e+00 8.449562652264148710e-01 1.799999999998961187e+02
7.800000000000007816e+00 8.462982463156549784e-01 1.799999999999570832e+02
7.950000000000008171e+00 8.495499849493626243e-01 1.799999999999820943e+02
8.100000000000008527e+00 8.574300062694533153e-01 1.799999999999919851e+02
8.250000000000008882e+00 8.765262502418522672e-01 1.799999999999954525e+02
8.400000000000009237e+00 9.228032683026867744e-01 1.799999999999951967e+02
8.550000000000009592e+00 1.034952548107639814e+00 1.799999999999916156e+02
8.700000000000009948e+00 1.306713552491885366e+00 1.799999999999845670e+02
8.850000000000010303e+00 1.965434985305677174e+00 1.799999999999754436e+02
9.000000000000010658e+00 3.560738729475843911e+00 1.799999999999672582e+02
9.150000000000011013e+00 7.434439660545329787e+00 1.799999999999621423e+02
9.300000000000011369e+00 1.676657014349361674e+01 1.799999999999593570e+02
9.450000000000011724e+00 3.980029234610839239e+01 1.799999999999583622e+02
9.600000000000012079e+00 9.255483153708387078e+01 1.799999999999576801e+02
9.750000000000012434e+00 2.446011274725303224e+02 1.799999999999574243e+02
9.900000000000012790e+00 4.591329111134552932e+02 1.799999999999574243e+02
1.005000000000001315e+01 7.999460189601443290e+02 1.799999999999572822e+02
1.020000000000001350e+01 7.999460189601443290e+02 1.799999999999572822e+02
1.035000000000001386e+01 7.999460189601443290e+02 1.799999999999572822e+02
1.050000000000001421e+01 7.999460189601443290e+02 1.799999999999572822e+02
1.065000000000001457e+01 7.999460189601443290e+02 1.799999999999572822e+02
1.080000000000001492e+01 7.999460189601443290e+02 1.799999999999572822e+02
1.095000000000001528e+01 7.999460189601443290e+02 1.799999999999572822e+02
1.110000000000001563e+01 7.999460189601443290e+02 1.799999999999572822e+02
1.125000000000001599e+01 7.999460189601443290e+02 1.799999999999572822e+02
1.140000000000001634e+01 7.999460189601443290e+02 1.799999999999572822e+02
1.155000000000001670e+01 7.999460189601443290e+02 1.799999999999572822e+02
1.170000000000001705e+01 7.999460189601443290e+02 1.799999999999572822e+02
1.185000000000001741e+01 7.999460189601443290e+02 1.799999999999572822e+02
1.200000000000001776e+01 7.999460189601443290e+02 1.799999999999572822e+02
1.215000000000001812e+01 7.999460189601443290e+02 1.799999999999572822e+02
1.230000000000001847e+01 7.999460189601443290e+02 1.799999999999572822e+02
1.245000000000001883e+01 7.999460189601443290e+02 1.799999999999572822e+02
1.260000000000001918e+01 7.999460189601443290e+02 1.799999999999572822e+02
1.275000000000001954e+01 7.999460189601443290e+02 1.799999999999572822e+02
1.290000000000001990e+01 7.999460189601443290e+02 1.799999999999572822e+02
1.305000000000002025e+01 7.998810674264525460e+02 1.799999999999574243e+02
1.320000000000002061e+01 7.998810674264525460e+02 1.799999999999574243e+02
1.335000000000002096e+01 7.998810674264525460e+02 1.799999999999574243e+02
1.350000000000002132e+01 7.998810674264525460e+02 1.799999999999574243e+02
1.365000000000002167e+01 7.998810674264525460e+02 1.799999999999574243e+02
1.380000000000002203e+01 7.998810674264525460e+02 1.799999999999574243e+02
1.395000000000002238e+01 7.998810674264525460e+02 1.799999999999574243e+02
1.410000000000002274e+01 7.998810674264525460e+02 1.799999999999574243e+02
1.425000000000002309e+01 7.998810674264525460e+02 1.799999999999574243e+02
1.440000000000002345e+01 7.998810674264525460e+02 1.799999999999574243e+02
1.455000000000002380e+01 7.998810674264525460e+02 1.799999999999574243e+02
1.470000000000002416e+01 7.998810674264525460e+02 1.799999999999574243e+02
1.485000000000002451e+01 7.998810674264525460e+02 1.799999999999574243e+02
1.500000000000002487e+01 7.998810674264525460e+02 1.799999999999574243e+02
1.515000000000002522e+01 7.998810674264525460e+02 1.799999999999574243e+02
1.530000000000002558e+01 7.998810674264525460e+02 1.799999999999574243e+02
1.545000000000002593e+01 7.998810674264525460e+02 1.799999999999574243e+02
1.560000000000002629e+01 7.998810674264525460e+02 1.799999999999574243e+02
1.575000000000002665e+01 7.998810674264525460e+02 1.799999999999574243e+02
1.590000000000002700e+01 7.998810674264525460e+02 1.799999999999574243e+02
