1.499999999999999944e-01 7.999999970667494154e+02 4.343263252099468019e+01
2.999999999999999889e-01 7.999999970667494154e+02 4.343263252099468019e+01
4.499999999999999556e-01 7.999999970667494154e+02 4.343263252099468019e+01
5.999999999999999778e-01 7.999999970667494154e+02 4.343263252099468019e+01
7.500000000000000000e-01 7.999999970667494154e+02 4.343263252099468019e+01
9.000000000000000222e-01 7.999999970667494154e+02 4.343263252099468019e+01
1.050000000000000044e+00 7.999999970667494154e+02 4.343263252099468019e+01
1.199999999999999956e+00 7.999999970667494154e+02 4.343263252099468019e+01
1.349999999999999867e+00 7.999999970667494154e+02 4.343263252099468019e+01
1.499999999999999778e+00 7.999999970667494154e+02 4.343263252099468019e+01
1.649999999999999689e+00 7.999999970667494154e+02 4.343263252099468019e+01
1.799999999999999600e+00 7.999999970667494154e+02 4.343263252099468019e+01
1.949999999999999512e+00 7.999999970667494154e+02 4.343263252099468019e+01
2.099999999999999645e+00 7.999999996538770120e+02 4.349840513525801100e+01
2.249999999999999556e+00 7.999999996538770120e+02 4.349840513525801100e+01
2.399999999999999467e+00 7.999999996538770120e+02 4.349840513525801100e+01
2.549999999999999378e+00 7.999999996538770120e+02 4.349840513525801100e+01
2.699999999999999289e+00 7.999999996538770120e+02 4.349840513525801100e+01
2.849999999999999201e+00 7.999999996538770120e+02 4.349840513525801100e+01
2.999999999999999112e+00 7.999999996538770120e+02 4.349840513525801100e+01
3.149999999999999023e+00 7.999999996538770120e+02 4.349840513525801100e+01
3.299999999999998934e+00 7.999999996538770120e+02 4.349840513525801100e+01
3.449999999999998845e+00 7.999999996538770120e+02 4.349840513525801100e+01
3.599999999999998757e+00 7.999999996538770120e+02 4.349840513525801100e+01
3.749999999999998668e+00 7.999999996538770120e+02 4.349840513525801100e+01
3.899999999999998579e+00 7.999999996538770120e+02 4.349840513525801100e+01
4.049999999999998934e+00 5.165942836963632772e+02 4.384001911924965356e+01
4.199999999999999289e+00 4.763844457619977106e+02 4.532674371706920624e+01
4.349999999999999645e+00 4.298296495327604703e+02 4.822863107559611962e+01
4.500000000000000000e+00 4.215149752600851230e+02 5.128272510241244930e+01
4.650000000000000355e+00 4.186134519033100219e+02 5.445819663265998400e+01
4.800000000000000711e+00 4.178575487909056960e+02 5.762344990489359731e+01
4.950000000000001066e+00 4.176473273548767224e+02 6.076471098130141257e+01
5.100000000000001421e+00 4.176020716491819940e+02 6.387251400194335815e+01
5.250000000000001776e+00 4.176034272058184342e+02 6.694429994854468191e+01
5.400000000000002132e+00 4.176183996937874099e+02 6.997858860037889883e+01
5.550000000000002487e+00 4.176373358054045752e+02 7.297445456224744476e+01
5.700000000000002842e+00 4.176574249514802091e+02 7.593118918734860756e+01
5.850000000000003197e+00 4.176778098435987658e+02 7.884822718018057230e+01
6.000000000000003553e+00 4.176981988448113725e+02 8.172512309163506927e+01
6.150000000000003908e+00 4.177184660449883040e+02 8.456154520454907697e+01
6.300000000000004263e+00 4.177385366125304245e+02 8.735726444147390168e+01
6.450000000000004619e+00 4.177583536447585288e+02 9.011215294184142977e+01
6.600000000000004974e+00 4.177778689287774796e+02 9.282618286066274038e+01
6.750000000000005329e+00 4.177970401574804669e+02 9.549941620045558466e+01
6.900000000000005684e+00 4.178158298112842317e+02 9.813200337663040784e+01
7.050000000000006040e+00 4.178342050129612062e+02 1.007241817664112773e+02
7.200000000000006395e+00 4.178521372849909881e+02 1.032762652428855574e+02
7.350000000000006750e+00 4.178696021222968966e+02 1.057886426508013358e+02
7.500000000000007105e+00 4.178865790383466106e+02 1.082617763303275780e+02
7.650000000000007461e+00 4.179030515295264649e+02 1.106961917010282122e+02
7.800000000000007816e+00 4.179190073415136339e+02 1.130924759169437834e+02
7.950000000000008171e+00 4.179344409623167280e+02 1.154512765917298083e+02
8.100000000000008527e+00 4.179493622525959609e+02 1.177732916119591664e+02
8.250000000000008882e+00 4.179638271083918539e+02 1.200592678281346366e+02
8.400000000000009237e+00 4.179780462342906731e+02 1.223099989585474816e+02
8.550000000000009592e+00 4.179927667694851721e+02 1.245263120065702083e+02
8.700000000000009948e+00 4.180106014428927779e+02 1.267090512194711778e+02
8.850000000000010303e+00 4.180407508624923025e+02 1.288590349199751586e+02
9.000000000000010658e+00 4.181149845562543419e+02 1.309768315254780191e+02
9.150000000000011013e+00 4.183484421045923796e+02 1.330624275894475375e+02
9.300000000000011369e+00 4.191128507644818342e+02 1.351116605610241379e+02
9.450000000000011724e+00 4.219886913942954720e+02 1.371177888617164626e+02
9.600000000000012079e+00 4.302048062589830693e+02 1.390036610972028086e+02
9.750000000000012434e+00 4.765193720116345730e+02 1.407526442210837274e+02
9.900000000000012790e+00 5.165984809341344999e+02 1.416299158494453820e+02
1.005000000000001315e+01 7.999999996522989250e+02 1.418227817486360323e+02
1.020000000000001350e+01 7.999999996522989250e+02 1.418227817486360323e+02
1.035000000000001386e+01 7.999999996522989250e+02 1.418227817486360323e+02
1.050000000000001421e+01 7.999999996522989250e+02 1.418227817486360323e+02
1.065000000000001457e+01 7.999999996522989250e+02 1.418227817486360323e+02
1.080000000000001492e+01 7.999999996522989250e+02 1.418227817486360323e+02
1.095000000000001528e+01 7.999999996522989250e+02 1.418227817486360323e+02
1.110000000000001563e+01 7.999999996522989250e+02 1.418227817486360323e+02
1.125000000000001599e+01 7.999999996522989250e+02 1.418227817486360323e+02
1.140000000000001634e+01 7.999999996522989250e+02 1.418227817486360323e+02
1.155000000000001670e+01 7.999999996522989250e+02 1.418227817486360323e+02
1.170000000000001705e+01 7.999999996522989250e+02 1.418227817486360323e+02
1.185000000000001741e+01 7.999999996522989250e+02 1.418227817486360323e+02
1.200000000000001776e+01 7.999999996522989250e+02 1.418227817486360323e+02
1.215000000000001812e+01 7.999999996522989250e+02 1.418227817486360323e+02
1.230000000000001847e+01 7.999999996522989250e+02 1.418227817486360323e+02
1.245000000000001883e+01 7.999999996522989250e+02 1.418227817486360323e+02
1.260000000000001918e+01 7.999999996522989250e+02 1.418227817486360323e+02
1.275000000000001954e+01 7.999999996522989250e+02 1.418227817486360323e+02
1.290000000000001990e+01 7.999999996522989250e+02 1.418227817486360323e+02
1.305000000000002025e+01 7.999999970524607988e+02 1.418607178416735337e+02
1.320000000000002061e+01 7.999999970524607988e+02 1.418607178416735337e+02
1.335000000000002096e+01 7.999999970524607988e+02 1.418607178416735337e+02
1.350000000000002132e+01 7.999999970524607988e+02 1.418607178416735337e+02
1.365000000000002167e+01 7.999999970524607988e+02 1.418607178416735337e+02
1.380000000000002203e+01 7.999999970524607988e+02 1.418607178416735337e+02
1.395000000000002238e+01 7.999999970524607988e+02 1.418607178416735337e+02
1.410000000000002274e+01 7.999999970524607988e+02 1.418607178416735337e+02
1.425000000000002309e+01 7.999999970524607988e+02 1.418607178416735337e+02
1.440000000000002345e+01 7.999999970524607988e+02 1.418607178416735337e+02
1.455000000000002380e+01 7.999999970524607988e+02 1.418607178416735337e+02
1.470000000000002416e+01 7.999999970524607988e+02 1.418607178416735337e+02
1.485000000000002451e+01 7.999999970524607988e+02 1.418607178416735337e+02
1.500000000000002487e+01 7.999999970524607988e+02 1.418607178416735337e+02
1.515000000000002522e+01 7.999999970524607988e+02 1.418607178416735337e+02
1.530000000000002558e+01 7.999999970524607988e+02 1.418607178416735337e+02
1.545000000000002593e+01 7.999999970524607988e+02 1.418607178416735337e+02
1.560000000000002629e+01 7.999999970524607988e+02 1.418607178416735337e+02
1.575000000000002665e+01 7.999999970524607988e+02 1.418607178416735337e+02
1.590000000000002700e+01 7.999999970524607988e+02 1.418607178416735337e+02
