1.499999999999999944e-01 7.999978296841385372e+02 3.763359611230754354e-05
2.999999999999999889e-01 7.999978296841385372e+02 3.763359611230754354e-05
4.499999999999999556e-01 7.999978296841385372e+02 3.763359611230754354e-05
5.999999999999999778e-01 7.999978296841385372e+02 3.763359611230754354e-05
7.500000000000000000e-01 7.999978296841385372e+02 3.763359611230754354e-05
9.000000000000000222e-01 7.999978296841385372e+02 3.763359611230754354e-05
1.050000000000000044e+00 7.999978296841385372e+02 3.763359611230754354e-05
1.199999999999999956e+00 7.999978296841385372e+02 3.763359611230754354e-05
1.349999999999999867e+00 7.999978296841385372e+02 3.763359611230754354e-05
1.499999999999999778e+00 7.999978296841385372e+02 3.763359611230754354e-05
1.649999999999999689e+00 7.999978296841385372e+02 3.763359611230754354e-05
1.799999999999999600e+00 7.999978296841385372e+02 3.763359611230754354e-05
1.949999999999999512e+00 7.999978296841385372e+02 3.763359611230754354e-05
2.099999999999999645e+00 7.999994178515023577e+02 3.761017882253359090e-05
2.249999999999999556e+00 7.999994178515023577e+02 3.761017882253359090e-05
2.399999999999999467e+00 7.999994178515023577e+02 3.761017882253359090e-05
2.549999999999999378e+00 7.999994178515023577e+02 3.761017882253359090e-05
2.699999999999999289e+00 7.999994178515023577e+02 3.761017882253359090e-05
2.849999999999999201e+00 7.999994178515023577e+02 3.761017882253359090e-05
2.999999999999999112e+00 7.999994178515023577e+02 3.761017882253359090e-05
3.149999999999999023e+00 7.999994178515023577e+02 3.761017882253359090e-05
3.299999999999998934e+00 7.999994178515023577e+02 3.761017882253359090e-05
3.449999999999998845e+00 7.999994178515023577e+02 3.761017882253359090e-05
3.599999999999998757e+00 7.999994178515023577e+02 3.761017882253359090e-05
3.749999999999998668e+00 7.999994178515023577e+02 3.761017882253359090e-05
3.899999999999998579e+00 7.999994178515023577e+02 3.761017882253359090e-05
4.049999999999998934e+00 5.014552293876780595e+02 3.765353126394810346e-05
4.199999999999999289e+00 3.717863898235490865e+02 3.783532145884560549e-05
4.349999999999999645e+00 2.327728755740133408e+02 3.809428880241494397e-05
4.500000000000000000e+00 1.652657314141594611e+02 3.846454741796012655e-05
4.650000000000000355e+00 1.187843793684188682e+02 3.908563086763017225e-05
4.800000000000000711e+00 8.659692791091377728e+01 3.984338249829466605e-05
4.950000000000001066e+00 6.321073911535054890e+01 4.090021492852979890e-05
5.100000000000001421e+00 4.592833897593027359e+01 4.247001168633524060e-05
5.250000000000001776e+00 3.300983384370184837e+01 4.460797424532536581e-05
5.400000000000002132e+00 2.329539423046303881e+01 4.778277414319020977e-05
5.550000000000002487e+00 1.596364548854819532e+01 5.285150466183274887e-05
5.700000000000002842e+00 1.041588993026378773e+01 6.129544892585769844e-05
5.850000000000003197e+00 6.207255871366214706e+00 7.784379758468684685e-05
6.000000000000003553e+00 3.003315520301484298e+00 1.220119450916490322e-04
6.150000000000003908e+00 5.505190378975157728e-01 5.037902047895226332e-04
6.300000000000004263e+00 1.344951972955527708e+00 1.799998439288426368e+02
6.450000000000004619e+00 2.832851475090208737e+00 1.799999438103003797e+02
6.600000000000004974e+00 4.030786515118848001e+00 1.799999701143033235e+02
6.750000000000005329e+00 5.033513655879175985e+00 1.799999818893307690e+02
6.900000000000005684e+00 5.920414961585699132e+00 1.799999883253386201e+02
7.050000000000006040e+00 6.761765616353187625e+00 1.799999922653048827e+02
7.200000000000006395e+00 7.624295166674251334e+00 1.799999948097984088e+02
7.350000000000006750e+00 8.576486183684174591e+00 1.799999965022620927e+02
7.500000000000007105e+00 9.694037060283200447e+00 1.799999976589068353e+02
7.650000000000007461e+00 1.106593785785990391e+01 1.799999984485207563e+02
7.800000000000007816e+00 1.280167515252406218e+01 1.799999989833959262e+02
7.950000000000008171e+00 1.504020899323557714e+01 1.799999993452528031e+02
8.100000000000008527e+00 1.796158489792724922e+01 1.799999995849229890e+02
8.250000000000008882e+00 2.180242460465825971e+01 1.799999997402667304e+02
8.400000000000009237e+00 2.687722374667551861e+01 1.799999998398494938e+02
8.550000000000009592e+00 3.360871107337135300e+01 1.799999999021100621e+02
8.700000000000009948e+00 4.257312168364628491e+01 1.799999999401785828e+02
8.850000000000010303e+00 5.457260407763092758e+01 1.799999999632136678e+02
9.000000000000010658e+00 7.075681028824588736e+01 1.799999999768228065e+02
9.150000000000011013e+00 9.287258358597608776e+01 1.799999999846703531e+02
9.300000000000011369e+00 1.236522922391523025e+02 1.799999999891203686e+02
9.450000000000011724e+00 1.686559741827775269e+02 1.799999999915483500e+02
9.600000000000012079e+00 2.347457320558396532e+02 1.799999999927611327e+02
9.750000000000012434e+00 3.724675469108024117e+02 1.799999999933539527e+02
9.900000000000012790e+00 5.015017635324625758e+02 1.799999999935308779e+02
1.005000000000001315e+01 7.999994218317552850e+02 1.799999999935592427e+02
1.020000000000001350e+01 7.999994218317552850e+02 1.799999999935592427e+02
1.035000000000001386e+01 7.999994218317552850e+02 1.799999999935592427e+02
1.050000000000001421e+01 7.999994218317552850e+02 1.799999999935592427e+02
1.065000000000001457e+01 7.999994218317552850e+02 1.799999999935592427e+02
1.080000000000001492e+01 7.999994218317552850e+02 1.799999999935592427e+02
1.095000000000001528e+01 7.999994218317552850e+02 1.799999999935592427e+02
1.110000000000001563e+01 7.999994218317552850e+02 1.799999999935592427e+02
1.125000000000001599e+01 7.999994218317552850e+02 1.799999999935592427e+02
1.140000000000001634e+01 7.999994218317552850e+02 1.799999999935592427e+02
1.155000000000001670e+01 7.999994218317552850e+02 1.799999999935592427e+02
1.170000000000001705e+01 7.999994218317552850e+02 1.799999999935592427e+02
1.185000000000001741e+01 7.999994218317552850e+02 1.799999999935592427e+02
1.200000000000001776e+01 7.999994218317552850e+02 1.799999999935592427e+02
1.215000000000001812e+01 7.999994218317552850e+02 1.799999999935592427e+02
1.230000000000001847e+01 7.999994218317552850e+02 1.799999999935592427e+02
1.245000000000001883e+01 7.999994218317552850e+02 1.799999999935592427e+02
1.260000000000001918e+01 7.999994218317552850e+02 1.799999999935592427e+02
1.275000000000001954e+01 7.999994218317552850e+02 1.799999999935592427e+02
1.290000000000001990e+01 7.999994218317552850e+02 1.799999999935592427e+02
1.305000000000002025e+01 7.999978434258861171e+02 1.799999999935723451e+02
1.320000000000002061e+01 7.999978434258861171e+02 1.799999999935723451e+02
1.335000000000002096e+01 7.999978434258861171e+02 1.799999999935723451e+02
1.350000000000002132e+01 7.999978434258861171e+02 1.799999999935723451e+02
1.365000000000002167e+01 7.999978434258861171e+02 1.799999999935723451e+02
1.380000000000002203e+01 7.999978434258861171e+02 1.799999999935723451e+02
1.395000000000002238e+01 7.999978434258861171e+02 1.799999999935723451e+02
1.410000000000002274e+01 7.999978434258861171e+02 1.799999999935723451e+02
1.425000000000002309e+01 7.999978434258861171e+02 1.799999999935723451e+02
1.440000000000002345e+01 7.999978434258861171e+02 1.799999999935723451e+02
1.455000000000002380e+01 7.999978434258861171e+02 1.799999999935723451e+02
1.470000000000002416e+01 7.999978434258861171e+02 1.799999999935723451e+02
1.485000000000002451e+01 7.999978434258861171e+02 1.799999999935723451e+02
1.500000000000002487e+01 7.999978434258861171e+02 1.799999999935723451e+02
1.515000000000002522e+01 7.999978434258861171e+02 1.799999999935723451e+02
1.530000000000002558e+01 7.999978434258861171e+02 1.799999999935723451e+02
1.545000000000002593e+01 7.999978434258861171e+02 1.799999999935723451e+02
1.560000000000002629e+01 7.999978434258861171e+02 1.799999999935723451e+02
1.575000000000002665e+01 7.999978434258861171e+02 1.799999999935723451e+02
1.590000000000002700e+01 7.999978434258861171e+02 1.799999999935723451e+02
