1.499999999999999944e-01 7.999682638325177777e+02 1.016586814728270838e-11
2.999999999999999889e-01 7.999682638325177777e+02 1.016586814728270838e-11
4.499999999999999556e-01 7.999682638325177777e+02 1.016586814728270838e-11
5.999999999999999778e-01 7.999682638325177777e+02 1.016586814728270838e-11
7.500000000000000000e-01 7.999682638325177777e+02 1.016586814728270838e-11
9.000000000000000222e-01 7.999682638325177777e+02 1.016586814728270838e-11
1.050000000000000044e+00 7.999682638325177777e+02 1.016586814728270838e-11
1.199999999999999956e+00 7.999682638325177777e+02 1.016586814728270838e-11
1.349999999999999867e+00 7.999682638325177777e+02 1.016586814728270838e-11
1.499999999999999778e+00 7.999682638325177777e+02 1.016586814728270838e-11
1.649999999999999689e+00 7.999682638325177777e+02 1.016586814728270838e-11
1.799999999999999600e+00 7.999682638325177777e+02 1.016586814728270838e-11
1.949999999999999512e+00 7.999682638325177777e+02 1.016586814728270838e-11
2.099999999999999645e+00 7.999878819472738769e+02 1.014877071270348097e-11
2.249999999999999556e+00 7.999878819472738769e+02 1.014877071270348097e-11
2.399999999999999467e+00 7.999878819472738769e+02 1.014877071270348097e-11
2.549999999999999378e+00 7.999878819472738769e+02 1.014877071270348097e-11
2.699999999999999289e+00 7.999878819472738769e+02 1.014877071270348097e-11
2.849999999999999201e+00 7.999878819472738769e+02 1.014877071270348097e-11
2.999999999999999112e+00 7.999878819472738769e+02 1.014877071270348097e-11
3.149999999999999023e+00 7.999878819472738769e+02 1.014877071270348097e-11
3.299999999999998934e+00 7.999878819472738769e+02 1.014877071270348097e-11
3.449999999999998845e+00 7.999878819472738769e+02 1.014877071270348097e-11
3.599999999999998757e+00 7.999878819472738769e+02 1.014877071270348097e-11
3.749999999999998668e+00 7.999878819472738769e+02 1.014877071270348097e-11
3.899999999999998579e+00 7.999878819472738769e+02 1.014877071270348097e-11
4.049999999999998934e+00 4.788834338317598167e+02 1.012168127090262715e-11
4.199999999999999289e+00 2.887880301222765524e+02 1.012523398458142765e-11
4.349999999999999645e+00 1.287931078479106475e+02 1.019861972650915050e-11
4.500000000000000000e+00 6.407357125812927734e+01 1.024158535756214405e-11
4.650000000000000355e+00 3.099369852357611421e+01 1.052968823245237218e-11
4.800000000000000711e+00 1.507832525464884554e+01 1.164590646141050456e-11
4.950000000000001066e+00 7.271084692950090300e+00 1.584288256140098383e-11
5.100000000000001421e+00 3.460559644099859611e+00 3.408606730204155610e-11
5.250000000000001776e+00 1.597741525866098300e+00 1.148978689968771505e-10
5.400000000000002132e+00 6.874778435716848435e-01 5.056689511562240114e-10
5.550000000000002487e+00 2.426192363811878749e-01 2.875334415008978795e-09
5.700000000000002842e+00 2.521843091199116316e-02 5.629299448806079909e-08
5.850000000000003197e+00 8.102638085892976960e-02 1.799999999642149362e+02
6.000000000000003553e+00 1.329498905420223309e-01 1.799999999553819521e+02
6.150000000000003908e+00 1.583284724451914371e-01 1.799999999233931192e+02
6.300000000000004263e+00 1.707382988952304004e-01 1.799999998547401105e+02
6.450000000000004619e+00 1.768179642770064675e-01 1.799999997129627616e+02
6.600000000000004974e+00 1.798197645709933568e-01 1.799999994228570586e+02
6.750000000000005329e+00 1.813495023093310010e-01 1.799999988297975051e+02
6.900000000000005684e+00 1.822255063950706244e-01 1.799999976168155342e+02
7.050000000000006040e+00 1.829163913457705348e-01 1.799999951452048776e+02
7.200000000000006395e+00 1.837917436791940418e-01 1.799999901200621935e+02
7.350000000000006750e+00 1.853198302644614159e-01 1.799999799484565415e+02
7.500000000000007105e+00 1.883180966046893445e-01 1.799999596508563400e+02
7.650000000000007461e+00 1.943904531087810028e-01 1.799999200703111910e+02
7.800000000000007816e+00 2.067852877214590990e-01 1.799998462366214653e+02
7.950000000000008171e+00 2.321331760201701400e-01 1.799997199135951575e+02
8.100000000000008527e+00 2.839938748586519068e-01 1.799995318587443478e+02
8.250000000000008882e+00 3.901101810278078119e-01 1.799993025898464225e+02
8.400000000000009237e+00 6.072481286397533040e-01 1.799990838520309353e+02
8.550000000000009592e+00 1.051569274295218293e+00 1.799989181864694388e+02
8.700000000000009948e+00 1.960734911756503607e+00 1.799988127129988698e+02
8.850000000000010303e+00 3.821313300370192678e+00 1.799987542243281951e+02
9.000000000000010658e+00 7.627285822780265789e+00 1.799987239203997262e+02
9.150000000000011013e+00 1.542533200182021957e+01 1.799987080113053253e+02
9.300000000000011369e+00 3.132242509712676792e+01 1.799987010567114112e+02
9.450000000000011724e+00 6.436678891996824348e+01 1.799986980802826508e+02
9.600000000000012079e+00 1.290225896296370252e+02 1.799986960908442200e+02
9.750000000000012434e+00 2.889090945154274550e+02 1.799986961409415471e+02
9.900000000000012790e+00 4.788993672104815573e+02 1.799986964326121779e+02
1.005000000000001315e+01 7.999877376226888828e+02 1.799986962831192727e+02
1.020000000000001350e+01 7.999877376226888828e+02 1.799986962831192727e+02
1.035000000000001386e+01 7.999877376226888828e+02 1.799986962831192727e+02
1.050000000000001421e+01 7.999877376226888828e+02 1.799986962831192727e+02
1.065000000000001457e+01 7.999877376226888828e+02 1.799986962831192727e+02
1.080000000000001492e+01 7.999877376226888828e+02 1.799986962831192727e+02
1.095000000000001528e+01 7.999877376226888828e+02 1.799986962831192727e+02
1.110000000000001563e+01 7.999877376226888828e+02 1.799986962831192727e+02
1.125000000000001599e+01 7.999877376226888828e+02 1.799986962831192727e+02
1.140000000000001634e+01 7.999877376226888828e+02 1.799986962831192727e+02
1.155000000000001670e+01 7.999877376226888828e+02 1.799986962831192727e+02
1.170000000000001705e+01 7.999877376226888828e+02 1.799986962831192727e+02
1.185000000000001741e+01 7.999877376226888828e+02 1.799986962831192727e+02
1.200000000000001776e+01 7.999877376226888828e+02 1.799986962831192727e+02
1.215000000000001812e+01 7.999877376226888828e+02 1.799986962831192727e+02
1.230000000000001847e+01 7.999877376226888828e+02 1.799986962831192727e+02
1.245000000000001883e+01 7.999877376226888828e+02 1.799986962831192727e+02
1.260000000000001918e+01 7.999877376226888828e+02 1.799986962831192727e+02
1.275000000000001954e+01 7.999877376226888828e+02 1.799986962831192727e+02
1.290000000000001990e+01 7.999877376226888828e+02 1.799986962831192727e+02
1.305000000000002025e+01 7.999678831346622019e+02 1.799986968510840484e+02
1.320000000000002061e+01 7.999678831346622019e+02 1.799986968510840484e+02
1.335000000000002096e+01 7.999678831346622019e+02 1.799986968510840484e+02
1.350000000000002132e+01 7.999678831346622019e+02 1.799986968510840484e+02
1.365000000000002167e+01 7.999678831346622019e+02 1.799986968510840484e+02
1.380000000000002203e+01 7.999678831346622019e+02 1.799986968510840484e+02
1.395000000000002238e+01 7.999678831346622019e+02 1.799986968510840484e+02
1.410000000000002274e+01 7.999678831346622019e+02 1.799986968510840484e+02
1.425000000000002309e+01 7.999678831346622019e+02 1.799986968510840484e+02
1.440000000000002345e+01 7.999678831346622019e+02 1.799986968510840484e+02
1.455000000000002380e+01 7.999678831346622019e+02 1.799986968510840484e+02
1.470000000000002416e+01 7.999678831346622019e+02 1.799986968510840484e+02
1.485000000000002451e+01 7.999678831346622019e+02 1.799986968510840484e+02
1.500000000000002487e+01 7.999678831346622019e+02 1.799986968510840484e+02
1.515000000000002522e+01 7.999678831346622019e+02 1.799986968510840484e+02
1.530000000000002558e+01 7.999678831346622019e+02 1.799986968510840484e+02
1.545000000000002593e+01 7.999678831346622019e+02 1.799986968510840484e+02
1.560000000000002629e+01 7.999678831346622019e+02 1.799986968510840484e+02
1.575000000000002665e+01 7.999678831346622019e+02 1.799986968510840484e+02
1.590000000000002700e+01 7.999678831346622019e+02 1.799986968510840484e+02
