1.499999999999999944e-01 7.995270317124078474e+02 3.694889570214909824e-04
2.999999999999999889e-01 7.995270317124078474e+02 3.694889570214909824e-04
4.499999999999999556e-01 7.995270317124078474e+02 3.694889570214909824e-04
5.999999999999999778e-01 7.995270317124078474e+02 3.694889570214909824e-04
7.500000000000000000e-01 7.995270317124078474e+02 3.694889570214909824e-04
9.000000000000000222e-01 7.995270317124078474e+02 3.694889570214909824e-04
1.050000000000000044e+00 7.995270317124078474e+02 3.694889570214909824e-04
1.199999999999999956e+00 7.995270317124078474e+02 3.694889570214909824e-04
1.349999999999999867e+00 7.995270317124078474e+02 3.694889570214909824e-04
1.499999999999999778e+00 7.995270317124078474e+02 3.694889570214909824e-04
1.649999999999999689e+00 7.995270317124078474e+02 3.694889570214909824e-04
1.799999999999999600e+00 7.995270317124078474e+02 3.694889570214909824e-04
1.949999999999999512e+00 7.995270317124078474e+02 3.694889570214909824e-04
2.099999999999999645e+00 7.997438568267771188e+02 3.693381295233333361e-04
2.249999999999999556e+00 7.997438568267771188e+02 3.693381295233333361e-04
2.399999999999999467e+00 7.997438568267771188e+02 3.693381295233333361e-04
2.549999999999999378e+00 7.997438568267771188e+02 3.693381295233333361e-04
2.699999999999999289e+00 7.997438568267771188e+02 3.693381295233333361e-04
2.849999999999999201e+00 7.997438568267771188e+02 3.693381295233333361e-04
2.999999999999999112e+00 7.997438568267771188e+02 3.693381295233333361e-04
3.149999999999999023e+00 7.997438568267771188e+02 3.693381295233333361e-04
3.299999999999998934e+00 7.997438568267771188e+02 3.693381295233333361e-04
3.449999999999998845e+00 7.997438568267771188e+02 3.693381295233333361e-04
3.599999999999998757e+00 7.997438568267771188e+02 3.693381295233333361e-04
3.749999999999998668e+00 7.997438568267771188e+02 3.693381295233333361e-04
3.899999999999998579e+00 7.997438568267771188e+02 3.693381295233333361e-04
4.049999999999998934e+00 4.287522265794638656e+02 3.695974401415336175e-04
4.199999999999999289e+00 1.968760887045581285e+02 3.705880002053962841e-04
4.349999999999999645e+00 6.132168084783525330e+01 3.727859654120146971e-04
4.500000000000000000e+00 2.177504747548812247e+01 3.785915487961588610e-04
4.650000000000000355e+00 7.102367177880744009e+00 3.975901357656796975e-04
4.800000000000000711e+00 2.131843471638148912e+00 4.617687067327569395e-04
4.950000000000001066e+00 3.927424720985754902e-01 8.677289740134375151e-04
5.100000000000001421e+00 2.084438595338724554e-01 1.799994318809561662e+02
5.250000000000001776e+00 4.171994772888183434e-01 1.799999015754432605e+02
5.400000000000002132e+00 4.895669171969529998e-01 1.799999709055860251e+02
5.550000000000002487e+00 5.146694399837770106e-01 1.799999903903242000e+02
5.700000000000002842e+00 5.233748934280129106e-01 1.799999967223522788e+02
5.850000000000003197e+00 5.263941682483164186e-01 1.799999988696988851e+02
6.000000000000003553e+00 5.274412972623849782e-01 1.799999996082915743e+02
6.150000000000003908e+00 5.278044621376238865e-01 1.799999998642325068e+02
6.300000000000004263e+00 5.279304167834197870e-01 1.799999999529214278e+02
6.450000000000004619e+00 5.279741081440079142e-01 1.799999999836536517e+02
6.600000000000004974e+00 5.279892842492017735e-01 1.799999999943304374e+02
6.750000000000005329e+00 5.279946143275537906e-01 1.799999999980336156e+02
6.900000000000005684e+00 5.279966552575388050e-01 1.799999999993172253e+02
7.050000000000006040e+00 5.279979175777498313e-01 1.799999999997633040e+02
7.200000000000006395e+00 5.279999546725093751e-01 1.799999999999177192e+02
7.350000000000006750e+00 5.280052725961468241e-01 1.799999999999715214e+02
7.500000000000007105e+00 5.280204126502212603e-01 1.799999999999900240e+02
7.650000000000007461e+00 5.280640001647043391e-01 1.799999999999965610e+02
7.800000000000007816e+00 5.281896556039100687e-01 1.799999999999988916e+02
7.950000000000008171e+00 5.285519578484354497e-01 1.799999999999997158e+02
8.100000000000008527e+00 5.295965993942672867e-01 1.799999999999997726e+02
8.250000000000008882e+00 5.326087018709131371e-01 1.799999999999999716e+02
8.400000000000009237e+00 5.412934749533633294e-01 1.799999999999998863e+02
8.550000000000009592e+00 5.663363694836789364e-01 1.799999999999994316e+02
8.700000000000009948e+00 6.385318975342215708e-01 1.799999999999983800e+02
8.850000000000010303e+00 8.467918549976047871e-01 1.799999999999967599e+02
9.000000000000010658e+00 1.446550177185258690e+00 1.799999999999942304e+02
9.150000000000011013e+00 3.181535877497680076e+00 1.799999999999923830e+02
9.300000000000011369e+00 8.140269274993549686e+00 1.799999999999916156e+02
9.450000000000011724e+00 2.277913601916931441e+01 1.799999999999911324e+02
9.600000000000012079e+00 6.223309710341812462e+01 1.799999999999911324e+02
9.750000000000012434e+00 1.975346311134057373e+02 1.799999999999907629e+02
9.900000000000012790e+00 4.289298068638288441e+02 1.799999999999907345e+02
1.005000000000001315e+01 7.997466465858506126e+02 1.799999999999907629e+02
1.020000000000001350e+01 7.997466465858506126e+02 1.799999999999907629e+02
1.035000000000001386e+01 7.997466465858506126e+02 1.799999999999907629e+02
1.050000000000001421e+01 7.997466465858506126e+02 1.799999999999907629e+02
1.065000000000001457e+01 7.997466465858506126e+02 1.799999999999907629e+02
1.080000000000001492e+01 7.997466465858506126e+02 1.799999999999907629e+02
1.095000000000001528e+01 7.997466465858506126e+02 1.799999999999907629e+02
1.110000000000001563e+01 7.997466465858506126e+02 1.799999999999907629e+02
1.125000000000001599e+01 7.997466465858506126e+02 1.799999999999907629e+02
1.140000000000001634e+01 7.997466465858506126e+02 1.799999999999907629e+02
1.155000000000001670e+01 7.997466465858506126e+02 1.799999999999907629e+02
1.170000000000001705e+01 7.997466465858506126e+02 1.799999999999907629e+02
1.185000000000001741e+01 7.997466465858506126e+02 1.799999999999907629e+02
1.200000000000001776e+01 7.997466465858506126e+02 1.799999999999907629e+02
1.215000000000001812e+01 7.997466465858506126e+02 1.799999999999907629e+02
1.230000000000001847e+01 7.997466465858506126e+02 1.799999999999907629e+02
1.245000000000001883e+01 7.997466465858506126e+02 1.799999999999907629e+02
1.260000000000001918e+01 7.997466465858506126e+02 1.799999999999907629e+02
1.275000000000001954e+01 7.997466465858506126e+02 1.799999999999907629e+02
1.290000000000001990e+01 7.997466465858506126e+02 1.799999999999907629e+02
1.305000000000002025e+01 7.995319707397560478e+02 1.799999999999907345e+02
1.320000000000002061e+01 7.995319707397560478e+02 1.799999999999907345e+02
1.335000000000002096e+01 7.995319707397560478e+02 1.799999999999907345e+02
1.350000000000002132e+01 7.995319707397560478e+02 1.799999999999907345e+02
1.365000000000002167e+01 7.995319707397560478e+02 1.799999999999907345e+02
1.380000000000002203e+01 7.995319707397560478e+02 1.799999999999907345e+02
1.395000000000002238e+01 7.995319707397560478e+02 1.799999999999907345e+02
1.410000000000002274e+01 7.995319707397560478e+02 1.799999999999907345e+02
1.425000000000002309e+01 7.995319707397560478e+02 1.799999999999907345e+02
1.440000000000002345e+01 7.995319707397560478e+02 1.799999999999907345e+02
1.455000000000002380e+01 7.995319707397560478e+02 1.799999999999907345e+02
1.470000000000002416e+01 7.995319707397560478e+02 1.799999999999907345e+02
1.485000000000002451e+01 7.995319707397560478e+02 1.799999999999907345e+02
1.500000000000002487e+01 7.995319707397560478e+02 1.799999999999907345e+02
1.515000000000002522e+01 7.995319707397560478e+02 1.799999999999907345e+02
1.530000000000002558e+01 7.995319707397560478e+02 1.799999999999907345e+02
1.545000000000002593e+01 7.995319707397560478e+02 1.799999999999907345e+02
1.560000000000002629e+01 7.995319707397560478e+02 1.799999999999907345e+02
1.575000000000002665e+01 7.995319707397560478e+02 1.799999999999907345e+02
1.590000000000002700e+01 7.995319707397560478e+02 1.799999999999907345e+02
