1.499999999999999944e-01 7.999946734797259751e+02 7.890467368376619106e-08
2.999999999999999889e-01 7.999946734797259751e+02 7.890467368376619106e-08
4.499999999999999556e-01 7.999946734797259751e+02 7.890467368376619106e-08
5.999999999999999778e-01 7.999946734797259751e+02 7.890467368376619106e-08
7.500000000000000000e-01 7.999946734797259751e+02 7.890467368376619106e-08
9.000000000000000222e-01 7.999946734797259751e+02 7.890467368376619106e-08
1.050000000000000044e+00 7.999946734797259751e+02 7.890467368376619106e-08
1.199999999999999956e+00 7.999946734797259751e+02 7.890467368376619106e-08
1.349999999999999867e+00 7.999946734797259751e+02 7.890467368376619106e-08
1.499999999999999778e+00 7.999946734797259751e+02 7.890467368376619106e-08
1.649999999999999689e+00 7.999946734797259751e+02 7.890467368376619106e-08
1.799999999999999600e+00 7.999946734797259751e+02 7.890467368376619106e-08
1.949999999999999512e+00 7.999946734797259751e+02 7.890467368376619106e-08
2.099999999999999645e+00 7.999983916361844649e+02 7.881146313337694664e-08
2.249999999999999556e+00 7.999983916361844649e+02 7.881146313337694664e-08
2.399999999999999467e+00 7.999983916361844649e+02 7.881146313337694664e-08
2.549999999999999378e+00 7.999983916361844649e+02 7.881146313337694664e-08
2.699999999999999289e+00 7.999983916361844649e+02 7.881146313337694664e-08
2.849999999999999201e+00 7.999983916361844649e+02 7.881146313337694664e-08
2.999999999999999112e+00 7.999983916361844649e+02 7.881146313337694664e-08
3.149999999999999023e+00 7.999983916361844649e+02 7.881146313337694664e-08
3.299999999999998934e+00 7.999983916361844649e+02 7.881146313337694664e-08
3.449999999999998845e+00 7.999983916361844649e+02 7.881146313337694664e-08
3.599999999999998757e+00 7.999983916361844649e+02 7.881146313337694664e-08
3.749999999999998668e+00 7.999983916361844649e+02 7.881146313337694664e-08
3.899999999999998579e+00 7.999983916361844649e+02 7.881146313337694664e-08
4.049999999999998934e+00 4.958117764177993081e+02 7.888973485581374234e-08
4.199999999999999289e+00 3.454566043311391468e+02 7.927058409684661910e-08
4.349999999999999645e+00 1.930706715052092477e+02 7.957202197150792244e-08
4.500000000000000000e+00 1.207064123467942665e+02 8.002209517243841219e-08
4.650000000000000355e+00 7.492514981343543923e+01 8.107378957067368219e-08
4.800000000000000711e+00 4.680403308209317714e+01 8.249195626586214303e-08
4.950000000000001066e+00 2.910394275634509142e+01 8.526460082425302289e-08
5.100000000000001421e+00 1.795027936733511353e+01 9.139384138379114120e-08
5.250000000000001776e+00 1.090462923240923132e+01 1.046721466169131531e-07
5.400000000000002132e+00 6.451838037208126764e+00 1.372104749819413883e-07
5.550000000000002487e+00 3.636823908224300794e+00 2.253015446429529334e-07
5.700000000000002842e+00 1.856904474887443257e+00 4.981018365546319160e-07
5.850000000000003197e+00 7.311789278134597225e-01 1.677644443476289382e-06
6.000000000000003553e+00 1.878837543699773960e-02 9.537755200084152563e-05
6.150000000000003908e+00 4.326840756287992917e-01 1.799999936801402498e+02
6.300000000000004263e+00 7.198316343835813313e-01 1.799999940869099362e+02
6.450000000000004619e+00 9.040907100514345984e-01 1.799999925968990624e+02
6.600000000000004974e+00 1.024884768234073817e+00 1.799999897163257288e+02
6.750000000000005329e+00 1.108058758470633620e+00 1.799999850015663583e+02
6.900000000000005684e+00 1.171408615286622990e+00 1.799999775737896357e+02
7.050000000000006040e+00 1.228488771092258958e+00 1.799999662549762718e+02
7.200000000000006395e+00 1.291512242727264947e+00 1.799999493432545705e+02
7.350000000000006750e+00 1.373963762659741406e+00 1.799999247052605540e+02
7.500000000000007105e+00 1.493485072800808666e+00 1.799998906759500699e+02
7.650000000000007461e+00 1.675649796477500786e+00 1.799998462154160848e+02
7.800000000000007816e+00 1.959435780313867781e+00 1.799997920400369082e+02
7.950000000000008171e+00 2.405566413667997949e+00 1.799997326528021802e+02
8.100000000000008527e+00 3.109507513302972370e+00 1.799996735735471418e+02
8.250000000000008882e+00 4.221906874256447395e+00 1.799996198200693982e+02
8.400000000000009237e+00 5.980868490742935251e+00 1.799995764282777770e+02
8.550000000000009592e+00 8.763047834403806746e+00 1.799995437075737073e+02
8.700000000000009948e+00 1.316469048845714696e+01 1.799995196500530596e+02
8.850000000000010303e+00 2.013137105567315643e+01 1.799995040848233145e+02
9.000000000000010658e+00 3.116481306660586625e+01 1.799994940922477156e+02
9.150000000000011013e+00 4.868583668749598559e+01 1.799994869827507102e+02
9.300000000000011369e+00 7.654948591168368921e+01 1.799994834543826414e+02
9.450000000000011724e+00 1.219789164278214315e+02 1.799994816387570893e+02
9.600000000000012079e+00 1.939082031361071188e+02 1.799994799429838679e+02
9.750000000000012434e+00 3.457939662910604852e+02 1.799994800276566593e+02
9.900000000000012790e+00 4.958402788544687496e+02 1.799994803302061541e+02
1.005000000000001315e+01 7.999983817857123540e+02 1.799994801873739618e+02
1.020000000000001350e+01 7.999983817857123540e+02 1.799994801873739618e+02
1.035000000000001386e+01 7.999983817857123540e+02 1.799994801873739618e+02
1.050000000000001421e+01 7.999983817857123540e+02 1.799994801873739618e+02
1.065000000000001457e+01 7.999983817857123540e+02 1.799994801873739618e+02
1.080000000000001492e+01 7.999983817857123540e+02 1.799994801873739618e+02
1.095000000000001528e+01 7.999983817857123540e+02 1.799994801873739618e+02
1.110000000000001563e+01 7.999983817857123540e+02 1.799994801873739618e+02
1.125000000000001599e+01 7.999983817857123540e+02 1.799994801873739618e+02
1.140000000000001634e+01 7.999983817857123540e+02 1.799994801873739618e+02
1.155000000000001670e+01 7.999983817857123540e+02 1.799994801873739618e+02
1.170000000000001705e+01 7.999983817857123540e+02 1.799994801873739618e+02
1.185000000000001741e+01 7.999983817857123540e+02 1.799994801873739618e+02
1.200000000000001776e+01 7.999983817857123540e+02 1.799994801873739618e+02
1.215000000000001812e+01 7.999983817857123540e+02 1.799994801873739618e+02
1.230000000000001847e+01 7.999983817857123540e+02 1.799994801873739618e+02
1.245000000000001883e+01 7.999983817857123540e+02 1.799994801873739618e+02
1.260000000000001918e+01 7.999983817857123540e+02 1.799994801873739618e+02
1.275000000000001954e+01 7.999983817857123540e+02 1.799994801873739618e+02
1.290000000000001990e+01 7.999983817857123540e+02 1.799994801873739618e+02
1.305000000000002025e+01 7.999946395421827674e+02 1.799994807599270246e+02
1.320000000000002061e+01 7.999946395421827674e+02 1.799994807599270246e+02
1.335000000000002096e+01 7.999946395421827674e+02 1.799994807599270246e+02
1.350000000000002132e+01 7.999946395421827674e+02 1.799994807599270246e+02
1.365000000000002167e+01 7.999946395421827674e+02 1.799994807599270246e+02
1.380000000000002203e+01 7.999946395421827674e+02 1.799994807599270246e+02
1.395000000000002238e+01 7.999946395421827674e+02 1.799994807599270246e+02
1.410000000000002274e+01 7.999946395421827674e+02 1.799994807599270246e+02
1.425000000000002309e+01 7.999946395421827674e+02 1.799994807599270246e+02
1.440000000000002345e+01 7.999946395421827674e+02 1.799994807599270246e+02
1.455000000000002380e+01 7.999946395421827674e+02 1.799994807599270246e+02
1.470000000000002416e+01 7.999946395421827674e+02 1.799994807599270246e+02
1.485000000000002451e+01 7.999946395421827674e+02 1.799994807599270246e+02
1.500000000000002487e+01 7.999946395421827674e+02 1.799994807599270246e+02
1.515000000000002522e+01 7.999946395421827674e+02 1.799994807599270246e+02
1.530000000000002558e+01 7.999946395421827674e+02 1.799994807599270246e+02
1.545000000000002593e+01 7.999946395421827674e+02 1.799994807599270246e+02
1.560000000000002629e+01 7.999946395421827674e+02 1.799994807599270246e+02
1.575000000000002665e+01 7.999946395421827674e+02 1.799994807599270246e+02
1.590000000000002700e+01 7.999946395421827674e+02 1.799994807599270246e+02
