1.499999999999999944e-01 7.999986900948945276e+02 2.217849747299105445e-05
2.999999999999999889e-01 7.999986900948945276e+02 2.217849747299105445e-05
4.499999999999999556e-01 7.999986900948945276e+02 2.217849747299105445e-05
5.999999999999999778e-01 7.999986900948945276e+02 2.217849747299105445e-05
7.500000000000000000e-01 7.999986900948945276e+02 2.217849747299105445e-05
9.000000000000000222e-01 7.999986900948945276e+02 2.217849747299105445e-05
1.050000000000000044e+00 7.999986900948945276e+02 2.217849747299105445e-05
1.199999999999999956e+00 7.999986900948945276e+02 2.217849747299105445e-05
1.349999999999999867e+00 7.999986900948945276e+02 2.217849747299105445e-05
1.499999999999999778e+00 7.999986900948945276e+02 2.217849747299105445e-05
1.649999999999999689e+00 7.999986900948945276e+02 2.217849747299105445e-05
1.799999999999999600e+00 7.999986900948945276e+02 2.217849747299105445e-05
1.949999999999999512e+00 7.999986900948945276e+02 2.217849747299105445e-05
2.099999999999999645e+00 7.999996711170771277e+02 2.216651084574472463e-05
2.249999999999999556e+00 7.999996711170771277e+02 2.216651084574472463e-05
2.399999999999999467e+00 7.999996711170771277e+02 2.216651084574472463e-05
2.549999999999999378e+00 7.999996711170771277e+02 2.216651084574472463e-05
2.699999999999999289e+00 7.999996711170771277e+02 2.216651084574472463e-05
2.849999999999999201e+00 7.999996711170771277e+02 2.216651084574472463e-05
2.999999999999999112e+00 7.999996711170771277e+02 2.216651084574472463e-05
3.149999999999999023e+00 7.999996711170771277e+02 2.216651084574472463e-05
3.299999999999998934e+00 7.999996711170771277e+02 2.216651084574472463e-05
3.449999999999998845e+00 7.999996711170771277e+02 2.216651084574472463e-05
3.599999999999998757e+00 7.999996711170771277e+02 2.216651084574472463e-05
3.749999999999998668e+00 7.999996711170771277e+02 2.216651084574472463e-05
3.899999999999998579e+00 7.999996711170771277e+02 2.216651084574472463e-05
4.049999999999998934e+00 5.040032292366999513e+02 2.220090329319024391e-05
4.199999999999999289e+00 3.858339449676890922e+02 2.235461534949578777e-05
4.349999999999999645e+00 2.577137689948506818e+02 2.263910320043915902e-05
4.500000000000000000e+00 1.978919525973228701e+02 2.307101782639264798e-05
4.650000000000000355e+00 1.567024653136898849e+02 2.375554798772494536e-05
4.800000000000000711e+00 1.275065421968629238e+02 2.462702230154878436e-05
4.950000000000001066e+00 1.050831244109162839e+02 2.578725455626429408e-05
5.100000000000001421e+00 8.703223676484640237e+01 2.736664033520241901e-05
5.250000000000001776e+00 7.193227488665870339e+01 2.938161988752518994e-05
5.400000000000002132e+00 5.893331663376931573e+01 3.207812437555634943e-05
5.550000000000002487e+00 4.749815716064122739e+01 3.586249427145471458e-05
5.700000000000002842e+00 3.727682602321343097e+01 4.122914349924400312e-05
5.850000000000003197e+00 2.803424988056862333e+01 4.954816054669741732e-05
6.000000000000003553e+00 1.960732631475444165e+01 6.418569926769368550e-05
6.150000000000003908e+00 1.187804221695731144e+01 9.576042747605484351e-05
6.300000000000004263e+00 4.756105671279698299e+00 2.158824432224593082e-04
6.450000000000004619e+00 1.832512872165921181e+00 1.799994941466036664e+02
6.600000000000004974e+00 7.953213116902759339e+00 1.799998952187295060e+02
6.750000000000005329e+00 1.366786910051958515e+01 1.799999453323439695e+02
6.900000000000005684e+00 1.903827413882799036e+01 1.799999648448707887e+02
7.050000000000006040e+00 2.412855044238802549e+01 1.799999752809427775e+02
7.200000000000006395e+00 2.900700038810699510e+01 1.799999817384603205e+02
7.350000000000006750e+00 3.374778841491381343e+01 1.799999860817740966e+02
7.500000000000007105e+00 3.843279816126968740e+01 1.799999892241019950e+02
7.650000000000007461e+00 4.315400779812836873e+01 1.799999915702866247e+02
7.800000000000007816e+00 4.801677756252983897e+01 1.799999933577018396e+02
7.950000000000008171e+00 5.314457046568447396e+01 1.799999947680859407e+02
8.100000000000008527e+00 5.868587501469896495e+01 1.799999958835620646e+02
8.250000000000008882e+00 6.482455477986448500e+01 1.799999967645384800e+02
8.400000000000009237e+00 7.179568333726585649e+01 1.799999974722359468e+02
8.550000000000009592e+00 7.991050590456720215e+01 1.799999980330925098e+02
8.700000000000009948e+00 8.959716135415655458e+01 1.799999984704022609e+02
8.850000000000010303e+00 1.014706720154510293e+02 1.799999988116576048e+02
9.000000000000010658e+00 1.164561790385514968e+02 1.799999990700168269e+02
9.150000000000011013e+00 1.360456053391848172e+02 1.799999992584784252e+02
9.300000000000011369e+00 1.627039765934402169e+02 1.799999993926293484e+02
9.450000000000011724e+00 2.017046066076711952e+02 1.799999994822003089e+02
9.600000000000012079e+00 2.597574518172306739e+02 1.799999995351379596e+02
9.750000000000012434e+00 3.864785163013046940e+02 1.799999995651270694e+02
9.900000000000012790e+00 5.040424697097894864e+02 1.799999995749533355e+02
1.005000000000001315e+01 7.999996728800731489e+02 1.799999995765642495e+02
1.020000000000001350e+01 7.999996728800731489e+02 1.799999995765642495e+02
1.035000000000001386e+01 7.999996728800731489e+02 1.799999995765642495e+02
1.050000000000001421e+01 7.999996728800731489e+02 1.799999995765642495e+02
1.065000000000001457e+01 7.999996728800731489e+02 1.799999995765642495e+02
1.080000000000001492e+01 7.999996728800731489e+02 1.799999995765642495e+02
1.095000000000001528e+01 7.999996728800731489e+02 1.799999995765642495e+02
1.110000000000001563e+01 7.999996728800731489e+02 1.799999995765642495e+02
1.125000000000001599e+01 7.999996728800731489e+02 1.799999995765642495e+02
1.140000000000001634e+01 7.999996728800731489e+02 1.799999995765642495e+02
1.155000000000001670e+01 7.999996728800731489e+02 1.799999995765642495e+02
1.170000000000001705e+01 7.999996728800731489e+02 1.799999995765642495e+02
1.185000000000001741e+01 7.999996728800731489e+02 1.799999995765642495e+02
1.200000000000001776e+01 7.999996728800731489e+02 1.799999995765642495e+02
1.215000000000001812e+01 7.999996728800731489e+02 1.799999995765642495e+02
1.230000000000001847e+01 7.999996728800731489e+02 1.799999995765642495e+02
1.245000000000001883e+01 7.999996728800731489e+02 1.799999995765642495e+02
1.260000000000001918e+01 7.999996728800731489e+02 1.799999995765642495e+02
1.275000000000001954e+01 7.999996728800731489e+02 1.799999995765642495e+02
1.290000000000001990e+01 7.999996728800731489e+02 1.799999995765642495e+02
1.305000000000002025e+01 7.999986964786755834e+02 1.799999995773742683e+02
1.320000000000002061e+01 7.999986964786755834e+02 1.799999995773742683e+02
1.335000000000002096e+01 7.999986964786755834e+02 1.799999995773742683e+02
1.350000000000002132e+01 7.999986964786755834e+02 1.799999995773742683e+02
1.365000000000002167e+01 7.999986964786755834e+02 1.799999995773742683e+02
1.380000000000002203e+01 7.999986964786755834e+02 1.799999995773742683e+02
1.395000000000002238e+01 7.999986964786755834e+02 1.799999995773742683e+02
1.410000000000002274e+01 7.999986964786755834e+02 1.799999995773742683e+02
1.425000000000002309e+01 7.999986964786755834e+02 1.799999995773742683e+02
1.440000000000002345e+01 7.999986964786755834e+02 1.799999995773742683e+02
1.455000000000002380e+01 7.999986964786755834e+02 1.799999995773742683e+02
1.470000000000002416e+01 7.999986964786755834e+02 1.799999995773742683e+02
1.485000000000002451e+01 7.999986964786755834e+02 1.799999995773742683e+02
1.500000000000002487e+01 7.999986964786755834e+02 1.799999995773742683e+02
1.515000000000002522e+01 7.999986964786755834e+02 1.799999995773742683e+02
1.530000000000002558e+01 7.999986964786755834e+02 1.799999995773742683e+02
1.545000000000002593e+01 7.999986964786755834e+02 1.799999995773742683e+02
1.560000000000002629e+01 7.999986964786755834e+02 1.799999995773742683e+02
1.575000000000002665e+01 7.999986964786755834e+02 1.799999995773742683e+02
1.590000000000002700e+01 7.999986964786755834e+02 1.799999995773742683e+02
