1.499999999999999944e-01 7.999997763446225463e+02 9.640696167644780701e+01
2.999999999999999889e-01 7.999997763446225463e+02 9.640696167644780701e+01
4.499999999999999556e-01 7.999997763446225463e+02 9.640696167644780701e+01
5.999999999999999778e-01 7.999997763446225463e+02 9.640696167644780701e+01
7.500000000000000000e-01 7.999997763446225463e+02 9.640696167644780701e+01
9.000000000000000222e-01 7.999997763446225463e+02 9.640696167644780701e+01
1.050000000000000044e+00 7.999997763446225463e+02 9.640696167644780701e+01
1.199999999999999956e+00 7.999997763446225463e+02 9.640696167644780701e+01
1.349999999999999867e+00 7.999997763446225463e+02 9.640696167644780701e+01
1.499999999999999778e+00 7.999997763446225463e+02 9.640696167644780701e+01
1.649999999999999689e+00 7.999997763446225463e+02 9.640696167644780701e+01
1.799999999999999600e+00 7.999997763446225463e+02 9.640696167644780701e+01
1.949999999999999512e+00 7.999997763446225463e+02 9.640696167644780701e+01
2.099999999999999645e+00 7.999999553258786591e+02 9.644617340100650438e+01
2.249999999999999556e+00 7.999999553258786591e+02 9.644617340100650438e+01
2.399999999999999467e+00 7.999999553258786591e+02 9.644617340100650438e+01
2.549999999999999378e+00 7.999999553258786591e+02 9.644617340100650438e+01
2.699999999999999289e+00 7.999999553258786591e+02 9.644617340100650438e+01
2.849999999999999201e+00 7.999999553258786591e+02 9.644617340100650438e+01
2.999999999999999112e+00 7.999999553258786591e+02 9.644617340100650438e+01
3.149999999999999023e+00 7.999999553258786591e+02 9.644617340100650438e+01
3.299999999999998934e+00 7.999999553258786591e+02 9.644617340100650438e+01
3.449999999999998845e+00 7.999999553258786591e+02 9.644617340100650438e+01
3.599999999999998757e+00 7.999999553258786591e+02 9.644617340100650438e+01
3.749999999999998668e+00 7.999999553258786591e+02 9.644617340100650438e+01
3.899999999999998579e+00 7.999999553258786591e+02 9.644617340100650438e+01
4.049999999999998934e+00 5.103374908408986812e+02 9.666170308312770487e+01
4.199999999999999289e+00 4.259446099557089838e+02 9.762185581373756804e+01
4.349999999999999645e+00 3.345860841135508963e+02 9.987137168792710895e+01
4.500000000000000000e+00 3.036211450688940090e+02 1.027043348094789650e+02
4.650000000000000355e+00 2.874875118754637242e+02 1.059706817441147138e+02
4.800000000000000711e+00 2.797392518928404002e+02 1.093777647500914298e+02
4.950000000000001066e+00 2.758815973764108094e+02 1.127999823947725559e+02
5.100000000000001421e+00 2.740124418199089291e+02 1.161599149224766734e+02
5.250000000000001776e+00 2.731496033816629279e+02 1.194213973942697322e+02
5.400000000000002132e+00 2.727984379627212093e+02 1.225680059885028186e+02
5.550000000000002487e+00 2.727041656016736511e+02 1.255940904323160510e+02
5.700000000000002842e+00 2.727356477437809303e+02 1.284994282301082649e+02
5.850000000000003197e+00 2.728254402290564826e+02 1.312865469232108921e+02
6.000000000000003553e+00 2.729390815859445638e+02 1.339593397926783211e+02
6.150000000000003908e+00 2.730591848983298178e+02 1.365223618200508611e+02
6.300000000000004263e+00 2.731771916462446370e+02 1.389804631683317666e+02
6.450000000000004619e+00 2.732890944305821677e+02 1.413386027081156158e+02
6.600000000000004974e+00 2.733932210418771547e+02 1.436017496757607148e+02
6.750000000000005329e+00 2.734890896329857810e+02 1.457748264278662305e+02
6.900000000000005684e+00 2.735768226278805741e+02 1.478626799268617731e+02
7.050000000000006040e+00 2.736568567715302152e+02 1.498700656232841197e+02
7.200000000000006395e+00 2.737298186472104362e+02 1.518016346674454553e+02
7.350000000000006750e+00 2.737965097998968531e+02 1.536619290939429447e+02
7.500000000000007105e+00 2.738579956943538036e+02 1.554553783582875326e+02
7.650000000000007461e+00 2.739158401655892021e+02 1.571862925896615764e+02
7.800000000000007816e+00 2.739725952977224779e+02 1.588588565342224683e+02
7.950000000000008171e+00 2.740327770322521701e+02 1.604771162489155927e+02
8.100000000000008527e+00 2.741047856836896699e+02 1.620449488386047676e+02
8.250000000000008882e+00 2.742046783143029529e+02 1.635660062989475705e+02
8.400000000000009237e+00 2.743635804304205408e+02 1.650436031802058210e+02
8.550000000000009592e+00 2.746422786963198632e+02 1.664804950343513212e+02
8.700000000000009948e+00 2.751599980363021132e+02 1.678784514091244091e+02
8.850000000000010303e+00 2.761518564735525274e+02 1.692374484990940289e+02
9.000000000000010658e+00 2.780825326487131406e+02 1.705540804578941732e+02
9.150000000000011013e+00 2.818936014588939543e+02 1.718189969255872995e+02
9.300000000000011369e+00 2.894403150201694075e+02 1.730107199020045243e+02
9.450000000000011724e+00 3.051845655093398477e+02 1.740945358081928873e+02
9.600000000000012079e+00 3.355916675056083136e+02 1.749890446968149718e+02
9.750000000000012434e+00 4.262805529440154828e+02 1.756599420221837136e+02
9.900000000000012790e+00 5.103541156254681255e+02 1.759302063901039332e+02
1.005000000000001315e+01 7.999999565263556178e+02 1.759836946374824720e+02
1.020000000000001350e+01 7.999999565263556178e+02 1.759836946374824720e+02
1.035000000000001386e+01 7.999999565263556178e+02 1.759836946374824720e+02
1.050000000000001421e+01 7.999999565263556178e+02 1.759836946374824720e+02
1.065000000000001457e+01 7.999999565263556178e+02 1.759836946374824720e+02
1.080000000000001492e+01 7.999999565263556178e+02 1.759836946374824720e+02
1.095000000000001528e+01 7.999999565263556178e+02 1.759836946374824720e+02
1.110000000000001563e+01 7.999999565263556178e+02 1.759836946374824720e+02
1.125000000000001599e+01 7.999999565263556178e+02 1.759836946374824720e+02
1.140000000000001634e+01 7.999999565263556178e+02 1.759836946374824720e+02
1.155000000000001670e+01 7.999999565263556178e+02 1.759836946374824720e+02
1.170000000000001705e+01 7.999999565263556178e+02 1.759836946374824720e+02
1.185000000000001741e+01 7.999999565263556178e+02 1.759836946374824720e+02
1.200000000000001776e+01 7.999999565263556178e+02 1.759836946374824720e+02
1.215000000000001812e+01 7.999999565263556178e+02 1.759836946374824720e+02
1.230000000000001847e+01 7.999999565263556178e+02 1.759836946374824720e+02
1.245000000000001883e+01 7.999999565263556178e+02 1.759836946374824720e+02
1.260000000000001918e+01 7.999999565263556178e+02 1.759836946374824720e+02
1.275000000000001954e+01 7.999999565263556178e+02 1.759836946374824720e+02
1.290000000000001990e+01 7.999999565263556178e+02 1.759836946374824720e+02
1.305000000000002025e+01 7.999997822784578148e+02 1.759940064828892901e+02
1.320000000000002061e+01 7.999997822784578148e+02 1.759940064828892901e+02
1.335000000000002096e+01 7.999997822784578148e+02 1.759940064828892901e+02
1.350000000000002132e+01 7.999997822784578148e+02 1.759940064828892901e+02
1.365000000000002167e+01 7.999997822784578148e+02 1.759940064828892901e+02
1.380000000000002203e+01 7.999997822784578148e+02 1.759940064828892901e+02
1.395000000000002238e+01 7.999997822784578148e+02 1.759940064828892901e+02
1.410000000000002274e+01 7.999997822784578148e+02 1.759940064828892901e+02
1.425000000000002309e+01 7.999997822784578148e+02 1.759940064828892901e+02
1.440000000000002345e+01 7.999997822784578148e+02 1.759940064828892901e+02
1.455000000000002380e+01 7.999997822784578148e+02 1.759940064828892901e+02
1.470000000000002416e+01 7.999997822784578148e+02 1.759940064828892901e+02
1.485000000000002451e+01 7.999997822784578148e+02 1.759940064828892901e+02
1.500000000000002487e+01 7.999997822784578148e+02 1.759940064828892901e+02
1.515000000000002522e+01 7.999997822784578148e+02 1.759940064828892901e+02
1.530000000000002558e+01 7.999997822784578148e+02 1.759940064828892901e+02
1.545000000000002593e+01 7.999997822784578148e+02 1.759940064828892901e+02
1.560000000000002629e+01 7.999997822784578148e+02 1.759940064828892901e+02
1.575000000000002665e+01 7.999997822784578148e+02 1.759940064828892901e+02
1.590000000000002700e+01 7.999997822784578148e+02 1.759940064828892901e+02
