1.499999999999999944e-01 7.999881871671177578e+02 1.799985479814722851e+02
2.999999999999999889e-01 7.999881871671177578e+02 1.799985479814722851e+02
4.499999999999999556e-01 7.999881871671177578e+02 1.799985479814722851e+02
5.999999999999999778e-01 7.999881871671177578e+02 1.799985479814722851e+02
7.500000000000000000e-01 7.999881871671177578e+02 1.799985479814722851e+02
9.000000000000000222e-01 7.999881871671177578e+02 1.799985479814722851e+02
1.050000000000000044e+00 7.999881871671177578e+02 1.799985479814722851e+02
1.199999999999999956e+00 7.999881871671177578e+02 1.799985479814722851e+02
1.349999999999999867e+00 7.999881871671177578e+02 1.799985479814722851e+02
1.499999999999999778e+00 7.999881871671177578e+02 1.799985479814722851e+02
1.649999999999999689e+00 7.999881871671177578e+02 1.799985479814722851e+02
1.799999999999999600e+00 7.999881871671177578e+02 1.799985479814722851e+02
1.949999999999999512e+00 7.999881871671177578e+02 1.799985479814722851e+02
2.099999999999999645e+00 7.999960478376518722e+02 1.799985485577369673e+02
2.249999999999999556e+00 7.999960478376518722e+02 1.799985485577369673e+02
2.399999999999999467e+00 7.999960478376518722e+02 1.799985485577369673e+02
2.549999999999999378e+00 7.999960478376518722e+02 1.799985485577369673e+02
2.699999999999999289e+00 7.999960478376518722e+02 1.799985485577369673e+02
2.849999999999999201e+00 7.999960478376518722e+02 1.799985485577369673e+02
2.999999999999999112e+00 7.999960478376518722e+02 1.799985485577369673e+02
3.149999999999999023e+00 7.999960478376518722e+02 1.799985485577369673e+02
3.299999999999998934e+00 7.999960478376518722e+02 1.799985485577369673e+02
3.449999999999998845e+00 7.999960478376518722e+02 1.799985485577369673e+02
3.599999999999998757e+00 7.999960478376518722e+02 1.799985485577369673e+02
3.749999999999998668e+00 7.999960478376518722e+02 1.799985485577369673e+02
3.899999999999998579e+00 7.999960478376518722e+02 1.799985485577369673e+02
4.049999999999998934e+00 4.895583805575643623e+02 1.799985498585133428e+02
4.199999999999999289e+00 3.219915550744839834e+02 1.799985531080264991e+02
4.349999999999999645e+00 1.643171629858849769e+02 1.799985644025208558e+02
4.500000000000000000e+00 9.405587221652805852e+01 1.799985838779929281e+02
4.650000000000000355e+00 5.360197900854986841e+01 1.799986180052563896e+02
4.800000000000000711e+00 3.136643965434381798e+01 1.799986765688960872e+02
4.950000000000001066e+00 1.890000506316726359e+01 1.799987700925146328e+02
5.100000000000001421e+00 1.192761025296537269e+01 1.799989071923805284e+02
5.250000000000001776e+00 8.021723182201533575e+00 1.799990894692516576e+02
5.400000000000002132e+00 5.833793132312059981e+00 1.799992983720783002e+02
5.550000000000002487e+00 4.608004298052733816e+00 1.799995018675901690e+02
5.700000000000002842e+00 3.921249354433641088e+00 1.799996719509889260e+02
5.850000000000003197e+00 3.536498600496244649e+00 1.799997961564439208e+02
6.000000000000003553e+00 3.320972601734027307e+00 1.799998782658185519e+02
6.150000000000003908e+00 3.200295032182182808e+00 1.799999292059543166e+02
6.300000000000004263e+00 3.132822068040383101e+00 1.799999594715266085e+02
6.450000000000004619e+00 3.095270195919994194e+00 1.799999769958718900e+02
6.600000000000004974e+00 3.074681139420817999e+00 1.799999870218215108e+02
6.750000000000005329e+00 3.063950121623278733e+00 1.799999927013649312e+02
6.900000000000005684e+00 3.059374139751753319e+00 1.799999959007984671e+02
7.050000000000006040e+00 3.059374139914012858e+00 1.799999977027472653e+02
7.200000000000006395e+00 3.063950122124808217e+00 1.799999987145086777e+02
7.350000000000006750e+00 3.074681140497631304e+00 1.799999992816119061e+02
7.500000000000007105e+00 3.095270197911361265e+00 1.799999996000828730e+02
7.650000000000007461e+00 3.132822071646970130e+00 1.799999997785672292e+02
7.800000000000007816e+00 3.200295038657813507e+00 1.799999998784387856e+02
7.950000000000008171e+00 3.320972613328208922e+00 1.799999999343506829e+02
8.100000000000008527e+00 3.536498621213837623e+00 1.799999999654511953e+02
8.250000000000008882e+00 3.921249391406689710e+00 1.799999999825254520e+02
8.400000000000009237e+00 4.608004363989110175e+00 1.799999999916653621e+02
8.550000000000009592e+00 5.833793249846969786e+00 1.799999999963086452e+02
8.700000000000009948e+00 8.021723391759728372e+00 1.799999999984918588e+02
8.850000000000010303e+00 1.192761062672837724e+01 1.799999999994282973e+02
9.000000000000010658e+00 1.890000572993411865e+01 1.799999999997941131e+02
9.150000000000011013e+00 3.136644084691732104e+01 1.799999999999262741e+02
9.300000000000011369e+00 5.360198113459005498e+01 1.799999999999712941e+02
9.450000000000011724e+00 9.405587612075993320e+01 1.799999999999858744e+02
9.600000000000012079e+00 1.643171696851489401e+02 1.799999999999903082e+02
9.750000000000012434e+00 3.219915717514363678e+02 1.799999999999915872e+02
9.900000000000012790e+00 4.895583945655405387e+02 1.799999999999919567e+02
1.005000000000001315e+01 7.999961575249166117e+02 1.799999999999920703e+02
1.020000000000001350e+01 7.999961575249166117e+02 1.799999999999920703e+02
1.035000000000001386e+01 7.999961575249166117e+02 1.799999999999920703e+02
1.050000000000001421e+01 7.999961575249166117e+02 1.799999999999920703e+02
1.065000000000001457e+01 7.999961575249166117e+02 1.799999999999920703e+02
1.080000000000001492e+01 7.999961575249166117e+02 1.799999999999920703e+02
1.095000000000001528e+01 7.999961575249166117e+02 1.799999999999920703e+02
1.110000000000001563e+01 7.999961575249166117e+02 1.799999999999920703e+02
1.125000000000001599e+01 7.999961575249166117e+02 1.799999999999920703e+02
1.140000000000001634e+01 7.999961575249166117e+02 1.799999999999920703e+02
1.155000000000001670e+01 7.999961575249166117e+02 1.799999999999920703e+02
1.170000000000001705e+01 7.999961575249166117e+02 1.799999999999920703e+02
1.185000000000001741e+01 7.999961575249166117e+02 1.799999999999920703e+02
1.200000000000001776e+01 7.999961575249166117e+02 1.799999999999920703e+02
1.215000000000001812e+01 7.999961575249166117e+02 1.799999999999920703e+02
1.230000000000001847e+01 7.999961575249166117e+02 1.799999999999920703e+02
1.245000000000001883e+01 7.999961575249166117e+02 1.799999999999920703e+02
1.260000000000001918e+01 7.999961575249166117e+02 1.799999999999920703e+02
1.275000000000001954e+01 7.999961575249166117e+02 1.799999999999920703e+02
1.290000000000001990e+01 7.999961575249166117e+02 1.799999999999920703e+02
1.305000000000002025e+01 7.999885150175113040e+02 1.799999999999920419e+02
1.320000000000002061e+01 7.999885150175113040e+02 1.799999999999920419e+02
1.335000000000002096e+01 7.999885150175113040e+02 1.799999999999920419e+02
1.350000000000002132e+01 7.999885150175113040e+02 1.799999999999920419e+02
1.365000000000002167e+01 7.999885150175113040e+02 1.799999999999920419e+02
1.380000000000002203e+01 7.999885150175113040e+02 1.799999999999920419e+02
1.395000000000002238e+01 7.999885150175113040e+02 1.799999999999920419e+02
1.410000000000002274e+01 7.999885150175113040e+02 1.799999999999920419e+02
1.425000000000002309e+01 7.999885150175113040e+02 1.799999999999920419e+02
1.440000000000002345e+01 7.999885150175113040e+02 1.799999999999920419e+02
1.455000000000002380e+01 7.999885150175113040e+02 1.799999999999920419e+02
1.470000000000002416e+01 7.999885150175113040e+02 1.799999999999920419e+02
1.485000000000002451e+01 7.999885150175113040e+02 1.799999999999920419e+02
1.500000000000002487e+01 7.999885150175113040e+02 1.799999999999920419e+02
1.515000000000002522e+01 7.999885150175113040e+02 1.799999999999920419e+02
1.530000000000002558e+01 7.999885150175113040e+02 1.799999999999920419e+02
1.545000000000002593e+01 7.999885150175113040e+02 1.799999999999920419e+02
1.560000000000002629e+01 7.999885150175113040e+02 1.799999999999920419e+02
1.575000000000002665e+01 7.999885150175113040e+02 1.799999999999920419e+02
1.590000000000002700e+01 7.999885150175113040e+02 1.799999999999920419e+02
