1.499999999999999944e-01 7.999680837587530959e+02 3.295141660941691697e-05
2.999999999999999889e-01 7.999680837587530959e+02 3.295141660941691697e-05
4.499999999999999556e-01 7.999680837587530959e+02 3.295141660941691697e-05
5.999999999999999778e-01 7.999680837587530959e+02 3.295141660941691697e-05
7.500000000000000000e-01 7.999680837587530959e+02 3.295141660941691697e-05
9.000000000000000222e-01 7.999680837587530959e+02 3.295141660941691697e-05
1.050000000000000044e+00 7.999680837587530959e+02 3.295141660941691697e-05
1.199999999999999956e+00 7.999680837587530959e+02 3.295141660941691697e-05
1.349999999999999867e+00 7.999680837587530959e+02 3.295141660941691697e-05
1.499999999999999778e+00 7.999680837587530959e+02 3.295141660941691697e-05
1.649999999999999689e+00 7.999680837587530959e+02 3.295141660941691697e-05
1.799999999999999600e+00 7.999680837587530959e+02 3.295141660941691697e-05
1.949999999999999512e+00 7.999680837587530959e+02 3.295141660941691697e-05
2.099999999999999645e+00 7.999878114380873058e+02 3.292191684878265079e-05
2.249999999999999556e+00 7.999878114380873058e+02 3.292191684878265079e-05
2.399999999999999467e+00 7.999878114380873058e+02 3.292191684878265079e-05
2.549999999999999378e+00 7.999878114380873058e+02 3.292191684878265079e-05
2.699999999999999289e+00 7.999878114380873058e+02 3.292191684878265079e-05
2.849999999999999201e+00 7.999878114380873058e+02 3.292191684878265079e-05
2.999999999999999112e+00 7.999878114380873058e+02 3.292191684878265079e-05
3.149999999999999023e+00 7.999878114380873058e+02 3.292191684878265079e-05
3.299999999999998934e+00 7.999878114380873058e+02 3.292191684878265079e-05
3.449999999999998845e+00 7.999878114380873058e+02 3.292191684878265079e-05
3.599999999999998757e+00 7.999878114380873058e+02 3.292191684878265079e-05
3.749999999999998668e+00 7.999878114380873058e+02 3.292191684878265079e-05
3.899999999999998579e+00 7.999878114380873058e+02 3.292191684878265079e-05
4.049999999999998934e+00 4.788563983113858171e+02 3.294902764194862499e-05
4.199999999999999289e+00 2.885828952348675216e+02 3.307256394746715955e-05
4.349999999999999645e+00 1.284044155353601866e+02 3.319502787824113454e-05
4.500000000000000000e+00 6.357703491293823816e+01 3.341588550098695265e-05
4.650000000000000355e+00 3.043714580357063682e+01 3.396449617498742413e-05
4.800000000000000711e+00 1.449091605288814222e+01 3.493600564674625986e-05
4.950000000000001066e+00 6.668178188899204883e+00 3.709653538652712967e-05
5.100000000000001421e+00 2.849991612346300940e+00 4.254496632105642107e-05
5.250000000000001776e+00 9.834102354088827269e-01 6.027771981365059872e-05
5.400000000000002132e+00 7.130459455311211059e-02 4.064425583437669687e-04
5.550000000000002487e+00 3.744541109961119218e-01 1.799999620682863792e+02
5.700000000000002842e+00 5.922943978431476353e-01 1.799999882758040428e+02
5.850000000000003197e+00 6.987537035670357000e-01 1.799999951413513486e+02
6.000000000000003553e+00 7.507818753731498873e-01 1.799999977837858296e+02
6.150000000000003908e+00 7.762115169900880574e-01 1.799999989519911310e+02
6.300000000000004263e+00 7.886462395407534132e-01 1.799999994957058789e+02
6.450000000000004619e+00 7.947380197212510211e-01 1.799999997547343185e+02
6.600000000000004974e+00 7.977456656068966367e-01 1.799999998805316750e+02
6.750000000000005329e+00 7.992781231691310495e-01 1.799999999416829439e+02
6.900000000000005684e+00 8.001551830334392434e-01 1.799999999714071919e+02
7.050000000000006040e+00 8.008460299564035267e-01 1.799999999859456352e+02
7.200000000000006395e+00 8.017202339938194200e-01 1.799999999929582941e+02
7.350000000000006750e+00 8.032454520074452375e-01 1.799999999961914625e+02
7.500000000000007105e+00 8.062376021661066261e-01 1.799999999974055243e+02
7.650000000000007461e+00 8.122973410439158215e-01 1.799999999972441458e+02
7.800000000000007816e+00 8.246663373885780857e-01 1.799999999956505974e+02
7.950000000000008171e+00 8.499614128624557452e-01 1.799999999919626532e+02
8.100000000000008527e+00 9.017142138571898613e-01 1.799999999848081984e+02
8.250000000000008882e+00 1.007610125224971398e+00 1.799999999722877249e+02
8.400000000000009237e+00 1.224297987916202146e+00 1.799999999535182553e+02
8.550000000000009592e+00 1.667700340303127859e+00 1.799999999304034191e+02
8.700000000000009948e+00 2.574991890457226873e+00 1.799999999077436712e+02
8.850000000000010303e+00 4.431753727209937210e+00 1.799999998906418739e+02
9.000000000000010658e+00 8.229980816580344083e+00 1.799999998798825231e+02
9.150000000000011013e+00 1.601240796293809865e+01 1.799999998735546853e+02
9.300000000000011369e+00 3.187849217879651320e+01 1.799999998706362021e+02
9.450000000000011724e+00 6.486270052842398570e+01 1.799999998693526777e+02
9.600000000000012079e+00 1.294106444200615158e+02 1.799999998684797902e+02
9.750000000000012434e+00 2.891138244210346215e+02 1.799999998685026128e+02
9.900000000000012790e+00 4.789263622885495124e+02 1.799999998686318463e+02
1.005000000000001315e+01 7.999878455577161276e+02 1.799999998685657658e+02
1.020000000000001350e+01 7.999878455577161276e+02 1.799999998685657658e+02
1.035000000000001386e+01 7.999878455577161276e+02 1.799999998685657658e+02
1.050000000000001421e+01 7.999878455577161276e+02 1.799999998685657658e+02
1.065000000000001457e+01 7.999878455577161276e+02 1.799999998685657658e+02
1.080000000000001492e+01 7.999878455577161276e+02 1.799999998685657658e+02
1.095000000000001528e+01 7.999878455577161276e+02 1.799999998685657658e+02
1.110000000000001563e+01 7.999878455577161276e+02 1.799999998685657658e+02
1.125000000000001599e+01 7.999878455577161276e+02 1.799999998685657658e+02
1.140000000000001634e+01 7.999878455577161276e+02 1.799999998685657658e+02
1.155000000000001670e+01 7.999878455577161276e+02 1.799999998685657658e+02
1.170000000000001705e+01 7.999878455577161276e+02 1.799999998685657658e+02
1.185000000000001741e+01 7.999878455577161276e+02 1.799999998685657658e+02
1.200000000000001776e+01 7.999878455577161276e+02 1.799999998685657658e+02
1.215000000000001812e+01 7.999878455577161276e+02 1.799999998685657658e+02
1.230000000000001847e+01 7.999878455577161276e+02 1.799999998685657658e+02
1.245000000000001883e+01 7.999878455577161276e+02 1.799999998685657658e+02
1.260000000000001918e+01 7.999878455577161276e+02 1.799999998685657658e+02
1.275000000000001954e+01 7.999878455577161276e+02 1.799999998685657658e+02
1.290000000000001990e+01 7.999878455577161276e+02 1.799999998685657658e+02
1.305000000000002025e+01 7.999681612682727518e+02 1.799999998688165306e+02
1.320000000000002061e+01 7.999681612682727518e+02 1.799999998688165306e+02
1.335000000000002096e+01 7.999681612682727518e+02 1.799999998688165306e+02
1.350000000000002132e+01 7.999681612682727518e+02 1.799999998688165306e+02
1.365000000000002167e+01 7.999681612682727518e+02 1.799999998688165306e+02
1.380000000000002203e+01 7.999681612682727518e+02 1.799999998688165306e+02
1.395000000000002238e+01 7.999681612682727518e+02 1.799999998688165306e+02
1.410000000000002274e+01 7.999681612682727518e+02 1.799999998688165306e+02
1.425000000000002309e+01 7.999681612682727518e+02 1.799999998688165306e+02
1.440000000000002345e+01 7.999681612682727518e+02 1.799999998688165306e+02
1.455000000000002380e+01 7.999681612682727518e+02 1.799999998688165306e+02
1.470000000000002416e+01 7.999681612682727518e+02 1.799999998688165306e+02
1.485000000000002451e+01 7.999681612682727518e+02 1.799999998688165306e+02
1.500000000000002487e+01 7.999681612682727518e+02 1.799999998688165306e+02
1.515000000000002522e+01 7.999681612682727518e+02 1.799999998688165306e+02
1.530000000000002558e+01 7.999681612682727518e+02 1.799999998688165306e+02
1.545000000000002593e+01 7.999681612682727518e+02 1.799999998688165306e+02
1.560000000000002629e+01 7.999681612682727518e+02 1.799999998688165306e+02
1.575000000000002665e+01 7.999681612682727518e+02 1.799999998688165306e+02
1.590000000000002700e+01 7.999681612682727518e+02 1.799999998688165306e+02
