1.499999999999999944e-01 7.997217651508291283e+02 3.433179424175980543e-04
2.999999999999999889e-01 7.997217651508291283e+02 3.433179424175980543e-04
4.499999999999999556e-01 7.997217651508291283e+02 3.433179424175980543e-04
5.999999999999999778e-01 7.997217651508291283e+02 3.433179424175980543e-04
7.500000000000000000e-01 7.997217651508291283e+02 3.433179424175980543e-04
9.000000000000000222e-01 7.997217651508291283e+02 3.433179424175980543e-04
1.050000000000000044e+00 7.997217651508291283e+02 3.433179424175980543e-04
1.199999999999999956e+00 7.997217651508291283e+02 3.433179424175980543e-04
1.349999999999999867e+00 7.997217651508291283e+02 3.433179424175980543e-04
1.499999999999999778e+00 7.997217651508291283e+02 3.433179424175980543e-04
1.649999999999999689e+00 7.997217651508291283e+02 3.433179424175980543e-04
1.799999999999999600e+00 7.997217651508291283e+02 3.433179424175980543e-04
1.949999999999999512e+00 7.997217651508291283e+02 3.433179424175980543e-04
2.099999999999999645e+00 7.998592080289070054e+02 3.432287017215429614e-04
2.249999999999999556e+00 7.998592080289070054e+02 3.432287017215429614e-04
2.399999999999999467e+00 7.998592080289070054e+02 3.432287017215429614e-04
2.549999999999999378e+00 7.998592080289070054e+02 3.432287017215429614e-04
2.699999999999999289e+00 7.998592080289070054e+02 3.432287017215429614e-04
2.849999999999999201e+00 7.998592080289070054e+02 3.432287017215429614e-04
2.999999999999999112e+00 7.998592080289070054e+02 3.432287017215429614e-04
3.149999999999999023e+00 7.998592080289070054e+02 3.432287017215429614e-04
3.299999999999998934e+00 7.998592080289070054e+02 3.432287017215429614e-04
3.449999999999998845e+00 7.998592080289070054e+02 3.432287017215429614e-04
3.599999999999998757e+00 7.998592080289070054e+02 3.432287017215429614e-04
3.749999999999998668e+00 7.998592080289070054e+02 3.432287017215429614e-04
3.899999999999998579e+00 7.998592080289070054e+02 3.432287017215429614e-04
4.049999999999998934e+00 4.418924696675053383e+02 3.434771358236110572e-04
4.199999999999999289e+00 2.150947791900911170e+02 3.443430780385448031e-04
4.349999999999999645e+00 7.202953875984279364e+01 3.464672347276431807e-04
4.500000000000000000e+00 2.727734295068268722e+01 3.517565890180929244e-04
4.650000000000000355e+00 9.581782443624746293e+00 3.677328510244270987e-04
4.800000000000000711e+00 3.149707945181305035e+00 4.170940976000458988e-04
4.950000000000001066e+00 7.436359867762689646e-01 6.549446289425553402e-04
5.100000000000001421e+00 1.472599581620670506e-01 1.799987703859814872e+02
5.250000000000001776e+00 4.783297354799742607e-01 1.799998594759201183e+02
5.400000000000002132e+00 6.012015465619242605e-01 1.799999584861490973e+02
5.550000000000002487e+00 6.468245153311045215e-01 1.799999856624404231e+02
5.700000000000002842e+00 6.637618165395906544e-01 1.799999948124880405e+02
5.850000000000003197e+00 6.700500689190675985e-01 1.799999980920418352e+02
6.000000000000003553e+00 6.723846400510637977e-01 1.799999992934909585e+02
6.150000000000003908e+00 6.732513816542677887e-01 1.799999997380224386e+02
6.300000000000004263e+00 6.735731823837340926e-01 1.799999999027784838e+02
6.450000000000004619e+00 6.736926914315972681e-01 1.799999999638802706e+02
6.600000000000004974e+00 6.737371603398969455e-01 1.799999999865902396e+02
6.750000000000005329e+00 6.737539386842854583e-01 1.799999999950212555e+02
6.900000000000005684e+00 6.737608920070670138e-01 1.799999999981498888e+02
7.050000000000006040e+00 6.737654238864934086e-01 1.799999999993131894e+02
7.200000000000006395e+00 6.737723599802620811e-01 1.799999999997449720e+02
7.350000000000006750e+00 6.737890858115633819e-01 1.799999999999053273e+02
7.500000000000007105e+00 6.738334108104027109e-01 1.799999999999647571e+02
7.650000000000007461e+00 6.739525313204239865e-01 1.799999999999868976e+02
7.800000000000007816e+00 6.742732849743333645e-01 1.799999999999951683e+02
7.950000000000008171e+00 6.751372063297367276e-01 1.799999999999981526e+02
8.100000000000008527e+00 6.774641812961590404e-01 1.799999999999991473e+02
8.250000000000008882e+00 6.837319730132662698e-01 1.799999999999995168e+02
8.400000000000009237e+00 7.006141639788552311e-01 1.799999999999994316e+02
8.550000000000009592e+00 7.460886963055486376e-01 1.799999999999986073e+02
8.700000000000009948e+00 8.685607500950141002e-01 1.799999999999968736e+02
8.850000000000010303e+00 1.198553996527834897e+00 1.799999999999940599e+02
9.000000000000010658e+00 2.086553474164645650e+00 1.799999999999910187e+02
9.150000000000011013e+00 4.484835039716543292e+00 1.799999999999887450e+02
9.300000000000011369e+00 1.089609712505678019e+01 1.799999999999873808e+02
9.450000000000011724e+00 2.853615982766271486e+01 1.799999999999872102e+02
9.600000000000012079e+00 7.314775580905174479e+01 1.799999999999868976e+02
9.750000000000012434e+00 2.158607118792281483e+02 1.799999999999868692e+02
9.900000000000012790e+00 4.420714081472954149e+02 1.799999999999868407e+02
1.005000000000001315e+01 7.998611387030950937e+02 1.799999999999868123e+02
1.020000000000001350e+01 7.998611387030950937e+02 1.799999999999868123e+02
1.035000000000001386e+01 7.998611387030950937e+02 1.799999999999868123e+02
1.050000000000001421e+01 7.998611387030950937e+02 1.799999999999868123e+02
1.065000000000001457e+01 7.998611387030950937e+02 1.799999999999868123e+02
1.080000000000001492e+01 7.998611387030950937e+02 1.799999999999868123e+02
1.095000000000001528e+01 7.998611387030950937e+02 1.799999999999868123e+02
1.110000000000001563e+01 7.998611387030950937e+02 1.799999999999868123e+02
1.125000000000001599e+01 7.998611387030950937e+02 1.799999999999868123e+02
1.140000000000001634e+01 7.998611387030950937e+02 1.799999999999868123e+02
1.155000000000001670e+01 7.998611387030950937e+02 1.799999999999868123e+02
1.170000000000001705e+01 7.998611387030950937e+02 1.799999999999868123e+02
1.185000000000001741e+01 7.998611387030950937e+02 1.799999999999868123e+02
1.200000000000001776e+01 7.998611387030950937e+02 1.799999999999868123e+02
1.215000000000001812e+01 7.998611387030950937e+02 1.799999999999868123e+02
1.230000000000001847e+01 7.998611387030950937e+02 1.799999999999868123e+02
1.245000000000001883e+01 7.998611387030950937e+02 1.799999999999868123e+02
1.260000000000001918e+01 7.998611387030950937e+02 1.799999999999868123e+02
1.275000000000001954e+01 7.998611387030950937e+02 1.799999999999868123e+02
1.290000000000001990e+01 7.998611387030950937e+02 1.799999999999868123e+02
1.305000000000002025e+01 7.997254356659650512e+02 1.799999999999868123e+02
1.320000000000002061e+01 7.997254356659650512e+02 1.799999999999868123e+02
1.335000000000002096e+01 7.997254356659650512e+02 1.799999999999868123e+02
1.350000000000002132e+01 7.997254356659650512e+02 1.799999999999868123e+02
1.365000000000002167e+01 7.997254356659650512e+02 1.799999999999868123e+02
1.380000000000002203e+01 7.997254356659650512e+02 1.799999999999868123e+02
1.395000000000002238e+01 7.997254356659650512e+02 1.799999999999868123e+02
1.410000000000002274e+01 7.997254356659650512e+02 1.799999999999868123e+02
1.425000000000002309e+01 7.997254356659650512e+02 1.799999999999868123e+02
1.440000000000002345e+01 7.997254356659650512e+02 1.799999999999868123e+02
1.455000000000002380e+01 7.997254356659650512e+02 1.799999999999868123e+02
1.470000000000002416e+01 7.997254356659650512e+02 1.799999999999868123e+02
1.485000000000002451e+01 7.997254356659650512e+02 1.799999999999868123e+02
1.500000000000002487e+01 7.997254356659650512e+02 1.799999999999868123e+02
1.515000000000002522e+01 7.997254356659650512e+02 1.799999999999868123e+02
1.530000000000002558e+01 7.997254356659650512e+02 1.799999999999868123e+02
1.545000000000002593e+01 7.997254356659650512e+02 1.799999999999868123e+02
1.560000000000002629e+01 7.997254356659650512e+02 1.799999999999868123e+02
1.575000000000002665e+01 7.997254356659650512e+02 1.799999999999868123e+02
1.590000000000002700e+01 7.997254356659650512e+02 1.799999999999868123e+02
