1.499999999999999944e-01 7.999999990964111021e+02 1.799997444822407999e+02
2.999999999999999889e-01 7.999999990964111021e+02 1.799997444822407999e+02
4.499999999999999556e-01 7.999999990964111021e+02 1.799997444822407999e+02
5.999999999999999778e-01 7.999999990964111021e+02 1.799997444822407999e+02
7.500000000000000000e-01 7.999999990964111021e+02 1.799997444822407999e+02
9.000000000000000222e-01 7.999999990964111021e+02 1.799997444822407999e+02
1.050000000000000044e+00 7.999999990964111021e+02 1.799997444822407999e+02
1.199999999999999956e+00 7.999999990964111021e+02 1.799997444822407999e+02
1.349999999999999867e+00 7.999999990964111021e+02 1.799997444822407999e+02
1.499999999999999778e+00 7.999999990964111021e+02 1.799997444822407999e+02
1.649999999999999689e+00 7.999999990964111021e+02 1.799997444822407999e+02
1.799999999999999600e+00 7.999999990964111021e+02 1.799997444822407999e+02
1.949999999999999512e+00 7.999999990964111021e+02 1.799997444822407999e+02
2.099999999999999645e+00 7.999999999073012305e+02 1.799997450644604839e+02
2.249999999999999556e+00 7.999999999073012305e+02 1.799997450644604839e+02
2.399999999999999467e+00 7.999999999073012305e+02 1.799997450644604839e+02
2.549999999999999378e+00 7.999999999073012305e+02 1.799997450644604839e+02
2.699999999999999289e+00 7.999999999073012305e+02 1.799997450644604839e+02
2.849999999999999201e+00 7.999999999073012305e+02 1.799997450644604839e+02
2.999999999999999112e+00 7.999999999073012305e+02 1.799997450644604839e+02
3.149999999999999023e+00 7.999999999073012305e+02 1.799997450644604839e+02
3.299999999999998934e+00 7.999999999073012305e+02 1.799997450644604839e+02
3.449999999999998845e+00 7.999999999073012305e+02 1.799997450644604839e+02
3.599999999999998757e+00 7.999999999073012305e+02 1.799997450644604839e+02
3.749999999999998668e+00 7.999999999073012305e+02 1.799997450644604839e+02
3.899999999999998579e+00 7.999999999073012305e+02 1.799997450644604839e+02
4.049999999999998934e+00 5.173019680227934032e+02 1.799997460626331645e+02
4.199999999999999289e+00 4.843720933518449669e+02 1.799997495677171457e+02
4.349999999999999645e+00 4.452763107295735381e+02 1.799997578569497421e+02
4.500000000000000000e+00 4.394055659327805188e+02 1.799997662024291856e+02
4.650000000000000355e+00 4.375060874323166331e+02 1.799997737603750920e+02
4.800000000000000711e+00 4.370738424962378303e+02 1.799997820351404414e+02
4.950000000000001066e+00 4.369597614645928161e+02 1.799997901075132063e+02
5.100000000000001421e+00 4.369316096522153998e+02 1.799997971806516546e+02
5.250000000000001776e+00 4.369244475095098892e+02 1.799998048713521257e+02
5.400000000000002132e+00 4.369226503493442237e+02 1.799998123652202082e+02
5.550000000000002487e+00 4.369221965653991333e+02 1.799998189639049144e+02
5.700000000000002842e+00 4.369220823089952432e+02 1.799998261133067672e+02
5.850000000000003197e+00 4.369220535038538742e+02 1.799998330862665910e+02
6.000000000000003553e+00 4.369220462460258432e+02 1.799998392631347315e+02
6.150000000000003908e+00 4.369220444168396966e+02 1.799998459292467032e+02
6.300000000000004263e+00 4.369220439558869202e+02 1.799998524380277161e+02
6.450000000000004619e+00 4.369220438397227895e+02 1.799998582433251499e+02
6.600000000000004974e+00 4.369220438104557616e+02 1.799998644804186370e+02
6.750000000000005329e+00 4.369220438031083518e+02 1.799998705780049022e+02
6.900000000000005684e+00 4.369220438013674652e+02 1.799998760589391225e+02
7.050000000000006040e+00 4.369220438013673515e+02 1.799998819177684197e+02
7.200000000000006395e+00 4.369220438031088634e+02 1.799998876537692354e+02
7.350000000000006750e+00 4.369220438104566711e+02 1.799998928548785386e+02
7.500000000000007105e+00 4.369220438397239263e+02 1.799998983830900841e+02
7.650000000000007461e+00 4.369220439558885118e+02 1.799999038041428037e+02
7.800000000000007816e+00 4.369220444168418567e+02 1.799999087676577005e+02
7.950000000000008171e+00 4.369220462460281169e+02 1.799999140101783723e+02
8.100000000000008527e+00 4.369220535038563753e+02 1.799999191603274369e+02
8.250000000000008882e+00 4.369220823089983128e+02 1.799999239265141000e+02
8.400000000000009237e+00 4.369221965654023734e+02 1.799999289259127409e+02
8.550000000000009592e+00 4.369226503493482596e+02 1.799999338469585268e+02
8.700000000000009948e+00 4.369244475095142093e+02 1.799999384544066743e+02
8.850000000000010303e+00 4.369316096522200610e+02 1.799999432511054920e+02
9.000000000000010658e+00 4.369597614645982162e+02 1.799999479823339641e+02
9.150000000000011013e+00 4.370738424962439126e+02 1.799999524663540740e+02
9.300000000000011369e+00 4.375060874323247617e+02 1.799999570885280775e+02
9.450000000000011724e+00 4.394055659327961507e+02 1.799999616427592741e+02
9.600000000000012079e+00 4.452763107296073031e+02 1.799999658509823917e+02
9.750000000000012434e+00 4.843720933520491485e+02 1.799999700218681369e+02
9.900000000000012790e+00 5.173019680229198229e+02 1.799999722037088361e+02
1.005000000000001315e+01 7.999999999126396233e+02 1.799999726698625580e+02
1.020000000000001350e+01 7.999999999126396233e+02 1.799999726698625580e+02
1.035000000000001386e+01 7.999999999126396233e+02 1.799999726698625580e+02
1.050000000000001421e+01 7.999999999126396233e+02 1.799999726698625580e+02
1.065000000000001457e+01 7.999999999126396233e+02 1.799999726698625580e+02
1.080000000000001492e+01 7.999999999126396233e+02 1.799999726698625580e+02
1.095000000000001528e+01 7.999999999126396233e+02 1.799999726698625580e+02
1.110000000000001563e+01 7.999999999126396233e+02 1.799999726698625580e+02
1.125000000000001599e+01 7.999999999126396233e+02 1.799999726698625580e+02
1.140000000000001634e+01 7.999999999126396233e+02 1.799999726698625580e+02
1.155000000000001670e+01 7.999999999126396233e+02 1.799999726698625580e+02
1.170000000000001705e+01 7.999999999126396233e+02 1.799999726698625580e+02
1.185000000000001741e+01 7.999999999126396233e+02 1.799999726698625580e+02
1.200000000000001776e+01 7.999999999126396233e+02 1.799999726698625580e+02
1.215000000000001812e+01 7.999999999126396233e+02 1.799999726698625580e+02
1.230000000000001847e+01 7.999999999126396233e+02 1.799999726698625580e+02
1.245000000000001883e+01 7.999999999126396233e+02 1.799999726698625580e+02
1.260000000000001918e+01 7.999999999126396233e+02 1.799999726698625580e+02
1.275000000000001954e+01 7.999999999126396233e+02 1.799999726698625580e+02
1.290000000000001990e+01 7.999999999126396233e+02 1.799999726698625580e+02
1.305000000000002025e+01 7.999999991484472730e+02 1.799999728266386683e+02
1.320000000000002061e+01 7.999999991484472730e+02 1.799999728266386683e+02
1.335000000000002096e+01 7.999999991484472730e+02 1.799999728266386683e+02
1.350000000000002132e+01 7.999999991484472730e+02 1.799999728266386683e+02
1.365000000000002167e+01 7.999999991484472730e+02 1.799999728266386683e+02
1.380000000000002203e+01 7.999999991484472730e+02 1.799999728266386683e+02
1.395000000000002238e+01 7.999999991484472730e+02 1.799999728266386683e+02
1.410000000000002274e+01 7.999999991484472730e+02 1.799999728266386683e+02
1.425000000000002309e+01 7.999999991484472730e+02 1.799999728266386683e+02
1.440000000000002345e+01 7.999999991484472730e+02 1.799999728266386683e+02
1.455000000000002380e+01 7.999999991484472730e+02 1.799999728266386683e+02
1.470000000000002416e+01 7.999999991484472730e+02 1.799999728266386683e+02
1.485000000000002451e+01 7.999999991484472730e+02 1.799999728266386683e+02
1.500000000000002487e+01 7.999999991484472730e+02 1.799999728266386683e+02
1.515000000000002522e+01 7.999999991484472730e+02 1.799999728266386683e+02
1.530000000000002558e+01 7.999999991484472730e+02 1.799999728266386683e+02
1.545000000000002593e+01 7.999999991484472730e+02 1.799999728266386683e+02
1.560000000000002629e+01 7.999999991484472730e+02 1.799999728266386683e+02
1.575000000000002665e+01 7.999999991484472730e+02 1.799999728266386683e+02
1.590000000000002700e+01 7.999999991484472730e+02 1.799999728266386683e+02
