1.499999999999999944e-01 7.999999784888942713e+02 3.754167899454409962e+01
2.999999999999999889e-01 7.999999784888942713e+02 3.754167899454409962e+01
4.499999999999999556e-01 7.999999784888942713e+02 3.754167899454409962e+01
5.999999999999999778e-01 7.999999784888942713e+02 3.754167899454409962e+01
7.500000000000000000e-01 7.999999784888942713e+02 3.754167899454409962e+01
9.000000000000000222e-01 7.999999784888942713e+02 3.754167899454409962e+01
1.050000000000000044e+00 7.999999784888942713e+02 3.754167899454409962e+01
1.199999999999999956e+00 7.999999784888942713e+02 3.754167899454409962e+01
1.349999999999999867e+00 7.999999784888942713e+02 3.754167899454409962e+01
1.499999999999999778e+00 7.999999784888942713e+02 3.754167899454409962e+01
1.649999999999999689e+00 7.999999784888942713e+02 3.754167899454409962e+01
1.799999999999999600e+00 7.999999784888942713e+02 3.754167899454409962e+01
1.949999999999999512e+00 7.999999784888942713e+02 3.754167899454409962e+01
2.099999999999999645e+00 7.999999967754457657e+02 3.759995148776641827e+01
2.249999999999999556e+00 7.999999967754457657e+02 3.759995148776641827e+01
2.399999999999999467e+00 7.999999967754457657e+02 3.759995148776641827e+01
2.549999999999999378e+00 7.999999967754457657e+02 3.759995148776641827e+01
2.699999999999999289e+00 7.999999967754457657e+02 3.759995148776641827e+01
2.849999999999999201e+00 7.999999967754457657e+02 3.759995148776641827e+01
2.999999999999999112e+00 7.999999967754457657e+02 3.759995148776641827e+01
3.149999999999999023e+00 7.999999967754457657e+02 3.759995148776641827e+01
3.299999999999998934e+00 7.999999967754457657e+02 3.759995148776641827e+01
3.449999999999998845e+00 7.999999967754457657e+02 3.759995148776641827e+01
3.599999999999998757e+00 7.999999967754457657e+02 3.759995148776641827e+01
3.749999999999998668e+00 7.999999967754457657e+02 3.759995148776641827e+01
3.899999999999998579e+00 7.999999967754457657e+02 3.759995148776641827e+01
4.049999999999998934e+00 5.146788963543646105e+02 3.790457423828179628e+01
4.199999999999999289e+00 4.585607801613420520e+02 3.927922832657648655e+01
4.349999999999999645e+00 3.960991023937758655e+02 4.216364520202419897e+01
4.500000000000000000e+00 3.813044384031649656e+02 4.539871801497312021e+01
4.650000000000000355e+00 3.752648909598895557e+02 4.887094819014559732e+01
4.800000000000000711e+00 3.732208909897336753e+02 5.238107788423809552e+01
4.950000000000001066e+00 3.724921751442160485e+02 5.588663242616411253e+01
5.100000000000001421e+00 3.722533121583109619e+02 5.936427499120608786e+01
5.250000000000001776e+00 3.721901807973017071e+02 6.280593288518104345e+01
5.400000000000002132e+00 3.721912391615372258e+02 6.620769540270008235e+01
5.550000000000002487e+00 3.722157398512669033e+02 6.956751225166856045e+01
5.700000000000002842e+00 3.722488587764381123e+02 7.288406432764746512e+01
5.850000000000003197e+00 3.722851245268729485e+02 7.615640034287876858e+01
6.000000000000003553e+00 3.723224617606068705e+02 7.938380068115147026e+01
6.150000000000003908e+00 3.723600305552001259e+02 8.256572915717590888e+01
6.300000000000004263e+00 3.723974451416232228e+02 8.570180566076507489e+01
6.450000000000004619e+00 3.724344909868527793e+02 8.879179772997133568e+01
6.600000000000004974e+00 3.724710228766182922e+02 9.183561570868901924e+01
6.750000000000005329e+00 3.725069278720605439e+02 9.483330014438823241e+01
6.900000000000005684e+00 3.725421114865891354e+02 9.778501812825705031e+01
7.050000000000006040e+00 3.725764929005451336e+02 1.006910597171887076e+02
7.200000000000006395e+00 3.726100030062743826e+02 1.035518253770587478e+02
7.350000000000006750e+00 3.726425835783231264e+02 1.063678222844587822e+02
7.500000000000007105e+00 3.726741883443723395e+02 1.091396606879308422e+02
7.650000000000007461e+00 3.727047866863714489e+02 1.118680413094068058e+02
7.800000000000007816e+00 3.727343749097131536e+02 1.145537517156233918e+02
7.950000000000008171e+00 3.727630097704840750e+02 1.171976625085962667e+02
8.100000000000008527e+00 3.727909022093596718e+02 1.198007137536551312e+02
8.250000000000008882e+00 3.728186792112896342e+02 1.223639079915703292e+02
8.400000000000009237e+00 3.728481147240214568e+02 1.248882961557636406e+02
8.550000000000009592e+00 3.728841675921871683e+02 1.273749351927073548e+02
8.700000000000009948e+00 3.729406435262478681e+02 1.298247982639694840e+02
8.850000000000010303e+00 3.730561043067872902e+02 1.322385468123021042e+02
9.000000000000010658e+00 3.733372645035582309e+02 1.346158110081271957e+02
9.150000000000011013e+00 3.740881469324580166e+02 1.369537699108505251e+02
9.300000000000011369e+00 3.761136152383878084e+02 1.392403419452705577e+02
9.450000000000011724e+00 3.820608888566231940e+02 1.414520071035413764e+02
9.600000000000012079e+00 3.966495800178501554e+02 1.434706985520027729e+02
9.750000000000012434e+00 4.587520305677005581e+02 1.452317602230069440e+02
9.900000000000012790e+00 5.146862057785218667e+02 1.460544796456432266e+02
1.005000000000001315e+01 7.999999967599229649e+02 1.462289761741346865e+02
1.020000000000001350e+01 7.999999967599229649e+02 1.462289761741346865e+02
1.035000000000001386e+01 7.999999967599229649e+02 1.462289761741346865e+02
1.050000000000001421e+01 7.999999967599229649e+02 1.462289761741346865e+02
1.065000000000001457e+01 7.999999967599229649e+02 1.462289761741346865e+02
1.080000000000001492e+01 7.999999967599229649e+02 1.462289761741346865e+02
1.095000000000001528e+01 7.999999967599229649e+02 1.462289761741346865e+02
1.110000000000001563e+01 7.999999967599229649e+02 1.462289761741346865e+02
1.125000000000001599e+01 7.999999967599229649e+02 1.462289761741346865e+02
1.140000000000001634e+01 7.999999967599229649e+02 1.462289761741346865e+02
1.155000000000001670e+01 7.999999967599229649e+02 1.462289761741346865e+02
1.170000000000001705e+01 7.999999967599229649e+02 1.462289761741346865e+02
1.185000000000001741e+01 7.999999967599229649e+02 1.462289761741346865e+02
1.200000000000001776e+01 7.999999967599229649e+02 1.462289761741346865e+02
1.215000000000001812e+01 7.999999967599229649e+02 1.462289761741346865e+02
1.230000000000001847e+01 7.999999967599229649e+02 1.462289761741346865e+02
1.245000000000001883e+01 7.999999967599229649e+02 1.462289761741346865e+02
1.260000000000001918e+01 7.999999967599229649e+02 1.462289761741346865e+02
1.275000000000001954e+01 7.999999967599229649e+02 1.462289761741346865e+02
1.290000000000001990e+01 7.999999967599229649e+02 1.462289761741346865e+02
1.305000000000002025e+01 7.999999783788189234e+02 1.462630792171046323e+02
1.320000000000002061e+01 7.999999783788189234e+02 1.462630792171046323e+02
1.335000000000002096e+01 7.999999783788189234e+02 1.462630792171046323e+02
1.350000000000002132e+01 7.999999783788189234e+02 1.462630792171046323e+02
1.365000000000002167e+01 7.999999783788189234e+02 1.462630792171046323e+02
1.380000000000002203e+01 7.999999783788189234e+02 1.462630792171046323e+02
1.395000000000002238e+01 7.999999783788189234e+02 1.462630792171046323e+02
1.410000000000002274e+01 7.999999783788189234e+02 1.462630792171046323e+02
1.425000000000002309e+01 7.999999783788189234e+02 1.462630792171046323e+02
1.440000000000002345e+01 7.999999783788189234e+02 1.462630792171046323e+02
1.455000000000002380e+01 7.999999783788189234e+02 1.462630792171046323e+02
1.470000000000002416e+01 7.999999783788189234e+02 1.462630792171046323e+02
1.485000000000002451e+01 7.999999783788189234e+02 1.462630792171046323e+02
1.500000000000002487e+01 7.999999783788189234e+02 1.462630792171046323e+02
1.515000000000002522e+01 7.999999783788189234e+02 1.462630792171046323e+02
1.530000000000002558e+01 7.999999783788189234e+02 1.462630792171046323e+02
1.545000000000002593e+01 7.999999783788189234e+02 1.462630792171046323e+02
1.560000000000002629e+01 7.999999783788189234e+02 1.462630792171046323e+02
1.575000000000002665e+01 7.999999783788189234e+02 1.462630792171046323e+02
1.590000000000002700e+01 7.999999783788189234e+02 1.462630792171046323e+02
