1.499999999999999944e-01 7.998791638359832632e+02 1.799978850996382675e+02
2.999999999999999889e-01 7.998791638359832632e+02 1.799978850996382675e+02
4.499999999999999556e-01 7.998791638359832632e+02 1.799978850996382675e+02
5.999999999999999778e-01 7.998791638359832632e+02 1.799978850996382675e+02
7.500000000000000000e-01 7.998791638359832632e+02 1.799978850996382675e+02
9.000000000000000222e-01 7.998791638359832632e+02 1.799978850996382675e+02
1.050000000000000044e+00 7.998791638359832632e+02 1.799978850996382675e+02
1.199999999999999956e+00 7.998791638359832632e+02 1.799978850996382675e+02
1.349999999999999867e+00 7.998791638359832632e+02 1.799978850996382675e+02
1.499999999999999778e+00 7.998791638359832632e+02 1.799978850996382675e+02
1.649999999999999689e+00 7.998791638359832632e+02 1.799978850996382675e+02
1.799999999999999600e+00 7.998791638359832632e+02 1.799978850996382675e+02
1.949999999999999512e+00 7.998791638359832632e+02 1.799978850996382675e+02
2.099999999999999645e+00 7.999451606348503674e+02 1.799978856929491258e+02
2.249999999999999556e+00 7.999451606348503674e+02 1.799978856929491258e+02
2.399999999999999467e+00 7.999451606348503674e+02 1.799978856929491258e+02
2.549999999999999378e+00 7.999451606348503674e+02 1.799978856929491258e+02
2.699999999999999289e+00 7.999451606348503674e+02 1.799978856929491258e+02
2.849999999999999201e+00 7.999451606348503674e+02 1.799978856929491258e+02
2.999999999999999112e+00 7.999451606348503674e+02 1.799978856929491258e+02
3.149999999999999023e+00 7.999451606348503674e+02 1.799978856929491258e+02
3.299999999999998934e+00 7.999451606348503674e+02 1.799978856929491258e+02
3.449999999999998845e+00 7.999451606348503674e+02 1.799978856929491258e+02
3.599999999999998757e+00 7.999451606348503674e+02 1.799978856929491258e+02
3.749999999999998668e+00 7.999451606348503674e+02 1.799978856929491258e+02
3.899999999999998579e+00 7.999451606348503674e+02 1.799978856929491258e+02
4.049999999999998934e+00 4.591606113575847985e+02 1.799978873051435357e+02
4.199999999999999289e+00 2.447504580201322142e+02 1.799978912111065767e+02
4.349999999999999645e+00 9.279435935903043742e+01 1.799979069856990179e+02
4.500000000000000000e+00 4.008134234545978103e+01 1.799979416506364771e+02
4.650000000000000355e+00 1.706627223212974442e+01 1.799980230713243259e+02
4.800000000000000711e+00 7.742025765635638379e+00 1.799981961684026430e+02
4.950000000000001066e+00 3.871630757508697229e+00 1.799985130001463176e+02
5.100000000000001421e+00 2.277701074163843487e+00 1.799989561031358960e+02
5.250000000000001776e+00 1.619549718616042355e+00 1.799993942243317235e+02
5.400000000000002132e+00 1.348024912699258948e+00 1.799996996524658357e+02
5.550000000000002487e+00 1.235973463920231552e+00 1.799998647575320661e+02
5.700000000000002842e+00 1.189736965134500224e+00 1.799999420206623881e+02
5.850000000000003197e+00 1.170657520600229873e+00 1.799999756838928135e+02
6.000000000000003553e+00 1.162784509039738623e+00 1.799999898928109303e+02
6.150000000000003908e+00 1.159535804364395517e+00 1.799999958174061021e+02
6.300000000000004263e+00 1.158195398461259629e+00 1.799999982719814966e+02
6.450000000000004619e+00 1.157642670958750841e+00 1.799999992862252896e+02
6.600000000000004974e+00 1.157415525216492824e+00 1.799999997053905645e+02
6.750000000000005329e+00 1.157324060458336135e+00 1.799999998784146555e+02
6.900000000000005684e+00 1.157291809516323156e+00 1.799999999498004399e+02
7.050000000000006040e+00 1.157291809516323156e+00 1.799999999792842118e+02
7.200000000000006395e+00 1.157324060517339603e+00 1.799999999914514319e+02
7.350000000000006750e+00 1.157415525304998027e+00 1.799999999964709048e+02
7.500000000000007105e+00 1.157642671224266451e+00 1.799999999985440979e+02
7.650000000000007461e+00 1.158195399169301254e+00 1.799999999993995061e+02
7.800000000000007816e+00 1.159535806016492643e+00 1.799999999997523332e+02
7.950000000000008171e+00 1.162784513110977969e+00 1.799999999998979661e+02
8.100000000000008527e+00 1.170657530483310893e+00 1.799999999999579927e+02
8.250000000000008882e+00 1.189736989030905079e+00 1.799999999999828049e+02
8.400000000000009237e+00 1.235973521891139626e+00 1.799999999999926388e+02
8.550000000000009592e+00 1.348025053157016373e+00 1.799999999999960210e+02
8.700000000000009948e+00 1.619550058948050264e+00 1.799999999999961062e+02
8.850000000000010303e+00 2.277701899017586129e+00 1.799999999999942304e+02
9.000000000000010658e+00 3.871632754289336731e+00 1.799999999999922693e+02
9.150000000000011013e+00 7.742030617037286788e+00 1.799999999999905640e+02
9.300000000000011369e+00 1.706628389395514844e+01 1.799999999999896829e+02
9.450000000000011724e+00 4.008137132564775840e+01 1.799999999999892566e+02
9.600000000000012079e+00 9.279442437178032321e+01 1.799999999999891998e+02
9.750000000000012434e+00 2.447506577774693994e+02 1.799999999999891145e+02
9.900000000000012790e+00 4.591608405516322478e+02 1.799999999999891145e+02
1.005000000000001315e+01 7.999463581041331963e+02 1.799999999999891429e+02
1.020000000000001350e+01 7.999463581041331963e+02 1.799999999999891429e+02
1.035000000000001386e+01 7.999463581041331963e+02 1.799999999999891429e+02
1.050000000000001421e+01 7.999463581041331963e+02 1.799999999999891429e+02
1.065000000000001457e+01 7.999463581041331963e+02 1.799999999999891429e+02
1.080000000000001492e+01 7.999463581041331963e+02 1.799999999999891429e+02
1.095000000000001528e+01 7.999463581041331963e+02 1.799999999999891429e+02
1.110000000000001563e+01 7.999463581041331963e+02 1.799999999999891429e+02
1.125000000000001599e+01 7.999463581041331963e+02 1.799999999999891429e+02
1.140000000000001634e+01 7.999463581041331963e+02 1.799999999999891429e+02
1.155000000000001670e+01 7.999463581041331963e+02 1.799999999999891429e+02
1.170000000000001705e+01 7.999463581041331963e+02 1.799999999999891429e+02
1.185000000000001741e+01 7.999463581041331963e+02 1.799999999999891429e+02
1.200000000000001776e+01 7.999463581041331963e+02 1.799999999999891429e+02
1.215000000000001812e+01 7.999463581041331963e+02 1.799999999999891429e+02
1.230000000000001847e+01 7.999463581041331963e+02 1.799999999999891429e+02
1.245000000000001883e+01 7.999463581041331963e+02 1.799999999999891429e+02
1.260000000000001918e+01 7.999463581041331963e+02 1.799999999999891429e+02
1.275000000000001954e+01 7.999463581041331963e+02 1.799999999999891429e+02
1.290000000000001990e+01 7.999463581041331963e+02 1.799999999999891429e+02
1.305000000000002025e+01 7.998818024318838980e+02 1.799999999999891145e+02
1.320000000000002061e+01 7.998818024318838980e+02 1.799999999999891145e+02
1.335000000000002096e+01 7.998818024318838980e+02 1.799999999999891145e+02
1.350000000000002132e+01 7.998818024318838980e+02 1.799999999999891145e+02
1.365000000000002167e+01 7.998818024318838980e+02 1.799999999999891145e+02
1.380000000000002203e+01 7.998818024318838980e+02 1.799999999999891145e+02
1.395000000000002238e+01 7.998818024318838980e+02 1.799999999999891145e+02
1.410000000000002274e+01 7.998818024318838980e+02 1.799999999999891145e+02
1.425000000000002309e+01 7.998818024318838980e+02 1.799999999999891145e+02
1.440000000000002345e+01 7.998818024318838980e+02 1.799999999999891145e+02
1.455000000000002380e+01 7.998818024318838980e+02 1.799999999999891145e+02
1.470000000000002416e+01 7.998818024318838980e+02 1.799999999999891145e+02
1.485000000000002451e+01 7.998818024318838980e+02 1.799999999999891145e+02
1.500000000000002487e+01 7.998818024318838980e+02 1.799999999999891145e+02
1.515000000000002522e+01 7.998818024318838980e+02 1.799999999999891145e+02
1.530000000000002558e+01 7.998818024318838980e+02 1.799999999999891145e+02
1.545000000000002593e+01 7.998818024318838980e+02 1.799999999999891145e+02
1.560000000000002629e+01 7.998818024318838980e+02 1.799999999999891145e+02
1.575000000000002665e+01 7.998818024318838980e+02 1.799999999999891145e+02
1.590000000000002700e+01 7.998818024318838980e+02 1.799999999999891145e+02
