1.499999999999999944e-01 7.999999781475713689e+02 1.799993137484798922e+02
2.999999999999999889e-01 7.999999781475713689e+02 1.799993137484798922e+02
4.499999999999999556e-01 7.999999781475713689e+02 1.799993137484798922e+02
5.999999999999999778e-01 7.999999781475713689e+02 1.799993137484798922e+02
7.500000000000000000e-01 7.999999781475713689e+02 1.799993137484798922e+02
9.000000000000000222e-01 7.999999781475713689e+02 1.799993137484798922e+02
1.050000000000000044e+00 7.999999781475713689e+02 1.799993137484798922e+02
1.199999999999999956e+00 7.999999781475713689e+02 1.799993137484798922e+02
1.349999999999999867e+00 7.999999781475713689e+02 1.799993137484798922e+02
1.499999999999999778e+00 7.999999781475713689e+02 1.799993137484798922e+02
1.649999999999999689e+00 7.999999781475713689e+02 1.799993137484798922e+02
1.799999999999999600e+00 7.999999781475713689e+02 1.799993137484798922e+02
1.949999999999999512e+00 7.999999781475713689e+02 1.799993137484798922e+02
2.099999999999999645e+00 7.999999967261306892e+02 1.799993146433469065e+02
2.249999999999999556e+00 7.999999967261306892e+02 1.799993146433469065e+02
2.399999999999999467e+00 7.999999967261306892e+02 1.799993146433469065e+02
2.549999999999999378e+00 7.999999967261306892e+02 1.799993146433469065e+02
2.699999999999999289e+00 7.999999967261306892e+02 1.799993146433469065e+02
2.849999999999999201e+00 7.999999967261306892e+02 1.799993146433469065e+02
2.999999999999999112e+00 7.999999967261306892e+02 1.799993146433469065e+02
3.149999999999999023e+00 7.999999967261306892e+02 1.799993146433469065e+02
3.299999999999998934e+00 7.999999967261306892e+02 1.799993146433469065e+02
3.449999999999998845e+00 7.999999967261306892e+02 1.799993146433469065e+02
3.599999999999998757e+00 7.999999967261306892e+02 1.799993146433469065e+02
3.749999999999998668e+00 7.999999967261306892e+02 1.799993146433469065e+02
3.899999999999998579e+00 7.999999967261306892e+02 1.799993146433469065e+02
4.049999999999998934e+00 5.146955763758484181e+02 1.799993173358896001e+02
4.199999999999999289e+00 4.589593204896782481e+02 1.799993281150744622e+02
4.349999999999999645e+00 3.972266082864291548e+02 1.799993518553597482e+02
4.500000000000000000e+00 3.828629124440250280e+02 1.799993774830098516e+02
4.650000000000000355e+00 3.770525726869392997e+02 1.799994032494737723e+02
4.800000000000000711e+00 3.751050700553512911e+02 1.799994293930944025e+02
4.950000000000001066e+00 3.744013030131717983e+02 1.799994547564152754e+02
5.100000000000001421e+00 3.741530071269003201e+02 1.799994784692506187e+02
5.250000000000001776e+00 3.740645140016785035e+02 1.799995020801039516e+02
5.400000000000002132e+00 3.740330762336275825e+02 1.799995248201426250e+02
5.550000000000002487e+00 3.740218926501653982e+02 1.799995460642270189e+02
5.700000000000002842e+00 3.740179159527941124e+02 1.799995671987071262e+02
5.850000000000003197e+00 3.740165016501703690e+02 1.799995875685917213e+02
6.000000000000003553e+00 3.740159986863166068e+02 1.799996066378522528e+02
6.150000000000003908e+00 3.740158198151755187e+02 1.799996256115322240e+02
6.300000000000004263e+00 3.740157562045504847e+02 1.799996439227543021e+02
6.450000000000004619e+00 3.740157335875188664e+02 1.799996611112158575e+02
6.600000000000004974e+00 3.740157255583653750e+02 1.799996782175551004e+02
6.750000000000005329e+00 3.740157227429097020e+02 1.799996947536165806e+02
6.900000000000005684e+00 3.740157218540586541e+02 1.799997103274719166e+02
7.050000000000006040e+00 3.740157218540609279e+02 1.799997258314266162e+02
7.200000000000006395e+00 3.740157227429165232e+02 1.799997408484490791e+02
7.350000000000006750e+00 3.740157255583768006e+02 1.799997550488954516e+02
7.500000000000007105e+00 3.740157335875346689e+02 1.799997691905793999e+02
7.650000000000007461e+00 3.740157562045712893e+02 1.799997829211197029e+02
7.800000000000007816e+00 3.740158198152013824e+02 1.799997959680372901e+02
7.950000000000008171e+00 3.740159986863476433e+02 1.799998089664098302e+02
8.100000000000008527e+00 3.740165016502070898e+02 1.799998216230221999e+02
8.250000000000008882e+00 3.740179159528362902e+02 1.799998337182871637e+02
8.400000000000009237e+00 3.740218926502139425e+02 1.799998457742975120e+02
8.550000000000009592e+00 3.740330762336831185e+02 1.799998575521487396e+02
8.700000000000009948e+00 3.740645140017430776e+02 1.799998688808866234e+02
8.850000000000010303e+00 3.741530071269782525e+02 1.799998801754669557e+02
9.000000000000010658e+00 3.744013030132754807e+02 1.799998912410136143e+02
9.150000000000011013e+00 3.751050700555156823e+02 1.799999019360954833e+02
9.300000000000011369e+00 3.770525726872564292e+02 1.799999125200443189e+02
9.450000000000011724e+00 3.828629124448137873e+02 1.799999227425313677e+02
9.600000000000012079e+00 3.972266082881990883e+02 1.799999319781570932e+02
9.750000000000012434e+00 4.589593204978129393e+02 1.799999401610799055e+02
9.900000000000012790e+00 5.146955763813621161e+02 1.799999440083994671e+02
1.005000000000001315e+01 7.999999968626517557e+02 1.799999448090349006e+02
1.020000000000001350e+01 7.999999968626517557e+02 1.799999448090349006e+02
1.035000000000001386e+01 7.999999968626517557e+02 1.799999448090349006e+02
1.050000000000001421e+01 7.999999968626517557e+02 1.799999448090349006e+02
1.065000000000001457e+01 7.999999968626517557e+02 1.799999448090349006e+02
1.080000000000001492e+01 7.999999968626517557e+02 1.799999448090349006e+02
1.095000000000001528e+01 7.999999968626517557e+02 1.799999448090349006e+02
1.110000000000001563e+01 7.999999968626517557e+02 1.799999448090349006e+02
1.125000000000001599e+01 7.999999968626517557e+02 1.799999448090349006e+02
1.140000000000001634e+01 7.999999968626517557e+02 1.799999448090349006e+02
1.155000000000001670e+01 7.999999968626517557e+02 1.799999448090349006e+02
1.170000000000001705e+01 7.999999968626517557e+02 1.799999448090349006e+02
1.185000000000001741e+01 7.999999968626517557e+02 1.799999448090349006e+02
1.200000000000001776e+01 7.999999968626517557e+02 1.799999448090349006e+02
1.215000000000001812e+01 7.999999968626517557e+02 1.799999448090349006e+02
1.230000000000001847e+01 7.999999968626517557e+02 1.799999448090349006e+02
1.245000000000001883e+01 7.999999968626517557e+02 1.799999448090349006e+02
1.260000000000001918e+01 7.999999968626517557e+02 1.799999448090349006e+02
1.275000000000001954e+01 7.999999968626517557e+02 1.799999448090349006e+02
1.290000000000001990e+01 7.999999968626517557e+02 1.799999448090349006e+02
1.305000000000002025e+01 7.999999790588217365e+02 1.799999450141166903e+02
1.320000000000002061e+01 7.999999790588217365e+02 1.799999450141166903e+02
1.335000000000002096e+01 7.999999790588217365e+02 1.799999450141166903e+02
1.350000000000002132e+01 7.999999790588217365e+02 1.799999450141166903e+02
1.365000000000002167e+01 7.999999790588217365e+02 1.799999450141166903e+02
1.380000000000002203e+01 7.999999790588217365e+02 1.799999450141166903e+02
1.395000000000002238e+01 7.999999790588217365e+02 1.799999450141166903e+02
1.410000000000002274e+01 7.999999790588217365e+02 1.799999450141166903e+02
1.425000000000002309e+01 7.999999790588217365e+02 1.799999450141166903e+02
1.440000000000002345e+01 7.999999790588217365e+02 1.799999450141166903e+02
1.455000000000002380e+01 7.999999790588217365e+02 1.799999450141166903e+02
1.470000000000002416e+01 7.999999790588217365e+02 1.799999450141166903e+02
1.485000000000002451e+01 7.999999790588217365e+02 1.799999450141166903e+02
1.500000000000002487e+01 7.999999790588217365e+02 1.799999450141166903e+02
1.515000000000002522e+01 7.999999790588217365e+02 1.799999450141166903e+02
1.530000000000002558e+01 7.999999790588217365e+02 1.799999450141166903e+02
1.545000000000002593e+01 7.999999790588217365e+02 1.799999450141166903e+02
1.560000000000002629e+01 7.999999790588217365e+02 1.799999450141166903e+02
1.575000000000002665e+01 7.999999790588217365e+02 1.799999450141166903e+02
1.590000000000002700e+01 7.999999790588217365e+02 1.799999450141166903e+02
