1.499999999999999944e-01 7.999995843304672007e+02 4.260494280404492073e-02
2.999999999999999889e-01 7.999995843304672007e+02 4.260494280404492073e-02
4.499999999999999556e-01 7.999995843304672007e+02 4.260494280404492073e-02
5.999999999999999778e-01 7.999995843304672007e+02 4.260494280404492073e-02
7.500000000000000000e-01 7.999995843304672007e+02 4.260494280404492073e-02
9.000000000000000222e-01 7.999995843304672007e+02 4.260494280404492073e-02
1.050000000000000044e+00 7.999995843304672007e+02 4.260494280404492073e-02
1.199999999999999956e+00 7.999995843304672007e+02 4.260494280404492073e-02
1.349999999999999867e+00 7.999995843304672007e+02 4.260494280404492073e-02
1.499999999999999778e+00 7.999995843304672007e+02 4.260494280404492073e-02
1.649999999999999689e+00 7.999995843304672007e+02 4.260494280404492073e-02
1.799999999999999600e+00 7.999995843304672007e+02 4.260494280404492073e-02
1.949999999999999512e+00 7.999995843304672007e+02 4.260494280404492073e-02
2.099999999999999645e+00 7.999999099285676039e+02 4.269683899639220570e-02
2.249999999999999556e+00 7.999999099285676039e+02 4.269683899639220570e-02
2.399999999999999467e+00 7.999999099285676039e+02 4.269683899639220570e-02
2.549999999999999378e+00 7.999999099285676039e+02 4.269683899639220570e-02
2.699999999999999289e+00 7.999999099285676039e+02 4.269683899639220570e-02
2.849999999999999201e+00 7.999999099285676039e+02 4.269683899639220570e-02
2.999999999999999112e+00 7.999999099285676039e+02 4.269683899639220570e-02
3.149999999999999023e+00 7.999999099285676039e+02 4.269683899639220570e-02
3.299999999999998934e+00 7.999999099285676039e+02 4.269683899639220570e-02
3.449999999999998845e+00 7.999999099285676039e+02 4.269683899639220570e-02
3.599999999999998757e+00 7.999999099285676039e+02 4.269683899639220570e-02
3.749999999999998668e+00 7.999999099285676039e+02 4.269683899639220570e-02
3.899999999999998579e+00 7.999999099285676039e+02 4.269683899639220570e-02
4.049999999999998934e+00 5.084618267947988670e+02 4.320167508984773530e-02
4.199999999999999289e+00 4.135674035830577395e+02 4.575628074063164963e-02
4.349999999999999645e+00 3.113218172015235155e+02 5.242477722357541392e-02
4.500000000000000000e+00 2.729223968578621111e+02 6.192454825059645618e-02
4.650000000000000355e+00 2.511820293729184925e+02 7.409161745657821818e-02
4.800000000000000711e+00 2.394133931427909374e+02 8.794787502508827348e-02
4.950000000000001066e+00 2.326999950920033484e+02 1.029429595212767445e-01
5.100000000000001421e+00 2.288339008502009335e+02 1.186584519388892422e-01
5.250000000000001776e+00 2.265833218005138860e+02 1.347675835413462142e-01
5.400000000000002132e+00 2.252667359292763081e+02 1.511141424318807047e-01
5.550000000000002487e+00 2.244940555894775684e+02 1.676243853562793262e-01
5.700000000000002842e+00 2.240397787933234213e+02 1.841639029963645369e-01
5.850000000000003197e+00 2.237724336596792512e+02 2.007237186105006455e-01
6.000000000000003553e+00 2.236150407673618190e+02 2.173244006040859766e-01
6.150000000000003908e+00 2.235224145712683708e+02 2.338611135830442889e-01
6.300000000000004263e+00 2.234680098790229863e+02 2.503656356919157222e-01
6.450000000000004619e+00 2.234362512548143229e+02 2.668869893585226194e-01
6.600000000000004974e+00 2.234180520103464005e+02 2.833099181177638481e-01
6.750000000000005329e+00 2.234082067780758223e+02 2.996829595050143347e-01
6.900000000000005684e+00 2.234039001571463814e+02 3.160691874907253229e-01
7.050000000000006040e+00 2.234039006321521867e+02 3.323345203519131319e-01
7.200000000000006395e+00 2.234082081717137669e+02 3.485390024867215386e-01
7.350000000000006750e+00 2.234180543197935833e+02 3.647563779246891791e-01
7.500000000000007105e+00 2.234362545008135044e+02 3.808316395026801748e-01
7.650000000000007461e+00 2.234680140173138057e+02 3.968342535851727693e-01
7.800000000000007816e+00 2.235224195856112033e+02 4.128462726257327020e-01
7.950000000000008171e+00 2.236150466532163250e+02 4.286888959640162700e-01
8.100000000000008527e+00 2.237724403366338208e+02 4.444360354384697676e-01
8.250000000000008882e+00 2.240397861957592909e+02 4.601699483024710435e-01
8.400000000000009237e+00 2.244940636347312193e+02 4.756751605398799043e-01
8.550000000000009592e+00 2.252667444275045341e+02 4.910079592429293927e-01
8.700000000000009948e+00 2.265833305392293084e+02 5.062142556780926395e-01
8.850000000000010303e+00 2.288339095499214295e+02 5.209831921498226937e-01
9.000000000000010658e+00 2.327000033306050284e+02 5.352580832938836908e-01
9.150000000000011013e+00 2.394134004700188143e+02 5.489046041790800468e-01
9.300000000000011369e+00 2.511820353236923893e+02 5.612996580345773756e-01
9.450000000000011724e+00 2.729224010138554490e+02 5.720624895116852571e-01
9.600000000000012079e+00 3.113218194439876925e+02 5.804994537291693346e-01
9.750000000000012434e+00 4.135674040257558204e+02 5.862225645593939216e-01
9.900000000000012790e+00 5.084618266740000081e+02 5.883455678282875079e-01
1.005000000000001315e+01 7.999999078203424006e+02 5.887781737785855452e-01
1.020000000000001350e+01 7.999999078203424006e+02 5.887781737785855452e-01
1.035000000000001386e+01 7.999999078203424006e+02 5.887781737785855452e-01
1.050000000000001421e+01 7.999999078203424006e+02 5.887781737785855452e-01
1.065000000000001457e+01 7.999999078203424006e+02 5.887781737785855452e-01
1.080000000000001492e+01 7.999999078203424006e+02 5.887781737785855452e-01
1.095000000000001528e+01 7.999999078203424006e+02 5.887781737785855452e-01
1.110000000000001563e+01 7.999999078203424006e+02 5.887781737785855452e-01
1.125000000000001599e+01 7.999999078203424006e+02 5.887781737785855452e-01
1.140000000000001634e+01 7.999999078203424006e+02 5.887781737785855452e-01
1.155000000000001670e+01 7.999999078203424006e+02 5.887781737785855452e-01
1.170000000000001705e+01 7.999999078203424006e+02 5.887781737785855452e-01
1.185000000000001741e+01 7.999999078203424006e+02 5.887781737785855452e-01
1.200000000000001776e+01 7.999999078203424006e+02 5.887781737785855452e-01
1.215000000000001812e+01 7.999999078203424006e+02 5.887781737785855452e-01
1.230000000000001847e+01 7.999999078203424006e+02 5.887781737785855452e-01
1.245000000000001883e+01 7.999999078203424006e+02 5.887781737785855452e-01
1.260000000000001918e+01 7.999999078203424006e+02 5.887781737785855452e-01
1.275000000000001954e+01 7.999999078203424006e+02 5.887781737785855452e-01
1.290000000000001990e+01 7.999999078203424006e+02 5.887781737785855452e-01
1.305000000000002025e+01 7.999995746012450581e+02 5.887857046447334541e-01
1.320000000000002061e+01 7.999995746012450581e+02 5.887857046447334541e-01
1.335000000000002096e+01 7.999995746012450581e+02 5.887857046447334541e-01
1.350000000000002132e+01 7.999995746012450581e+02 5.887857046447334541e-01
1.365000000000002167e+01 7.999995746012450581e+02 5.887857046447334541e-01
1.380000000000002203e+01 7.999995746012450581e+02 5.887857046447334541e-01
1.395000000000002238e+01 7.999995746012450581e+02 5.887857046447334541e-01
1.410000000000002274e+01 7.999995746012450581e+02 5.887857046447334541e-01
1.425000000000002309e+01 7.999995746012450581e+02 5.887857046447334541e-01
1.440000000000002345e+01 7.999995746012450581e+02 5.887857046447334541e-01
1.455000000000002380e+01 7.999995746012450581e+02 5.887857046447334541e-01
1.470000000000002416e+01 7.999995746012450581e+02 5.887857046447334541e-01
1.485000000000002451e+01 7.999995746012450581e+02 5.887857046447334541e-01
1.500000000000002487e+01 7.999995746012450581e+02 5.887857046447334541e-01
1.515000000000002522e+01 7.999995746012450581e+02 5.887857046447334541e-01
1.530000000000002558e+01 7.999995746012450581e+02 5.887857046447334541e-01
1.545000000000002593e+01 7.999995746012450581e+02 5.887857046447334541e-01
1.560000000000002629e+01 7.999995746012450581e+02 5.887857046447334541e-01
1.575000000000002665e+01 7.999995746012450581e+02 5.887857046447334541e-01
1.590000000000002700e+01 7.999995746012450581e+02 5.887857046447334541e-01
