1.499999999999999944e-01 7.996039222702938787e+02 1.853084352632095033e-11
2.999999999999999889e-01 7.996039222702938787e+02 1.853084352632095033e-11
4.499999999999999556e-01 7.996039222702938787e+02 1.853084352632095033e-11
5.999999999999999778e-01 7.996039222702938787e+02 1.853084352632095033e-11
7.500000000000000000e-01 7.996039222702938787e+02 1.853084352632095033e-11
9.000000000000000222e-01 7.996039222702938787e+02 1.853084352632095033e-11
1.050000000000000044e+00 7.996039222702938787e+02 1.853084352632095033e-11
1.199999999999999956e+00 7.996039222702938787e+02 1.853084352632095033e-11
1.349999999999999867e+00 7.996039222702938787e+02 1.853084352632095033e-11
1.499999999999999778e+00 7.996039222702938787e+02 1.853084352632095033e-11
1.649999999999999689e+00 7.996039222702938787e+02 1.853084352632095033e-11
1.799999999999999600e+00 7.996039222702938787e+02 1.853084352632095033e-11
1.949999999999999512e+00 7.996039222702938787e+02 1.853084352632095033e-11
2.099999999999999645e+00 7.997901130388931961e+02 1.850719577589643450e-11
2.249999999999999556e+00 7.997901130388931961e+02 1.850719577589643450e-11
2.399999999999999467e+00 7.997901130388931961e+02 1.850719577589643450e-11
2.549999999999999378e+00 7.997901130388931961e+02 1.850719577589643450e-11
2.699999999999999289e+00 7.997901130388931961e+02 1.850719577589643450e-11
2.849999999999999201e+00 7.997901130388931961e+02 1.850719577589643450e-11
2.999999999999999112e+00 7.997901130388931961e+02 1.850719577589643450e-11
3.149999999999999023e+00 7.997901130388931961e+02 1.850719577589643450e-11
3.299999999999998934e+00 7.997901130388931961e+02 1.850719577589643450e-11
3.449999999999998845e+00 7.997901130388931961e+02 1.850719577589643450e-11
3.599999999999998757e+00 7.997901130388931961e+02 1.850719577589643450e-11
3.749999999999998668e+00 7.997901130388931961e+02 1.850719577589643450e-11
3.899999999999998579e+00 7.997901130388931961e+02 1.850719577589643450e-11
4.049999999999998934e+00 4.332299052050566388e+02 1.849886910321174582e-11
4.199999999999999289e+00 2.029868770365388002e+02 1.853539544072191347e-11
4.349999999999999645e+00 6.505670893027225077e+01 1.851696573851313588e-11
4.500000000000000000e+00 2.391114018838083766e+01 1.847189068371335452e-11
4.650000000000000355e+00 8.331020400690142935e+00 1.869038257495958533e-11
4.800000000000000711e+00 2.932623420821954596e+00 1.891398149211909185e-11
4.950000000000001066e+00 1.002961167369107898e+00 1.956868000974054667e-11
5.100000000000001421e+00 3.210510218334547972e-01 2.198963233723816302e-11
5.250000000000001776e+00 7.906359270782559179e-02 3.153632910368742159e-11
5.400000000000002132e+00 6.677916302578523755e-03 1.799999999998638600e+02
5.550000000000002487e+00 3.707514775305753574e-02 1.799999999999893987e+02
5.700000000000002842e+00 4.784940300487505738e-02 1.799999999999926388e+02
5.850000000000003197e+00 5.166861162979330402e-02 1.799999999999860165e+02
6.000000000000003553e+00 5.302238863350794418e-02 1.799999999999636202e+02
6.150000000000003908e+00 5.350226384507550392e-02 1.799999999998993019e+02
6.300000000000004263e+00 5.367236754136683885e-02 1.799999999997166640e+02
6.450000000000004619e+00 5.373267758295696694e-02 1.799999999992014068e+02
6.600000000000004974e+00 5.375409300995670492e-02 1.799999999977491711e+02
6.750000000000005329e+00 5.376178847836854402e-02 1.799999999936539155e+02
6.900000000000005684e+00 5.376481181610870408e-02 1.799999999820958294e+02
7.050000000000006040e+00 5.376671503199759172e-02 1.799999999495134659e+02
7.200000000000006395e+00 5.376973789771000156e-02 1.799999998576392954e+02
7.350000000000006750e+00 5.377743100598308956e-02 1.799999995983909287e+02
7.500000000000007105e+00 5.379884124067757512e-02 1.799999988679399223e+02
7.650000000000007461e+00 5.385913523332419572e-02 1.799999968112401518e+02
7.800000000000007816e+00 5.402919786320126150e-02 1.799999910313278235e+02
7.950000000000008171e+00 5.450895223566476488e-02 1.799999749315287261e+02
8.100000000000008527e+00 5.586239268359349808e-02 1.799999310214205082e+02
8.250000000000008882e+00 5.968064922853955068e-02 1.799998178296685865e+02
8.400000000000009237e+00 7.045221581029181834e-02 1.799995648386870073e+02
8.550000000000009592e+00 1.008418631909080432e-01 1.799991426531752552e+02
8.700000000000009948e+00 1.865619878101369977e-01 1.799986925881284776e+02
8.850000000000010303e+00 4.284890877770521911e-01 1.799983944027573557e+02
9.000000000000010658e+00 1.110229188649384469e+00 1.799982536789154608e+02
9.150000000000011013e+00 3.039412073088797683e+00 1.799981970550624339e+02
9.300000000000011369e+00 8.436466097336953851e+00 1.799981770435756232e+02
9.450000000000011724e+00 2.401282099448349427e+01 1.799981702656914990e+02
9.600000000000012079e+00 6.514833290788671150e+01 1.799981673814087628e+02
9.750000000000012434e+00 2.030516897698446712e+02 1.799981672671883075e+02
9.900000000000012790e+00 4.332461649973168960e+02 1.799981675268659274e+02
1.005000000000001315e+01 7.997880160001262766e+02 1.799981673691362971e+02
1.020000000000001350e+01 7.997880160001262766e+02 1.799981673691362971e+02
1.035000000000001386e+01 7.997880160001262766e+02 1.799981673691362971e+02
1.050000000000001421e+01 7.997880160001262766e+02 1.799981673691362971e+02
1.065000000000001457e+01 7.997880160001262766e+02 1.799981673691362971e+02
1.080000000000001492e+01 7.997880160001262766e+02 1.799981673691362971e+02
1.095000000000001528e+01 7.997880160001262766e+02 1.799981673691362971e+02
1.110000000000001563e+01 7.997880160001262766e+02 1.799981673691362971e+02
1.125000000000001599e+01 7.997880160001262766e+02 1.799981673691362971e+02
1.140000000000001634e+01 7.997880160001262766e+02 1.799981673691362971e+02
1.155000000000001670e+01 7.997880160001262766e+02 1.799981673691362971e+02
1.170000000000001705e+01 7.997880160001262766e+02 1.799981673691362971e+02
1.185000000000001741e+01 7.997880160001262766e+02 1.799981673691362971e+02
1.200000000000001776e+01 7.997880160001262766e+02 1.799981673691362971e+02
1.215000000000001812e+01 7.997880160001262766e+02 1.799981673691362971e+02
1.230000000000001847e+01 7.997880160001262766e+02 1.799981673691362971e+02
1.245000000000001883e+01 7.997880160001262766e+02 1.799981673691362971e+02
1.260000000000001918e+01 7.997880160001262766e+02 1.799981673691362971e+02
1.275000000000001954e+01 7.997880160001262766e+02 1.799981673691362971e+02
1.290000000000001990e+01 7.997880160001262766e+02 1.799981673691362971e+02
1.305000000000002025e+01 7.995999468632430762e+02 1.799981679269285735e+02
1.320000000000002061e+01 7.995999468632430762e+02 1.799981679269285735e+02
1.335000000000002096e+01 7.995999468632430762e+02 1.799981679269285735e+02
1.350000000000002132e+01 7.995999468632430762e+02 1.799981679269285735e+02
1.365000000000002167e+01 7.995999468632430762e+02 1.799981679269285735e+02
1.380000000000002203e+01 7.995999468632430762e+02 1.799981679269285735e+02
1.395000000000002238e+01 7.995999468632430762e+02 1.799981679269285735e+02
1.410000000000002274e+01 7.995999468632430762e+02 1.799981679269285735e+02
1.425000000000002309e+01 7.995999468632430762e+02 1.799981679269285735e+02
1.440000000000002345e+01 7.995999468632430762e+02 1.799981679269285735e+02
1.455000000000002380e+01 7.995999468632430762e+02 1.799981679269285735e+02
1.470000000000002416e+01 7.995999468632430762e+02 1.799981679269285735e+02
1.485000000000002451e+01 7.995999468632430762e+02 1.799981679269285735e+02
1.500000000000002487e+01 7.995999468632430762e+02 1.799981679269285735e+02
1.515000000000002522e+01 7.995999468632430762e+02 1.799981679269285735e+02
1.530000000000002558e+01 7.995999468632430762e+02 1.799981679269285735e+02
1.545000000000002593e+01 7.995999468632430762e+02 1.799981679269285735e+02
1.560000000000002629e+01 7.995999468632430762e+02 1.799981679269285735e+02
1.575000000000002665e+01 7.995999468632430762e+02 1.799981679269285735e+02
1.590000000000002700e+01 7.995999468632430762e+02 1.799981679269285735e+02
