1.499999999999999944e-01 7.999919471023284814e+02 9.929746372305814361e-05
2.999999999999999889e-01 7.999919471023284814e+02 9.929746372305814361e-05
4.499999999999999556e-01 7.999919471023284814e+02 9.929746372305814361e-05
5.999999999999999778e-01 7.999919471023284814e+02 9.929746372305814361e-05
7.500000000000000000e-01 7.999919471023284814e+02 9.929746372305814361e-05
9.000000000000000222e-01 7.999919471023284814e+02 9.929746372305814361e-05
1.050000000000000044e+00 7.999919471023284814e+02 9.929746372305814361e-05
1.199999999999999956e+00 7.999919471023284814e+02 9.929746372305814361e-05
1.349999999999999867e+00 7.999919471023284814e+02 9.929746372305814361e-05
1.499999999999999778e+00 7.999919471023284814e+02 9.929746372305814361e-05
1.649999999999999689e+00 7.999919471023284814e+02 9.929746372305814361e-05
1.799999999999999600e+00 7.999919471023284814e+02 9.929746372305814361e-05
1.949999999999999512e+00 7.999919471023284814e+02 9.929746372305814361e-05
2.099999999999999645e+00 7.999974347487947171e+02 9.925775745467380062e-05
2.249999999999999556e+00 7.999974347487947171e+02 9.925775745467380062e-05
2.399999999999999467e+00 7.999974347487947171e+02 9.925775745467380062e-05
2.549999999999999378e+00 7.999974347487947171e+02 9.925775745467380062e-05
2.699999999999999289e+00 7.999974347487947171e+02 9.925775745467380062e-05
2.849999999999999201e+00 7.999974347487947171e+02 9.925775745467380062e-05
2.999999999999999112e+00 7.999974347487947171e+02 9.925775745467380062e-05
3.149999999999999023e+00 7.999974347487947171e+02 9.925775745467380062e-05
3.299999999999998934e+00 7.999974347487947171e+02 9.925775745467380062e-05
3.449999999999998845e+00 7.999974347487947171e+02 9.925775745467380062e-05
3.599999999999998757e+00 7.999974347487947171e+02 9.925775745467380062e-05
3.749999999999998668e+00 7.999974347487947171e+02 9.925775745467380062e-05
3.899999999999998579e+00 7.999974347487947171e+02 9.925775745467380062e-05
4.049999999999998934e+00 4.926979724718910347e+02 9.935058620424985776e-05
4.199999999999999289e+00 3.327680919685625440e+02 9.969859274816528227e-05
4.349999999999999645e+00 1.761728353807701524e+02 1.002627967016112009e-04
4.500000000000000000e+00 1.037367306023870839e+02 1.011857634539703454e-04
4.650000000000000355e+00 5.998041611756424629e+01 1.029678839473691099e-04
4.800000000000000711e+00 3.457594770513355797e+01 1.058447938596662752e-04
4.950000000000001066e+00 1.952175862256180849e+01 1.110686786424119887e-04
5.100000000000001421e+00 1.061378809903757059e+01 1.212738197925444794e-04
5.250000000000001776e+00 5.334545051617041622e+00 1.430579907770734849e-04
5.400000000000002132e+00 2.205923536008668862e+00 2.051214964187142442e-04
5.550000000000002487e+00 3.516207161159172756e-01 7.639873609972536173e-04
5.700000000000002842e+00 7.474264954944374040e-01 1.799997869003535129e+02
5.850000000000003197e+00 1.398891002204521783e+00 1.799999324918231878e+02
6.000000000000003553e+00 1.785150307371964118e+00 1.799999685933836702e+02
6.150000000000003908e+00 2.014342625907687534e+00 1.799999834974963164e+02
6.300000000000004263e+00 2.150635071201691062e+00 1.799999908356168703e+02
6.450000000000004619e+00 2.232186280613717599e+00 1.799999947580400317e+02
6.600000000000004974e+00 2.281828930155199942e+00 1.799999969596236724e+02
6.750000000000005329e+00 2.313462056965704505e+00 1.799999982219901824e+02
6.900000000000005684e+00 2.335942403144883883e+00 1.799999989545863173e+02
7.050000000000006040e+00 2.355564107317263733e+00 1.799999993853307103e+02
7.200000000000006395e+00 2.377820947987942191e+00 1.799999996389697401e+02
7.350000000000006750e+00 2.408944517965665000e+00 1.799999997884319498e+02
7.500000000000007105e+00 2.457648994652544161e+00 1.799999998770452976e+02
7.650000000000007461e+00 2.537571039521992589e+00 1.799999999293943063e+02
7.800000000000007816e+00 2.671088038157449773e+00 1.799999999601758418e+02
7.950000000000008171e+00 2.895583966524043262e+00 1.799999999782151576e+02
8.100000000000008527e+00 3.273917907112817716e+00 1.799999999885708064e+02
8.250000000000008882e+00 3.912028666592092918e+00 1.799999999943135265e+02
8.400000000000009237e+00 4.988610470160097066e+00 1.799999999973458387e+02
8.550000000000009592e+00 6.805203629960139722e+00 1.799999999988334309e+02
8.700000000000009948e+00 9.870757689959965830e+00 1.799999999995075086e+02
8.850000000000010303e+00 1.504516378823329248e+01 1.799999999997918962e+02
9.000000000000010658e+00 2.378065138946909229e+01 1.799999999999041620e+02
9.150000000000011013e+00 3.855585101255014990e+01 1.799999999999461977e+02
9.300000000000011369e+00 6.352232361430355212e+01 1.799999999999615454e+02
9.450000000000011724e+00 1.066211187983878119e+02 1.799999999999665761e+02
9.600000000000012079e+00 1.781618127604381243e+02 1.799999999999682814e+02
9.750000000000012434e+00 3.336235301987177309e+02 1.799999999999689066e+02
9.900000000000012790e+00 4.927777034981604061e+02 1.799999999999688214e+02
1.005000000000001315e+01 7.999974697414877483e+02 1.799999999999688498e+02
1.020000000000001350e+01 7.999974697414877483e+02 1.799999999999688498e+02
1.035000000000001386e+01 7.999974697414877483e+02 1.799999999999688498e+02
1.050000000000001421e+01 7.999974697414877483e+02 1.799999999999688498e+02
1.065000000000001457e+01 7.999974697414877483e+02 1.799999999999688498e+02
1.080000000000001492e+01 7.999974697414877483e+02 1.799999999999688498e+02
1.095000000000001528e+01 7.999974697414877483e+02 1.799999999999688498e+02
1.110000000000001563e+01 7.999974697414877483e+02 1.799999999999688498e+02
1.125000000000001599e+01 7.999974697414877483e+02 1.799999999999688498e+02
1.140000000000001634e+01 7.999974697414877483e+02 1.799999999999688498e+02
1.155000000000001670e+01 7.999974697414877483e+02 1.799999999999688498e+02
1.170000000000001705e+01 7.999974697414877483e+02 1.799999999999688498e+02
1.185000000000001741e+01 7.999974697414877483e+02 1.799999999999688498e+02
1.200000000000001776e+01 7.999974697414877483e+02 1.799999999999688498e+02
1.215000000000001812e+01 7.999974697414877483e+02 1.799999999999688498e+02
1.230000000000001847e+01 7.999974697414877483e+02 1.799999999999688498e+02
1.245000000000001883e+01 7.999974697414877483e+02 1.799999999999688498e+02
1.260000000000001918e+01 7.999974697414877483e+02 1.799999999999688498e+02
1.275000000000001954e+01 7.999974697414877483e+02 1.799999999999688498e+02
1.290000000000001990e+01 7.999974697414877483e+02 1.799999999999688498e+02
1.305000000000002025e+01 7.999920520606955279e+02 1.799999999999689919e+02
1.320000000000002061e+01 7.999920520606955279e+02 1.799999999999689919e+02
1.335000000000002096e+01 7.999920520606955279e+02 1.799999999999689919e+02
1.350000000000002132e+01 7.999920520606955279e+02 1.799999999999689919e+02
1.365000000000002167e+01 7.999920520606955279e+02 1.799999999999689919e+02
1.380000000000002203e+01 7.999920520606955279e+02 1.799999999999689919e+02
1.395000000000002238e+01 7.999920520606955279e+02 1.799999999999689919e+02
1.410000000000002274e+01 7.999920520606955279e+02 1.799999999999689919e+02
1.425000000000002309e+01 7.999920520606955279e+02 1.799999999999689919e+02
1.440000000000002345e+01 7.999920520606955279e+02 1.799999999999689919e+02
1.455000000000002380e+01 7.999920520606955279e+02 1.799999999999689919e+02
1.470000000000002416e+01 7.999920520606955279e+02 1.799999999999689919e+02
1.485000000000002451e+01 7.999920520606955279e+02 1.799999999999689919e+02
1.500000000000002487e+01 7.999920520606955279e+02 1.799999999999689919e+02
1.515000000000002522e+01 7.999920520606955279e+02 1.799999999999689919e+02
1.530000000000002558e+01 7.999920520606955279e+02 1.799999999999689919e+02
1.545000000000002593e+01 7.999920520606955279e+02 1.799999999999689919e+02
1.560000000000002629e+01 7.999920520606955279e+02 1.799999999999689919e+02
1.575000000000002665e+01 7.999920520606955279e+02 1.799999999999689919e+02
1.590000000000002700e+01 7.999920520606955279e+02 1.799999999999689919e+02
