1.499999999999999944e-01 7.996647685681878102e+02 3.183591984487876836e-02
2.999999999999999889e-01 7.996647685681878102e+02 3.183591984487876836e-02
4.499999999999999556e-01 7.996647685681878102e+02 3.183591984487876836e-02
5.999999999999999778e-01 7.996647685681878102e+02 3.183591984487876836e-02
7.500000000000000000e-01 7.996647685681878102e+02 3.183591984487876836e-02
9.000000000000000222e-01 7.996647685681878102e+02 3.183591984487876836e-02
1.050000000000000044e+00 7.996647685681878102e+02 3.183591984487876836e-02
1.199999999999999956e+00 7.996647685681878102e+02 3.183591984487876836e-02
1.349999999999999867e+00 7.996647685681878102e+02 3.183591984487876836e-02
1.499999999999999778e+00 7.996647685681878102e+02 3.183591984487876836e-02
1.649999999999999689e+00 7.996647685681878102e+02 3.183591984487876836e-02
1.799999999999999600e+00 7.996647685681878102e+02 3.183591984487876836e-02
1.949999999999999512e+00 7.996647685681878102e+02 3.183591984487876836e-02
2.099999999999999645e+00 7.998262830180784704e+02 3.183380316980388702e-02
2.249999999999999556e+00 7.998262830180784704e+02 3.183380316980388702e-02
2.399999999999999467e+00 7.998262830180784704e+02 3.183380316980388702e-02
2.549999999999999378e+00 7.998262830180784704e+02 3.183380316980388702e-02
2.699999999999999289e+00 7.998262830180784704e+02 3.183380316980388702e-02
2.849999999999999201e+00 7.998262830180784704e+02 3.183380316980388702e-02
2.999999999999999112e+00 7.998262830180784704e+02 3.183380316980388702e-02
3.149999999999999023e+00 7.998262830180784704e+02 3.183380316980388702e-02
3.299999999999998934e+00 7.998262830180784704e+02 3.183380316980388702e-02
3.449999999999998845e+00 7.998262830180784704e+02 3.183380316980388702e-02
3.599999999999998757e+00 7.998262830180784704e+02 3.183380316980388702e-02
3.749999999999998668e+00 7.998262830180784704e+02 3.183380316980388702e-02
3.899999999999998579e+00 7.998262830180784704e+02 3.183380316980388702e-02
4.049999999999998934e+00 4.375178241788407263e+02 3.185675931145171003e-02
4.199999999999999289e+00 2.086858715925369552e+02 3.192788621523212633e-02
4.349999999999999645e+00 6.809642485848050342e+01 3.214936587915073751e-02
4.500000000000000000e+00 2.515971808667648801e+01 3.271840705015682804e-02
4.650000000000000355e+00 8.553307635714830326e+00 3.447936998054279556e-02
4.800000000000000711e+00 2.662508881549626949e+00 4.034466351257681715e-02
4.950000000000001066e+00 5.094465154122644890e-01 7.633309715716973809e-02
5.100000000000001421e+00 2.690169667914688034e-01 1.799475349997235867e+02
5.250000000000001776e+00 5.515784123144840123e-01 1.799907234472603363e+02
5.400000000000002132e+00 6.539963475466947784e-01 1.799971628152497942e+02
5.550000000000002487e+00 6.911378710454414431e-01 1.799990261983373898e+02
5.700000000000002842e+00 7.046046476074252496e-01 1.799996536381830481e+02
5.850000000000003197e+00 7.094877560678582995e-01 1.799998752716838055e+02
6.000000000000003553e+00 7.112583499189781833e-01 1.799999548697936689e+02
6.150000000000003908e+00 7.119003674297914586e-01 1.799999836502438200e+02
6.300000000000004263e+00 7.121331692150647541e-01 1.799999940734036272e+02
6.450000000000004619e+00 7.122176044474599621e-01 1.799999978504971523e+02
6.600000000000004974e+00 7.122482807343999411e-01 1.799999992206091690e+02
6.750000000000005329e+00 7.122595699860880814e-01 1.799999997173920576e+02
6.900000000000005684e+00 7.122641213661609072e-01 1.799999998974901132e+02
7.050000000000006040e+00 7.122670347804387347e-01 1.799999999628294631e+02
7.200000000000006395e+00 7.122715743893195395e-01 1.799999999865217148e+02
7.350000000000006750e+00 7.122828270883587720e-01 1.799999999951111533e+02
7.500000000000007105e+00 7.123134008272700157e-01 1.799999999982273096e+02
7.650000000000007461e+00 7.123975529905237636e-01 1.799999999993572146e+02
7.800000000000007816e+00 7.126295738353860543e-01 1.799999999997669136e+02
7.950000000000008171e+00 7.132694375130768094e-01 1.799999999999154738e+02
8.100000000000008527e+00 7.150340910719705789e-01 1.799999999999694182e+02
8.250000000000008882e+00 7.199008171602940820e-01 1.799999999999887166e+02
8.400000000000009237e+00 7.333224138516811763e-01 1.799999999999954809e+02
8.550000000000009592e+00 7.703393396959086203e-01 1.799999999999968736e+02
8.700000000000009948e+00 8.724136983489643171e-01 1.799999999999953673e+02
8.850000000000010303e+00 1.154027825597722767e+00 1.799999999999911040e+02
9.000000000000010658e+00 1.929880427555417555e+00 1.799999999999856755e+02
9.150000000000011013e+00 4.075751466885989771e+00 1.799999999999811848e+02
9.300000000000011369e+00 9.946865058297809981e+00 1.799999999999788827e+02
9.450000000000011724e+00 2.649943233049185665e+01 1.799999999999777174e+02
9.600000000000012079e+00 6.929593082138916316e+01 1.799999999999774900e+02
9.750000000000012434e+00 2.095233614203147567e+02 1.799999999999771774e+02
9.900000000000012790e+00 4.377235684466204475e+02 1.799999999999770637e+02
1.005000000000001315e+01 7.998291402663643339e+02 1.799999999999771489e+02
1.020000000000001350e+01 7.998291402663643339e+02 1.799999999999771489e+02
1.035000000000001386e+01 7.998291402663643339e+02 1.799999999999771489e+02
1.050000000000001421e+01 7.998291402663643339e+02 1.799999999999771489e+02
1.065000000000001457e+01 7.998291402663643339e+02 1.799999999999771489e+02
1.080000000000001492e+01 7.998291402663643339e+02 1.799999999999771489e+02
1.095000000000001528e+01 7.998291402663643339e+02 1.799999999999771489e+02
1.110000000000001563e+01 7.998291402663643339e+02 1.799999999999771489e+02
1.125000000000001599e+01 7.998291402663643339e+02 1.799999999999771489e+02
1.140000000000001634e+01 7.998291402663643339e+02 1.799999999999771489e+02
1.155000000000001670e+01 7.998291402663643339e+02 1.799999999999771489e+02
1.170000000000001705e+01 7.998291402663643339e+02 1.799999999999771489e+02
1.185000000000001741e+01 7.998291402663643339e+02 1.799999999999771489e+02
1.200000000000001776e+01 7.998291402663643339e+02 1.799999999999771489e+02
1.215000000000001812e+01 7.998291402663643339e+02 1.799999999999771489e+02
1.230000000000001847e+01 7.998291402663643339e+02 1.799999999999771489e+02
1.245000000000001883e+01 7.998291402663643339e+02 1.799999999999771489e+02
1.260000000000001918e+01 7.998291402663643339e+02 1.799999999999771489e+02
1.275000000000001954e+01 7.998291402663643339e+02 1.799999999999771489e+02
1.290000000000001990e+01 7.998291402663643339e+02 1.799999999999771489e+02
1.305000000000002025e+01 7.996700920544350311e+02 1.799999999999770921e+02
1.320000000000002061e+01 7.996700920544350311e+02 1.799999999999770921e+02
1.335000000000002096e+01 7.996700920544350311e+02 1.799999999999770921e+02
1.350000000000002132e+01 7.996700920544350311e+02 1.799999999999770921e+02
1.365000000000002167e+01 7.996700920544350311e+02 1.799999999999770921e+02
1.380000000000002203e+01 7.996700920544350311e+02 1.799999999999770921e+02
1.395000000000002238e+01 7.996700920544350311e+02 1.799999999999770921e+02
1.410000000000002274e+01 7.996700920544350311e+02 1.799999999999770921e+02
1.425000000000002309e+01 7.996700920544350311e+02 1.799999999999770921e+02
1.440000000000002345e+01 7.996700920544350311e+02 1.799999999999770921e+02
1.455000000000002380e+01 7.996700920544350311e+02 1.799999999999770921e+02
1.470000000000002416e+01 7.996700920544350311e+02 1.799999999999770921e+02
1.485000000000002451e+01 7.996700920544350311e+02 1.799999999999770921e+02
1.500000000000002487e+01 7.996700920544350311e+02 1.799999999999770921e+02
1.515000000000002522e+01 7.996700920544350311e+02 1.799999999999770921e+02
1.530000000000002558e+01 7.996700920544350311e+02 1.799999999999770921e+02
1.545000000000002593e+01 7.996700920544350311e+02 1.799999999999770921e+02
1.560000000000002629e+01 7.996700920544350311e+02 1.799999999999770921e+02
1.575000000000002665e+01 7.996700920544350311e+02 1.799999999999770921e+02
1.590000000000002700e+01 7.996700920544350311e+02 1.799999999999770921e+02
