1.499999999999999944e-01 7.999946269479901275e+02 1.799993951337265230e+02
2.999999999999999889e-01 7.999946269479901275e+02 1.799993951337265230e+02
4.499999999999999556e-01 7.999946269479901275e+02 1.799993951337265230e+02
5.999999999999999778e-01 7.999946269479901275e+02 1.799993951337265230e+02
7.500000000000000000e-01 7.999946269479901275e+02 1.799993951337265230e+02
9.000000000000000222e-01 7.999946269479901275e+02 1.799993951337265230e+02
1.050000000000000044e+00 7.999946269479901275e+02 1.799993951337265230e+02
1.199999999999999956e+00 7.999946269479901275e+02 1.799993951337265230e+02
1.349999999999999867e+00 7.999946269479901275e+02 1.799993951337265230e+02
1.499999999999999778e+00 7.999946269479901275e+02 1.799993951337265230e+02
1.649999999999999689e+00 7.999946269479901275e+02 1.799993951337265230e+02
1.799999999999999600e+00 7.999946269479901275e+02 1.799993951337265230e+02
1.949999999999999512e+00 7.999946269479901275e+02 1.799993951337265230e+02
2.099999999999999645e+00 7.999983787503346093e+02 1.799993956185582817e+02
2.249999999999999556e+00 7.999983787503346093e+02 1.799993956185582817e+02
2.399999999999999467e+00 7.999983787503346093e+02 1.799993956185582817e+02
2.549999999999999378e+00 7.999983787503346093e+02 1.799993956185582817e+02
2.699999999999999289e+00 7.999983787503346093e+02 1.799993956185582817e+02
2.849999999999999201e+00 7.999983787503346093e+02 1.799993956185582817e+02
2.999999999999999112e+00 7.999983787503346093e+02 1.799993956185582817e+02
3.149999999999999023e+00 7.999983787503346093e+02 1.799993956185582817e+02
3.299999999999998934e+00 7.999983787503346093e+02 1.799993956185582817e+02
3.449999999999998845e+00 7.999983787503346093e+02 1.799993956185582817e+02
3.599999999999998757e+00 7.999983787503346093e+02 1.799993956185582817e+02
3.749999999999998668e+00 7.999983787503346093e+02 1.799993956185582817e+02
3.899999999999998579e+00 7.999983787503346093e+02 1.799993956185582817e+02
4.049999999999998934e+00 4.958953090515979056e+02 1.799993962122137532e+02
4.199999999999999289e+00 3.464434824185034927e+02 1.799993974916879722e+02
4.349999999999999645e+00 1.955191270551554226e+02 1.799994033034859058e+02
4.500000000000000000e+00 1.244261325367689608e+02 1.799994126795942009e+02
4.650000000000000355e+00 7.967522251227369168e+01 1.799994270199166522e+02
4.800000000000000711e+00 5.231061456871672988e+01 1.799994500433967914e+02
4.950000000000001066e+00 3.513901407856507575e+01 1.799994833075403164e+02
5.100000000000001421e+00 2.434208099769621114e+01 1.799995278625689252e+02
5.250000000000001776e+00 1.753223849020982428e+01 1.799995855537837883e+02
5.400000000000002132e+00 1.323333948876104316e+01 1.799996527640557247e+02
5.550000000000002487e+00 1.051810016975675666e+01 1.799997232338918707e+02
5.700000000000002842e+00 8.802836424526091719e+00 1.799997908324891398e+02
5.850000000000003197e+00 7.719368367415803789e+00 1.799998491251712949e+02
6.000000000000003553e+00 7.035327742747284674e+00 1.799998951129875309e+02
6.150000000000003908e+00 6.604077410649445312e+00 1.799999293211608347e+02
6.300000000000004263e+00 6.333195406436452402e+00 1.799999533794655520e+02
6.450000000000004619e+00 6.164637731148175703e+00 1.799999696533985230e+02
6.600000000000004974e+00 6.062289656034060670e+00 1.799999804798859486e+02
6.750000000000005329e+00 6.004223602392286807e+00 1.799999875329394001e+02
6.900000000000005684e+00 5.977999614521785077e+00 1.799999920661481383e+02
7.050000000000006040e+00 5.977999614934809358e+00 1.799999949813647504e+02
7.200000000000006395e+00 6.004223603749366589e+00 1.799999968392848757e+02
7.350000000000006750e+00 6.062289658600711562e+00 1.799999980165480906e+02
7.500000000000007105e+00 6.164637735503369242e+00 1.799999987661932721e+02
7.650000000000007461e+00 6.333195413487366920e+00 1.799999992403324995e+02
7.800000000000007816e+00 6.604077421919107849e+00 1.799999995384317231e+02
7.950000000000008171e+00 7.035327760640086581e+00 1.799999997259455711e+02
8.100000000000008527e+00 7.719368395770658253e+00 1.799999998420229588e+02
8.250000000000008882e+00 8.802836469412980591e+00 1.799999999122396730e+02
8.400000000000009237e+00 1.051810024078955763e+01 1.799999999535506845e+02
8.550000000000009592e+00 1.323333960115343189e+01 1.799999999766536973e+02
8.700000000000009948e+00 1.753223866810897036e+01 1.799999999888366062e+02
8.850000000000010303e+00 2.434208127951337275e+01 1.799999999949103824e+02
9.000000000000010658e+00 3.513901452557350780e+01 1.799999999977607104e+02
9.150000000000011013e+00 5.231061528096604007e+01 1.799999999990323829e+02
9.300000000000011369e+00 7.967522365013577712e+01 1.799999999995785629e+02
9.450000000000011724e+00 1.244261344253602743e+02 1.799999999998050555e+02
9.600000000000012079e+00 1.955191300478789174e+02 1.799999999998927649e+02
9.750000000000012434e+00 3.464434896209944554e+02 1.799999999999265015e+02
9.900000000000012790e+00 4.958953147002926016e+02 1.799999999999350280e+02
1.005000000000001315e+01 7.999984299156370753e+02 1.799999999999364491e+02
1.020000000000001350e+01 7.999984299156370753e+02 1.799999999999364491e+02
1.035000000000001386e+01 7.999984299156370753e+02 1.799999999999364491e+02
1.050000000000001421e+01 7.999984299156370753e+02 1.799999999999364491e+02
1.065000000000001457e+01 7.999984299156370753e+02 1.799999999999364491e+02
1.080000000000001492e+01 7.999984299156370753e+02 1.799999999999364491e+02
1.095000000000001528e+01 7.999984299156370753e+02 1.799999999999364491e+02
1.110000000000001563e+01 7.999984299156370753e+02 1.799999999999364491e+02
1.125000000000001599e+01 7.999984299156370753e+02 1.799999999999364491e+02
1.140000000000001634e+01 7.999984299156370753e+02 1.799999999999364491e+02
1.155000000000001670e+01 7.999984299156370753e+02 1.799999999999364491e+02
1.170000000000001705e+01 7.999984299156370753e+02 1.799999999999364491e+02
1.185000000000001741e+01 7.999984299156370753e+02 1.799999999999364491e+02
1.200000000000001776e+01 7.999984299156370753e+02 1.799999999999364491e+02
1.215000000000001812e+01 7.999984299156370753e+02 1.799999999999364491e+02
1.230000000000001847e+01 7.999984299156370753e+02 1.799999999999364491e+02
1.245000000000001883e+01 7.999984299156370753e+02 1.799999999999364491e+02
1.260000000000001918e+01 7.999984299156370753e+02 1.799999999999364491e+02
1.275000000000001954e+01 7.999984299156370753e+02 1.799999999999364491e+02
1.290000000000001990e+01 7.999984299156370753e+02 1.799999999999364491e+02
1.305000000000002025e+01 7.999947965170962334e+02 1.799999999999366764e+02
1.320000000000002061e+01 7.999947965170962334e+02 1.799999999999366764e+02
1.335000000000002096e+01 7.999947965170962334e+02 1.799999999999366764e+02
1.350000000000002132e+01 7.999947965170962334e+02 1.799999999999366764e+02
1.365000000000002167e+01 7.999947965170962334e+02 1.799999999999366764e+02
1.380000000000002203e+01 7.999947965170962334e+02 1.799999999999366764e+02
1.395000000000002238e+01 7.999947965170962334e+02 1.799999999999366764e+02
1.410000000000002274e+01 7.999947965170962334e+02 1.799999999999366764e+02
1.425000000000002309e+01 7.999947965170962334e+02 1.799999999999366764e+02
1.440000000000002345e+01 7.999947965170962334e+02 1.799999999999366764e+02
1.455000000000002380e+01 7.999947965170962334e+02 1.799999999999366764e+02
1.470000000000002416e+01 7.999947965170962334e+02 1.799999999999366764e+02
1.485000000000002451e+01 7.999947965170962334e+02 1.799999999999366764e+02
1.500000000000002487e+01 7.999947965170962334e+02 1.799999999999366764e+02
1.515000000000002522e+01 7.999947965170962334e+02 1.799999999999366764e+02
1.530000000000002558e+01 7.999947965170962334e+02 1.799999999999366764e+02
1.545000000000002593e+01 7.999947965170962334e+02 1.799999999999366764e+02
1.560000000000002629e+01 7.999947965170962334e+02 1.799999999999366764e+02
1.575000000000002665e+01 7.999947965170962334e+02 1.799999999999366764e+02
1.590000000000002700e+01 7.999947965170962334e+02 1.799999999999366764e+02
