1.499999999999999944e-01 7.999992358682733311e+02 3.846387658267768472e+01
2.999999999999999889e-01 7.999992358682733311e+02 3.846387658267768472e+01
4.499999999999999556e-01 7.999992358682733311e+02 3.846387658267768472e+01
5.999999999999999778e-01 7.999992358682733311e+02 3.846387658267768472e+01
7.500000000000000000e-01 7.999992358682733311e+02 3.846387658267768472e+01
9.000000000000000222e-01 7.999992358682733311e+02 3.846387658267768472e+01
1.050000000000000044e+00 7.999992358682733311e+02 3.846387658267768472e+01
1.199999999999999956e+00 7.999992358682733311e+02 3.846387658267768472e+01
1.349999999999999867e+00 7.999992358682733311e+02 3.846387658267768472e+01
1.499999999999999778e+00 7.999992358682733311e+02 3.846387658267768472e+01
1.649999999999999689e+00 7.999992358682733311e+02 3.846387658267768472e+01
1.799999999999999600e+00 7.999992358682733311e+02 3.846387658267768472e+01
1.949999999999999512e+00 7.999992358682733311e+02 3.846387658267768472e+01
2.099999999999999645e+00 7.999998212755989471e+02 3.848841038781745993e+01
2.249999999999999556e+00 7.999998212755989471e+02 3.848841038781745993e+01
2.399999999999999467e+00 7.999998212755989471e+02 3.848841038781745993e+01
2.549999999999999378e+00 7.999998212755989471e+02 3.848841038781745993e+01
2.699999999999999289e+00 7.999998212755989471e+02 3.848841038781745993e+01
2.849999999999999201e+00 7.999998212755989471e+02 3.848841038781745993e+01
2.999999999999999112e+00 7.999998212755989471e+02 3.848841038781745993e+01
3.149999999999999023e+00 7.999998212755989471e+02 3.848841038781745993e+01
3.299999999999998934e+00 7.999998212755989471e+02 3.848841038781745993e+01
3.449999999999998845e+00 7.999998212755989471e+02 3.848841038781745993e+01
3.599999999999998757e+00 7.999998212755989471e+02 3.848841038781745993e+01
3.749999999999998668e+00 7.999998212755989471e+02 3.848841038781745993e+01
3.899999999999998579e+00 7.999998212755989471e+02 3.848841038781745993e+01
4.049999999999998934e+00 5.063343473805649637e+02 3.862476646367331767e+01
4.199999999999999289e+00 3.997655270734949795e+02 3.927044594671623656e+01
4.349999999999999645e+00 2.841290772980739234e+02 4.102807152480055919e+01
4.500000000000000000e+00 2.347179006049537691e+02 4.372586769227366688e+01
4.650000000000000355e+00 2.031860480087703991e+02 4.749603832936007564e+01
4.800000000000000711e+00 1.830704569420649364e+02 5.217622578990497573e+01
4.950000000000001066e+00 1.694483941567960414e+02 5.762748175544426488e+01
5.100000000000001421e+00 1.601079491682897924e+02 6.366125080293630134e+01
5.250000000000001776e+00 1.537502938875758787e+02 7.008537156943808100e+01
5.400000000000002132e+00 1.495736019420897094e+02 7.671307410978609198e+01
5.550000000000002487e+00 1.470248960396168627e+02 8.337819142357410840e+01
5.700000000000002842e+00 1.456907196984281256e+02 8.994458402082403836e+01
5.850000000000003197e+00 1.452453937759859173e+02 9.631063848035795161e+01
6.000000000000003553e+00 1.454280058733377530e+02 1.024084198290831722e+02
6.150000000000003908e+00 1.460314921374870778e+02 1.081990553672575430e+02
6.300000000000004263e+00 1.468957890738358856e+02 1.136663381203305505e+02
6.450000000000004619e+00 1.479016803856684135e+02 1.188102237378642769e+02
6.600000000000004974e+00 1.489644584444890825e+02 1.236412309652458390e+02
6.750000000000005329e+00 1.500275961411092851e+02 1.281761230405873278e+02
6.900000000000005684e+00 1.510569100148153439e+02 1.324348276201615988e+02
7.050000000000006040e+00 1.520356287691683690e+02 1.364383780134380970e+02
7.200000000000006395e+00 1.529606219519725414e+02 1.402076095764381307e+02
7.350000000000006750e+00 1.538399121679639450e+02 1.437623610448887916e+02
7.500000000000007105e+00 1.546915348510711681e+02 1.471209912786364953e+02
7.650000000000007461e+00 1.555438298377486603e+02 1.503000681194515664e+02
7.800000000000007816e+00 1.564373465044216971e+02 1.533141169566870019e+02
7.950000000000008171e+00 1.574287289118047681e+02 1.561753510055756351e+02
8.100000000000008527e+00 1.585972524711748122e+02 1.588933189887039816e+02
8.250000000000008882e+00 1.600551856746912449e+02 1.614744099236992838e+02
8.400000000000009237e+00 1.619640112797355300e+02 1.639211698746173909e+02
8.550000000000009592e+00 1.645601190289440297e+02 1.662314042611775733e+02
8.700000000000009948e+00 1.681965376268909154e+02 1.683970778990440635e+02
8.850000000000010303e+00 1.734139491614309634e+02 1.704031661187719635e+02
9.000000000000010658e+00 1.810648471836690305e+02 1.722266668580286080e+02
9.150000000000011013e+00 1.925679869702581186e+02 1.738370810042290202e+02
9.300000000000011369e+00 2.103181780042208970e+02 1.751967756816319195e+02
9.450000000000011724e+00 2.394629392562485748e+02 1.762742739200687652e+02
9.600000000000012079e+00 2.867323413399082597e+02 1.770295868796854108e+02
9.750000000000012434e+00 4.005722713948671867e+02 1.775038484784815296e+02
9.900000000000012790e+00 5.063794113457375943e+02 1.776697346113720641e+02
1.005000000000001315e+01 7.999998247445201969e+02 1.777006918911448281e+02
1.020000000000001350e+01 7.999998247445201969e+02 1.777006918911448281e+02
1.035000000000001386e+01 7.999998247445201969e+02 1.777006918911448281e+02
1.050000000000001421e+01 7.999998247445201969e+02 1.777006918911448281e+02
1.065000000000001457e+01 7.999998247445201969e+02 1.777006918911448281e+02
1.080000000000001492e+01 7.999998247445201969e+02 1.777006918911448281e+02
1.095000000000001528e+01 7.999998247445201969e+02 1.777006918911448281e+02
1.110000000000001563e+01 7.999998247445201969e+02 1.777006918911448281e+02
1.125000000000001599e+01 7.999998247445201969e+02 1.777006918911448281e+02
1.140000000000001634e+01 7.999998247445201969e+02 1.777006918911448281e+02
1.155000000000001670e+01 7.999998247445201969e+02 1.777006918911448281e+02
1.170000000000001705e+01 7.999998247445201969e+02 1.777006918911448281e+02
1.185000000000001741e+01 7.999998247445201969e+02 1.777006918911448281e+02
1.200000000000001776e+01 7.999998247445201969e+02 1.777006918911448281e+02
1.215000000000001812e+01 7.999998247445201969e+02 1.777006918911448281e+02
1.230000000000001847e+01 7.999998247445201969e+02 1.777006918911448281e+02
1.245000000000001883e+01 7.999998247445201969e+02 1.777006918911448281e+02
1.260000000000001918e+01 7.999998247445201969e+02 1.777006918911448281e+02
1.275000000000001954e+01 7.999998247445201969e+02 1.777006918911448281e+02
1.290000000000001990e+01 7.999998247445201969e+02 1.777006918911448281e+02
1.305000000000002025e+01 7.999992502083364343e+02 1.777065971381348675e+02
1.320000000000002061e+01 7.999992502083364343e+02 1.777065971381348675e+02
1.335000000000002096e+01 7.999992502083364343e+02 1.777065971381348675e+02
1.350000000000002132e+01 7.999992502083364343e+02 1.777065971381348675e+02
1.365000000000002167e+01 7.999992502083364343e+02 1.777065971381348675e+02
1.380000000000002203e+01 7.999992502083364343e+02 1.777065971381348675e+02
1.395000000000002238e+01 7.999992502083364343e+02 1.777065971381348675e+02
1.410000000000002274e+01 7.999992502083364343e+02 1.777065971381348675e+02
1.425000000000002309e+01 7.999992502083364343e+02 1.777065971381348675e+02
1.440000000000002345e+01 7.999992502083364343e+02 1.777065971381348675e+02
1.455000000000002380e+01 7.999992502083364343e+02 1.777065971381348675e+02
1.470000000000002416e+01 7.999992502083364343e+02 1.777065971381348675e+02
1.485000000000002451e+01 7.999992502083364343e+02 1.777065971381348675e+02
1.500000000000002487e+01 7.999992502083364343e+02 1.777065971381348675e+02
1.515000000000002522e+01 7.999992502083364343e+02 1.777065971381348675e+02
1.530000000000002558e+01 7.999992502083364343e+02 1.777065971381348675e+02
1.545000000000002593e+01 7.999992502083364343e+02 1.777065971381348675e+02
1.560000000000002629e+01 7.999992502083364343e+02 1.777065971381348675e+02
1.575000000000002665e+01 7.999992502083364343e+02 1.777065971381348675e+02
1.590000000000002700e+01 7.999992502083364343e+02 1.777065971381348675e+02
