1.499999999999999944e-01 7.999998898161870784e+02 6.751003444421742472e+01
2.999999999999999889e-01 7.999998898161870784e+02 6.751003444421742472e+01
4.499999999999999556e-01 7.999998898161870784e+02 6.751003444421742472e+01
5.999999999999999778e-01 7.999998898161870784e+02 6.751003444421742472e+01
7.500000000000000000e-01 7.999998898161870784e+02 6.751003444421742472e+01
9.000000000000000222e-01 7.999998898161870784e+02 6.751003444421742472e+01
1.050000000000000044e+00 7.999998898161870784e+02 6.751003444421742472e+01
1.199999999999999956e+00 7.999998898161870784e+02 6.751003444421742472e+01
1.349999999999999867e+00 7.999998898161870784e+02 6.751003444421742472e+01
1.499999999999999778e+00 7.999998898161870784e+02 6.751003444421742472e+01
1.649999999999999689e+00 7.999998898161870784e+02 6.751003444421742472e+01
1.799999999999999600e+00 7.999998898161870784e+02 6.751003444421742472e+01
1.949999999999999512e+00 7.999998898161870784e+02 6.751003444421742472e+01
2.099999999999999645e+00 7.999999798413610961e+02 6.756245587523252993e+01
2.249999999999999556e+00 7.999999798413610961e+02 6.756245587523252993e+01
2.399999999999999467e+00 7.999999798413610961e+02 6.756245587523252993e+01
2.549999999999999378e+00 7.999999798413610961e+02 6.756245587523252993e+01
2.699999999999999289e+00 7.999999798413610961e+02 6.756245587523252993e+01
2.849999999999999201e+00 7.999999798413610961e+02 6.756245587523252993e+01
2.999999999999999112e+00 7.999999798413610961e+02 6.756245587523252993e+01
3.149999999999999023e+00 7.999999798413610961e+02 6.756245587523252993e+01
3.299999999999998934e+00 7.999999798413610961e+02 6.756245587523252993e+01
3.449999999999998845e+00 7.999999798413610961e+02 6.756245587523252993e+01
3.599999999999998757e+00 7.999999798413610961e+02 6.756245587523252993e+01
3.749999999999998668e+00 7.999999798413610961e+02 6.756245587523252993e+01
3.899999999999998579e+00 7.999999798413610961e+02 6.756245587523252993e+01
4.049999999999998934e+00 5.119888436914915246e+02 6.784375431529181810e+01
4.199999999999999289e+00 4.374972058427481443e+02 6.911904011872543663e+01
4.349999999999999645e+00 3.562782980056309725e+02 7.200353417997321515e+01
4.500000000000000000e+00 3.315818309631543457e+02 7.548790384924663499e+01
4.650000000000000355e+00 3.197110637987445898e+02 7.938786737042966024e+01
4.800000000000000711e+00 3.146267450043272902e+02 8.339384496332785091e+01
4.950000000000001066e+00 3.123833719840068284e+02 8.739759583379540686e+01
5.100000000000001421e+00 3.114515977918772478e+02 9.133724168969057189e+01
5.250000000000001776e+00 3.111133508406236388e+02 9.518667771346069628e+01
5.400000000000002132e+00 3.110443094793373575e+02 9.893434520227391715e+01
5.550000000000002487e+00 3.110949496211293877e+02 1.025759958151596720e+02
5.700000000000002842e+00 3.111965066174378194e+02 1.061108055318369310e+02
5.850000000000003197e+00 3.113173107393455439e+02 1.095396789894305556e+02
6.000000000000003553e+00 3.114428092786729962e+02 1.128644421201697838e+02
6.150000000000003908e+00 3.115663568934925820e+02 1.160874597326972264e+02
6.300000000000004263e+00 3.116849741162382088e+02 1.192114492639521899e+02
6.450000000000004619e+00 3.117973915288399098e+02 1.222393751788719385e+02
6.600000000000004974e+00 3.119031457547986292e+02 1.251743845944941995e+02
6.750000000000005329e+00 3.120021600870672387e+02 1.280197685253043005e+02
6.900000000000005684e+00 3.120945488970585870e+02 1.307789277741791807e+02
7.050000000000006040e+00 3.121805261202591737e+02 1.334553455696068625e+02
7.200000000000006395e+00 3.122603651337504402e+02 1.360525694038858262e+02
7.350000000000006750e+00 3.123343889854239137e+02 1.385741908026109570e+02
7.500000000000007105e+00 3.124029884015401990e+02 1.410238279383887061e+02
7.650000000000007461e+00 3.124666836039324949e+02 1.434051141668484206e+02
7.800000000000007816e+00 3.125262739229076487e+02 1.457216825259268660e+02
7.950000000000008171e+00 3.125831766588660798e+02 1.479771490394358011e+02
8.100000000000008527e+00 3.126401830135641262e+02 1.501750937460357420e+02
8.250000000000008882e+00 3.127031363170998475e+02 1.523190228769057057e+02
8.400000000000009237e+00 3.127846523569618853e+02 1.544122969009799533e+02
8.550000000000009592e+00 3.129123740247896990e+02 1.564579853038181909e+02
8.700000000000009948e+00 3.131472668791905676e+02 1.584585479404769046e+02
8.850000000000010303e+00 3.136245482691996926e+02 1.604151637263935868e+02
9.000000000000010658e+00 3.146436725285659008e+02 1.623262017803061212e+02
9.150000000000011013e+00 3.168832765946480094e+02 1.641844290950846528e+02
9.300000000000011369e+00 3.218164141977208601e+02 1.659686975941500009e+02
9.450000000000011724e+00 3.333305974320419409e+02 1.676403786002011032e+02
9.600000000000012079e+00 3.574470714648008425e+02 1.690831322838017456e+02
9.750000000000012434e+00 4.378906482669375464e+02 1.702332665801842211e+02
9.900000000000012790e+00 5.120067406404168651e+02 1.707233369028865013e+02
1.005000000000001315e+01 7.999999802126471877e+02 1.708228163284767902e+02
1.020000000000001350e+01 7.999999802126471877e+02 1.708228163284767902e+02
1.035000000000001386e+01 7.999999802126471877e+02 1.708228163284767902e+02
1.050000000000001421e+01 7.999999802126471877e+02 1.708228163284767902e+02
1.065000000000001457e+01 7.999999802126471877e+02 1.708228163284767902e+02
1.080000000000001492e+01 7.999999802126471877e+02 1.708228163284767902e+02
1.095000000000001528e+01 7.999999802126471877e+02 1.708228163284767902e+02
1.110000000000001563e+01 7.999999802126471877e+02 1.708228163284767902e+02
1.125000000000001599e+01 7.999999802126471877e+02 1.708228163284767902e+02
1.140000000000001634e+01 7.999999802126471877e+02 1.708228163284767902e+02
1.155000000000001670e+01 7.999999802126471877e+02 1.708228163284767902e+02
1.170000000000001705e+01 7.999999802126471877e+02 1.708228163284767902e+02
1.185000000000001741e+01 7.999999802126471877e+02 1.708228163284767902e+02
1.200000000000001776e+01 7.999999802126471877e+02 1.708228163284767902e+02
1.215000000000001812e+01 7.999999802126471877e+02 1.708228163284767902e+02
1.230000000000001847e+01 7.999999802126471877e+02 1.708228163284767902e+02
1.245000000000001883e+01 7.999999802126471877e+02 1.708228163284767902e+02
1.260000000000001918e+01 7.999999802126471877e+02 1.708228163284767902e+02
1.275000000000001954e+01 7.999999802126471877e+02 1.708228163284767902e+02
1.290000000000001990e+01 7.999999802126471877e+02 1.708228163284767902e+02
1.305000000000002025e+01 7.999998917957163940e+02 1.708420891282342780e+02
1.320000000000002061e+01 7.999998917957163940e+02 1.708420891282342780e+02
1.335000000000002096e+01 7.999998917957163940e+02 1.708420891282342780e+02
1.350000000000002132e+01 7.999998917957163940e+02 1.708420891282342780e+02
1.365000000000002167e+01 7.999998917957163940e+02 1.708420891282342780e+02
1.380000000000002203e+01 7.999998917957163940e+02 1.708420891282342780e+02
1.395000000000002238e+01 7.999998917957163940e+02 1.708420891282342780e+02
1.410000000000002274e+01 7.999998917957163940e+02 1.708420891282342780e+02
1.425000000000002309e+01 7.999998917957163940e+02 1.708420891282342780e+02
1.440000000000002345e+01 7.999998917957163940e+02 1.708420891282342780e+02
1.455000000000002380e+01 7.999998917957163940e+02 1.708420891282342780e+02
1.470000000000002416e+01 7.999998917957163940e+02 1.708420891282342780e+02
1.485000000000002451e+01 7.999998917957163940e+02 1.708420891282342780e+02
1.500000000000002487e+01 7.999998917957163940e+02 1.708420891282342780e+02
1.515000000000002522e+01 7.999998917957163940e+02 1.708420891282342780e+02
1.530000000000002558e+01 7.999998917957163940e+02 1.708420891282342780e+02
1.545000000000002593e+01 7.999998917957163940e+02 1.708420891282342780e+02
1.560000000000002629e+01 7.999998917957163940e+02 1.708420891282342780e+02
1.575000000000002665e+01 7.999998917957163940e+02 1.708420891282342780e+02
1.590000000000002700e+01 7.999998917957163940e+02 1.708420891282342780e+02
