1.499999999999999944e-01 7.999986888339388997e+02 1.799996432037993941e+02
2.999999999999999889e-01 7.999986888339388997e+02 1.799996432037993941e+02
4.499999999999999556e-01 7.999986888339388997e+02 1.799996432037993941e+02
5.999999999999999778e-01 7.999986888339388997e+02 1.799996432037993941e+02
7.500000000000000000e-01 7.999986888339388997e+02 1.799996432037993941e+02
9.000000000000000222e-01 7.999986888339388997e+02 1.799996432037993941e+02
1.050000000000000044e+00 7.999986888339388997e+02 1.799996432037993941e+02
1.199999999999999956e+00 7.999986888339388997e+02 1.799996432037993941e+02
1.349999999999999867e+00 7.999986888339388997e+02 1.799996432037993941e+02
1.499999999999999778e+00 7.999986888339388997e+02 1.799996432037993941e+02
1.649999999999999689e+00 7.999986888339388997e+02 1.799996432037993941e+02
1.799999999999999600e+00 7.999986888339388997e+02 1.799996432037993941e+02
1.949999999999999512e+00 7.999986888339388997e+02 1.799996432037993941e+02
2.099999999999999645e+00 7.999996711127829485e+02 1.799996436921610723e+02
2.249999999999999556e+00 7.999996711127829485e+02 1.799996436921610723e+02
2.399999999999999467e+00 7.999996711127829485e+02 1.799996436921610723e+02
2.549999999999999378e+00 7.999996711127829485e+02 1.799996436921610723e+02
2.699999999999999289e+00 7.999996711127829485e+02 1.799996436921610723e+02
2.849999999999999201e+00 7.999996711127829485e+02 1.799996436921610723e+02
2.999999999999999112e+00 7.999996711127829485e+02 1.799996436921610723e+02
3.149999999999999023e+00 7.999996711127829485e+02 1.799996436921610723e+02
3.299999999999998934e+00 7.999996711127829485e+02 1.799996436921610723e+02
3.449999999999998845e+00 7.999996711127829485e+02 1.799996436921610723e+02
3.599999999999998757e+00 7.999996711127829485e+02 1.799996436921610723e+02
3.749999999999998668e+00 7.999996711127829485e+02 1.799996436921610723e+02
3.899999999999998579e+00 7.999996711127829485e+02 1.799996436921610723e+02
4.049999999999998934e+00 5.040807598513840162e+02 1.799996442445299181e+02
4.199999999999999289e+00 3.870782054349891155e+02 1.799996458430635755e+02
4.349999999999999645e+00 2.615811234034404151e+02 1.799996523843790328e+02
4.500000000000000000e+00 2.049825262405482533e+02 1.799996620118120347e+02
4.650000000000000355e+00 1.676926063889566763e+02 1.799996743079166208e+02
4.800000000000000711e+00 1.429347168483786845e+02 1.799996905064278110e+02
4.950000000000001066e+00 1.254034446900064808e+02 1.799997091597749943e+02
5.100000000000001421e+00 1.126070324263405524e+02 1.799997288080837166e+02
5.250000000000001776e+00 1.030373236316364256e+02 1.799997503229893425e+02
5.400000000000002132e+00 9.576168519876401319e+01 1.799997722170411691e+02
5.550000000000002487e+00 9.016589546284204459e+01 1.799997933266934353e+02
5.700000000000002842e+00 8.583022560654903543e+01 1.799998143900141088e+02
5.850000000000003197e+00 8.245886284950584866e+01 1.799998344127277790e+02
6.000000000000003553e+00 7.983866434017708968e+01 1.799998527416737772e+02
6.150000000000003908e+00 7.781375491844239889e+01 1.799998701061134341e+02
6.300000000000004263e+00 7.626933948321018875e+01 1.799998859821072301e+02
6.450000000000004619e+00 7.512109673554640210e+01 1.799999000931776720e+02
6.600000000000004974e+00 7.430811215517745438e+01 1.799999130811829957e+02
6.750000000000005329e+00 7.378815879011828827e+01 1.799999247044962658e+02
6.900000000000005684e+00 7.353461765705600328e+01 1.799999348767713911e+02
7.050000000000006040e+00 7.353461765802863681e+01 1.799999440915621847e+02
7.200000000000006395e+00 7.378815879308643844e+01 1.799999522441246427e+02
7.350000000000006750e+00 7.430811216028955357e+01 1.799999593240044078e+02
7.500000000000007105e+00 7.512109674306059048e+01 1.799999656731527296e+02
7.650000000000007461e+00 7.626933949351644060e+01 1.799999712470713860e+02
7.800000000000007816e+00 7.781375493208695104e+01 1.799999760590974347e+02
7.950000000000008171e+00 7.983866435790440619e+01 1.799999803257126985e+02
8.100000000000008527e+00 8.245886287233328460e+01 1.799999840282792718e+02
8.250000000000008882e+00 8.583022563585625164e+01 1.799999871843990888e+02
8.400000000000009237e+00 9.016589550052613333e+01 1.799999899192355599e+02
8.550000000000009592e+00 9.576168524748244693e+01 1.799999922280456701e+02
8.700000000000009948e+00 1.030373236952129048e+02 1.799999941300000046e+02
8.850000000000010303e+00 1.126070325104679739e+02 1.799999956952623847e+02
9.000000000000010658e+00 1.254034448035120874e+02 1.799999969343911062e+02
9.150000000000011013e+00 1.429347170060099188e+02 1.799999978749461320e+02
9.300000000000011369e+00 1.676926066156108845e+02 1.799999985654915236e+02
9.450000000000011724e+00 2.049825265942734802e+02 1.799999990378052814e+02
9.600000000000012079e+00 2.615811239494815936e+02 1.799999993244343841e+02
9.750000000000012434e+00 3.870782068457745595e+02 1.799999994857947740e+02
9.900000000000012790e+00 5.040807608892966414e+02 1.799999995380593418e+02
1.005000000000001315e+01 7.999996833813107742e+02 1.799999995472559533e+02
1.020000000000001350e+01 7.999996833813107742e+02 1.799999995472559533e+02
1.035000000000001386e+01 7.999996833813107742e+02 1.799999995472559533e+02
1.050000000000001421e+01 7.999996833813107742e+02 1.799999995472559533e+02
1.065000000000001457e+01 7.999996833813107742e+02 1.799999995472559533e+02
1.080000000000001492e+01 7.999996833813107742e+02 1.799999995472559533e+02
1.095000000000001528e+01 7.999996833813107742e+02 1.799999995472559533e+02
1.110000000000001563e+01 7.999996833813107742e+02 1.799999995472559533e+02
1.125000000000001599e+01 7.999996833813107742e+02 1.799999995472559533e+02
1.140000000000001634e+01 7.999996833813107742e+02 1.799999995472559533e+02
1.155000000000001670e+01 7.999996833813107742e+02 1.799999995472559533e+02
1.170000000000001705e+01 7.999996833813107742e+02 1.799999995472559533e+02
1.185000000000001741e+01 7.999996833813107742e+02 1.799999995472559533e+02
1.200000000000001776e+01 7.999996833813107742e+02 1.799999995472559533e+02
1.215000000000001812e+01 7.999996833813107742e+02 1.799999995472559533e+02
1.230000000000001847e+01 7.999996833813107742e+02 1.799999995472559533e+02
1.245000000000001883e+01 7.999996833813107742e+02 1.799999995472559533e+02
1.260000000000001918e+01 7.999996833813107742e+02 1.799999995472559533e+02
1.275000000000001954e+01 7.999996833813107742e+02 1.799999995472559533e+02
1.290000000000001990e+01 7.999996833813107742e+02 1.799999995472559533e+02
1.305000000000002025e+01 7.999987377445547736e+02 1.799999995497617817e+02
1.320000000000002061e+01 7.999987377445547736e+02 1.799999995497617817e+02
1.335000000000002096e+01 7.999987377445547736e+02 1.799999995497617817e+02
1.350000000000002132e+01 7.999987377445547736e+02 1.799999995497617817e+02
1.365000000000002167e+01 7.999987377445547736e+02 1.799999995497617817e+02
1.380000000000002203e+01 7.999987377445547736e+02 1.799999995497617817e+02
1.395000000000002238e+01 7.999987377445547736e+02 1.799999995497617817e+02
1.410000000000002274e+01 7.999987377445547736e+02 1.799999995497617817e+02
1.425000000000002309e+01 7.999987377445547736e+02 1.799999995497617817e+02
1.440000000000002345e+01 7.999987377445547736e+02 1.799999995497617817e+02
1.455000000000002380e+01 7.999987377445547736e+02 1.799999995497617817e+02
1.470000000000002416e+01 7.999987377445547736e+02 1.799999995497617817e+02
1.485000000000002451e+01 7.999987377445547736e+02 1.799999995497617817e+02
1.500000000000002487e+01 7.999987377445547736e+02 1.799999995497617817e+02
1.515000000000002522e+01 7.999987377445547736e+02 1.799999995497617817e+02
1.530000000000002558e+01 7.999987377445547736e+02 1.799999995497617817e+02
1.545000000000002593e+01 7.999987377445547736e+02 1.799999995497617817e+02
1.560000000000002629e+01 7.999987377445547736e+02 1.799999995497617817e+02
1.575000000000002665e+01 7.999987377445547736e+02 1.799999995497617817e+02
1.590000000000002700e+01 7.999987377445547736e+02 1.799999995497617817e+02
