1.499999999999999944e-01 7.996033057587717394e+02 2.554578770741500193e-11
2.999999999999999889e-01 7.996033057587717394e+02 2.554578770741500193e-11
4.499999999999999556e-01 7.996033057587717394e+02 2.554578770741500193e-11
5.999999999999999778e-01 7.996033057587717394e+02 2.554578770741500193e-11
7.500000000000000000e-01 7.996033057587717394e+02 2.554578770741500193e-11
9.000000000000000222e-01 7.996033057587717394e+02 2.554578770741500193e-11
1.050000000000000044e+00 7.996033057587717394e+02 2.554578770741500193e-11
1.199999999999999956e+00 7.996033057587717394e+02 2.554578770741500193e-11
1.349999999999999867e+00 7.996033057587717394e+02 2.554578770741500193e-11
1.499999999999999778e+00 7.996033057587717394e+02 2.554578770741500193e-11
1.649999999999999689e+00 7.996033057587717394e+02 2.554578770741500193e-11
1.799999999999999600e+00 7.996033057587717394e+02 2.554578770741500193e-11
1.949999999999999512e+00 7.996033057587717394e+02 2.554578770741500193e-11
2.099999999999999645e+00 7.997897779501854529e+02 2.564937151561252904e-11
2.249999999999999556e+00 7.997897779501854529e+02 2.564937151561252904e-11
2.399999999999999467e+00 7.997897779501854529e+02 2.564937151561252904e-11
2.549999999999999378e+00 7.997897779501854529e+02 2.564937151561252904e-11
2.699999999999999289e+00 7.997897779501854529e+02 2.564937151561252904e-11
2.849999999999999201e+00 7.997897779501854529e+02 2.564937151561252904e-11
2.999999999999999112e+00 7.997897779501854529e+02 2.564937151561252904e-11
3.149999999999999023e+00 7.997897779501854529e+02 2.564937151561252904e-11
3.299999999999998934e+00 7.997897779501854529e+02 2.564937151561252904e-11
3.449999999999998845e+00 7.997897779501854529e+02 2.564937151561252904e-11
3.599999999999998757e+00 7.997897779501854529e+02 2.564937151561252904e-11
3.749999999999998668e+00 7.997897779501854529e+02 2.564937151561252904e-11
3.899999999999998579e+00 7.997897779501854529e+02 2.564937151561252904e-11
4.049999999999998934e+00 4.332149444941644560e+02 2.567768220274047053e-11
4.199999999999999289e+00 2.029288985165691201e+02 2.565081480554454174e-11
4.349999999999999645e+00 6.497515637649706832e+01 2.564992662712484162e-11
4.500000000000000000e+00 2.382071356212101421e+01 2.585631708740265822e-11
4.650000000000000355e+00 8.237275166891635081e+00 2.596778347907502393e-11
4.800000000000000711e+00 2.837694315121410682e+00 2.681521671377140592e-11
4.950000000000001066e+00 9.076096668397326539e-01 2.974565038726950661e-11
5.100000000000001421e+00 2.255497324135831150e-01 4.234856909590689611e-11
5.250000000000001776e+00 1.649081812502117828e-02 1.799999999997942837e+02
5.400000000000002132e+00 1.022511563223815756e-01 1.799999999999882050e+02
5.550000000000002487e+00 1.326550572889573232e-01 1.799999999999965041e+02
5.700000000000002842e+00 1.434316759837201971e-01 1.799999999999983800e+02
5.850000000000003197e+00 1.472517219858673343e-01 1.799999999999978115e+02
6.000000000000003553e+00 1.486057970751062385e-01 1.799999999999952536e+02
6.150000000000003908e+00 1.490857766048065969e-01 1.799999999999867555e+02
6.300000000000004263e+00 1.492559185353456996e-01 1.799999999999629381e+02
6.450000000000004619e+00 1.493162417937128339e-01 1.799999999998954934e+02
6.600000000000004974e+00 1.493376614689623239e-01 1.799999999997056932e+02
6.750000000000005329e+00 1.493453581174435385e-01 1.799999999991704271e+02
6.900000000000005684e+00 1.493483814551836986e-01 1.799999999976588470e+02
7.050000000000006040e+00 1.493502851431003364e-01 1.799999999934034065e+02
7.200000000000006395e+00 1.493533065927294956e-01 1.799999999814125431e+02
7.350000000000006750e+00 1.493609987569470832e-01 1.799999999475478774e+02
7.500000000000007105e+00 1.493824035633224412e-01 1.799999998522209808e+02
7.650000000000007461e+00 1.494426855192614312e-01 1.799999995837545725e+02
7.800000000000007816e+00 1.496127099148907291e-01 1.799999988266573894e+02
7.950000000000008171e+00 1.500923585531381832e-01 1.799999967043062554e+02
8.100000000000008527e+00 1.514454999714871519e-01 1.799999907963469070e+02
8.250000000000008882e+00 1.552629125308158109e-01 1.799999746650460111e+02
8.400000000000009237e+00 1.660321017448040948e-01 1.799999332421034239e+02
8.550000000000009592e+00 1.964150442072423175e-01 1.799998409823070631e+02
8.700000000000009948e+00 2.821162610468945786e-01 1.799996875904739113e+02
8.850000000000010303e+00 5.239900447123773120e-01 1.799995259296134691e+02
9.000000000000010658e+00 1.205579920629077151e+00 1.799994197644696214e+02
9.150000000000011013e+00 3.134339487676172098e+00 1.799993690700094930e+02
9.300000000000011369e+00 8.530207895105334615e+00 1.799993498536708501e+02
9.450000000000011724e+00 2.410324168530689093e+01 1.799993431724844015e+02
9.600000000000012079e+00 6.522987824618715536e+01 1.799993402991076721e+02
9.750000000000012434e+00 2.031096771833122148e+02 1.799993401854368926e+02
9.900000000000012790e+00 4.332611600256019528e+02 1.799993404450887624e+02
1.005000000000001315e+01 7.997885304673776545e+02 1.799993402874434025e+02
1.020000000000001350e+01 7.997885304673776545e+02 1.799993402874434025e+02
1.035000000000001386e+01 7.997885304673776545e+02 1.799993402874434025e+02
1.050000000000001421e+01 7.997885304673776545e+02 1.799993402874434025e+02
1.065000000000001457e+01 7.997885304673776545e+02 1.799993402874434025e+02
1.080000000000001492e+01 7.997885304673776545e+02 1.799993402874434025e+02
1.095000000000001528e+01 7.997885304673776545e+02 1.799993402874434025e+02
1.110000000000001563e+01 7.997885304673776545e+02 1.799993402874434025e+02
1.125000000000001599e+01 7.997885304673776545e+02 1.799993402874434025e+02
1.140000000000001634e+01 7.997885304673776545e+02 1.799993402874434025e+02
1.155000000000001670e+01 7.997885304673776545e+02 1.799993402874434025e+02
1.170000000000001705e+01 7.997885304673776545e+02 1.799993402874434025e+02
1.185000000000001741e+01 7.997885304673776545e+02 1.799993402874434025e+02
1.200000000000001776e+01 7.997885304673776545e+02 1.799993402874434025e+02
1.215000000000001812e+01 7.997885304673776545e+02 1.799993402874434025e+02
1.230000000000001847e+01 7.997885304673776545e+02 1.799993402874434025e+02
1.245000000000001883e+01 7.997885304673776545e+02 1.799993402874434025e+02
1.260000000000001918e+01 7.997885304673776545e+02 1.799993402874434025e+02
1.275000000000001954e+01 7.997885304673776545e+02 1.799993402874434025e+02
1.290000000000001990e+01 7.997885304673776545e+02 1.799993402874434025e+02
1.305000000000002025e+01 7.996009018440133786e+02 1.799993408448817149e+02
1.320000000000002061e+01 7.996009018440133786e+02 1.799993408448817149e+02
1.335000000000002096e+01 7.996009018440133786e+02 1.799993408448817149e+02
1.350000000000002132e+01 7.996009018440133786e+02 1.799993408448817149e+02
1.365000000000002167e+01 7.996009018440133786e+02 1.799993408448817149e+02
1.380000000000002203e+01 7.996009018440133786e+02 1.799993408448817149e+02
1.395000000000002238e+01 7.996009018440133786e+02 1.799993408448817149e+02
1.410000000000002274e+01 7.996009018440133786e+02 1.799993408448817149e+02
1.425000000000002309e+01 7.996009018440133786e+02 1.799993408448817149e+02
1.440000000000002345e+01 7.996009018440133786e+02 1.799993408448817149e+02
1.455000000000002380e+01 7.996009018440133786e+02 1.799993408448817149e+02
1.470000000000002416e+01 7.996009018440133786e+02 1.799993408448817149e+02
1.485000000000002451e+01 7.996009018440133786e+02 1.799993408448817149e+02
1.500000000000002487e+01 7.996009018440133786e+02 1.799993408448817149e+02
1.515000000000002522e+01 7.996009018440133786e+02 1.799993408448817149e+02
1.530000000000002558e+01 7.996009018440133786e+02 1.799993408448817149e+02
1.545000000000002593e+01 7.996009018440133786e+02 1.799993408448817149e+02
1.560000000000002629e+01 7.996009018440133786e+02 1.799993408448817149e+02
1.575000000000002665e+01 7.996009018440133786e+02 1.799993408448817149e+02
1.590000000000002700e+01 7.996009018440133786e+02 1.799993408448817149e+02
