1.499999999999999944e-01 7.998808481253092850e+02 1.183186881803521828e-11
2.999999999999999889e-01 7.998808481253092850e+02 1.183186881803521828e-11
4.499999999999999556e-01 7.998808481253092850e+02 1.183186881803521828e-11
5.999999999999999778e-01 7.998808481253092850e+02 1.183186881803521828e-11
7.500000000000000000e-01 7.998808481253092850e+02 1.183186881803521828e-11
9.000000000000000222e-01 7.998808481253092850e+02 1.183186881803521828e-11
1.050000000000000044e+00 7.998808481253092850e+02 1.183186881803521828e-11
1.199999999999999956e+00 7.998808481253092850e+02 1.183186881803521828e-11
1.349999999999999867e+00 7.998808481253092850e+02 1.183186881803521828e-11
1.499999999999999778e+00 7.998808481253092850e+02 1.183186881803521828e-11
1.649999999999999689e+00 7.998808481253092850e+02 1.183186881803521828e-11
1.799999999999999600e+00 7.998808481253092850e+02 1.183186881803521828e-11
1.949999999999999512e+00 7.998808481253092850e+02 1.183186881803521828e-11
2.099999999999999645e+00 7.999459054371557158e+02 1.185707088069420934e-11
2.249999999999999556e+00 7.999459054371557158e+02 1.185707088069420934e-11
2.399999999999999467e+00 7.999459054371557158e+02 1.185707088069420934e-11
2.549999999999999378e+00 7.999459054371557158e+02 1.185707088069420934e-11
2.699999999999999289e+00 7.999459054371557158e+02 1.185707088069420934e-11
2.849999999999999201e+00 7.999459054371557158e+02 1.185707088069420934e-11
2.999999999999999112e+00 7.999459054371557158e+02 1.185707088069420934e-11
3.149999999999999023e+00 7.999459054371557158e+02 1.185707088069420934e-11
3.299999999999998934e+00 7.999459054371557158e+02 1.185707088069420934e-11
3.449999999999998845e+00 7.999459054371557158e+02 1.185707088069420934e-11
3.599999999999998757e+00 7.999459054371557158e+02 1.185707088069420934e-11
3.749999999999998668e+00 7.999459054371557158e+02 1.185707088069420934e-11
3.899999999999998579e+00 7.999459054371557158e+02 1.185707088069420934e-11
4.049999999999998934e+00 4.590631499398393771e+02 1.182109965469635426e-11
4.199999999999999289e+00 2.442270318039078063e+02 1.194566667805929683e-11
4.349999999999999645e+00 9.195547275250933694e+01 1.194710996799130953e-11
4.500000000000000000e+00 3.909730173790629237e+01 1.193400933630073268e-11
4.650000000000000355e+00 1.601710072485855108e+01 1.198618981845811504e-11
4.800000000000000711e+00 6.665355930721325706e+00 1.186883924475523600e-11
4.950000000000001066e+00 2.783444798482804572e+00 1.202016264301164483e-11
5.100000000000001421e+00 1.184734701470006257e+00 1.261002413599499050e-11
5.250000000000001776e+00 5.246025849752413706e-01 1.734412613529912051e-11
5.400000000000002132e+00 2.522581611656278255e-01 4.183675628155469894e-11
5.550000000000002487e+00 1.398676854469158570e-01 1.491547996224085182e-10
5.700000000000002842e+00 9.349098211714590434e-02 5.201797881326797324e-10
5.850000000000003197e+00 7.435356009591487236e-02 1.573664532017460260e-09
6.000000000000003553e+00 6.645657454100728501e-02 4.262542652178069602e-09
6.150000000000003908e+00 6.319795692888874328e-02 1.085636158748570779e-08
6.300000000000004263e+00 6.185345291032717796e-02 2.687045452809400103e-08
6.450000000000004619e+00 6.129903130022285040e-02 6.571017652223787309e-08
6.600000000000004974e+00 6.107118775344133610e-02 1.597789481833089553e-07
6.750000000000005329e+00 6.097944207976979669e-02 3.876520699996888197e-07
6.900000000000005684e+00 6.094709307399170939e-02 9.399905973594968600e-07
7.050000000000006040e+00 6.094709212993620895e-02 2.277157300611953872e-06
7.200000000000006395e+00 6.097944255179754691e-02 5.513560051295662845e-06
7.350000000000006750e+00 6.107118916952458676e-02 1.334228574789708688e-05
7.500000000000007105e+00 6.129903177225060062e-02 3.220197807041191851e-05
7.650000000000007461e+00 6.185345149424392730e-02 7.731108647301976333e-05
7.800000000000007816e+00 6.319795598483324284e-02 1.833807451864233329e-04
7.950000000000008171e+00 6.645657265289628413e-02 4.224627710661676971e-04
8.100000000000008527e+00 7.435355443158186972e-02 9.147323094331749616e-04
8.250000000000008882e+00 9.349096701225789730e-02 1.763103180396630165e-03
8.400000000000009237e+00 1.398676493367929652e-01 2.854946342066844167e-03
8.550000000000009592e+00 2.522580733684662846e-01 3.834819346334117363e-03
8.700000000000009948e+00 5.246023727987676466e-01 4.468842518889681870e-03
8.850000000000010303e+00 1.184734187490789736e+00 4.794263083717664742e-03
9.000000000000010658e+00 2.783443554335661929e+00 4.941799841015281913e-03
9.150000000000011013e+00 6.665352907781858960e+00 5.006543677204100540e-03
9.300000000000011369e+00 1.601709345836748355e+01 5.031782854039268393e-03
9.450000000000011724e+00 3.909728368285406219e+01 5.041323393974228573e-03
9.600000000000012079e+00 9.195543225341434379e+01 5.046332588901303318e-03
9.750000000000012434e+00 2.442269074702784621e+02 5.046375300795991059e-03
9.900000000000012790e+00 4.590630073429280742e+02 5.045790928362992034e-03
1.005000000000001315e+01 7.999451616627445674e+02 5.046116410727385926e-03
1.020000000000001350e+01 7.999451616627445674e+02 5.046116410727385926e-03
1.035000000000001386e+01 7.999451616627445674e+02 5.046116410727385926e-03
1.050000000000001421e+01 7.999451616627445674e+02 5.046116410727385926e-03
1.065000000000001457e+01 7.999451616627445674e+02 5.046116410727385926e-03
1.080000000000001492e+01 7.999451616627445674e+02 5.046116410727385926e-03
1.095000000000001528e+01 7.999451616627445674e+02 5.046116410727385926e-03
1.110000000000001563e+01 7.999451616627445674e+02 5.046116410727385926e-03
1.125000000000001599e+01 7.999451616627445674e+02 5.046116410727385926e-03
1.140000000000001634e+01 7.999451616627445674e+02 5.046116410727385926e-03
1.155000000000001670e+01 7.999451616627445674e+02 5.046116410727385926e-03
1.170000000000001705e+01 7.999451616627445674e+02 5.046116410727385926e-03
1.185000000000001741e+01 7.999451616627445674e+02 5.046116410727385926e-03
1.200000000000001776e+01 7.999451616627445674e+02 5.046116410727385926e-03
1.215000000000001812e+01 7.999451616627445674e+02 5.046116410727385926e-03
1.230000000000001847e+01 7.999451616627445674e+02 5.046116410727385926e-03
1.245000000000001883e+01 7.999451616627445674e+02 5.046116410727385926e-03
1.260000000000001918e+01 7.999451616627445674e+02 5.046116410727385926e-03
1.275000000000001954e+01 7.999451616627445674e+02 5.046116410727385926e-03
1.290000000000001990e+01 7.999451616627445674e+02 5.046116410727385926e-03
1.305000000000002025e+01 7.998792098286235159e+02 5.044927859959913441e-03
1.320000000000002061e+01 7.998792098286235159e+02 5.044927859959913441e-03
1.335000000000002096e+01 7.998792098286235159e+02 5.044927859959913441e-03
1.350000000000002132e+01 7.998792098286235159e+02 5.044927859959913441e-03
1.365000000000002167e+01 7.998792098286235159e+02 5.044927859959913441e-03
1.380000000000002203e+01 7.998792098286235159e+02 5.044927859959913441e-03
1.395000000000002238e+01 7.998792098286235159e+02 5.044927859959913441e-03
1.410000000000002274e+01 7.998792098286235159e+02 5.044927859959913441e-03
1.425000000000002309e+01 7.998792098286235159e+02 5.044927859959913441e-03
1.440000000000002345e+01 7.998792098286235159e+02 5.044927859959913441e-03
1.455000000000002380e+01 7.998792098286235159e+02 5.044927859959913441e-03
1.470000000000002416e+01 7.998792098286235159e+02 5.044927859959913441e-03
1.485000000000002451e+01 7.998792098286235159e+02 5.044927859959913441e-03
1.500000000000002487e+01 7.998792098286235159e+02 5.044927859959913441e-03
1.515000000000002522e+01 7.998792098286235159e+02 5.044927859959913441e-03
1.530000000000002558e+01 7.998792098286235159e+02 5.044927859959913441e-03
1.545000000000002593e+01 7.998792098286235159e+02 5.044927859959913441e-03
1.560000000000002629e+01 7.998792098286235159e+02 5.044927859959913441e-03
1.575000000000002665e+01 7.998792098286235159e+02 5.044927859959913441e-03
1.590000000000002700e+01 7.998792098286235159e+02 5.044927859959913441e-03
