1.499999999999999944e-01 7.999992549471128314e+02 1.586567107436653856e-05
2.999999999999999889e-01 7.999992549471128314e+02 1.586567107436653856e-05
4.499999999999999556e-01 7.999992549471128314e+02 1.586567107436653856e-05
5.999999999999999778e-01 7.999992549471128314e+02 1.586567107436653856e-05
7.500000000000000000e-01 7.999992549471128314e+02 1.586567107436653856e-05
9.000000000000000222e-01 7.999992549471128314e+02 1.586567107436653856e-05
1.050000000000000044e+00 7.999992549471128314e+02 1.586567107436653856e-05
1.199999999999999956e+00 7.999992549471128314e+02 1.586567107436653856e-05
1.349999999999999867e+00 7.999992549471128314e+02 1.586567107436653856e-05
1.499999999999999778e+00 7.999992549471128314e+02 1.586567107436653856e-05
1.649999999999999689e+00 7.999992549471128314e+02 1.586567107436653856e-05
1.799999999999999600e+00 7.999992549471128314e+02 1.586567107436653856e-05
1.949999999999999512e+00 7.999992549471128314e+02 1.586567107436653856e-05
2.099999999999999645e+00 7.999998258338835058e+02 1.587685913362335555e-05
2.249999999999999556e+00 7.999998258338835058e+02 1.587685913362335555e-05
2.399999999999999467e+00 7.999998258338835058e+02 1.587685913362335555e-05
2.549999999999999378e+00 7.999998258338835058e+02 1.587685913362335555e-05
2.699999999999999289e+00 7.999998258338835058e+02 1.587685913362335555e-05
2.849999999999999201e+00 7.999998258338835058e+02 1.587685913362335555e-05
2.999999999999999112e+00 7.999998258338835058e+02 1.587685913362335555e-05
3.149999999999999023e+00 7.999998258338835058e+02 1.587685913362335555e-05
3.299999999999998934e+00 7.999998258338835058e+02 1.587685913362335555e-05
3.449999999999998845e+00 7.999998258338835058e+02 1.587685913362335555e-05
3.599999999999998757e+00 7.999998258338835058e+02 1.587685913362335555e-05
3.749999999999998668e+00 7.999998258338835058e+02 1.587685913362335555e-05
3.899999999999998579e+00 7.999998258338835058e+02 1.587685913362335555e-05
4.049999999999998934e+00 5.063697594930437731e+02 1.603308266528991055e-05
4.199999999999999289e+00 4.004424703617184491e+02 1.686292553237933589e-05
4.349999999999999645e+00 2.864100254301463337e+02 1.907353053376414920e-05
4.500000000000000000e+00 2.390035821419957358e+02 2.254325086670228018e-05
4.650000000000000355e+00 2.097753874962714917e+02 2.751080363816438279e-05
4.800000000000000711e+00 1.920044390347676142e+02 3.361293778281204681e-05
4.950000000000001066e+00 1.805399617263214225e+02 4.072635351282105631e-05
5.100000000000001421e+00 1.729829183788598925e+02 4.877139340142555568e-05
5.250000000000001776e+00 1.679103374260584189e+02 5.730755049526692346e-05
5.400000000000002132e+00 1.644671070015280918e+02 6.629765522470076888e-05
5.550000000000002487e+00 1.621118534613122790e+02 7.584012734318523741e-05
5.700000000000002842e+00 1.604928160333752487e+02 8.544320186798515238e-05
5.850000000000003197e+00 1.593766629098426222e+02 9.523381436382649667e-05
6.000000000000003553e+00 1.586065290667757495e+02 1.054687935846398972e-04
6.150000000000003908e+00 1.580760608977864763e+02 1.155460854541656701e-04
6.300000000000004263e+00 1.577128910933413124e+02 1.257180340249464123e-04
6.450000000000004619e+00 1.574678919824588945e+02 1.363605252776567411e-04
6.600000000000004974e+00 1.573081121293156741e+02 1.467183559419327210e-04
6.750000000000005329e+00 1.572121444005756814e+02 1.571463835208231075e-04
6.900000000000005684e+00 1.571671624674509644e+02 1.681213537325643159e-04
7.050000000000006040e+00 1.571671624674069392e+02 1.787142623093096461e-04
7.200000000000006395e+00 1.572121444004376372e+02 1.893732037991924244e-04
7.350000000000006750e+00 1.573081121290667568e+02 2.006683859026026084e-04
7.500000000000007105e+00 1.574678919820680107e+02 2.114840361395753376e-04
7.650000000000007461e+00 1.577128910927577294e+02 2.223554184237475084e-04
7.800000000000007816e+00 1.580760608969341661e+02 2.339389553445148096e-04
7.950000000000008171e+00 1.586065290655417357e+02 2.449163535892528998e-04
8.100000000000008527e+00 1.593766629080614621e+02 2.558971286473754603e-04
8.250000000000008882e+00 1.604928160308046756e+02 2.676046408934817933e-04
8.400000000000009237e+00 1.621118534575916215e+02 2.784872531121918016e-04
8.550000000000009592e+00 1.644671069961191279e+02 2.891926067047911886e-04
8.700000000000009948e+00 1.679103374181418076e+02 3.004590091715275690e-04
8.850000000000010303e+00 1.729829183671603801e+02 3.104415214559841374e-04
9.000000000000010658e+00 1.805399617087913953e+02 3.197527216227680213e-04
9.150000000000011013e+00 1.920044390079074503e+02 3.290646912037509253e-04
9.300000000000011369e+00 2.097753874540689196e+02 3.362089280974922545e-04
9.450000000000011724e+00 2.390035820703876368e+02 3.418095525457021111e-04
9.600000000000012079e+00 2.864100253128888198e+02 3.465548251698757909e-04
9.750000000000012434e+00 4.004424700351339652e+02 3.485422474615029742e-04
9.900000000000012790e+00 5.063697592555895426e+02 3.489596722339172175e-04
1.005000000000001315e+01 7.999998227309123422e+02 3.492308066580518400e-04
1.020000000000001350e+01 7.999998227309123422e+02 3.492308066580518400e-04
1.035000000000001386e+01 7.999998227309123422e+02 3.492308066580518400e-04
1.050000000000001421e+01 7.999998227309123422e+02 3.492308066580518400e-04
1.065000000000001457e+01 7.999998227309123422e+02 3.492308066580518400e-04
1.080000000000001492e+01 7.999998227309123422e+02 3.492308066580518400e-04
1.095000000000001528e+01 7.999998227309123422e+02 3.492308066580518400e-04
1.110000000000001563e+01 7.999998227309123422e+02 3.492308066580518400e-04
1.125000000000001599e+01 7.999998227309123422e+02 3.492308066580518400e-04
1.140000000000001634e+01 7.999998227309123422e+02 3.492308066580518400e-04
1.155000000000001670e+01 7.999998227309123422e+02 3.492308066580518400e-04
1.170000000000001705e+01 7.999998227309123422e+02 3.492308066580518400e-04
1.185000000000001741e+01 7.999998227309123422e+02 3.492308066580518400e-04
1.200000000000001776e+01 7.999998227309123422e+02 3.492308066580518400e-04
1.215000000000001812e+01 7.999998227309123422e+02 3.492308066580518400e-04
1.230000000000001847e+01 7.999998227309123422e+02 3.492308066580518400e-04
1.245000000000001883e+01 7.999998227309123422e+02 3.492308066580518400e-04
1.260000000000001918e+01 7.999998227309123422e+02 3.492308066580518400e-04
1.275000000000001954e+01 7.999998227309123422e+02 3.492308066580518400e-04
1.290000000000001990e+01 7.999998227309123422e+02 3.492308066580518400e-04
1.305000000000002025e+01 7.999992416731338380e+02 3.486804386038100390e-04
1.320000000000002061e+01 7.999992416731338380e+02 3.486804386038100390e-04
1.335000000000002096e+01 7.999992416731338380e+02 3.486804386038100390e-04
1.350000000000002132e+01 7.999992416731338380e+02 3.486804386038100390e-04
1.365000000000002167e+01 7.999992416731338380e+02 3.486804386038100390e-04
1.380000000000002203e+01 7.999992416731338380e+02 3.486804386038100390e-04
1.395000000000002238e+01 7.999992416731338380e+02 3.486804386038100390e-04
1.410000000000002274e+01 7.999992416731338380e+02 3.486804386038100390e-04
1.425000000000002309e+01 7.999992416731338380e+02 3.486804386038100390e-04
1.440000000000002345e+01 7.999992416731338380e+02 3.486804386038100390e-04
1.455000000000002380e+01 7.999992416731338380e+02 3.486804386038100390e-04
1.470000000000002416e+01 7.999992416731338380e+02 3.486804386038100390e-04
1.485000000000002451e+01 7.999992416731338380e+02 3.486804386038100390e-04
1.500000000000002487e+01 7.999992416731338380e+02 3.486804386038100390e-04
1.515000000000002522e+01 7.999992416731338380e+02 3.486804386038100390e-04
1.530000000000002558e+01 7.999992416731338380e+02 3.486804386038100390e-04
1.545000000000002593e+01 7.999992416731338380e+02 3.486804386038100390e-04
1.560000000000002629e+01 7.999992416731338380e+02 3.486804386038100390e-04
1.575000000000002665e+01 7.999992416731338380e+02 3.486804386038100390e-04
1.590000000000002700e+01 7.999992416731338380e+02 3.486804386038100390e-04
