1.499999999999999944e-01 7.999921145460949674e+02 7.677005697814820451e-10
2.999999999999999889e-01 7.999921145460949674e+02 7.677005697814820451e-10
4.499999999999999556e-01 7.999921145460949674e+02 7.677005697814820451e-10
5.999999999999999778e-01 7.999921145460949674e+02 7.677005697814820451e-10
7.500000000000000000e-01 7.999921145460949674e+02 7.677005697814820451e-10
9.000000000000000222e-01 7.999921145460949674e+02 7.677005697814820451e-10
1.050000000000000044e+00 7.999921145460949674e+02 7.677005697814820451e-10
1.199999999999999956e+00 7.999921145460949674e+02 7.677005697814820451e-10
1.349999999999999867e+00 7.999921145460949674e+02 7.677005697814820451e-10
1.499999999999999778e+00 7.999921145460949674e+02 7.677005697814820451e-10
1.649999999999999689e+00 7.999921145460949674e+02 7.677005697814820451e-10
1.799999999999999600e+00 7.999921145460949674e+02 7.677005697814820451e-10
1.949999999999999512e+00 7.999921145460949674e+02 7.677005697814820451e-10
2.099999999999999645e+00 7.999974893984765458e+02 7.656451028736910303e-10
2.249999999999999556e+00 7.999974893984765458e+02 7.656451028736910303e-10
2.399999999999999467e+00 7.999974893984765458e+02 7.656451028736910303e-10
2.549999999999999378e+00 7.999974893984765458e+02 7.656451028736910303e-10
2.699999999999999289e+00 7.999974893984765458e+02 7.656451028736910303e-10
2.849999999999999201e+00 7.999974893984765458e+02 7.656451028736910303e-10
2.999999999999999112e+00 7.999974893984765458e+02 7.656451028736910303e-10
3.149999999999999023e+00 7.999974893984765458e+02 7.656451028736910303e-10
3.299999999999998934e+00 7.999974893984765458e+02 7.656451028736910303e-10
3.449999999999998845e+00 7.999974893984765458e+02 7.656451028736910303e-10
3.599999999999998757e+00 7.999974893984765458e+02 7.656451028736910303e-10
3.749999999999998668e+00 7.999974893984765458e+02 7.656451028736910303e-10
3.899999999999998579e+00 7.999974893984765458e+02 7.656451028736910303e-10
4.049999999999998934e+00 4.927655459215857832e+02 7.665631462927535722e-10
4.199999999999999289e+00 3.334932422110347829e+02 7.719780370507578482e-10
4.349999999999999645e+00 1.778589344442075060e+02 7.729802353750869770e-10
4.500000000000000000e+00 1.061817923317717458e+02 7.762052112170181317e-10
4.650000000000000355e+00 6.298254692954942158e+01 7.926140854763730204e-10
4.800000000000000711e+00 3.794892149208939003e+01 8.306800802770908376e-10
4.950000000000001066e+00 2.313076298091303329e+01 9.474011575250074202e-10
5.100000000000001421e+00 1.436859470622143675e+01 1.288823270328975923e-09
5.250000000000001776e+00 9.177905875717236484e+00 2.192497849939911703e-09
5.400000000000002132e+00 6.102539646312401089e+00 4.472780257280817295e-09
5.550000000000002487e+00 4.280112013636923507e+00 9.850627313845450317e-09
5.700000000000002842e+00 3.200147339603802266e+00 2.142481159150833037e-08
5.850000000000003197e+00 2.560206215449767342e+00 4.448392121325639437e-08
6.000000000000003553e+00 2.181104863185709064e+00 8.770916037903475626e-08
6.150000000000003908e+00 1.956701224357260571e+00 1.641114431016887920e-07
6.300000000000004263e+00 1.824168236733953563e+00 2.957785417700975472e-07
6.450000000000004619e+00 1.746400840178949920e+00 5.210745029904373382e-07
6.600000000000004974e+00 1.701626833423972585e+00 8.989807881443212523e-07
6.750000000000005329e+00 1.677311101345338784e+00 1.533171677836620006e-06
6.900000000000005684e+00 1.666646132672411795e+00 2.602860036837739699e-06
7.050000000000006040e+00 1.666646132539653991e+00 4.375717634563791592e-06
7.200000000000006395e+00 1.677311100991317971e+00 7.309343064920703625e-06
7.350000000000006750e+00 1.701626832642176623e+00 1.215404477905579483e-05
7.500000000000007105e+00 1.746400838866122740e+00 1.990861105960473054e-05
7.650000000000007461e+00 1.824168234432818281e+00 3.204202078455065106e-05
7.800000000000007816e+00 1.956701220492533366e+00 5.039111869409307332e-05
7.950000000000008171e+00 2.181104856651074897e+00 7.599805501690148901e-05
8.100000000000008527e+00 2.560206204357115212e+00 1.088441971777154293e-04
8.250000000000008882e+00 3.200147320936579831e+00 1.468948020294513768e-04
8.400000000000009237e+00 4.280111982121695746e+00 1.846402365408561508e-04
8.550000000000009592e+00 6.102539593109710836e+00 2.177118435880975866e-04
8.700000000000009948e+00 9.177905785958209606e+00 2.442105767402891203e-04
8.850000000000010303e+00 1.436859455471527980e+01 2.622735205423110116e-04
9.000000000000010658e+00 2.313076272512100928e+01 2.739578976501677587e-04
9.150000000000011013e+00 3.794892105903527124e+01 2.819771006418170245e-04
9.300000000000011369e+00 6.298254619748139760e+01 2.859281101672550562e-04
9.450000000000011724e+00 1.061817910541643357e+02 2.878928012312043094e-04
9.600000000000012079e+00 1.778589323418260904e+02 2.896165351015111966e-04
9.750000000000012434e+00 3.334932370969214048e+02 2.895290796760541241e-04
9.900000000000012790e+00 4.927655417831696809e+02 2.892275667337740330e-04
1.005000000000001315e+01 7.999974547002489089e+02 2.893711562816925209e-04
1.020000000000001350e+01 7.999974547002489089e+02 2.893711562816925209e-04
1.035000000000001386e+01 7.999974547002489089e+02 2.893711562816925209e-04
1.050000000000001421e+01 7.999974547002489089e+02 2.893711562816925209e-04
1.065000000000001457e+01 7.999974547002489089e+02 2.893711562816925209e-04
1.080000000000001492e+01 7.999974547002489089e+02 2.893711562816925209e-04
1.095000000000001528e+01 7.999974547002489089e+02 2.893711562816925209e-04
1.110000000000001563e+01 7.999974547002489089e+02 2.893711562816925209e-04
1.125000000000001599e+01 7.999974547002489089e+02 2.893711562816925209e-04
1.140000000000001634e+01 7.999974547002489089e+02 2.893711562816925209e-04
1.155000000000001670e+01 7.999974547002489089e+02 2.893711562816925209e-04
1.170000000000001705e+01 7.999974547002489089e+02 2.893711562816925209e-04
1.185000000000001741e+01 7.999974547002489089e+02 2.893711562816925209e-04
1.200000000000001776e+01 7.999974547002489089e+02 2.893711562816925209e-04
1.215000000000001812e+01 7.999974547002489089e+02 2.893711562816925209e-04
1.230000000000001847e+01 7.999974547002489089e+02 2.893711562816925209e-04
1.245000000000001883e+01 7.999974547002489089e+02 2.893711562816925209e-04
1.260000000000001918e+01 7.999974547002489089e+02 2.893711562816925209e-04
1.275000000000001954e+01 7.999974547002489089e+02 2.893711562816925209e-04
1.290000000000001990e+01 7.999974547002489089e+02 2.893711562816925209e-04
1.305000000000002025e+01 7.999920055637093128e+02 2.888015028327250988e-04
1.320000000000002061e+01 7.999920055637093128e+02 2.888015028327250988e-04
1.335000000000002096e+01 7.999920055637093128e+02 2.888015028327250988e-04
1.350000000000002132e+01 7.999920055637093128e+02 2.888015028327250988e-04
1.365000000000002167e+01 7.999920055637093128e+02 2.888015028327250988e-04
1.380000000000002203e+01 7.999920055637093128e+02 2.888015028327250988e-04
1.395000000000002238e+01 7.999920055637093128e+02 2.888015028327250988e-04
1.410000000000002274e+01 7.999920055637093128e+02 2.888015028327250988e-04
1.425000000000002309e+01 7.999920055637093128e+02 2.888015028327250988e-04
1.440000000000002345e+01 7.999920055637093128e+02 2.888015028327250988e-04
1.455000000000002380e+01 7.999920055637093128e+02 2.888015028327250988e-04
1.470000000000002416e+01 7.999920055637093128e+02 2.888015028327250988e-04
1.485000000000002451e+01 7.999920055637093128e+02 2.888015028327250988e-04
1.500000000000002487e+01 7.999920055637093128e+02 2.888015028327250988e-04
1.515000000000002522e+01 7.999920055637093128e+02 2.888015028327250988e-04
1.530000000000002558e+01 7.999920055637093128e+02 2.888015028327250988e-04
1.545000000000002593e+01 7.999920055637093128e+02 2.888015028327250988e-04
1.560000000000002629e+01 7.999920055637093128e+02 2.888015028327250988e-04
1.575000000000002665e+01 7.999920055637093128e+02 2.888015028327250988e-04
1.590000000000002700e+01 7.999920055637093128e+02 2.888015028327250988e-04
