1.499999999999999944e-01 7.996688745516399877e+02 1.343081201810036873e-11
2.999999999999999889e-01 7.996688745516399877e+02 1.343081201810036873e-11
4.499999999999999556e-01 7.996688745516399877e+02 1.343081201810036873e-11
5.999999999999999778e-01 7.996688745516399877e+02 1.343081201810036873e-11
7.500000000000000000e-01 7.996688745516399877e+02 1.343081201810036873e-11
9.000000000000000222e-01 7.996688745516399877e+02 1.343081201810036873e-11
1.050000000000000044e+00 7.996688745516399877e+02 1.343081201810036873e-11
1.199999999999999956e+00 7.996688745516399877e+02 1.343081201810036873e-11
1.349999999999999867e+00 7.996688745516399877e+02 1.343081201810036873e-11
1.499999999999999778e+00 7.996688745516399877e+02 1.343081201810036873e-11
1.649999999999999689e+00 7.996688745516399877e+02 1.343081201810036873e-11
1.799999999999999600e+00 7.996688745516399877e+02 1.343081201810036873e-11
1.949999999999999512e+00 7.996688745516399877e+02 1.343081201810036873e-11
2.099999999999999645e+00 7.998284650751348863e+02 1.356648127170956286e-11
2.249999999999999556e+00 7.998284650751348863e+02 1.356648127170956286e-11
2.399999999999999467e+00 7.998284650751348863e+02 1.356648127170956286e-11
2.549999999999999378e+00 7.998284650751348863e+02 1.356648127170956286e-11
2.699999999999999289e+00 7.998284650751348863e+02 1.356648127170956286e-11
2.849999999999999201e+00 7.998284650751348863e+02 1.356648127170956286e-11
2.999999999999999112e+00 7.998284650751348863e+02 1.356648127170956286e-11
3.149999999999999023e+00 7.998284650751348863e+02 1.356648127170956286e-11
3.299999999999998934e+00 7.998284650751348863e+02 1.356648127170956286e-11
3.449999999999998845e+00 7.998284650751348863e+02 1.356648127170956286e-11
3.599999999999998757e+00 7.998284650751348863e+02 1.356648127170956286e-11
3.749999999999998668e+00 7.998284650751348863e+02 1.356648127170956286e-11
3.899999999999998579e+00 7.998284650751348863e+02 1.356648127170956286e-11
4.049999999999998934e+00 4.376309290911577818e+02 1.355726642060517406e-11
4.199999999999999289e+00 2.091457389955155577e+02 1.350863865212659221e-11
4.349999999999999645e+00 6.875479745787437480e+01 1.342304045692799264e-11
4.500000000000000000e+00 2.589492041239596531e+01 1.329847343356505007e-11
4.650000000000000355e+00 9.317983089720769385e+00 1.330702215085466378e-11
4.800000000000000711e+00 3.437948357172004421e+00 1.318356535051634637e-11
4.950000000000001066e+00 1.288813789060839099e+00 1.275235472775193557e-11
5.100000000000001421e+00 5.117749368487238826e-01 1.142719252555934872e-11
5.250000000000001776e+00 2.297296626391016616e-01 9.330314298949815566e-12
5.400000000000002132e+00 1.274987332958517072e-01 6.402545160710815253e-12
5.550000000000002487e+00 9.042495017502005794e-02 4.607647596799324674e-12
5.700000000000002842e+00 7.698270840592158493e-02 6.291522858248299599e-12
5.850000000000003197e+00 7.210848613340203883e-02 1.475497501957079294e-11
6.000000000000003553e+00 7.034111275061150081e-02 4.056266433849486930e-11
6.150000000000003908e+00 6.970026852377486648e-02 1.130056048737060337e-10
6.300000000000004263e+00 6.946790672736824490e-02 3.122495595420105019e-10
6.450000000000004619e+00 6.938367431939695962e-02 8.617567770485834444e-10
6.600000000000004974e+00 6.935319312742649345e-02 2.376759900002411996e-09
6.750000000000005329e+00 6.934230627939541591e-02 6.552082765232114525e-09
6.900000000000005684e+00 6.933881799432128901e-02 1.807291150068834895e-08
7.050000000000006040e+00 6.933881799432128901e-02 4.981689682992396229e-08
7.200000000000006395e+00 6.934230675142316613e-02 1.373103024615573986e-07
7.350000000000006750e+00 6.935319312742649345e-02 3.786791996640559432e-07
7.500000000000007105e+00 6.938367479142470984e-02 1.043346311124793147e-06
7.650000000000007461e+00 6.946790719939599512e-02 2.872430559186511800e-06
7.800000000000007816e+00 6.970026805174711626e-02 7.896521127204181312e-06
7.950000000000008171e+00 7.034111227858375059e-02 2.156796114227699235e-05
8.100000000000008527e+00 7.210848282920778729e-02 5.799349534729714151e-05
8.250000000000008882e+00 7.698269707725557964e-02 1.498340956995747320e-04
8.400000000000009237e+00 9.042491878517466830e-02 3.516083925785284947e-04
8.550000000000009592e+00 1.274986478588289174e-01 6.873873672663677326e-04
8.700000000000009948e+00 2.297294270972543018e-01 1.052189921711854659e-03
8.850000000000010303e+00 5.117742865714944855e-01 1.302181427992210594e-03
9.000000000000010658e+00 1.288811998276059967e+00 1.424476359922266511e-03
9.150000000000011013e+00 3.437943399951322476e+00 1.475312733299483092e-03
9.300000000000011369e+00 9.317969560214315550e+00 1.493709673243359681e-03
9.450000000000011724e+00 2.589488200948493812e+01 1.500066472248429150e-03
9.600000000000012079e+00 6.875470016720636579e+01 1.502860505359193688e-03
9.750000000000012434e+00 2.091454031957678126e+02 1.502958582716762415e-03
9.900000000000012790e+00 4.376304699850429074e+02 1.502696092106736714e-03
1.005000000000001315e+01 7.998264127471286429e+02 1.502853326827979785e-03
1.020000000000001350e+01 7.998264127471286429e+02 1.502853326827979785e-03
1.035000000000001386e+01 7.998264127471286429e+02 1.502853326827979785e-03
1.050000000000001421e+01 7.998264127471286429e+02 1.502853326827979785e-03
1.065000000000001457e+01 7.998264127471286429e+02 1.502853326827979785e-03
1.080000000000001492e+01 7.998264127471286429e+02 1.502853326827979785e-03
1.095000000000001528e+01 7.998264127471286429e+02 1.502853326827979785e-03
1.110000000000001563e+01 7.998264127471286429e+02 1.502853326827979785e-03
1.125000000000001599e+01 7.998264127471286429e+02 1.502853326827979785e-03
1.140000000000001634e+01 7.998264127471286429e+02 1.502853326827979785e-03
1.155000000000001670e+01 7.998264127471286429e+02 1.502853326827979785e-03
1.170000000000001705e+01 7.998264127471286429e+02 1.502853326827979785e-03
1.185000000000001741e+01 7.998264127471286429e+02 1.502853326827979785e-03
1.200000000000001776e+01 7.998264127471286429e+02 1.502853326827979785e-03
1.215000000000001812e+01 7.998264127471286429e+02 1.502853326827979785e-03
1.230000000000001847e+01 7.998264127471286429e+02 1.502853326827979785e-03
1.245000000000001883e+01 7.998264127471286429e+02 1.502853326827979785e-03
1.260000000000001918e+01 7.998264127471286429e+02 1.502853326827979785e-03
1.275000000000001954e+01 7.998264127471286429e+02 1.502853326827979785e-03
1.290000000000001990e+01 7.998264127471286429e+02 1.502853326827979785e-03
1.305000000000002025e+01 7.996649127121082756e+02 1.502294794073821826e-03
1.320000000000002061e+01 7.996649127121082756e+02 1.502294794073821826e-03
1.335000000000002096e+01 7.996649127121082756e+02 1.502294794073821826e-03
1.350000000000002132e+01 7.996649127121082756e+02 1.502294794073821826e-03
1.365000000000002167e+01 7.996649127121082756e+02 1.502294794073821826e-03
1.380000000000002203e+01 7.996649127121082756e+02 1.502294794073821826e-03
1.395000000000002238e+01 7.996649127121082756e+02 1.502294794073821826e-03
1.410000000000002274e+01 7.996649127121082756e+02 1.502294794073821826e-03
1.425000000000002309e+01 7.996649127121082756e+02 1.502294794073821826e-03
1.440000000000002345e+01 7.996649127121082756e+02 1.502294794073821826e-03
1.455000000000002380e+01 7.996649127121082756e+02 1.502294794073821826e-03
1.470000000000002416e+01 7.996649127121082756e+02 1.502294794073821826e-03
1.485000000000002451e+01 7.996649127121082756e+02 1.502294794073821826e-03
1.500000000000002487e+01 7.996649127121082756e+02 1.502294794073821826e-03
1.515000000000002522e+01 7.996649127121082756e+02 1.502294794073821826e-03
1.530000000000002558e+01 7.996649127121082756e+02 1.502294794073821826e-03
1.545000000000002593e+01 7.996649127121082756e+02 1.502294794073821826e-03
1.560000000000002629e+01 7.996649127121082756e+02 1.502294794073821826e-03
1.575000000000002665e+01 7.996649127121082756e+02 1.502294794073821826e-03
1.590000000000002700e+01 7.996649127121082756e+02 1.502294794073821826e-03
