1.499999999999999944e-01 7.999999971325928527e+02 1.393221111229969722e-04
2.999999999999999889e-01 7.999999971325928527e+02 1.393221111229969722e-04
4.499999999999999556e-01 7.999999971325928527e+02 1.393221111229969722e-04
5.999999999999999778e-01 7.999999971325928527e+02 1.393221111229969722e-04
7.500000000000000000e-01 7.999999971325928527e+02 1.393221111229969722e-04
9.000000000000000222e-01 7.999999971325928527e+02 1.393221111229969722e-04
1.050000000000000044e+00 7.999999971325928527e+02 1.393221111229969722e-04
1.199999999999999956e+00 7.999999971325928527e+02 1.393221111229969722e-04
1.349999999999999867e+00 7.999999971325928527e+02 1.393221111229969722e-04
1.499999999999999778e+00 7.999999971325928527e+02 1.393221111229969722e-04
1.649999999999999689e+00 7.999999971325928527e+02 1.393221111229969722e-04
1.799999999999999600e+00 7.999999971325928527e+02 1.393221111229969722e-04
1.949999999999999512e+00 7.999999971325928527e+02 1.393221111229969722e-04
2.099999999999999645e+00 7.999999996617971192e+02 1.394804061829457709e-04
2.249999999999999556e+00 7.999999996617971192e+02 1.394804061829457709e-04
2.399999999999999467e+00 7.999999996617971192e+02 1.394804061829457709e-04
2.549999999999999378e+00 7.999999996617971192e+02 1.394804061829457709e-04
2.699999999999999289e+00 7.999999996617971192e+02 1.394804061829457709e-04
2.849999999999999201e+00 7.999999996617971192e+02 1.394804061829457709e-04
2.999999999999999112e+00 7.999999996617971192e+02 1.394804061829457709e-04
3.149999999999999023e+00 7.999999996617971192e+02 1.394804061829457709e-04
3.299999999999998934e+00 7.999999996617971192e+02 1.394804061829457709e-04
3.449999999999998845e+00 7.999999996617971192e+02 1.394804061829457709e-04
3.599999999999998757e+00 7.999999996617971192e+02 1.394804061829457709e-04
3.749999999999998668e+00 7.999999996617971192e+02 1.394804061829457709e-04
3.899999999999998579e+00 7.999999996617971192e+02 1.394804061829457709e-04
4.049999999999998934e+00 5.165993466403389220e+02 1.408817678861806755e-04
4.199999999999999289e+00 4.765657573019863662e+02 1.471657052238839469e-04
4.349999999999999645e+00 4.303569246755305358e+02 1.588559642342612932e-04
4.500000000000000000e+00 4.222026540564158381e+02 1.711215819214517708e-04
4.650000000000000355e+00 4.193604128450447206e+02 1.842216022743814463e-04
4.800000000000000711e+00 4.186163874936067941e+02 1.969054881508780497e-04
4.950000000000001066e+00 4.183975939080520448e+02 2.094652352043757659e-04
5.100000000000001421e+00 4.183362800408303315e+02 2.223112532285798082e-04
5.250000000000001776e+00 4.183187386756208070e+02 2.345500716106618810e-04
5.400000000000002132e+00 4.183137633104933002e+02 2.465973536980303749e-04
5.550000000000002487e+00 4.183123469272206307e+02 2.589703404437537770e-04
5.700000000000002842e+00 4.183119443325331872e+02 2.706314311827773267e-04
5.850000000000003197e+00 4.183118298237732233e+02 2.820745307003935665e-04
6.000000000000003553e+00 4.183117972633446016e+02 2.938888457768573659e-04
6.150000000000003908e+00 4.183117880037526106e+02 3.048941618802869513e-04
6.300000000000004263e+00 4.183117853706301617e+02 3.156572020039938309e-04
6.450000000000004619e+00 4.183117846218688101e+02 3.268346875169303445e-04
6.600000000000004974e+00 4.183117844090463109e+02 3.371115589978490590e-04
6.750000000000005329e+00 4.183117843488894323e+02 3.471235093730484778e-04
6.900000000000005684e+00 4.183117843330625192e+02 3.575903614095876648e-04
7.050000000000006040e+00 4.183117843330627466e+02 3.670710207014371562e-04
7.200000000000006395e+00 4.183117843488899439e+02 3.762658877797253609e-04
7.350000000000006750e+00 4.183117844090471635e+02 3.859530672511990446e-04
7.500000000000007105e+00 4.183117846218702311e+02 3.945750758117538837e-04
7.650000000000007461e+00 4.183117853706316964e+02 4.028923304623122092e-04
7.800000000000007816e+00 4.183117880037543159e+02 4.117360170798889385e-04
7.950000000000008171e+00 4.183117972633469321e+02 4.194426744045243183e-04
8.100000000000008527e+00 4.183118298237760087e+02 4.268276503360812768e-04
8.250000000000008882e+00 4.183119443325360294e+02 4.347696590873972866e-04
8.400000000000009237e+00 4.183123469272237571e+02 4.415103624950678096e-04
8.550000000000009592e+00 4.183137633104967676e+02 4.479145692323216466e-04
8.700000000000009948e+00 4.183187386756245587e+02 4.549025768850745166e-04
8.850000000000010303e+00 4.183362800408345947e+02 4.606326463666432502e-04
9.000000000000010658e+00 4.183975939080560238e+02 4.660123243747094079e-04
9.150000000000011013e+00 4.186163874936096363e+02 4.719947822148240490e-04
9.300000000000011369e+00 4.193604128450431858e+02 4.766554270988487829e-04
9.450000000000011724e+00 4.222026540563957724e+02 4.809181873063339552e-04
9.600000000000012079e+00 4.303569246754664732e+02 4.856100380266070715e-04
9.750000000000012434e+00 4.765657573015756157e+02 4.886477638316177874e-04
9.900000000000012790e+00 5.165993466400733496e+02 4.899019463053821966e-04
1.005000000000001315e+01 7.999999996525974666e+02 4.903727626860421296e-04
1.020000000000001350e+01 7.999999996525974666e+02 4.903727626860421296e-04
1.035000000000001386e+01 7.999999996525974666e+02 4.903727626860421296e-04
1.050000000000001421e+01 7.999999996525974666e+02 4.903727626860421296e-04
1.065000000000001457e+01 7.999999996525974666e+02 4.903727626860421296e-04
1.080000000000001492e+01 7.999999996525974666e+02 4.903727626860421296e-04
1.095000000000001528e+01 7.999999996525974666e+02 4.903727626860421296e-04
1.110000000000001563e+01 7.999999996525974666e+02 4.903727626860421296e-04
1.125000000000001599e+01 7.999999996525974666e+02 4.903727626860421296e-04
1.140000000000001634e+01 7.999999996525974666e+02 4.903727626860421296e-04
1.155000000000001670e+01 7.999999996525974666e+02 4.903727626860421296e-04
1.170000000000001705e+01 7.999999996525974666e+02 4.903727626860421296e-04
1.185000000000001741e+01 7.999999996525974666e+02 4.903727626860421296e-04
1.200000000000001776e+01 7.999999996525974666e+02 4.903727626860421296e-04
1.215000000000001812e+01 7.999999996525974666e+02 4.903727626860421296e-04
1.230000000000001847e+01 7.999999996525974666e+02 4.903727626860421296e-04
1.245000000000001883e+01 7.999999996525974666e+02 4.903727626860421296e-04
1.260000000000001918e+01 7.999999996525974666e+02 4.903727626860421296e-04
1.275000000000001954e+01 7.999999996525974666e+02 4.903727626860421296e-04
1.290000000000001990e+01 7.999999996525974666e+02 4.903727626860421296e-04
1.305000000000002025e+01 7.999999970545950418e+02 4.898573834901664981e-04
1.320000000000002061e+01 7.999999970545950418e+02 4.898573834901664981e-04
1.335000000000002096e+01 7.999999970545950418e+02 4.898573834901664981e-04
1.350000000000002132e+01 7.999999970545950418e+02 4.898573834901664981e-04
1.365000000000002167e+01 7.999999970545950418e+02 4.898573834901664981e-04
1.380000000000002203e+01 7.999999970545950418e+02 4.898573834901664981e-04
1.395000000000002238e+01 7.999999970545950418e+02 4.898573834901664981e-04
1.410000000000002274e+01 7.999999970545950418e+02 4.898573834901664981e-04
1.425000000000002309e+01 7.999999970545950418e+02 4.898573834901664981e-04
1.440000000000002345e+01 7.999999970545950418e+02 4.898573834901664981e-04
1.455000000000002380e+01 7.999999970545950418e+02 4.898573834901664981e-04
1.470000000000002416e+01 7.999999970545950418e+02 4.898573834901664981e-04
1.485000000000002451e+01 7.999999970545950418e+02 4.898573834901664981e-04
1.500000000000002487e+01 7.999999970545950418e+02 4.898573834901664981e-04
1.515000000000002522e+01 7.999999970545950418e+02 4.898573834901664981e-04
1.530000000000002558e+01 7.999999970545950418e+02 4.898573834901664981e-04
1.545000000000002593e+01 7.999999970545950418e+02 4.898573834901664981e-04
1.560000000000002629e+01 7.999999970545950418e+02 4.898573834901664981e-04
1.575000000000002665e+01 7.999999970545950418e+02 4.898573834901664981e-04
1.590000000000002700e+01 7.999999970545950418e+02 4.898573834901664981e-04
