1.499999999999999944e-01 7.998150879327439498e+02 4.304556711076656939e-12
2.999999999999999889e-01 7.998150879327439498e+02 4.304556711076656939e-12
4.499999999999999556e-01 7.998150879327439498e+02 4.304556711076656939e-12
5.999999999999999778e-01 7.998150879327439498e+02 4.304556711076656939e-12
7.500000000000000000e-01 7.998150879327439498e+02 4.304556711076656939e-12
9.000000000000000222e-01 7.998150879327439498e+02 4.304556711076656939e-12
1.050000000000000044e+00 7.998150879327439498e+02 4.304556711076656939e-12
1.199999999999999956e+00 7.998150879327439498e+02 4.304556711076656939e-12
1.349999999999999867e+00 7.998150879327439498e+02 4.304556711076656939e-12
1.499999999999999778e+00 7.998150879327439498e+02 4.304556711076656939e-12
1.649999999999999689e+00 7.998150879327439498e+02 4.304556711076656939e-12
1.799999999999999600e+00 7.998150879327439498e+02 4.304556711076656939e-12
1.949999999999999512e+00 7.998150879327439498e+02 4.304556711076656939e-12
2.099999999999999645e+00 7.999111330501041266e+02 4.321876190260809381e-12
2.249999999999999556e+00 7.999111330501041266e+02 4.321876190260809381e-12
2.399999999999999467e+00 7.999111330501041266e+02 4.321876190260809381e-12
2.549999999999999378e+00 7.999111330501041266e+02 4.321876190260809381e-12
2.699999999999999289e+00 7.999111330501041266e+02 4.321876190260809381e-12
2.849999999999999201e+00 7.999111330501041266e+02 4.321876190260809381e-12
2.999999999999999112e+00 7.999111330501041266e+02 4.321876190260809381e-12
3.149999999999999023e+00 7.999111330501041266e+02 4.321876190260809381e-12
3.299999999999998934e+00 7.999111330501041266e+02 4.321876190260809381e-12
3.449999999999998845e+00 7.999111330501041266e+02 4.321876190260809381e-12
3.599999999999998757e+00 7.999111330501041266e+02 4.321876190260809381e-12
3.749999999999998668e+00 7.999111330501041266e+02 4.321876190260809381e-12
3.899999999999998579e+00 7.999111330501041266e+02 4.321876190260809381e-12
4.049999999999998934e+00 4.506127954086956606e+02 4.268252418171414320e-12
4.199999999999999289e+00 2.291674154316313263e+02 4.287903365707279590e-12
4.349999999999999645e+00 8.142929055788164305e+01 4.302891376539719204e-12
4.500000000000000000e+00 3.284276525116237622e+01 4.248934537542936596e-12
4.650000000000000355e+00 1.270151115797113306e+01 4.675149156696534192e-12
4.800000000000000711e+00 4.990939729128669455e+00 6.444289546436721139e-12
4.950000000000001066e+00 1.960072731580339678e+00 1.846856001463947905e-11
5.100000000000001421e+00 7.794281454326892344e-01 9.556944124966548770e-11
5.250000000000001776e+00 3.180888575916469563e-01 5.767375466092516945e-10
5.400000000000002132e+00 1.380113315290145692e-01 3.382072844004824219e-09
5.550000000000002487e+00 6.769484682627080474e-02 1.764343682264524205e-08
5.700000000000002842e+00 4.024117476183164399e-02 7.599528673019051439e-08
5.850000000000003197e+00 2.952197965896630194e-02 2.652669336411506151e-07
6.000000000000003553e+00 2.533677204519335646e-02 7.916510252892194899e-07
6.150000000000003908e+00 2.370270354731474072e-02 2.167038983147406839e-06
6.300000000000004263e+00 2.306474010583769996e-02 5.702901028858953225e-06
6.450000000000004619e+00 2.281576340465107933e-02 1.476615106188461368e-05
6.600000000000004974e+00 2.271884383480937686e-02 3.797483578571458906e-05
6.750000000000005329e+00 2.268175283825257793e-02 9.740592811213755198e-05
6.900000000000005684e+00 2.266918273926421534e-02 2.496226853579974758e-04
7.050000000000006040e+00 2.266918085115321446e-02 6.392399135853876757e-04
7.200000000000006395e+00 2.268174528580857441e-02 1.636074696557909824e-03
7.350000000000006750e+00 2.271882400964386761e-02 4.183614882356634368e-03
7.500000000000007105e+00 2.281570676132105291e-02 1.066800978955440016e-02
7.650000000000007461e+00 2.306459472129063215e-02 2.702410510996999804e-02
7.800000000000007816e+00 2.370234763839107472e-02 6.735406517541830951e-02
7.950000000000008171e+00 2.533591956307645887e-02 1.613611133013570509e-01
8.100000000000008527e+00 2.952010759690892883e-02 3.546494812737399638e-01
8.250000000000008882e+00 4.023765815509250388e-02 6.664237281405518409e-01
8.400000000000009237e+00 6.768947656655655010e-02 1.014500182981912690e+00
8.550000000000009592e+00 1.380045418818554026e-01 1.274325216724217835e+00
8.700000000000009948e+00 3.180811880847613793e-01 1.416055607546319983e+00
8.850000000000010303e+00 7.794197900989843220e-01 1.480110704919818776e+00
9.000000000000010658e+00 1.960063343435166416e+00 1.506580265086182591e+00
9.150000000000011013e+00 4.990927984303823450e+00 1.517329485650430465e+00
9.300000000000011369e+00 1.270149359580438286e+01 1.521311436231310266e+00
9.450000000000011724e+00 3.284273206454795968e+01 1.522749583292747122e+00
9.600000000000012079e+00 8.142922310893753490e+01 1.523446716587317784e+00
9.750000000000012434e+00 2.291672144288307038e+02 1.523460706931805353e+00
9.900000000000012790e+00 4.506125516859160030e+02 1.523386318327274891e+00
1.005000000000001315e+01 7.999099506474276495e+02 1.523429018937489721e+00
1.020000000000001350e+01 7.999099506474276495e+02 1.523429018937489721e+00
1.035000000000001386e+01 7.999099506474276495e+02 1.523429018937489721e+00
1.050000000000001421e+01 7.999099506474276495e+02 1.523429018937489721e+00
1.065000000000001457e+01 7.999099506474276495e+02 1.523429018937489721e+00
1.080000000000001492e+01 7.999099506474276495e+02 1.523429018937489721e+00
1.095000000000001528e+01 7.999099506474276495e+02 1.523429018937489721e+00
1.110000000000001563e+01 7.999099506474276495e+02 1.523429018937489721e+00
1.125000000000001599e+01 7.999099506474276495e+02 1.523429018937489721e+00
1.140000000000001634e+01 7.999099506474276495e+02 1.523429018937489721e+00
1.155000000000001670e+01 7.999099506474276495e+02 1.523429018937489721e+00
1.170000000000001705e+01 7.999099506474276495e+02 1.523429018937489721e+00
1.185000000000001741e+01 7.999099506474276495e+02 1.523429018937489721e+00
1.200000000000001776e+01 7.999099506474276495e+02 1.523429018937489721e+00
1.215000000000001812e+01 7.999099506474276495e+02 1.523429018937489721e+00
1.230000000000001847e+01 7.999099506474276495e+02 1.523429018937489721e+00
1.245000000000001883e+01 7.999099506474276495e+02 1.523429018937489721e+00
1.260000000000001918e+01 7.999099506474276495e+02 1.523429018937489721e+00
1.275000000000001954e+01 7.999099506474276495e+02 1.523429018937489721e+00
1.290000000000001990e+01 7.999099506474276495e+02 1.523429018937489721e+00
1.305000000000002025e+01 7.998126275853112475e+02 1.523274977725449286e+00
1.320000000000002061e+01 7.998126275853112475e+02 1.523274977725449286e+00
1.335000000000002096e+01 7.998126275853112475e+02 1.523274977725449286e+00
1.350000000000002132e+01 7.998126275853112475e+02 1.523274977725449286e+00
1.365000000000002167e+01 7.998126275853112475e+02 1.523274977725449286e+00
1.380000000000002203e+01 7.998126275853112475e+02 1.523274977725449286e+00
1.395000000000002238e+01 7.998126275853112475e+02 1.523274977725449286e+00
1.410000000000002274e+01 7.998126275853112475e+02 1.523274977725449286e+00
1.425000000000002309e+01 7.998126275853112475e+02 1.523274977725449286e+00
1.440000000000002345e+01 7.998126275853112475e+02 1.523274977725449286e+00
1.455000000000002380e+01 7.998126275853112475e+02 1.523274977725449286e+00
1.470000000000002416e+01 7.998126275853112475e+02 1.523274977725449286e+00
1.485000000000002451e+01 7.998126275853112475e+02 1.523274977725449286e+00
1.500000000000002487e+01 7.998126275853112475e+02 1.523274977725449286e+00
1.515000000000002522e+01 7.998126275853112475e+02 1.523274977725449286e+00
1.530000000000002558e+01 7.998126275853112475e+02 1.523274977725449286e+00
1.545000000000002593e+01 7.998126275853112475e+02 1.523274977725449286e+00
1.560000000000002629e+01 7.998126275853112475e+02 1.523274977725449286e+00
1.575000000000002665e+01 7.998126275853112475e+02 1.523274977725449286e+00
1.590000000000002700e+01 7.998126275853112475e+02 1.523274977725449286e+00
