1.499999999999999944e-01 7.999437578046029103e+02 1.178024344739014850e-11
2.999999999999999889e-01 7.999437578046029103e+02 1.178024344739014850e-11
4.499999999999999556e-01 7.999437578046029103e+02 1.178024344739014850e-11
5.999999999999999778e-01 7.999437578046029103e+02 1.178024344739014850e-11
7.500000000000000000e-01 7.999437578046029103e+02 1.178024344739014850e-11
9.000000000000000222e-01 7.999437578046029103e+02 1.178024344739014850e-11
1.050000000000000044e+00 7.999437578046029103e+02 1.178024344739014850e-11
1.199999999999999956e+00 7.999437578046029103e+02 1.178024344739014850e-11
1.349999999999999867e+00 7.999437578046029103e+02 1.178024344739014850e-11
1.499999999999999778e+00 7.999437578046029103e+02 1.178024344739014850e-11
1.649999999999999689e+00 7.999437578046029103e+02 1.178024344739014850e-11
1.799999999999999600e+00 7.999437578046029103e+02 1.178024344739014850e-11
1.949999999999999512e+00 7.999437578046029103e+02 1.178024344739014850e-11
2.099999999999999645e+00 7.999768473795973023e+02 1.183209086264014331e-11
2.249999999999999556e+00 7.999768473795973023e+02 1.183209086264014331e-11
2.399999999999999467e+00 7.999768473795973023e+02 1.183209086264014331e-11
2.549999999999999378e+00 7.999768473795973023e+02 1.183209086264014331e-11
2.699999999999999289e+00 7.999768473795973023e+02 1.183209086264014331e-11
2.849999999999999201e+00 7.999768473795973023e+02 1.183209086264014331e-11
2.999999999999999112e+00 7.999768473795973023e+02 1.183209086264014331e-11
3.149999999999999023e+00 7.999768473795973023e+02 1.183209086264014331e-11
3.299999999999998934e+00 7.999768473795973023e+02 1.183209086264014331e-11
3.449999999999998845e+00 7.999768473795973023e+02 1.183209086264014331e-11
3.599999999999998757e+00 7.999768473795973023e+02 1.183209086264014331e-11
3.749999999999998668e+00 7.999768473795973023e+02 1.183209086264014331e-11
3.899999999999998579e+00 7.999768473795973023e+02 1.183209086264014331e-11
4.049999999999998934e+00 4.712336957855181367e+02 1.182298703383821703e-11
4.199999999999999289e+00 2.697047874654386419e+02 1.177069552937837216e-11
4.349999999999999645e+00 1.118927548194684931e+02 1.170363805869101270e-11
4.500000000000000000e+00 5.203430522852058004e+01 1.172728580911552854e-11
4.650000000000000355e+00 2.346745607548946566e+01 1.210997968570382000e-11
4.800000000000000711e+00 1.071543540301122022e+01 1.215827438727501431e-11
4.950000000000001066e+00 4.901843816776462859e+00 1.450584097284490781e-11
5.100000000000001421e+00 2.267854209118723929e+00 2.519850994531225297e-11
5.250000000000001776e+00 1.072110449641741070e+00 7.578482286163534809e-11
5.400000000000002132e+00 5.296037530338253418e-01 2.996182191239427084e-10
5.550000000000002487e+00 2.834240034262620611e-01 1.201268640116381903e-09
5.700000000000002842e+00 1.717183925343306328e-01 4.343301163167723189e-09
5.850000000000003197e+00 1.210304879436989722e-01 1.355941314784558926e-08
6.000000000000003553e+00 9.803052774623211008e-02 3.688635119569738663e-08
6.150000000000003908e+00 8.759463260639677173e-02 9.093750885647011728e-08
6.300000000000004263e+00 8.286060517184523633e-02 2.117795701028768462e-07
6.450000000000004619e+00 8.071554869729880011e-02 4.791476113652493041e-07
6.600000000000004974e+00 7.974896048017399153e-02 1.068357164624167410e-06
6.750000000000005329e+00 7.932525562682712916e-02 2.366165561706878862e-06
6.900000000000005684e+00 7.916582164580177050e-02 5.225335955150178791e-06
7.050000000000006040e+00 7.916582211782952072e-02 1.151143361954876099e-05
7.200000000000006395e+00 7.932525657088262960e-02 2.530876049522401416e-05
7.350000000000006750e+00 7.974896142422949197e-02 5.548207318661901866e-05
7.500000000000007105e+00 8.071554822527104989e-02 1.207635081649227615e-04
7.650000000000007461e+00 8.286060517184523633e-02 2.591552624886528378e-04
7.800000000000007816e+00 8.759463095429964596e-02 5.402888400213301523e-04
7.950000000000008171e+00 9.803052373399623320e-02 1.063548736440989018e-03
8.100000000000008527e+00 1.210304799192272185e-01 1.897750410679521771e-03
8.250000000000008882e+00 1.717183750693038746e-01 2.947899691097988217e-03
8.400000000000009237e+00 2.834239650740073557e-01 3.934660586871752130e-03
8.550000000000009592e+00 5.296036685408580524e-01 4.638855609370384769e-03
8.700000000000009948e+00 1.072110263839817890e+00 5.050203566840161251e-03
8.850000000000010303e+00 2.267853799870664488e+00 5.259907207570635457e-03
9.000000000000010658e+00 4.901842915926252431e+00 5.359889368754200412e-03
9.150000000000011013e+00 1.071543341390840709e+01 5.407766806612701593e-03
9.300000000000011369e+00 2.346745172079100072e+01 5.427632971085172287e-03
9.450000000000011724e+00 5.203429540705531053e+01 5.435673258509243766e-03
9.600000000000012079e+00 1.118927346449962243e+02 5.440501727234092755e-03
9.750000000000012434e+00 2.697047302302791536e+02 5.440448857393032078e-03
9.900000000000012790e+00 4.712336373311150624e+02 5.439803653718766618e-03
1.005000000000001315e+01 7.999765021274048422e+02 5.440146112830057668e-03
1.020000000000001350e+01 7.999765021274048422e+02 5.440146112830057668e-03
1.035000000000001386e+01 7.999765021274048422e+02 5.440146112830057668e-03
1.050000000000001421e+01 7.999765021274048422e+02 5.440146112830057668e-03
1.065000000000001457e+01 7.999765021274048422e+02 5.440146112830057668e-03
1.080000000000001492e+01 7.999765021274048422e+02 5.440146112830057668e-03
1.095000000000001528e+01 7.999765021274048422e+02 5.440146112830057668e-03
1.110000000000001563e+01 7.999765021274048422e+02 5.440146112830057668e-03
1.125000000000001599e+01 7.999765021274048422e+02 5.440146112830057668e-03
1.140000000000001634e+01 7.999765021274048422e+02 5.440146112830057668e-03
1.155000000000001670e+01 7.999765021274048422e+02 5.440146112830057668e-03
1.170000000000001705e+01 7.999765021274048422e+02 5.440146112830057668e-03
1.185000000000001741e+01 7.999765021274048422e+02 5.440146112830057668e-03
1.200000000000001776e+01 7.999765021274048422e+02 5.440146112830057668e-03
1.215000000000001812e+01 7.999765021274048422e+02 5.440146112830057668e-03
1.230000000000001847e+01 7.999765021274048422e+02 5.440146112830057668e-03
1.245000000000001883e+01 7.999765021274048422e+02 5.440146112830057668e-03
1.260000000000001918e+01 7.999765021274048422e+02 5.440146112830057668e-03
1.275000000000001954e+01 7.999765021274048422e+02 5.440146112830057668e-03
1.290000000000001990e+01 7.999765021274048422e+02 5.440146112830057668e-03
1.305000000000002025e+01 7.999429191166651663e+02 5.438867782294409814e-03
1.320000000000002061e+01 7.999429191166651663e+02 5.438867782294409814e-03
1.335000000000002096e+01 7.999429191166651663e+02 5.438867782294409814e-03
1.350000000000002132e+01 7.999429191166651663e+02 5.438867782294409814e-03
1.365000000000002167e+01 7.999429191166651663e+02 5.438867782294409814e-03
1.380000000000002203e+01 7.999429191166651663e+02 5.438867782294409814e-03
1.395000000000002238e+01 7.999429191166651663e+02 5.438867782294409814e-03
1.410000000000002274e+01 7.999429191166651663e+02 5.438867782294409814e-03
1.425000000000002309e+01 7.999429191166651663e+02 5.438867782294409814e-03
1.440000000000002345e+01 7.999429191166651663e+02 5.438867782294409814e-03
1.455000000000002380e+01 7.999429191166651663e+02 5.438867782294409814e-03
1.470000000000002416e+01 7.999429191166651663e+02 5.438867782294409814e-03
1.485000000000002451e+01 7.999429191166651663e+02 5.438867782294409814e-03
1.500000000000002487e+01 7.999429191166651663e+02 5.438867782294409814e-03
1.515000000000002522e+01 7.999429191166651663e+02 5.438867782294409814e-03
1.530000000000002558e+01 7.999429191166651663e+02 5.438867782294409814e-03
1.545000000000002593e+01 7.999429191166651663e+02 5.438867782294409814e-03
1.560000000000002629e+01 7.999429191166651663e+02 5.438867782294409814e-03
1.575000000000002665e+01 7.999429191166651663e+02 5.438867782294409814e-03
1.590000000000002700e+01 7.999429191166651663e+02 5.438867782294409814e-03
