1.499999999999999944e-01 7.999999502629900689e+02 2.034483233191997087e-04
2.999999999999999889e-01 7.999999502629900689e+02 2.034483233191997087e-04
4.499999999999999556e-01 7.999999502629900689e+02 2.034483233191997087e-04
5.999999999999999778e-01 7.999999502629900689e+02 2.034483233191997087e-04
7.500000000000000000e-01 7.999999502629900689e+02 2.034483233191997087e-04
9.000000000000000222e-01 7.999999502629900689e+02 2.034483233191997087e-04
1.050000000000000044e+00 7.999999502629900689e+02 2.034483233191997087e-04
1.199999999999999956e+00 7.999999502629900689e+02 2.034483233191997087e-04
1.349999999999999867e+00 7.999999502629900689e+02 2.034483233191997087e-04
1.499999999999999778e+00 7.999999502629900689e+02 2.034483233191997087e-04
1.649999999999999689e+00 7.999999502629900689e+02 2.034483233191997087e-04
1.799999999999999600e+00 7.999999502629900689e+02 2.034483233191997087e-04
1.949999999999999512e+00 7.999999502629900689e+02 2.034483233191997087e-04
2.099999999999999645e+00 7.999999917312942443e+02 2.038047500014794622e-04
2.249999999999999556e+00 7.999999917312942443e+02 2.038047500014794622e-04
2.399999999999999467e+00 7.999999917312942443e+02 2.038047500014794622e-04
2.549999999999999378e+00 7.999999917312942443e+02 2.038047500014794622e-04
2.699999999999999289e+00 7.999999917312942443e+02 2.038047500014794622e-04
2.849999999999999201e+00 7.999999917312942443e+02 2.038047500014794622e-04
2.999999999999999112e+00 7.999999917312942443e+02 2.038047500014794622e-04
3.149999999999999023e+00 7.999999917312942443e+02 2.038047500014794622e-04
3.299999999999998934e+00 7.999999917312942443e+02 2.038047500014794622e-04
3.449999999999998845e+00 7.999999917312942443e+02 2.038047500014794622e-04
3.599999999999998757e+00 7.999999917312942443e+02 2.038047500014794622e-04
3.749999999999998668e+00 7.999999917312942443e+02 2.038047500014794622e-04
3.899999999999998579e+00 7.999999917312942443e+02 2.038047500014794622e-04
4.049999999999998934e+00 5.134442057639020049e+02 2.060187742044528036e-04
4.199999999999999289e+00 4.486865447700216123e+02 2.164209671006167568e-04
4.349999999999999645e+00 3.777791898153616330e+02 2.389060504317530587e-04
4.500000000000000000e+00 3.589425197910321685e+02 2.652535669338540458e-04
4.650000000000000355e+00 3.506644732577099148e+02 2.945532342931711511e-04
4.800000000000000711e+00 3.475220352139974125e+02 3.244391971287674536e-04
4.950000000000001066e+00 3.462527415224550964e+02 3.546188471489353233e-04
5.100000000000001421e+00 3.457476912849467112e+02 3.851303708680697824e-04
5.250000000000001776e+00 3.455452156420994925e+02 4.152460570838734100e-04
5.400000000000002132e+00 3.454641685740241428e+02 4.452096290169516024e-04
5.550000000000002487e+00 3.454316972467881897e+02 4.753908128569683811e-04
5.700000000000002842e+00 3.454186896441232761e+02 5.050019546435358109e-04
5.850000000000003197e+00 3.454134783703035509e+02 5.344015868260498792e-04
6.000000000000003553e+00 3.454113905937547884e+02 5.640488855612746377e-04
6.150000000000003908e+00 3.454105541721843338e+02 5.930138246023064497e-04
6.300000000000004263e+00 3.454102191037901548e+02 6.217322257154878073e-04
6.450000000000004619e+00 3.454100849387706944e+02 6.507369583319544404e-04
6.600000000000004974e+00 3.454100313744048663e+02 6.789531602927612042e-04
6.750000000000005329e+00 3.454100103807377309e+02 7.068901584385001158e-04
6.900000000000005684e+00 3.454100031332377512e+02 7.351517490180592418e-04
7.050000000000006040e+00 3.454100031332394565e+02 7.625216302881154817e-04
7.200000000000006395e+00 3.454100103807418236e+02 7.895807094625562073e-04
7.350000000000006750e+00 3.454100313744113464e+02 8.170015448204503983e-04
7.500000000000007105e+00 3.454100849387804715e+02 8.434306128971558181e-04
7.650000000000007461e+00 3.454102191038024898e+02 8.695183557229091420e-04
7.800000000000007816e+00 3.454105541721990562e+02 8.960037254128749851e-04
7.950000000000008171e+00 3.454113905937722393e+02 9.214006431318422230e-04
8.100000000000008527e+00 3.454134783703231619e+02 9.464266963016276790e-04
8.250000000000008882e+00 3.454186896441446493e+02 9.718843541084432047e-04
8.400000000000009237e+00 3.454316972468108702e+02 9.961594187190003780e-04
8.550000000000009592e+00 3.454641685740452317e+02 1.020032304121287758e-03
8.700000000000009948e+00 3.455452156421137033e+02 1.044361713659847091e-03
8.850000000000010303e+00 3.457476912849405153e+02 1.067400108053950802e-03
9.000000000000010658e+00 3.462527415223937624e+02 1.089960798008826615e-03
9.150000000000011013e+00 3.475220352137932878e+02 1.112893013357263428e-03
9.300000000000011369e+00 3.506644732571554641e+02 1.134151241307446156e-03
9.450000000000011724e+00 3.589425197894949520e+02 1.154279823835424601e-03
9.600000000000012079e+00 3.777791898119069742e+02 1.172983174162145481e-03
9.750000000000012434e+00 4.486865447554746424e+02 1.187468522642065594e-03
9.900000000000012790e+00 5.134442057538353765e+02 1.193681389281664451e-03
1.005000000000001315e+01 7.999999915167190920e+02 1.195166843268480328e-03
1.020000000000001350e+01 7.999999915167190920e+02 1.195166843268480328e-03
1.035000000000001386e+01 7.999999915167190920e+02 1.195166843268480328e-03
1.050000000000001421e+01 7.999999915167190920e+02 1.195166843268480328e-03
1.065000000000001457e+01 7.999999915167190920e+02 1.195166843268480328e-03
1.080000000000001492e+01 7.999999915167190920e+02 1.195166843268480328e-03
1.095000000000001528e+01 7.999999915167190920e+02 1.195166843268480328e-03
1.110000000000001563e+01 7.999999915167190920e+02 1.195166843268480328e-03
1.125000000000001599e+01 7.999999915167190920e+02 1.195166843268480328e-03
1.140000000000001634e+01 7.999999915167190920e+02 1.195166843268480328e-03
1.155000000000001670e+01 7.999999915167190920e+02 1.195166843268480328e-03
1.170000000000001705e+01 7.999999915167190920e+02 1.195166843268480328e-03
1.185000000000001741e+01 7.999999915167190920e+02 1.195166843268480328e-03
1.200000000000001776e+01 7.999999915167190920e+02 1.195166843268480328e-03
1.215000000000001812e+01 7.999999915167190920e+02 1.195166843268480328e-03
1.230000000000001847e+01 7.999999915167190920e+02 1.195166843268480328e-03
1.245000000000001883e+01 7.999999915167190920e+02 1.195166843268480328e-03
1.260000000000001918e+01 7.999999915167190920e+02 1.195166843268480328e-03
1.275000000000001954e+01 7.999999915167190920e+02 1.195166843268480328e-03
1.290000000000001990e+01 7.999999915167190920e+02 1.195166843268480328e-03
1.305000000000002025e+01 7.999999489723013539e+02 1.194848771501666462e-03
1.320000000000002061e+01 7.999999489723013539e+02 1.194848771501666462e-03
1.335000000000002096e+01 7.999999489723013539e+02 1.194848771501666462e-03
1.350000000000002132e+01 7.999999489723013539e+02 1.194848771501666462e-03
1.365000000000002167e+01 7.999999489723013539e+02 1.194848771501666462e-03
1.380000000000002203e+01 7.999999489723013539e+02 1.194848771501666462e-03
1.395000000000002238e+01 7.999999489723013539e+02 1.194848771501666462e-03
1.410000000000002274e+01 7.999999489723013539e+02 1.194848771501666462e-03
1.425000000000002309e+01 7.999999489723013539e+02 1.194848771501666462e-03
1.440000000000002345e+01 7.999999489723013539e+02 1.194848771501666462e-03
1.455000000000002380e+01 7.999999489723013539e+02 1.194848771501666462e-03
1.470000000000002416e+01 7.999999489723013539e+02 1.194848771501666462e-03
1.485000000000002451e+01 7.999999489723013539e+02 1.194848771501666462e-03
1.500000000000002487e+01 7.999999489723013539e+02 1.194848771501666462e-03
1.515000000000002522e+01 7.999999489723013539e+02 1.194848771501666462e-03
1.530000000000002558e+01 7.999999489723013539e+02 1.194848771501666462e-03
1.545000000000002593e+01 7.999999489723013539e+02 1.194848771501666462e-03
1.560000000000002629e+01 7.999999489723013539e+02 1.194848771501666462e-03
1.575000000000002665e+01 7.999999489723013539e+02 1.194848771501666462e-03
1.590000000000002700e+01 7.999999489723013539e+02 1.194848771501666462e-03
