1.499999999999999944e-01 7.994487718856134961e+02 3.021183303530960984e-11
2.999999999999999889e-01 7.994487718856134961e+02 3.021183303530960984e-11
4.499999999999999556e-01 7.994487718856134961e+02 3.021183303530960984e-11
5.999999999999999778e-01 7.994487718856134961e+02 3.021183303530960984e-11
7.500000000000000000e-01 7.994487718856134961e+02 3.021183303530960984e-11
9.000000000000000222e-01 7.994487718856134961e+02 3.021183303530960984e-11
1.050000000000000044e+00 7.994487718856134961e+02 3.021183303530960984e-11
1.199999999999999956e+00 7.994487718856134961e+02 3.021183303530960984e-11
1.349999999999999867e+00 7.994487718856134961e+02 3.021183303530960984e-11
1.499999999999999778e+00 7.994487718856134961e+02 3.021183303530960984e-11
1.649999999999999689e+00 7.994487718856134961e+02 3.021183303530960984e-11
1.799999999999999600e+00 7.994487718856134961e+02 3.021183303530960984e-11
1.949999999999999512e+00 7.994487718856134961e+02 3.021183303530960984e-11
2.099999999999999645e+00 7.996953507807301094e+02 3.022926353679622480e-11
2.249999999999999556e+00 7.996953507807301094e+02 3.022926353679622480e-11
2.399999999999999467e+00 7.996953507807301094e+02 3.022926353679622480e-11
2.549999999999999378e+00 7.996953507807301094e+02 3.022926353679622480e-11
2.699999999999999289e+00 7.996953507807301094e+02 3.022926353679622480e-11
2.849999999999999201e+00 7.996953507807301094e+02 3.022926353679622480e-11
2.999999999999999112e+00 7.996953507807301094e+02 3.022926353679622480e-11
3.149999999999999023e+00 7.996953507807301094e+02 3.022926353679622480e-11
3.299999999999998934e+00 7.996953507807301094e+02 3.022926353679622480e-11
3.449999999999998845e+00 7.996953507807301094e+02 3.022926353679622480e-11
3.599999999999998757e+00 7.996953507807301094e+02 3.022926353679622480e-11
3.749999999999998668e+00 7.996953507807301094e+02 3.022926353679622480e-11
3.899999999999998579e+00 7.996953507807301094e+02 3.022926353679622480e-11
4.049999999999998934e+00 4.244391809551284496e+02 3.024636097137545221e-11
4.199999999999999289e+00 1.916588211290027459e+02 3.021183303530960984e-11
4.349999999999999645e+00 5.870927472486557264e+01 3.028843842400874564e-11
4.500000000000000000e+00 2.076818167357962963e+01 3.015498961644880183e-11
4.650000000000000355e+00 6.963758406496296516e+00 3.007261106802161521e-11
4.800000000000000711e+00 2.388394965690167737e+00 3.001843218441990757e-11
4.950000000000001066e+00 8.201840417631842683e-01 3.001532355995095713e-11
5.100000000000001421e+00 2.894620533074885316e-01 3.110312007947868551e-11
5.250000000000001776e+00 1.089911730678068125e-01 4.576417023116619021e-11
5.400000000000002132e+00 4.773311660846957238e-02 1.539856020471574993e-10
5.550000000000002487e+00 2.692585629847599193e-02 7.106562005532168769e-10
5.700000000000002842e+00 1.986015975853661075e-02 2.794459108557134641e-09
5.850000000000003197e+00 1.746056892807246186e-02 9.341678208762971281e-09
6.000000000000003553e+00 1.664566777253639884e-02 2.884954997117716857e-08
6.150000000000003908e+00 1.636892734313732944e-02 8.637328396954302434e-08
6.300000000000004263e+00 1.627494472995749675e-02 2.557686548110282843e-07
6.450000000000004619e+00 1.624303376593161374e-02 7.546533699054336353e-07
6.600000000000004974e+00 1.623221488989656791e-02 2.223338672724395337e-06
6.750000000000005329e+00 1.622857838810887188e-02 6.547438279991268928e-06
6.900000000000005684e+00 1.622747195506235585e-02 1.928185822341887956e-05
7.050000000000006040e+00 1.622747384317335673e-02 5.676981687097182316e-05
7.200000000000006395e+00 1.622857649999787100e-02 1.671307864535842569e-04
7.350000000000006750e+00 1.623221111367456615e-02 4.920476730385647812e-04
7.500000000000007105e+00 1.624302810159861110e-02 1.447726138797622575e-03
7.650000000000007461e+00 1.627493340129149146e-02 4.254053330933427191e-03
7.800000000000007816e+00 1.636888014036230743e-02 1.245520427667035079e-02
7.950000000000008171e+00 1.664553749287733808e-02 3.606126231448802955e-02
8.100000000000008527e+00 1.746020452264929190e-02 1.012178962534523441e-01
8.250000000000008882e+00 1.985922325548017398e-02 2.620572180034257403e-01
8.400000000000009237e+00 2.692381430642853957e-02 5.691008569022746322e-01
8.550000000000009592e+00 4.772968732686422300e-02 9.452272326644639566e-01
8.700000000000009948e+00 1.089866106835870596e-01 1.218892055348157699e+00
8.850000000000010303e+00 2.894565336509913323e-01 1.351626547069507911e+00
9.000000000000010658e+00 8.201769057951651121e-01 1.403366935876996235e+00
9.150000000000011013e+00 2.388383513692161841e+00 1.422022279706720349e+00
9.300000000000011369e+00 6.963734664934982277e+00 1.428216917796426344e+00
9.450000000000011724e+00 2.076811983498680192e+01 1.430225372504092540e+00
9.600000000000012079e+00 5.870911664852993539e+01 1.431028161891218176e+00
9.750000000000012434e+00 1.916582536864957547e+02 1.431066575969286658e+00
9.900000000000012790e+00 4.244383330755069892e+02 1.431000152175916140e+00
1.005000000000001315e+01 7.996918132707019140e+02 1.431041620675918669e+00
1.020000000000001350e+01 7.996918132707019140e+02 1.431041620675918669e+00
1.035000000000001386e+01 7.996918132707019140e+02 1.431041620675918669e+00
1.050000000000001421e+01 7.996918132707019140e+02 1.431041620675918669e+00
1.065000000000001457e+01 7.996918132707019140e+02 1.431041620675918669e+00
1.080000000000001492e+01 7.996918132707019140e+02 1.431041620675918669e+00
1.095000000000001528e+01 7.996918132707019140e+02 1.431041620675918669e+00
1.110000000000001563e+01 7.996918132707019140e+02 1.431041620675918669e+00
1.125000000000001599e+01 7.996918132707019140e+02 1.431041620675918669e+00
1.140000000000001634e+01 7.996918132707019140e+02 1.431041620675918669e+00
1.155000000000001670e+01 7.996918132707019140e+02 1.431041620675918669e+00
1.170000000000001705e+01 7.996918132707019140e+02 1.431041620675918669e+00
1.185000000000001741e+01 7.996918132707019140e+02 1.431041620675918669e+00
1.200000000000001776e+01 7.996918132707019140e+02 1.431041620675918669e+00
1.215000000000001812e+01 7.996918132707019140e+02 1.431041620675918669e+00
1.230000000000001847e+01 7.996918132707019140e+02 1.431041620675918669e+00
1.245000000000001883e+01 7.996918132707019140e+02 1.431041620675918669e+00
1.260000000000001918e+01 7.996918132707019140e+02 1.431041620675918669e+00
1.275000000000001954e+01 7.996918132707019140e+02 1.431041620675918669e+00
1.290000000000001990e+01 7.996918132707019140e+02 1.431041620675918669e+00
1.305000000000002025e+01 7.994423709489157091e+02 1.430896155294693717e+00
1.320000000000002061e+01 7.994423709489157091e+02 1.430896155294693717e+00
1.335000000000002096e+01 7.994423709489157091e+02 1.430896155294693717e+00
1.350000000000002132e+01 7.994423709489157091e+02 1.430896155294693717e+00
1.365000000000002167e+01 7.994423709489157091e+02 1.430896155294693717e+00
1.380000000000002203e+01 7.994423709489157091e+02 1.430896155294693717e+00
1.395000000000002238e+01 7.994423709489157091e+02 1.430896155294693717e+00
1.410000000000002274e+01 7.994423709489157091e+02 1.430896155294693717e+00
1.425000000000002309e+01 7.994423709489157091e+02 1.430896155294693717e+00
1.440000000000002345e+01 7.994423709489157091e+02 1.430896155294693717e+00
1.455000000000002380e+01 7.994423709489157091e+02 1.430896155294693717e+00
1.470000000000002416e+01 7.994423709489157091e+02 1.430896155294693717e+00
1.485000000000002451e+01 7.994423709489157091e+02 1.430896155294693717e+00
1.500000000000002487e+01 7.994423709489157091e+02 1.430896155294693717e+00
1.515000000000002522e+01 7.994423709489157091e+02 1.430896155294693717e+00
1.530000000000002558e+01 7.994423709489157091e+02 1.430896155294693717e+00
1.545000000000002593e+01 7.994423709489157091e+02 1.430896155294693717e+00
1.560000000000002629e+01 7.994423709489157091e+02 1.430896155294693717e+00
1.575000000000002665e+01 7.994423709489157091e+02 1.430896155294693717e+00
1.590000000000002700e+01 7.994423709489157091e+02 1.430896155294693717e+00
