1.499999999999999944e-01 7.997732968926382000e+02 4.511058193656936055e-12
2.999999999999999889e-01 7.997732968926382000e+02 4.511058193656936055e-12
4.499999999999999556e-01 7.997732968926382000e+02 4.511058193656936055e-12
5.999999999999999778e-01 7.997732968926382000e+02 4.511058193656936055e-12
7.500000000000000000e-01 7.997732968926382000e+02 4.511058193656936055e-12
9.000000000000000222e-01 7.997732968926382000e+02 4.511058193656936055e-12
1.050000000000000044e+00 7.997732968926382000e+02 4.511058193656936055e-12
1.199999999999999956e+00 7.997732968926382000e+02 4.511058193656936055e-12
1.349999999999999867e+00 7.997732968926382000e+02 4.511058193656936055e-12
1.499999999999999778e+00 7.997732968926382000e+02 4.511058193656936055e-12
1.649999999999999689e+00 7.997732968926382000e+02 4.511058193656936055e-12
1.799999999999999600e+00 7.997732968926382000e+02 4.511058193656936055e-12
1.949999999999999512e+00 7.997732968926382000e+02 4.511058193656936055e-12
2.099999999999999645e+00 7.998881454639639514e+02 4.544475906698153267e-12
2.249999999999999556e+00 7.998881454639639514e+02 4.544475906698153267e-12
2.399999999999999467e+00 7.998881454639639514e+02 4.544475906698153267e-12
2.549999999999999378e+00 7.998881454639639514e+02 4.544475906698153267e-12
2.699999999999999289e+00 7.998881454639639514e+02 4.544475906698153267e-12
2.849999999999999201e+00 7.998881454639639514e+02 4.544475906698153267e-12
2.999999999999999112e+00 7.998881454639639514e+02 4.544475906698153267e-12
3.149999999999999023e+00 7.998881454639639514e+02 4.544475906698153267e-12
3.299999999999998934e+00 7.998881454639639514e+02 4.544475906698153267e-12
3.449999999999998845e+00 7.998881454639639514e+02 4.544475906698153267e-12
3.599999999999998757e+00 7.998881454639639514e+02 4.544475906698153267e-12
3.749999999999998668e+00 7.998881454639639514e+02 4.544475906698153267e-12
3.899999999999998579e+00 7.998881454639639514e+02 4.544475906698153267e-12
4.049999999999998934e+00 4.463171297014706056e+02 4.508060591490448132e-12
4.199999999999999289e+00 2.221672764070193296e+02 4.570899214684231993e-12
4.349999999999999645e+00 7.683139829145912358e+01 4.581890422628021042e-12
4.500000000000000000e+00 3.024476889029912030e+01 4.597100478065385687e-12
4.650000000000000355e+00 1.139353078621316229e+01 4.795830399473288708e-12
4.800000000000000711e+00 4.365520962871343613e+00 5.482614362506410544e-12
4.950000000000001066e+00 1.672074585029776017e+00 1.145739059182915298e-11
5.100000000000001421e+00 6.497203989113131684e-01 5.155798010747503213e-11
5.250000000000001776e+00 2.603566427403620764e-01 3.139589699330258554e-10
5.400000000000002132e+00 1.122414246960943274e-01 1.891567014133954672e-09
5.550000000000002487e+00 5.587481314978504088e-02 9.970328895825275595e-09
5.700000000000002842e+00 3.442705036104598548e-02 4.250904162006463594e-08
5.850000000000003197e+00 2.626566695835208520e-02 1.463991325945102062e-07
6.000000000000003553e+00 2.316012652954668738e-02 4.363384318306628984e-07
6.150000000000003908e+00 2.197841449742554687e-02 1.208172444311372828e-06
6.300000000000004263e+00 2.152877596745383926e-02 3.240911611634977874e-06
6.450000000000004619e+00 2.135774520866107196e-02 8.585602718547136192e-06
6.600000000000004974e+00 2.129283289650629740e-02 2.262841135236559609e-05
6.750000000000005329e+00 2.126857539042248391e-02 5.952650557428107447e-05
6.900000000000005684e+00 2.126051410050422419e-02 1.565001441697910778e-04
7.050000000000006040e+00 2.126051315644872375e-02 4.112217010556751262e-04
7.200000000000006395e+00 2.126857255825598259e-02 1.080121852873761057e-03
7.350000000000006750e+00 2.129281873567379080e-02 2.835421158123407892e-03
7.500000000000007105e+00 2.135770933455205522e-02 7.427752014265820435e-03
7.650000000000007461e+00 2.152867967379279435e-02 1.936225760295806619e-02
7.800000000000007816e+00 2.197817281921743415e-02 4.984499055779179066e-02
7.950000000000008171e+00 2.315951666969340295e-02 1.242926147244065582e-01
8.100000000000008527e+00 2.626425370726792607e-02 2.879864893856101116e-01
8.250000000000008882e+00 3.442421819454466458e-02 5.774566662184841270e-01
8.400000000000009237e+00 5.587021559949789662e-02 9.349174986554904532e-01
8.550000000000009592e+00 1.122353673999896273e-01 1.222947177026779242e+00
8.700000000000009948e+00 2.603496497672495025e-01 1.385492761560105368e+00
8.850000000000010303e+00 6.497126704009588138e-01 1.459076219177893208e+00
9.000000000000010658e+00 1.672065722797270837e+00 1.489027531152044004e+00
9.150000000000011013e+00 4.365509433401783213e+00 1.500906878323195137e+00
9.300000000000011369e+00 1.139351249338248806e+01 1.505221902032815029e+00
9.450000000000011724e+00 3.024473194998728331e+01 1.506750156900246163e+00
9.600000000000012079e+00 7.683131936645372662e+01 1.507464773085947840e+00
9.750000000000012434e+00 2.221670316840929047e+02 1.507482904075788444e+00
9.900000000000012790e+00 4.463168211622598847e+02 1.507409896247360104e+00
1.005000000000001315e+01 7.998866928052743788e+02 1.507452417464937300e+00
1.020000000000001350e+01 7.998866928052743788e+02 1.507452417464937300e+00
1.035000000000001386e+01 7.998866928052743788e+02 1.507452417464937300e+00
1.050000000000001421e+01 7.998866928052743788e+02 1.507452417464937300e+00
1.065000000000001457e+01 7.998866928052743788e+02 1.507452417464937300e+00
1.080000000000001492e+01 7.998866928052743788e+02 1.507452417464937300e+00
1.095000000000001528e+01 7.998866928052743788e+02 1.507452417464937300e+00
1.110000000000001563e+01 7.998866928052743788e+02 1.507452417464937300e+00
1.125000000000001599e+01 7.998866928052743788e+02 1.507452417464937300e+00
1.140000000000001634e+01 7.998866928052743788e+02 1.507452417464937300e+00
1.155000000000001670e+01 7.998866928052743788e+02 1.507452417464937300e+00
1.170000000000001705e+01 7.998866928052743788e+02 1.507452417464937300e+00
1.185000000000001741e+01 7.998866928052743788e+02 1.507452417464937300e+00
1.200000000000001776e+01 7.998866928052743788e+02 1.507452417464937300e+00
1.215000000000001812e+01 7.998866928052743788e+02 1.507452417464937300e+00
1.230000000000001847e+01 7.998866928052743788e+02 1.507452417464937300e+00
1.245000000000001883e+01 7.998866928052743788e+02 1.507452417464937300e+00
1.260000000000001918e+01 7.998866928052743788e+02 1.507452417464937300e+00
1.275000000000001954e+01 7.998866928052743788e+02 1.507452417464937300e+00
1.290000000000001990e+01 7.998866928052743788e+02 1.507452417464937300e+00
1.305000000000002025e+01 7.997703526422601499e+02 1.507299861992386747e+00
1.320000000000002061e+01 7.997703526422601499e+02 1.507299861992386747e+00
1.335000000000002096e+01 7.997703526422601499e+02 1.507299861992386747e+00
1.350000000000002132e+01 7.997703526422601499e+02 1.507299861992386747e+00
1.365000000000002167e+01 7.997703526422601499e+02 1.507299861992386747e+00
1.380000000000002203e+01 7.997703526422601499e+02 1.507299861992386747e+00
1.395000000000002238e+01 7.997703526422601499e+02 1.507299861992386747e+00
1.410000000000002274e+01 7.997703526422601499e+02 1.507299861992386747e+00
1.425000000000002309e+01 7.997703526422601499e+02 1.507299861992386747e+00
1.440000000000002345e+01 7.997703526422601499e+02 1.507299861992386747e+00
1.455000000000002380e+01 7.997703526422601499e+02 1.507299861992386747e+00
1.470000000000002416e+01 7.997703526422601499e+02 1.507299861992386747e+00
1.485000000000002451e+01 7.997703526422601499e+02 1.507299861992386747e+00
1.500000000000002487e+01 7.997703526422601499e+02 1.507299861992386747e+00
1.515000000000002522e+01 7.997703526422601499e+02 1.507299861992386747e+00
1.530000000000002558e+01 7.997703526422601499e+02 1.507299861992386747e+00
1.545000000000002593e+01 7.997703526422601499e+02 1.507299861992386747e+00
1.560000000000002629e+01 7.997703526422601499e+02 1.507299861992386747e+00
1.575000000000002665e+01 7.997703526422601499e+02 1.507299861992386747e+00
1.590000000000002700e+01 7.997703526422601499e+02 1.507299861992386747e+00
