1.499999999999999944e-01 7.999269469946601703e+02 4.321798474649085620e-11
2.999999999999999889e-01 7.999269469946601703e+02 4.321798474649085620e-11
4.499999999999999556e-01 7.999269469946601703e+02 4.321798474649085620e-11
5.999999999999999778e-01 7.999269469946601703e+02 4.321798474649085620e-11
7.500000000000000000e-01 7.999269469946601703e+02 4.321798474649085620e-11
9.000000000000000222e-01 7.999269469946601703e+02 4.321798474649085620e-11
1.050000000000000044e+00 7.999269469946601703e+02 4.321798474649085620e-11
1.199999999999999956e+00 7.999269469946601703e+02 4.321798474649085620e-11
1.349999999999999867e+00 7.999269469946601703e+02 4.321798474649085620e-11
1.499999999999999778e+00 7.999269469946601703e+02 4.321798474649085620e-11
1.649999999999999689e+00 7.999269469946601703e+02 4.321798474649085620e-11
1.799999999999999600e+00 7.999269469946601703e+02 4.321798474649085620e-11
1.949999999999999512e+00 7.999269469946601703e+02 4.321798474649085620e-11
2.099999999999999645e+00 7.999688740866072294e+02 4.330735769997318130e-11
2.249999999999999556e+00 7.999688740866072294e+02 4.330735769997318130e-11
2.399999999999999467e+00 7.999688740866072294e+02 4.330735769997318130e-11
2.549999999999999378e+00 7.999688740866072294e+02 4.330735769997318130e-11
2.699999999999999289e+00 7.999688740866072294e+02 4.330735769997318130e-11
2.849999999999999201e+00 7.999688740866072294e+02 4.330735769997318130e-11
2.999999999999999112e+00 7.999688740866072294e+02 4.330735769997318130e-11
3.149999999999999023e+00 7.999688740866072294e+02 4.330735769997318130e-11
3.299999999999998934e+00 7.999688740866072294e+02 4.330735769997318130e-11
3.449999999999998845e+00 7.999688740866072294e+02 4.330735769997318130e-11
3.599999999999998757e+00 7.999688740866072294e+02 4.330735769997318130e-11
3.749999999999998668e+00 7.999688740866072294e+02 4.330735769997318130e-11
3.899999999999998579e+00 7.999688740866072294e+02 4.330735769997318130e-11
4.049999999999998934e+00 4.672709491495657517e+02 4.327960212435755238e-11
4.199999999999999289e+00 2.608827849086002857e+02 4.308631229577031263e-11
4.349999999999999645e+00 1.047375227148169188e+02 4.313804868871784493e-11
4.500000000000000000e+00 4.730316641088808893e+01 4.305245049351924536e-11
4.650000000000000355e+00 2.073851542981074658e+01 4.268330133783138081e-11
4.800000000000000711e+00 9.278026393567884611e+00 4.207822978941067049e-11
4.950000000000001066e+00 4.223444910545026687e+00 4.065292547039689453e-11
5.100000000000001421e+00 2.009186523870880592e+00 3.809297322021620857e-11
5.250000000000001776e+00 1.037075419218922434e+00 3.458622277463518913e-11
5.400000000000002132e+00 6.105843163421695863e-01 3.447830909664162391e-11
5.550000000000002487e+00 4.234309680363139705e-01 5.014755277699123326e-11
5.700000000000002842e+00 3.413096437583362786e-01 1.075601829825245659e-10
5.850000000000003197e+00 3.052747658070984471e-01 2.569991996992371242e-10
6.000000000000003553e+00 2.894628496183031530e-01 6.101923410994913866e-10
6.150000000000003908e+00 2.825248793033097172e-01 1.419314443751318322e-09
6.300000000000004263e+00 2.794811559826939629e-01 3.263423864474646052e-09
6.450000000000004619e+00 2.781470559277749999e-01 7.473670127211562431e-09
6.600000000000004974e+00 2.775650328489973617e-01 1.704404073432641553e-08
6.750000000000005329e+00 2.773173418333954032e-01 3.882397514587410114e-08
6.900000000000005684e+00 2.772262038954522723e-01 8.852795607694474711e-08
7.050000000000006040e+00 2.772262035414314596e-01 2.014751553369720227e-07
7.200000000000006395e+00 2.773173419514023408e-01 4.583743529185113630e-07
7.350000000000006750e+00 2.775650327309904242e-01 1.043927836286151489e-06
7.500000000000007105e+00 2.781470554557472497e-01 2.370840288978826038e-06
7.650000000000007461e+00 2.794811553926592751e-01 5.369895006546165916e-06
7.800000000000007816e+00 2.825248777692195290e-01 1.210875595658578163e-05
7.950000000000008171e+00 2.894628465501227765e-01 2.689707046155120906e-05
8.100000000000008527e+00 3.052747590807030065e-01 5.804280118615334771e-05
8.250000000000008882e+00 3.413096287714552091e-01 1.183392944469341401e-04
8.400000000000009237e+00 4.234309339323090171e-01 2.170878049082558547e-04
8.550000000000009592e+00 6.105842385165942687e-01 3.426237412708088570e-04
8.700000000000009948e+00 1.037075242061007430e+00 4.598115911692568503e-04
8.850000000000010303e+00 2.009186119947884208e+00 5.401900286317040667e-04
9.000000000000010658e+00 4.223443990695699313e+00 5.846999677199260503e-04
9.150000000000011013e+00 9.278024292432235143e+00 6.072075236607243909e-04
9.300000000000011369e+00 2.073851067508443791e+01 6.167022669281152503e-04
9.450000000000011724e+00 4.730315531493222636e+01 6.205181747972465800e-04
9.600000000000012079e+00 1.047374992070695328e+02 6.227234496630762450e-04
9.750000000000012434e+00 2.608827163828372022e+02 6.227135997961541491e-04
9.900000000000012790e+00 4.672708763488922159e+02 6.224310243798658604e-04
1.005000000000001315e+01 7.999684627118714388e+02 6.225834038509070467e-04
1.020000000000001350e+01 7.999684627118714388e+02 6.225834038509070467e-04
1.035000000000001386e+01 7.999684627118714388e+02 6.225834038509070467e-04
1.050000000000001421e+01 7.999684627118714388e+02 6.225834038509070467e-04
1.065000000000001457e+01 7.999684627118714388e+02 6.225834038509070467e-04
1.080000000000001492e+01 7.999684627118714388e+02 6.225834038509070467e-04
1.095000000000001528e+01 7.999684627118714388e+02 6.225834038509070467e-04
1.110000000000001563e+01 7.999684627118714388e+02 6.225834038509070467e-04
1.125000000000001599e+01 7.999684627118714388e+02 6.225834038509070467e-04
1.140000000000001634e+01 7.999684627118714388e+02 6.225834038509070467e-04
1.155000000000001670e+01 7.999684627118714388e+02 6.225834038509070467e-04
1.170000000000001705e+01 7.999684627118714388e+02 6.225834038509070467e-04
1.185000000000001741e+01 7.999684627118714388e+02 6.225834038509070467e-04
1.200000000000001776e+01 7.999684627118714388e+02 6.225834038509070467e-04
1.215000000000001812e+01 7.999684627118714388e+02 6.225834038509070467e-04
1.230000000000001847e+01 7.999684627118714388e+02 6.225834038509070467e-04
1.245000000000001883e+01 7.999684627118714388e+02 6.225834038509070467e-04
1.260000000000001918e+01 7.999684627118714388e+02 6.225834038509070467e-04
1.275000000000001954e+01 7.999684627118714388e+02 6.225834038509070467e-04
1.290000000000001990e+01 7.999684627118714388e+02 6.225834038509070467e-04
1.305000000000002025e+01 7.999259814862783742e+02 6.220190954310256259e-04
1.320000000000002061e+01 7.999259814862783742e+02 6.220190954310256259e-04
1.335000000000002096e+01 7.999259814862783742e+02 6.220190954310256259e-04
1.350000000000002132e+01 7.999259814862783742e+02 6.220190954310256259e-04
1.365000000000002167e+01 7.999259814862783742e+02 6.220190954310256259e-04
1.380000000000002203e+01 7.999259814862783742e+02 6.220190954310256259e-04
1.395000000000002238e+01 7.999259814862783742e+02 6.220190954310256259e-04
1.410000000000002274e+01 7.999259814862783742e+02 6.220190954310256259e-04
1.425000000000002309e+01 7.999259814862783742e+02 6.220190954310256259e-04
1.440000000000002345e+01 7.999259814862783742e+02 6.220190954310256259e-04
1.455000000000002380e+01 7.999259814862783742e+02 6.220190954310256259e-04
1.470000000000002416e+01 7.999259814862783742e+02 6.220190954310256259e-04
1.485000000000002451e+01 7.999259814862783742e+02 6.220190954310256259e-04
1.500000000000002487e+01 7.999259814862783742e+02 6.220190954310256259e-04
1.515000000000002522e+01 7.999259814862783742e+02 6.220190954310256259e-04
1.530000000000002558e+01 7.999259814862783742e+02 6.220190954310256259e-04
1.545000000000002593e+01 7.999259814862783742e+02 6.220190954310256259e-04
1.560000000000002629e+01 7.999259814862783742e+02 6.220190954310256259e-04
1.575000000000002665e+01 7.999259814862783742e+02 6.220190954310256259e-04
1.590000000000002700e+01 7.999259814862783742e+02 6.220190954310256259e-04
