1.499999999999999944e-01 7.999998923587211266e+02 1.437669815240738558e-04
2.999999999999999889e-01 7.999998923587211266e+02 1.437669815240738558e-04
4.499999999999999556e-01 7.999998923587211266e+02 1.437669815240738558e-04
5.999999999999999778e-01 7.999998923587211266e+02 1.437669815240738558e-04
7.500000000000000000e-01 7.999998923587211266e+02 1.437669815240738558e-04
9.000000000000000222e-01 7.999998923587211266e+02 1.437669815240738558e-04
1.050000000000000044e+00 7.999998923587211266e+02 1.437669815240738558e-04
1.199999999999999956e+00 7.999998923587211266e+02 1.437669815240738558e-04
1.349999999999999867e+00 7.999998923587211266e+02 1.437669815240738558e-04
1.499999999999999778e+00 7.999998923587211266e+02 1.437669815240738558e-04
1.649999999999999689e+00 7.999998923587211266e+02 1.437669815240738558e-04
1.799999999999999600e+00 7.999998923587211266e+02 1.437669815240738558e-04
1.949999999999999512e+00 7.999998923587211266e+02 1.437669815240738558e-04
2.099999999999999645e+00 7.999999803142837891e+02 1.440077263189509793e-04
2.249999999999999556e+00 7.999999803142837891e+02 1.440077263189509793e-04
2.399999999999999467e+00 7.999999803142837891e+02 1.440077263189509793e-04
2.549999999999999378e+00 7.999999803142837891e+02 1.440077263189509793e-04
2.699999999999999289e+00 7.999999803142837891e+02 1.440077263189509793e-04
2.849999999999999201e+00 7.999999803142837891e+02 1.440077263189509793e-04
2.999999999999999112e+00 7.999999803142837891e+02 1.440077263189509793e-04
3.149999999999999023e+00 7.999999803142837891e+02 1.440077263189509793e-04
3.299999999999998934e+00 7.999999803142837891e+02 1.440077263189509793e-04
3.449999999999998845e+00 7.999999803142837891e+02 1.440077263189509793e-04
3.599999999999998757e+00 7.999999803142837891e+02 1.440077263189509793e-04
3.749999999999998668e+00 7.999999803142837891e+02 1.440077263189509793e-04
3.899999999999998579e+00 7.999999803142837891e+02 1.440077263189509793e-04
4.049999999999998934e+00 5.119994667153499108e+02 1.455721696623779593e-04
4.199999999999999289e+00 4.377987840208214720e+02 1.531058179831124022e-04
4.349999999999999645e+00 3.572615667162772297e+02 1.701718061190016229e-04
4.500000000000000000e+00 3.331223729575112316e+02 1.912032198783109038e-04
4.650000000000000355e+00 3.216103092569878754e+02 2.153840736439649461e-04
4.800000000000000711e+00 3.166945663512009332e+02 2.405162225330714776e-04
4.950000000000001066e+00 3.144787769666256168e+02 2.661691170358082559e-04
5.100000000000001421e+00 3.134874218437487343e+02 2.922737694945887199e-04
5.250000000000001776e+00 3.130409556000788029e+02 3.181077552961708577e-04
5.400000000000002132e+00 3.128399094605308051e+02 3.438589001268921308e-04
5.550000000000002487e+00 3.127492957394959490e+02 3.698583470576055632e-04
5.700000000000002842e+00 3.127084506287367844e+02 3.953635671889443870e-04
5.850000000000003197e+00 3.126900366906601789e+02 4.207050856774863234e-04
6.000000000000003553e+00 3.126817350350639231e+02 4.463197765517401550e-04
6.150000000000003908e+00 3.126779924298700166e+02 4.713238404215891464e-04
6.300000000000004263e+00 3.126763055223176480e+02 4.961312272084850150e-04
6.450000000000004619e+00 3.126755460021745421e+02 5.212570529768978389e-04
6.600000000000004974e+00 3.126752058616106638e+02 5.456674919582793493e-04
6.750000000000005329e+00 3.126750575976025743e+02 5.698532460766125851e-04
6.900000000000005684e+00 3.126750020440330786e+02 5.944035324106922147e-04
7.050000000000006040e+00 3.126750020440341586e+02 6.181369877134024193e-04
7.200000000000006395e+00 3.126750575976052460e+02 6.416188998218386175e-04
7.350000000000006750e+00 3.126752058616150407e+02 6.655103436282727714e-04
7.500000000000007105e+00 3.126755460021809085e+02 6.884863605536306608e-04
7.650000000000007461e+00 3.126763055223257197e+02 7.111847998921838609e-04
7.800000000000007816e+00 3.126779924298792821e+02 7.343362239407014158e-04
7.950000000000008171e+00 3.126817350350741549e+02 7.564764223629838469e-04
8.100000000000008527e+00 3.126900366906703539e+02 7.783132046927931924e-04
8.250000000000008882e+00 3.127084506287444015e+02 8.006432123187634531e-04
8.400000000000009237e+00 3.127492957394966879e+02 8.218660313152881258e-04
8.550000000000009592e+00 3.128399094605127289e+02 8.427527075751672925e-04
8.700000000000009948e+00 3.130409556000175826e+02 8.641537882940752979e-04
8.850000000000010303e+00 3.134874218435900275e+02 8.843178574113874646e-04
9.000000000000010658e+00 3.144787769662475512e+02 9.040318272158787138e-04
9.150000000000011013e+00 3.166945663503269088e+02 9.241040547137702177e-04
9.300000000000011369e+00 3.216103092550196152e+02 9.424249833746012328e-04
9.450000000000011724e+00 3.331223729527955584e+02 9.594486945172508996e-04
9.600000000000012079e+00 3.572615667065387015e+02 9.749181993612410224e-04
9.750000000000012434e+00 4.377987839842623998e+02 9.861041718030039149e-04
9.900000000000012790e+00 5.119994666896483295e+02 9.905972664250306536e-04
1.005000000000001315e+01 7.999999798361668581e+02 9.917037283970753236e-04
1.020000000000001350e+01 7.999999798361668581e+02 9.917037283970753236e-04
1.035000000000001386e+01 7.999999798361668581e+02 9.917037283970753236e-04
1.050000000000001421e+01 7.999999798361668581e+02 9.917037283970753236e-04
1.065000000000001457e+01 7.999999798361668581e+02 9.917037283970753236e-04
1.080000000000001492e+01 7.999999798361668581e+02 9.917037283970753236e-04
1.095000000000001528e+01 7.999999798361668581e+02 9.917037283970753236e-04
1.110000000000001563e+01 7.999999798361668581e+02 9.917037283970753236e-04
1.125000000000001599e+01 7.999999798361668581e+02 9.917037283970753236e-04
1.140000000000001634e+01 7.999999798361668581e+02 9.917037283970753236e-04
1.155000000000001670e+01 7.999999798361668581e+02 9.917037283970753236e-04
1.170000000000001705e+01 7.999999798361668581e+02 9.917037283970753236e-04
1.185000000000001741e+01 7.999999798361668581e+02 9.917037283970753236e-04
1.200000000000001776e+01 7.999999798361668581e+02 9.917037283970753236e-04
1.215000000000001812e+01 7.999999798361668581e+02 9.917037283970753236e-04
1.230000000000001847e+01 7.999999798361668581e+02 9.917037283970753236e-04
1.245000000000001883e+01 7.999999798361668581e+02 9.917037283970753236e-04
1.260000000000001918e+01 7.999999798361668581e+02 9.917037283970753236e-04
1.275000000000001954e+01 7.999999798361668581e+02 9.917037283970753236e-04
1.290000000000001990e+01 7.999999798361668581e+02 9.917037283970753236e-04
1.305000000000002025e+01 7.999998897443831538e+02 9.913120747947479217e-04
1.320000000000002061e+01 7.999998897443831538e+02 9.913120747947479217e-04
1.335000000000002096e+01 7.999998897443831538e+02 9.913120747947479217e-04
1.350000000000002132e+01 7.999998897443831538e+02 9.913120747947479217e-04
1.365000000000002167e+01 7.999998897443831538e+02 9.913120747947479217e-04
1.380000000000002203e+01 7.999998897443831538e+02 9.913120747947479217e-04
1.395000000000002238e+01 7.999998897443831538e+02 9.913120747947479217e-04
1.410000000000002274e+01 7.999998897443831538e+02 9.913120747947479217e-04
1.425000000000002309e+01 7.999998897443831538e+02 9.913120747947479217e-04
1.440000000000002345e+01 7.999998897443831538e+02 9.913120747947479217e-04
1.455000000000002380e+01 7.999998897443831538e+02 9.913120747947479217e-04
1.470000000000002416e+01 7.999998897443831538e+02 9.913120747947479217e-04
1.485000000000002451e+01 7.999998897443831538e+02 9.913120747947479217e-04
1.500000000000002487e+01 7.999998897443831538e+02 9.913120747947479217e-04
1.515000000000002522e+01 7.999998897443831538e+02 9.913120747947479217e-04
1.530000000000002558e+01 7.999998897443831538e+02 9.913120747947479217e-04
1.545000000000002593e+01 7.999998897443831538e+02 9.913120747947479217e-04
1.560000000000002629e+01 7.999998897443831538e+02 9.913120747947479217e-04
1.575000000000002665e+01 7.999998897443831538e+02 9.913120747947479217e-04
1.590000000000002700e+01 7.999998897443831538e+02 9.913120747947479217e-04
