1.499999999999999944e-01 7.999769566270454106e+02 2.524158659866770904e-11
2.999999999999999889e-01 7.999769566270454106e+02 2.524158659866770904e-11
4.499999999999999556e-01 7.999769566270454106e+02 2.524158659866770904e-11
5.999999999999999778e-01 7.999769566270454106e+02 2.524158659866770904e-11
7.500000000000000000e-01 7.999769566270454106e+02 2.524158659866770904e-11
9.000000000000000222e-01 7.999769566270454106e+02 2.524158659866770904e-11
1.050000000000000044e+00 7.999769566270454106e+02 2.524158659866770904e-11
1.199999999999999956e+00 7.999769566270454106e+02 2.524158659866770904e-11
1.349999999999999867e+00 7.999769566270454106e+02 2.524158659866770904e-11
1.499999999999999778e+00 7.999769566270454106e+02 2.524158659866770904e-11
1.649999999999999689e+00 7.999769566270454106e+02 2.524158659866770904e-11
1.799999999999999600e+00 7.999769566270454106e+02 2.524158659866770904e-11
1.949999999999999512e+00 7.999769566270454106e+02 2.524158659866770904e-11
2.099999999999999645e+00 7.999915573415760264e+02 2.523392605979779546e-11
2.249999999999999556e+00 7.999915573415760264e+02 2.523392605979779546e-11
2.399999999999999467e+00 7.999915573415760264e+02 2.523392605979779546e-11
2.549999999999999378e+00 7.999915573415760264e+02 2.523392605979779546e-11
2.699999999999999289e+00 7.999915573415760264e+02 2.523392605979779546e-11
2.849999999999999201e+00 7.999915573415760264e+02 2.523392605979779546e-11
2.999999999999999112e+00 7.999915573415760264e+02 2.523392605979779546e-11
3.149999999999999023e+00 7.999915573415760264e+02 2.523392605979779546e-11
3.299999999999998934e+00 7.999915573415760264e+02 2.523392605979779546e-11
3.449999999999998845e+00 7.999915573415760264e+02 2.523392605979779546e-11
3.599999999999998757e+00 7.999915573415760264e+02 2.523392605979779546e-11
3.749999999999998668e+00 7.999915573415760264e+02 2.523392605979779546e-11
3.899999999999998579e+00 7.999915573415760264e+02 2.523392605979779546e-11
4.049999999999998934e+00 4.825749505642814370e+02 2.526379105916021217e-11
4.199999999999999289e+00 2.993241047666239751e+02 2.537570154004242795e-11
4.349999999999999645e+00 1.392655739817634810e+02 2.522793085546481962e-11
4.500000000000000000e+00 7.237511671518660705e+01 2.534128462627904810e-11
4.650000000000000355e+00 3.688148882180258425e+01 2.546696187266661582e-11
4.800000000000000711e+00 1.908557292042045361e+01 2.640510032847487309e-11
4.950000000000001066e+00 9.991893401913031880e+00 3.003242099453018454e-11
5.100000000000001421e+00 5.365315143599261205e+00 4.436817580000251837e-11
5.250000000000001776e+00 3.007926073618193641e+00 9.593636995930410194e-11
5.400000000000002132e+00 1.807175926650529618e+00 2.624974682063907494e-10
5.550000000000002487e+00 1.195493609182051387e+00 7.411338209806217492e-10
5.700000000000002842e+00 8.839013986752775054e-01 1.936603544194781534e-09
5.850000000000003197e+00 7.251758662221732266e-01 4.608482928603052642e-09
6.000000000000003553e+00 6.443244954634792521e-01 1.017447082141131887e-08
6.150000000000003908e+00 6.031474024285898849e-01 2.129060971967078331e-08
6.300000000000004263e+00 5.821897090577294875e-01 4.321369095894311840e-08
6.450000000000004619e+00 5.715495633801310760e-01 8.642090232324761701e-08
6.600000000000004974e+00 5.661998332737994133e-01 1.709232018143325149e-07
6.750000000000005329e+00 5.636129409469958773e-01 3.364267530114872784e-07
6.900000000000005684e+00 5.625666615828777140e-01 6.617463644831289571e-07
7.050000000000006040e+00 5.625666615238742452e-01 1.296559295149712909e-06
7.200000000000006395e+00 5.636129408289889398e-01 2.535632126599018932e-06
7.350000000000006750e+00 5.661998329787820694e-01 4.955547788898506667e-06
7.500000000000007105e+00 5.715495627310929194e-01 9.618522039511745447e-06
7.650000000000007461e+00 5.821897079366635808e-01 1.850114296375604539e-05
7.800000000000007816e+00 6.031474001274546026e-01 3.506177086232131757e-05
7.950000000000008171e+00 6.443244909202121562e-01 6.430630370868328782e-05
8.100000000000008527e+00 7.251758573421511755e-01 1.119478413231789204e-04
8.250000000000008882e+00 8.839013809447351377e-01 1.803223999793379662e-04
8.400000000000009237e+00 1.195493574517513480e+00 2.612203530600876178e-04
8.550000000000009592e+00 1.807175858575277516e+00 3.385762756309418364e-04
8.700000000000009948e+00 3.007925939975336860e+00 3.993752972324404737e-04
8.850000000000010303e+00 5.365314881210835551e+00 4.387062281122622309e-04
9.000000000000010658e+00 9.991892887034012460e+00 4.615091098658652413e-04
9.150000000000011013e+00 1.908557190783242419e+01 4.746344438840699453e-04
9.300000000000011369e+00 3.688148684266121791e+01 4.806391075297122839e-04
9.450000000000011724e+00 7.237511273802229539e+01 4.833157569095192230e-04
9.600000000000012079e+00 1.392655666118404838e+02 4.852273063253864649e-04
9.750000000000012434e+00 2.993240855040411361e+02 4.851646179656610158e-04
9.900000000000012790e+00 4.825749331057112386e+02 4.848702111655001090e-04
1.005000000000001315e+01 7.999914368599030468e+02 4.850182483776555031e-04
1.020000000000001350e+01 7.999914368599030468e+02 4.850182483776555031e-04
1.035000000000001386e+01 7.999914368599030468e+02 4.850182483776555031e-04
1.050000000000001421e+01 7.999914368599030468e+02 4.850182483776555031e-04
1.065000000000001457e+01 7.999914368599030468e+02 4.850182483776555031e-04
1.080000000000001492e+01 7.999914368599030468e+02 4.850182483776555031e-04
1.095000000000001528e+01 7.999914368599030468e+02 4.850182483776555031e-04
1.110000000000001563e+01 7.999914368599030468e+02 4.850182483776555031e-04
1.125000000000001599e+01 7.999914368599030468e+02 4.850182483776555031e-04
1.140000000000001634e+01 7.999914368599030468e+02 4.850182483776555031e-04
1.155000000000001670e+01 7.999914368599030468e+02 4.850182483776555031e-04
1.170000000000001705e+01 7.999914368599030468e+02 4.850182483776555031e-04
1.185000000000001741e+01 7.999914368599030468e+02 4.850182483776555031e-04
1.200000000000001776e+01 7.999914368599030468e+02 4.850182483776555031e-04
1.215000000000001812e+01 7.999914368599030468e+02 4.850182483776555031e-04
1.230000000000001847e+01 7.999914368599030468e+02 4.850182483776555031e-04
1.245000000000001883e+01 7.999914368599030468e+02 4.850182483776555031e-04
1.260000000000001918e+01 7.999914368599030468e+02 4.850182483776555031e-04
1.275000000000001954e+01 7.999914368599030468e+02 4.850182483776555031e-04
1.290000000000001990e+01 7.999914368599030468e+02 4.850182483776555031e-04
1.305000000000002025e+01 7.999766277841707733e+02 4.844502250721527403e-04
1.320000000000002061e+01 7.999766277841707733e+02 4.844502250721527403e-04
1.335000000000002096e+01 7.999766277841707733e+02 4.844502250721527403e-04
1.350000000000002132e+01 7.999766277841707733e+02 4.844502250721527403e-04
1.365000000000002167e+01 7.999766277841707733e+02 4.844502250721527403e-04
1.380000000000002203e+01 7.999766277841707733e+02 4.844502250721527403e-04
1.395000000000002238e+01 7.999766277841707733e+02 4.844502250721527403e-04
1.410000000000002274e+01 7.999766277841707733e+02 4.844502250721527403e-04
1.425000000000002309e+01 7.999766277841707733e+02 4.844502250721527403e-04
1.440000000000002345e+01 7.999766277841707733e+02 4.844502250721527403e-04
1.455000000000002380e+01 7.999766277841707733e+02 4.844502250721527403e-04
1.470000000000002416e+01 7.999766277841707733e+02 4.844502250721527403e-04
1.485000000000002451e+01 7.999766277841707733e+02 4.844502250721527403e-04
1.500000000000002487e+01 7.999766277841707733e+02 4.844502250721527403e-04
1.515000000000002522e+01 7.999766277841707733e+02 4.844502250721527403e-04
1.530000000000002558e+01 7.999766277841707733e+02 4.844502250721527403e-04
1.545000000000002593e+01 7.999766277841707733e+02 4.844502250721527403e-04
1.560000000000002629e+01 7.999766277841707733e+02 4.844502250721527403e-04
1.575000000000002665e+01 7.999766277841707733e+02 4.844502250721527403e-04
1.590000000000002700e+01 7.999766277841707733e+02 4.844502250721527403e-04
