1.499999999999999944e-01 7.999995867572284851e+02 4.265120128521537879e-05
2.999999999999999889e-01 7.999995867572284851e+02 4.265120128521537879e-05
4.499999999999999556e-01 7.999995867572284851e+02 4.265120128521537879e-05
5.999999999999999778e-01 7.999995867572284851e+02 4.265120128521537879e-05
7.500000000000000000e-01 7.999995867572284851e+02 4.265120128521537879e-05
9.000000000000000222e-01 7.999995867572284851e+02 4.265120128521537879e-05
1.050000000000000044e+00 7.999995867572284851e+02 4.265120128521537879e-05
1.199999999999999956e+00 7.999995867572284851e+02 4.265120128521537879e-05
1.349999999999999867e+00 7.999995867572284851e+02 4.265120128521537879e-05
1.499999999999999778e+00 7.999995867572284851e+02 4.265120128521537879e-05
1.649999999999999689e+00 7.999995867572284851e+02 4.265120128521537879e-05
1.799999999999999600e+00 7.999995867572284851e+02 4.265120128521537879e-05
1.949999999999999512e+00 7.999995867572284851e+02 4.265120128521537879e-05
2.099999999999999645e+00 7.999999104616656496e+02 4.270058579913804664e-05
2.249999999999999556e+00 7.999999104616656496e+02 4.270058579913804664e-05
2.399999999999999467e+00 7.999999104616656496e+02 4.270058579913804664e-05
2.549999999999999378e+00 7.999999104616656496e+02 4.270058579913804664e-05
2.699999999999999289e+00 7.999999104616656496e+02 4.270058579913804664e-05
2.849999999999999201e+00 7.999999104616656496e+02 4.270058579913804664e-05
2.999999999999999112e+00 7.999999104616656496e+02 4.270058579913804664e-05
3.149999999999999023e+00 7.999999104616656496e+02 4.270058579913804664e-05
3.299999999999998934e+00 7.999999104616656496e+02 4.270058579913804664e-05
3.449999999999998845e+00 7.999999104616656496e+02 4.270058579913804664e-05
3.599999999999998757e+00 7.999999104616656496e+02 4.270058579913804664e-05
3.749999999999998668e+00 7.999999104616656496e+02 4.270058579913804664e-05
3.899999999999998579e+00 7.999999104616656496e+02 4.270058579913804664e-05
4.049999999999998934e+00 5.084682576166738386e+02 4.314347230671700117e-05
4.199999999999999289e+00 4.136639107188675553e+02 4.541041506134213535e-05
4.349999999999999645e+00 3.115810642814197422e+02 5.110438827260477268e-05
4.500000000000000000e+00 2.733206655513059786e+02 5.918023899609270444e-05
4.650000000000000355e+00 2.517010480486659674e+02 6.961363952906474140e-05
4.800000000000000711e+00 2.400282514042247897e+02 8.133487792760796253e-05
4.950000000000001066e+00 2.333878653956385278e+02 9.398319245412789513e-05
5.100000000000001421e+00 2.295752892311752760e+02 1.073992575941762340e-04
5.250000000000001776e+00 2.273628047506070402e+02 1.209445148140364523e-04
5.400000000000002132e+00 2.260726863839344105e+02 1.346590335763453439e-04
5.550000000000002487e+00 2.253180357947267964e+02 1.487502628638726065e-04
5.700000000000002842e+00 2.248758417804426699e+02 1.625937133904464815e-04
5.850000000000003197e+00 2.246164838622146078e+02 1.764259744249097039e-04
6.000000000000003553e+00 2.244643088808515188e+02 1.906081599054587628e-04
6.150000000000003908e+00 2.243750547242419771e+02 2.043896014798374239e-04
6.300000000000004263e+00 2.243228043326643615e+02 2.181157441855097190e-04
6.450000000000004619e+00 2.242924005169750785e+02 2.322459329111570270e-04
6.600000000000004974e+00 2.242750285930199254e+02 2.458707921642044880e-04
6.750000000000005329e+00 2.242656537652763404e+02 2.594246408845757301e-04
6.900000000000005684e+00 2.242615594934490844e+02 2.734524309624397631e-04
7.050000000000006040e+00 2.242615594934463275e+02 2.868807495902681026e-04
7.200000000000006395e+00 2.242656537652672455e+02 3.002278114438983181e-04
7.350000000000006750e+00 2.242750285930030998e+02 3.141204473646741491e-04
7.500000000000007105e+00 2.242924005169461452e+02 3.273214479987407444e-04
7.650000000000007461e+00 2.243228043326165277e+02 3.404302967096040078e-04
7.800000000000007816e+00 2.243750547241622257e+02 3.541526019672502912e-04
7.950000000000008171e+00 2.244643088807188747e+02 3.670872692382864955e-04
8.100000000000008527e+00 2.246164838619925490e+02 3.799098134987799469e-04
8.250000000000008882e+00 2.248758417800690665e+02 3.933964228592934376e-04
8.400000000000009237e+00 2.253180357940956071e+02 4.059740745359086134e-04
8.550000000000009592e+00 2.260726863828626563e+02 4.183744374257614140e-04
8.700000000000009948e+00 2.273628047487800075e+02 4.314112285911386735e-04
8.850000000000010303e+00 2.295752892280433741e+02 4.432937064231534663e-04
9.000000000000010658e+00 2.333878653902331166e+02 4.547268475102450580e-04
9.150000000000011013e+00 2.400282513947605025e+02 4.664336508048982921e-04
9.300000000000011369e+00 2.517010480319065664e+02 4.762298259289865499e-04
9.450000000000011724e+00 2.733206655194922519e+02 4.846031406577910872e-04
9.600000000000012079e+00 3.115810642251602758e+02 4.918748181129695141e-04
9.750000000000012434e+00 4.136639105467957620e+02 4.958623603703582461e-04
9.900000000000012790e+00 5.084682574927214773e+02 4.970895220154369909e-04
1.005000000000001315e+01 7.999999086541547513e+02 4.975196658972835806e-04
1.020000000000001350e+01 7.999999086541547513e+02 4.975196658972835806e-04
1.035000000000001386e+01 7.999999086541547513e+02 4.975196658972835806e-04
1.050000000000001421e+01 7.999999086541547513e+02 4.975196658972835806e-04
1.065000000000001457e+01 7.999999086541547513e+02 4.975196658972835806e-04
1.080000000000001492e+01 7.999999086541547513e+02 4.975196658972835806e-04
1.095000000000001528e+01 7.999999086541547513e+02 4.975196658972835806e-04
1.110000000000001563e+01 7.999999086541547513e+02 4.975196658972835806e-04
1.125000000000001599e+01 7.999999086541547513e+02 4.975196658972835806e-04
1.140000000000001634e+01 7.999999086541547513e+02 4.975196658972835806e-04
1.155000000000001670e+01 7.999999086541547513e+02 4.975196658972835806e-04
1.170000000000001705e+01 7.999999086541547513e+02 4.975196658972835806e-04
1.185000000000001741e+01 7.999999086541547513e+02 4.975196658972835806e-04
1.200000000000001776e+01 7.999999086541547513e+02 4.975196658972835806e-04
1.215000000000001812e+01 7.999999086541547513e+02 4.975196658972835806e-04
1.230000000000001847e+01 7.999999086541547513e+02 4.975196658972835806e-04
1.245000000000001883e+01 7.999999086541547513e+02 4.975196658972835806e-04
1.260000000000001918e+01 7.999999086541547513e+02 4.975196658972835806e-04
1.275000000000001954e+01 7.999999086541547513e+02 4.975196658972835806e-04
1.290000000000001990e+01 7.999999086541547513e+02 4.975196658972835806e-04
1.305000000000002025e+01 7.999995784150942200e+02 4.969975322040021126e-04
1.320000000000002061e+01 7.999995784150942200e+02 4.969975322040021126e-04
1.335000000000002096e+01 7.999995784150942200e+02 4.969975322040021126e-04
1.350000000000002132e+01 7.999995784150942200e+02 4.969975322040021126e-04
1.365000000000002167e+01 7.999995784150942200e+02 4.969975322040021126e-04
1.380000000000002203e+01 7.999995784150942200e+02 4.969975322040021126e-04
1.395000000000002238e+01 7.999995784150942200e+02 4.969975322040021126e-04
1.410000000000002274e+01 7.999995784150942200e+02 4.969975322040021126e-04
1.425000000000002309e+01 7.999995784150942200e+02 4.969975322040021126e-04
1.440000000000002345e+01 7.999995784150942200e+02 4.969975322040021126e-04
1.455000000000002380e+01 7.999995784150942200e+02 4.969975322040021126e-04
1.470000000000002416e+01 7.999995784150942200e+02 4.969975322040021126e-04
1.485000000000002451e+01 7.999995784150942200e+02 4.969975322040021126e-04
1.500000000000002487e+01 7.999995784150942200e+02 4.969975322040021126e-04
1.515000000000002522e+01 7.999995784150942200e+02 4.969975322040021126e-04
1.530000000000002558e+01 7.999995784150942200e+02 4.969975322040021126e-04
1.545000000000002593e+01 7.999995784150942200e+02 4.969975322040021126e-04
1.560000000000002629e+01 7.999995784150942200e+02 4.969975322040021126e-04
1.575000000000002665e+01 7.999995784150942200e+02 4.969975322040021126e-04
1.590000000000002700e+01 7.999995784150942200e+02 4.969975322040021126e-04
