1.499999999999999944e-01 7.999992539000868419e+02 1.831543942687474669e-05
2.999999999999999889e-01 7.999992539000868419e+02 1.831543942687474669e-05
4.499999999999999556e-01 7.999992539000868419e+02 1.831543942687474669e-05
5.999999999999999778e-01 7.999992539000868419e+02 1.831543942687474669e-05
7.500000000000000000e-01 7.999992539000868419e+02 1.831543942687474669e-05
9.000000000000000222e-01 7.999992539000868419e+02 1.831543942687474669e-05
1.050000000000000044e+00 7.999992539000868419e+02 1.831543942687474669e-05
1.199999999999999956e+00 7.999992539000868419e+02 1.831543942687474669e-05
1.349999999999999867e+00 7.999992539000868419e+02 1.831543942687474669e-05
1.499999999999999778e+00 7.999992539000868419e+02 1.831543942687474669e-05
1.649999999999999689e+00 7.999992539000868419e+02 1.831543942687474669e-05
1.799999999999999600e+00 7.999992539000868419e+02 1.831543942687474669e-05
1.949999999999999512e+00 7.999992539000868419e+02 1.831543942687474669e-05
2.099999999999999645e+00 7.999998255849922089e+02 1.833308565357683051e-05
2.249999999999999556e+00 7.999998255849922089e+02 1.833308565357683051e-05
2.399999999999999467e+00 7.999998255849922089e+02 1.833308565357683051e-05
2.549999999999999378e+00 7.999998255849922089e+02 1.833308565357683051e-05
2.699999999999999289e+00 7.999998255849922089e+02 1.833308565357683051e-05
2.849999999999999201e+00 7.999998255849922089e+02 1.833308565357683051e-05
2.999999999999999112e+00 7.999998255849922089e+02 1.833308565357683051e-05
3.149999999999999023e+00 7.999998255849922089e+02 1.833308565357683051e-05
3.299999999999998934e+00 7.999998255849922089e+02 1.833308565357683051e-05
3.449999999999998845e+00 7.999998255849922089e+02 1.833308565357683051e-05
3.599999999999998757e+00 7.999998255849922089e+02 1.833308565357683051e-05
3.749999999999998668e+00 7.999998255849922089e+02 1.833308565357683051e-05
3.899999999999998579e+00 7.999998255849922089e+02 1.833308565357683051e-05
4.049999999999998934e+00 5.063677930230413153e+02 1.852060411511313731e-05
4.199999999999999289e+00 4.004129904744869464e+02 1.951328482618919224e-05
4.349999999999999645e+00 2.863271515240951999e+02 2.218886767557659567e-05
4.500000000000000000e+00 2.388677772463263409e+02 2.639308722296451748e-05
4.650000000000000355e+00 2.095868347012860227e+02 3.240020487260686366e-05
4.800000000000000711e+00 1.917669873068541904e+02 3.980394529756736688e-05
4.950000000000001066e+00 1.802587314464763324e+02 4.844112940827205449e-05
5.100000000000001421e+00 1.726637010215457906e+02 5.818566674009595374e-05
5.250000000000001776e+00 1.675589656384844091e+02 6.855617599244023808e-05
5.400000000000002132e+00 1.640890865718171767e+02 7.948082921138688306e-05
5.550000000000002487e+00 1.617121459611108207e+02 9.103256722686747793e-05
5.700000000000002842e+00 1.600757422521061812e+02 1.026962025740818518e-04
5.850000000000003197e+00 1.589458884458710486e+02 1.145844007471863435e-04
6.000000000000003553e+00 1.581651027312616691e+02 1.269458362149755715e-04
6.150000000000003908e+00 1.576264832735191987e+02 1.391645423477472221e-04
6.300000000000004263e+00 1.572571973158722471e+02 1.514895300847030057e-04
6.450000000000004619e+00 1.570077384220533645e+02 1.642968146111645211e-04
6.600000000000004974e+00 1.568448610621256023e+02 1.768195897243751702e-04
6.750000000000005329e+00 1.567469439936130300e+02 1.894142846605717523e-04
6.900000000000005684e+00 1.567010216399069407e+02 2.025611987945818981e-04
7.050000000000006040e+00 1.567010216398601585e+02 2.153191012123079062e-04
7.200000000000006395e+00 1.567469439934657771e+02 2.281396245509270670e-04
7.350000000000006750e+00 1.568448610618598593e+02 2.415974141679599896e-04
7.500000000000007105e+00 1.570077384216361907e+02 2.545627650104576034e-04
7.650000000000007461e+00 1.572571973152497264e+02 2.675743451930889805e-04
7.800000000000007816e+00 1.576264832726113241e+02 2.812915805249227574e-04
7.950000000000008171e+00 1.581651027299500072e+02 2.943793559500029744e-04
8.100000000000008527e+00 1.589458884439824828e+02 3.074473535197297380e-04
8.250000000000008882e+00 1.600757422493848878e+02 3.212165179122816738e-04
8.400000000000009237e+00 1.617121459571797288e+02 3.341121944032687807e-04
8.550000000000009592e+00 1.640890865661131954e+02 3.467727092067995898e-04
8.700000000000009948e+00 1.675589656301501691e+02 3.599208417056631859e-04
8.850000000000010303e+00 1.726637010092487685e+02 3.716754133414879036e-04
9.000000000000010658e+00 1.802587314280770556e+02 3.826209566629712455e-04
9.150000000000011013e+00 1.917669872786972007e+02 3.933940059035467840e-04
9.300000000000011369e+00 2.095868346570926519e+02 4.017755873043649117e-04
9.450000000000011724e+00 2.388677771714079654e+02 4.083584598078005001e-04
9.600000000000012079e+00 2.863271514014917329e+02 4.137936184539503515e-04
9.750000000000012434e+00 4.004129901332023564e+02 4.162110821516185055e-04
9.900000000000012790e+00 5.063677927749420746e+02 4.167780372376084230e-04
1.005000000000001315e+01 7.999998223434217834e+02 4.170775129550552407e-04
1.020000000000001350e+01 7.999998223434217834e+02 4.170775129550552407e-04
1.035000000000001386e+01 7.999998223434217834e+02 4.170775129550552407e-04
1.050000000000001421e+01 7.999998223434217834e+02 4.170775129550552407e-04
1.065000000000001457e+01 7.999998223434217834e+02 4.170775129550552407e-04
1.080000000000001492e+01 7.999998223434217834e+02 4.170775129550552407e-04
1.095000000000001528e+01 7.999998223434217834e+02 4.170775129550552407e-04
1.110000000000001563e+01 7.999998223434217834e+02 4.170775129550552407e-04
1.125000000000001599e+01 7.999998223434217834e+02 4.170775129550552407e-04
1.140000000000001634e+01 7.999998223434217834e+02 4.170775129550552407e-04
1.155000000000001670e+01 7.999998223434217834e+02 4.170775129550552407e-04
1.170000000000001705e+01 7.999998223434217834e+02 4.170775129550552407e-04
1.185000000000001741e+01 7.999998223434217834e+02 4.170775129550552407e-04
1.200000000000001776e+01 7.999998223434217834e+02 4.170775129550552407e-04
1.215000000000001812e+01 7.999998223434217834e+02 4.170775129550552407e-04
1.230000000000001847e+01 7.999998223434217834e+02 4.170775129550552407e-04
1.245000000000001883e+01 7.999998223434217834e+02 4.170775129550552407e-04
1.260000000000001918e+01 7.999998223434217834e+02 4.170775129550552407e-04
1.275000000000001954e+01 7.999998223434217834e+02 4.170775129550552407e-04
1.290000000000001990e+01 7.999998223434217834e+02 4.170775129550552407e-04
1.305000000000002025e+01 7.999992400335321463e+02 4.165310966306456919e-04
1.320000000000002061e+01 7.999992400335321463e+02 4.165310966306456919e-04
1.335000000000002096e+01 7.999992400335321463e+02 4.165310966306456919e-04
1.350000000000002132e+01 7.999992400335321463e+02 4.165310966306456919e-04
1.365000000000002167e+01 7.999992400335321463e+02 4.165310966306456919e-04
1.380000000000002203e+01 7.999992400335321463e+02 4.165310966306456919e-04
1.395000000000002238e+01 7.999992400335321463e+02 4.165310966306456919e-04
1.410000000000002274e+01 7.999992400335321463e+02 4.165310966306456919e-04
1.425000000000002309e+01 7.999992400335321463e+02 4.165310966306456919e-04
1.440000000000002345e+01 7.999992400335321463e+02 4.165310966306456919e-04
1.455000000000002380e+01 7.999992400335321463e+02 4.165310966306456919e-04
1.470000000000002416e+01 7.999992400335321463e+02 4.165310966306456919e-04
1.485000000000002451e+01 7.999992400335321463e+02 4.165310966306456919e-04
1.500000000000002487e+01 7.999992400335321463e+02 4.165310966306456919e-04
1.515000000000002522e+01 7.999992400335321463e+02 4.165310966306456919e-04
1.530000000000002558e+01 7.999992400335321463e+02 4.165310966306456919e-04
1.545000000000002593e+01 7.999992400335321463e+02 4.165310966306456919e-04
1.560000000000002629e+01 7.999992400335321463e+02 4.165310966306456919e-04
1.575000000000002665e+01 7.999992400335321463e+02 4.165310966306456919e-04
1.590000000000002700e+01 7.999992400335321463e+02 4.165310966306456919e-04
