1.499999999999999944e-01 7.999999790064761100e+02 8.502387102238273542e-05
2.999999999999999889e-01 7.999999790064761100e+02 8.502387102238273542e-05
4.499999999999999556e-01 7.999999790064761100e+02 8.502387102238273542e-05
5.999999999999999778e-01 7.999999790064761100e+02 8.502387102238273542e-05
7.500000000000000000e-01 7.999999790064761100e+02 8.502387102238273542e-05
9.000000000000000222e-01 7.999999790064761100e+02 8.502387102238273542e-05
1.050000000000000044e+00 7.999999790064761100e+02 8.502387102238273542e-05
1.199999999999999956e+00 7.999999790064761100e+02 8.502387102238273542e-05
1.349999999999999867e+00 7.999999790064761100e+02 8.502387102238273542e-05
1.499999999999999778e+00 7.999999790064761100e+02 8.502387102238273542e-05
1.649999999999999689e+00 7.999999790064761100e+02 8.502387102238273542e-05
1.799999999999999600e+00 7.999999790064761100e+02 8.502387102238273542e-05
1.949999999999999512e+00 7.999999790064761100e+02 8.502387102238273542e-05
2.099999999999999645e+00 7.999999968544789226e+02 8.506755692838652294e-05
2.249999999999999556e+00 7.999999968544789226e+02 8.506755692838652294e-05
2.399999999999999467e+00 7.999999968544789226e+02 8.506755692838652294e-05
2.549999999999999378e+00 7.999999968544789226e+02 8.506755692838652294e-05
2.699999999999999289e+00 7.999999968544789226e+02 8.506755692838652294e-05
2.849999999999999201e+00 7.999999968544789226e+02 8.506755692838652294e-05
2.999999999999999112e+00 7.999999968544789226e+02 8.506755692838652294e-05
3.149999999999999023e+00 7.999999968544789226e+02 8.506755692838652294e-05
3.299999999999998934e+00 7.999999968544789226e+02 8.506755692838652294e-05
3.449999999999998845e+00 7.999999968544789226e+02 8.506755692838652294e-05
3.599999999999998757e+00 7.999999968544789226e+02 8.506755692838652294e-05
3.749999999999998668e+00 7.999999968544789226e+02 8.506755692838652294e-05
3.899999999999998579e+00 7.999999968544789226e+02 8.506755692838652294e-05
4.049999999999998934e+00 5.146895833764294821e+02 8.586624054407465678e-05
4.199999999999999289e+00 4.588518485094457446e+02 8.961864077594583478e-05
4.349999999999999645e+00 3.969608026200577910e+02 9.687401988389687801e-05
4.500000000000000000e+00 3.825188652049195071e+02 1.049447875433040522e-04
4.650000000000000355e+00 3.766654648345324290e+02 1.139203585693859822e-04
4.800000000000000711e+00 3.746979455601691029e+02 1.225973729541696144e-04
4.950000000000001066e+00 3.739851448038177182e+02 1.312122216581279588e-04
5.100000000000001421e+00 3.737329720118589762e+02 1.401589896470323282e-04
5.250000000000001776e+00 3.736428572122825358e+02 1.485357226037598011e-04
5.400000000000002132e+00 3.736107565323288782e+02 1.567546770211425411e-04
5.550000000000002487e+00 3.735993063234938631e+02 1.653411425820427993e-04
5.700000000000002842e+00 3.735952238059412025e+02 1.732436082698685098e-04
5.850000000000003197e+00 3.735937679449583584e+02 1.809632979776765183e-04
6.000000000000003553e+00 3.735932488020778806e+02 1.891047369048104443e-04
6.150000000000003908e+00 3.735930636780634018e+02 1.964622003111093917e-04
6.300000000000004263e+00 3.735929976658466103e+02 2.036162389733586764e-04
6.450000000000004619e+00 3.735929741315773072e+02 2.112436244234849880e-04
6.600000000000004974e+00 3.735929657544431848e+02 2.179941373154914430e-04
6.750000000000005329e+00 3.735929628094463055e+02 2.245224396790757027e-04
6.900000000000005684e+00 3.735929618777497581e+02 2.315716689311742016e-04
7.050000000000006040e+00 3.735929618777499854e+02 2.376586611849695885e-04
7.200000000000006395e+00 3.735929628094465897e+02 2.435065620672860476e-04
7.350000000000006750e+00 3.735929657544437532e+02 2.499185129000158767e-04
7.500000000000007105e+00 3.735929741315781598e+02 2.552910958365517402e-04
7.650000000000007461e+00 3.735929976658473493e+02 2.604097480634059991e-04
7.800000000000007816e+00 3.735930636780641976e+02 2.661307528928347210e-04
7.950000000000008171e+00 3.735932488020789037e+02 2.707441336319282854e-04
8.100000000000008527e+00 3.735937679449595521e+02 2.750909001111301322e-04
8.250000000000008882e+00 3.735952238059423962e+02 2.800731572895065469e-04
8.400000000000009237e+00 3.735993063234951705e+02 2.838889150448276055e-04
8.550000000000009592e+00 3.736107565323297877e+02 2.874274697294287861e-04
8.700000000000009948e+00 3.736428572122823653e+02 2.916287748191415119e-04
8.850000000000010303e+00 3.737329720118559067e+02 2.946134480800166600e-04
9.000000000000010658e+00 3.739851448038047579e+02 2.973095562871508335e-04
9.150000000000011013e+00 3.746979455601283462e+02 3.006821587113739369e-04
9.300000000000011369e+00 3.766654648344159000e+02 3.027775132007359815e-04
9.450000000000011724e+00 3.825188652045655999e+02 3.045286531595525759e-04
9.600000000000012079e+00 3.969608026192079819e+02 3.068362210393305034e-04
9.750000000000012434e+00 4.588518485054248117e+02 3.075861695390758044e-04
9.900000000000012790e+00 5.146895833736991790e+02 3.076646364946755696e-04
1.005000000000001315e+01 7.999999967869600823e+02 3.078758709272877425e-04
1.020000000000001350e+01 7.999999967869600823e+02 3.078758709272877425e-04
1.035000000000001386e+01 7.999999967869600823e+02 3.078758709272877425e-04
1.050000000000001421e+01 7.999999967869600823e+02 3.078758709272877425e-04
1.065000000000001457e+01 7.999999967869600823e+02 3.078758709272877425e-04
1.080000000000001492e+01 7.999999967869600823e+02 3.078758709272877425e-04
1.095000000000001528e+01 7.999999967869600823e+02 3.078758709272877425e-04
1.110000000000001563e+01 7.999999967869600823e+02 3.078758709272877425e-04
1.125000000000001599e+01 7.999999967869600823e+02 3.078758709272877425e-04
1.140000000000001634e+01 7.999999967869600823e+02 3.078758709272877425e-04
1.155000000000001670e+01 7.999999967869600823e+02 3.078758709272877425e-04
1.170000000000001705e+01 7.999999967869600823e+02 3.078758709272877425e-04
1.185000000000001741e+01 7.999999967869600823e+02 3.078758709272877425e-04
1.200000000000001776e+01 7.999999967869600823e+02 3.078758709272877425e-04
1.215000000000001812e+01 7.999999967869600823e+02 3.078758709272877425e-04
1.230000000000001847e+01 7.999999967869600823e+02 3.078758709272877425e-04
1.245000000000001883e+01 7.999999967869600823e+02 3.078758709272877425e-04
1.260000000000001918e+01 7.999999967869600823e+02 3.078758709272877425e-04
1.275000000000001954e+01 7.999999967869600823e+02 3.078758709272877425e-04
1.290000000000001990e+01 7.999999967869600823e+02 3.078758709272877425e-04
1.305000000000002025e+01 7.999999785558479743e+02 3.073108404053614962e-04
1.320000000000002061e+01 7.999999785558479743e+02 3.073108404053614962e-04
1.335000000000002096e+01 7.999999785558479743e+02 3.073108404053614962e-04
1.350000000000002132e+01 7.999999785558479743e+02 3.073108404053614962e-04
1.365000000000002167e+01 7.999999785558479743e+02 3.073108404053614962e-04
1.380000000000002203e+01 7.999999785558479743e+02 3.073108404053614962e-04
1.395000000000002238e+01 7.999999785558479743e+02 3.073108404053614962e-04
1.410000000000002274e+01 7.999999785558479743e+02 3.073108404053614962e-04
1.425000000000002309e+01 7.999999785558479743e+02 3.073108404053614962e-04
1.440000000000002345e+01 7.999999785558479743e+02 3.073108404053614962e-04
1.455000000000002380e+01 7.999999785558479743e+02 3.073108404053614962e-04
1.470000000000002416e+01 7.999999785558479743e+02 3.073108404053614962e-04
1.485000000000002451e+01 7.999999785558479743e+02 3.073108404053614962e-04
1.500000000000002487e+01 7.999999785558479743e+02 3.073108404053614962e-04
1.515000000000002522e+01 7.999999785558479743e+02 3.073108404053614962e-04
1.530000000000002558e+01 7.999999785558479743e+02 3.073108404053614962e-04
1.545000000000002593e+01 7.999999785558479743e+02 3.073108404053614962e-04
1.560000000000002629e+01 7.999999785558479743e+02 3.073108404053614962e-04
1.575000000000002665e+01 7.999999785558479743e+02 3.073108404053614962e-04
1.590000000000002700e+01 7.999999785558479743e+02 3.073108404053614962e-04
