1.499999999999999944e-01 7.999999504295738006e+02 1.144107955836082269e-04
2.999999999999999889e-01 7.999999504295738006e+02 1.144107955836082269e-04
4.499999999999999556e-01 7.999999504295738006e+02 1.144107955836082269e-04
5.999999999999999778e-01 7.999999504295738006e+02 1.144107955836082269e-04
7.500000000000000000e-01 7.999999504295738006e+02 1.144107955836082269e-04
9.000000000000000222e-01 7.999999504295738006e+02 1.144107955836082269e-04
1.050000000000000044e+00 7.999999504295738006e+02 1.144107955836082269e-04
1.199999999999999956e+00 7.999999504295738006e+02 1.144107955836082269e-04
1.349999999999999867e+00 7.999999504295738006e+02 1.144107955836082269e-04
1.499999999999999778e+00 7.999999504295738006e+02 1.144107955836082269e-04
1.649999999999999689e+00 7.999999504295738006e+02 1.144107955836082269e-04
1.799999999999999600e+00 7.999999504295738006e+02 1.144107955836082269e-04
1.949999999999999512e+00 7.999999504295738006e+02 1.144107955836082269e-04
2.099999999999999645e+00 7.999999917592137990e+02 1.145618351836574789e-04
2.249999999999999556e+00 7.999999917592137990e+02 1.145618351836574789e-04
2.399999999999999467e+00 7.999999917592137990e+02 1.145618351836574789e-04
2.549999999999999378e+00 7.999999917592137990e+02 1.145618351836574789e-04
2.699999999999999289e+00 7.999999917592137990e+02 1.145618351836574789e-04
2.849999999999999201e+00 7.999999917592137990e+02 1.145618351836574789e-04
2.999999999999999112e+00 7.999999917592137990e+02 1.145618351836574789e-04
3.149999999999999023e+00 7.999999917592137990e+02 1.145618351836574789e-04
3.299999999999998934e+00 7.999999917592137990e+02 1.145618351836574789e-04
3.449999999999998845e+00 7.999999917592137990e+02 1.145618351836574789e-04
3.599999999999998757e+00 7.999999917592137990e+02 1.145618351836574789e-04
3.749999999999998668e+00 7.999999917592137990e+02 1.145618351836574789e-04
3.899999999999998579e+00 7.999999917592137990e+02 1.145618351836574789e-04
4.049999999999998934e+00 5.134459347454665021e+02 1.157455212958957702e-04
4.199999999999999289e+00 4.487156015952981534e+02 1.213421158255956200e-04
4.349999999999999645e+00 3.778519628984966516e+02 1.331962227557603740e-04
4.500000000000000000e+00 3.590401744255060521e+02 1.470454867860127024e-04
4.650000000000000355e+00 3.507773831577902115e+02 1.625473200226323911e-04
4.800000000000000711e+00 3.476430249530751553e+02 1.781871206966156862e-04
4.950000000000001066e+00 3.463778522471619681e+02 1.939367131573721537e-04
5.100000000000001421e+00 3.458748060540081042e+02 2.099930606159761126e-04
5.250000000000001776e+00 3.456732779110670322e+02 2.256268778155767762e-04
5.400000000000002132e+00 3.455926684386479337e+02 2.411300094778967562e-04
5.550000000000002487e+00 3.455603957469293164e+02 2.569113417297819169e-04
5.700000000000002842e+00 3.455474770666645554e+02 2.721331967424633902e-04
5.850000000000003197e+00 3.455423051612993959e+02 2.871861887107085565e-04
6.000000000000003553e+00 3.455402346558196314e+02 3.025629488869752137e-04
6.150000000000003908e+00 3.455394057535480670e+02 3.172771384867267841e-04
6.300000000000004263e+00 3.455390739374076929e+02 3.317973559071596412e-04
6.450000000000004619e+00 3.455389411703469023e+02 3.466901572480862725e-04
6.600000000000004974e+00 3.455388882017061292e+02 3.608225624804894949e-04
6.750000000000005329e+00 3.455388674553309443e+02 3.747376294933602026e-04
6.900000000000005684e+00 3.455388602969509861e+02 3.890725241426640224e-04
7.050000000000006040e+00 3.455388602969513840e+02 4.025531445281949061e-04
7.200000000000006395e+00 3.455388674553317969e+02 4.157941995045488781e-04
7.350000000000006750e+00 3.455388882017074366e+02 4.295002331786701433e-04
7.500000000000007105e+00 3.455389411703492897e+02 4.422624114478468371e-04
7.650000000000007461e+00 3.455390739374105351e+02 4.547639940445380446e-04
7.800000000000007816e+00 3.455394057535512502e+02 4.677733587689081318e-04
7.950000000000008171e+00 3.455402346558238378e+02 4.797539819061391597e-04
8.100000000000008527e+00 3.455423051613040570e+02 4.914541883159762037e-04
8.250000000000008882e+00 3.455474770666688755e+02 5.037021943694597326e-04
8.400000000000009237e+00 3.455603957469332954e+02 5.148411438035127574e-04
8.550000000000009592e+00 3.455926684386492411e+02 5.256798353635572241e-04
8.700000000000009948e+00 3.456732779110602110e+02 5.371001178159362510e-04
8.850000000000010303e+00 3.458748060539810467e+02 5.473281915276961840e-04
9.000000000000010658e+00 3.463778522470830694e+02 5.572170924829089600e-04
9.150000000000011013e+00 3.476430249528646641e+02 5.676698956660342077e-04
9.300000000000011369e+00 3.507773831572569634e+02 5.767305419578372394e-04
9.450000000000011724e+00 3.590401744240675157e+02 5.851605427327211117e-04
9.600000000000012079e+00 3.778519628952911376e+02 5.934083408134505078e-04
9.750000000000012434e+00 4.487156015818378023e+02 5.991150164524894350e-04
9.900000000000012790e+00 5.134459347361525943e+02 6.013971014467989207e-04
1.005000000000001315e+01 7.999999915606165359e+02 6.020658253376165447e-04
1.020000000000001350e+01 7.999999915606165359e+02 6.020658253376165447e-04
1.035000000000001386e+01 7.999999915606165359e+02 6.020658253376165447e-04
1.050000000000001421e+01 7.999999915606165359e+02 6.020658253376165447e-04
1.065000000000001457e+01 7.999999915606165359e+02 6.020658253376165447e-04
1.080000000000001492e+01 7.999999915606165359e+02 6.020658253376165447e-04
1.095000000000001528e+01 7.999999915606165359e+02 6.020658253376165447e-04
1.110000000000001563e+01 7.999999915606165359e+02 6.020658253376165447e-04
1.125000000000001599e+01 7.999999915606165359e+02 6.020658253376165447e-04
1.140000000000001634e+01 7.999999915606165359e+02 6.020658253376165447e-04
1.155000000000001670e+01 7.999999915606165359e+02 6.020658253376165447e-04
1.170000000000001705e+01 7.999999915606165359e+02 6.020658253376165447e-04
1.185000000000001741e+01 7.999999915606165359e+02 6.020658253376165447e-04
1.200000000000001776e+01 7.999999915606165359e+02 6.020658253376165447e-04
1.215000000000001812e+01 7.999999915606165359e+02 6.020658253376165447e-04
1.230000000000001847e+01 7.999999915606165359e+02 6.020658253376165447e-04
1.245000000000001883e+01 7.999999915606165359e+02 6.020658253376165447e-04
1.260000000000001918e+01 7.999999915606165359e+02 6.020658253376165447e-04
1.275000000000001954e+01 7.999999915606165359e+02 6.020658253376165447e-04
1.290000000000001990e+01 7.999999915606165359e+02 6.020658253376165447e-04
1.305000000000002025e+01 7.999999492349603543e+02 6.015893649830017509e-04
1.320000000000002061e+01 7.999999492349603543e+02 6.015893649830017509e-04
1.335000000000002096e+01 7.999999492349603543e+02 6.015893649830017509e-04
1.350000000000002132e+01 7.999999492349603543e+02 6.015893649830017509e-04
1.365000000000002167e+01 7.999999492349603543e+02 6.015893649830017509e-04
1.380000000000002203e+01 7.999999492349603543e+02 6.015893649830017509e-04
1.395000000000002238e+01 7.999999492349603543e+02 6.015893649830017509e-04
1.410000000000002274e+01 7.999999492349603543e+02 6.015893649830017509e-04
1.425000000000002309e+01 7.999999492349603543e+02 6.015893649830017509e-04
1.440000000000002345e+01 7.999999492349603543e+02 6.015893649830017509e-04
1.455000000000002380e+01 7.999999492349603543e+02 6.015893649830017509e-04
1.470000000000002416e+01 7.999999492349603543e+02 6.015893649830017509e-04
1.485000000000002451e+01 7.999999492349603543e+02 6.015893649830017509e-04
1.500000000000002487e+01 7.999999492349603543e+02 6.015893649830017509e-04
1.515000000000002522e+01 7.999999492349603543e+02 6.015893649830017509e-04
1.530000000000002558e+01 7.999999492349603543e+02 6.015893649830017509e-04
1.545000000000002593e+01 7.999999492349603543e+02 6.015893649830017509e-04
1.560000000000002629e+01 7.999999492349603543e+02 6.015893649830017509e-04
1.575000000000002665e+01 7.999999492349603543e+02 6.015893649830017509e-04
1.590000000000002700e+01 7.999999492349603543e+02 6.015893649830017509e-04
