1.499999999999999944e-01 7.999271193553423700e+02 2.269773258234408786e-11
2.999999999999999889e-01 7.999271193553423700e+02 2.269773258234408786e-11
4.499999999999999556e-01 7.999271193553423700e+02 2.269773258234408786e-11
5.999999999999999778e-01 7.999271193553423700e+02 2.269773258234408786e-11
7.500000000000000000e-01 7.999271193553423700e+02 2.269773258234408786e-11
9.000000000000000222e-01 7.999271193553423700e+02 2.269773258234408786e-11
1.050000000000000044e+00 7.999271193553423700e+02 2.269773258234408786e-11
1.199999999999999956e+00 7.999271193553423700e+02 2.269773258234408786e-11
1.349999999999999867e+00 7.999271193553423700e+02 2.269773258234408786e-11
1.499999999999999778e+00 7.999271193553423700e+02 2.269773258234408786e-11
1.649999999999999689e+00 7.999271193553423700e+02 2.269773258234408786e-11
1.799999999999999600e+00 7.999271193553423700e+02 2.269773258234408786e-11
1.949999999999999512e+00 7.999271193553423700e+02 2.269773258234408786e-11
2.099999999999999645e+00 7.999689493994775376e+02 2.280875488480660351e-11
2.249999999999999556e+00 7.999689493994775376e+02 2.280875488480660351e-11
2.399999999999999467e+00 7.999689493994775376e+02 2.280875488480660351e-11
2.549999999999999378e+00 7.999689493994775376e+02 2.280875488480660351e-11
2.699999999999999289e+00 7.999689493994775376e+02 2.280875488480660351e-11
2.849999999999999201e+00 7.999689493994775376e+02 2.280875488480660351e-11
2.999999999999999112e+00 7.999689493994775376e+02 2.280875488480660351e-11
3.149999999999999023e+00 7.999689493994775376e+02 2.280875488480660351e-11
3.299999999999998934e+00 7.999689493994775376e+02 2.280875488480660351e-11
3.449999999999998845e+00 7.999689493994775376e+02 2.280875488480660351e-11
3.599999999999998757e+00 7.999689493994775376e+02 2.280875488480660351e-11
3.749999999999998668e+00 7.999689493994775376e+02 2.280875488480660351e-11
3.899999999999998579e+00 7.999689493994775376e+02 2.280875488480660351e-11
4.049999999999998934e+00 4.672852334214936150e+02 2.295086343195862355e-11
4.199999999999999289e+00 2.609698646703930081e+02 2.293587542112618394e-11
4.349999999999999645e+00 1.048854408454784561e+02 2.293787382257050922e-11
4.500000000000000000e+00 4.748160771656176138e+01 2.288735867495006460e-11
4.650000000000000355e+00 2.093173363656498154e+01 2.260291953604109949e-11
4.800000000000000711e+00 9.477934088626540188e+00 2.182620750801333998e-11
4.950000000000001066e+00 4.426341988971685737e+00 2.049160841011143930e-11
5.100000000000001421e+00 2.213405211487753377e+00 1.805444682645429566e-11
5.250000000000001776e+00 1.241876578650703777e+00 1.529665283328540681e-11
5.400000000000002132e+00 8.156417096952850443e-01 1.400979332544238787e-11
5.550000000000002487e+00 6.286010063572575746e-01 1.939537419559655973e-11
5.700000000000002842e+00 5.465291859305807520e-01 3.913858126480818100e-11
5.850000000000003197e+00 5.105160603161493782e-01 8.961054120959488500e-11
6.000000000000003553e+00 4.947137017452405416e-01 2.083265782104604114e-10
6.150000000000003908e+00 4.877799304121026580e-01 4.794170616051474099e-10
6.300000000000004263e+00 4.847380518349382328e-01 1.096251422971761258e-09
6.450000000000004619e+00 4.834047611896039598e-01 2.506158836013128166e-09
6.600000000000004974e+00 4.828230918956251116e-01 5.704414052232209542e-09
6.750000000000005329e+00 4.825755515748824109e-01 1.297612362005651221e-08
6.900000000000005684e+00 4.824844686871756494e-01 2.958989009371748580e-08
7.050000000000006040e+00 4.824844687461791182e-01 6.727376045123634185e-08
7.200000000000006395e+00 4.825755516338858797e-01 1.529207082073824608e-07
7.350000000000006750e+00 4.828230918956251116e-01 3.484643372742013412e-07
7.500000000000007105e+00 4.834047609535900847e-01 7.912947913579770898e-07
7.650000000000007461e+00 4.847380513629104826e-01 1.794092807649860788e-06
7.800000000000007816e+00 4.877799292910367512e-01 4.064831939376567504e-06
7.950000000000008171e+00 4.947136990900844467e-01 9.112036194802719535e-06
8.100000000000008527e+00 5.105160543567990317e-01 2.007532941783463087e-05
8.250000000000008882e+00 5.465291724187864020e-01 4.275369025819042434e-05
8.400000000000009237e+00 6.286009756754538103e-01 8.451108421836384110e-05
8.550000000000009592e+00 8.156416397171710742e-01 1.480797352471086015e-04
8.700000000000009948e+00 1.241876419164327672e+00 2.217279924080495235e-04
8.850000000000010303e+00 2.213404847952631371e+00 2.828627850973708391e-04
9.000000000000010658e+00 4.426341161057138152e+00 3.215044776480047162e-04
9.150000000000011013e+00 9.477932197517425550e+00 3.425997630494004298e-04
9.300000000000011369e+00 2.093172935704892268e+01 3.518221128006038256e-04
9.450000000000011724e+00 4.748159772922345923e+01 3.555899645445448343e-04
9.600000000000012079e+00 1.048854196856620860e+02 3.577871952462619021e-04
9.750000000000012434e+00 2.609698029781924902e+02 3.577767506026674482e-04
9.900000000000012790e+00 4.672851678743554089e+02 3.574941710011714235e-04
1.005000000000001315e+01 7.999685789066083998e+02 3.576464455603556303e-04
1.020000000000001350e+01 7.999685789066083998e+02 3.576464455603556303e-04
1.035000000000001386e+01 7.999685789066083998e+02 3.576464455603556303e-04
1.050000000000001421e+01 7.999685789066083998e+02 3.576464455603556303e-04
1.065000000000001457e+01 7.999685789066083998e+02 3.576464455603556303e-04
1.080000000000001492e+01 7.999685789066083998e+02 3.576464455603556303e-04
1.095000000000001528e+01 7.999685789066083998e+02 3.576464455603556303e-04
1.110000000000001563e+01 7.999685789066083998e+02 3.576464455603556303e-04
1.125000000000001599e+01 7.999685789066083998e+02 3.576464455603556303e-04
1.140000000000001634e+01 7.999685789066083998e+02 3.576464455603556303e-04
1.155000000000001670e+01 7.999685789066083998e+02 3.576464455603556303e-04
1.170000000000001705e+01 7.999685789066083998e+02 3.576464455603556303e-04
1.185000000000001741e+01 7.999685789066083998e+02 3.576464455603556303e-04
1.200000000000001776e+01 7.999685789066083998e+02 3.576464455603556303e-04
1.215000000000001812e+01 7.999685789066083998e+02 3.576464455603556303e-04
1.230000000000001847e+01 7.999685789066083998e+02 3.576464455603556303e-04
1.245000000000001883e+01 7.999685789066083998e+02 3.576464455603556303e-04
1.260000000000001918e+01 7.999685789066083998e+02 3.576464455603556303e-04
1.275000000000001954e+01 7.999685789066083998e+02 3.576464455603556303e-04
1.290000000000001990e+01 7.999685789066083998e+02 3.576464455603556303e-04
1.305000000000002025e+01 7.999262497453967171e+02 3.570825578186331839e-04
1.320000000000002061e+01 7.999262497453967171e+02 3.570825578186331839e-04
1.335000000000002096e+01 7.999262497453967171e+02 3.570825578186331839e-04
1.350000000000002132e+01 7.999262497453967171e+02 3.570825578186331839e-04
1.365000000000002167e+01 7.999262497453967171e+02 3.570825578186331839e-04
1.380000000000002203e+01 7.999262497453967171e+02 3.570825578186331839e-04
1.395000000000002238e+01 7.999262497453967171e+02 3.570825578186331839e-04
1.410000000000002274e+01 7.999262497453967171e+02 3.570825578186331839e-04
1.425000000000002309e+01 7.999262497453967171e+02 3.570825578186331839e-04
1.440000000000002345e+01 7.999262497453967171e+02 3.570825578186331839e-04
1.455000000000002380e+01 7.999262497453967171e+02 3.570825578186331839e-04
1.470000000000002416e+01 7.999262497453967171e+02 3.570825578186331839e-04
1.485000000000002451e+01 7.999262497453967171e+02 3.570825578186331839e-04
1.500000000000002487e+01 7.999262497453967171e+02 3.570825578186331839e-04
1.515000000000002522e+01 7.999262497453967171e+02 3.570825578186331839e-04
1.530000000000002558e+01 7.999262497453967171e+02 3.570825578186331839e-04
1.545000000000002593e+01 7.999262497453967171e+02 3.570825578186331839e-04
1.560000000000002629e+01 7.999262497453967171e+02 3.570825578186331839e-04
1.575000000000002665e+01 7.999262497453967171e+02 3.570825578186331839e-04
1.590000000000002700e+01 7.999262497453967171e+02 3.570825578186331839e-04
