1.499999999999999944e-01 7.999992523267873139e+02 2.451765878275224964e-05
2.999999999999999889e-01 7.999992523267873139e+02 2.451765878275224964e-05
4.499999999999999556e-01 7.999992523267873139e+02 2.451765878275224964e-05
5.999999999999999778e-01 7.999992523267873139e+02 2.451765878275224964e-05
7.500000000000000000e-01 7.999992523267873139e+02 2.451765878275224964e-05
9.000000000000000222e-01 7.999992523267873139e+02 2.451765878275224964e-05
1.050000000000000044e+00 7.999992523267873139e+02 2.451765878275224964e-05
1.199999999999999956e+00 7.999992523267873139e+02 2.451765878275224964e-05
1.349999999999999867e+00 7.999992523267873139e+02 2.451765878275224964e-05
1.499999999999999778e+00 7.999992523267873139e+02 2.451765878275224964e-05
1.649999999999999689e+00 7.999992523267873139e+02 2.451765878275224964e-05
1.799999999999999600e+00 7.999992523267873139e+02 2.451765878275224964e-05
1.949999999999999512e+00 7.999992523267873139e+02 2.451765878275224964e-05
2.099999999999999645e+00 7.999998252109785426e+02 2.455079234153778600e-05
2.249999999999999556e+00 7.999998252109785426e+02 2.455079234153778600e-05
2.399999999999999467e+00 7.999998252109785426e+02 2.455079234153778600e-05
2.549999999999999378e+00 7.999998252109785426e+02 2.455079234153778600e-05
2.699999999999999289e+00 7.999998252109785426e+02 2.455079234153778600e-05
2.849999999999999201e+00 7.999998252109785426e+02 2.455079234153778600e-05
2.999999999999999112e+00 7.999998252109785426e+02 2.455079234153778600e-05
3.149999999999999023e+00 7.999998252109785426e+02 2.455079234153778600e-05
3.299999999999998934e+00 7.999998252109785426e+02 2.455079234153778600e-05
3.449999999999998845e+00 7.999998252109785426e+02 2.455079234153778600e-05
3.599999999999998757e+00 7.999998252109785426e+02 2.455079234153778600e-05
3.749999999999998668e+00 7.999998252109785426e+02 2.455079234153778600e-05
3.899999999999998579e+00 7.999998252109785426e+02 2.455079234153778600e-05
4.049999999999998934e+00 5.063648410036861378e+02 2.481625147521260288e-05
4.199999999999999289e+00 4.003686949505629968e+02 2.621494461285678312e-05
4.349999999999999645e+00 2.862025160172756273e+02 3.004581733256905807e-05
4.500000000000000000e+00 2.386633536174076085e+02 3.607522441984034600e-05
4.650000000000000355e+00 2.093027570728921205e+02 4.466709038408733790e-05
4.800000000000000711e+00 1.914089228178265216e+02 5.530656140573242396e-05
4.950000000000001066e+00 1.798342918943303346e+02 6.773280495631084364e-05
5.100000000000001421e+00 1.721815442495289403e+02 8.170403675067383631e-05
5.250000000000001776e+00 1.670278464961282907e+02 9.663746402699402438e-05
5.400000000000002132e+00 1.635172981234469205e+02 1.123750081335472828e-04
5.550000000000002487e+00 1.611071855559212906e+02 1.289239445739776002e-04
5.700000000000002842e+00 1.594441590301183851e+02 1.457140014839986009e-04
5.850000000000003197e+00 1.582932551620038737e+02 1.628205791116554835e-04
6.000000000000003553e+00 1.574960682930891664e+02 1.804679891589389129e-04
6.150000000000003908e+00 1.569448720832058086e+02 1.980122515069515643e-04
6.300000000000004263e+00 1.565661313837173338e+02 2.156906319747964318e-04
6.450000000000004619e+00 1.563097665295345564e+02 2.338738540877960403e-04
6.600000000000004974e+00 1.561420858367528695e+02 2.517760989571016239e-04
6.750000000000005329e+00 1.560411426277169369e+02 2.697526743038469732e-04
6.900000000000005684e+00 1.559937593789087487e+02 2.882858392528886426e-04
7.050000000000006040e+00 1.559937593788559411e+02 3.064165725114031957e-04
7.200000000000006395e+00 1.560411426275528299e+02 3.245989173461527599e-04
7.350000000000006750e+00 1.561420858364571700e+02 3.434107569598721099e-04
7.500000000000007105e+00 1.563097665290721920e+02 3.617024670276025589e-04
7.650000000000007461e+00 1.565661313830304948e+02 3.800137804185199641e-04
7.800000000000007816e+00 1.569448720822078087e+02 3.990033502057066528e-04
7.950000000000008171e+00 1.574960682916541828e+02 4.173102913637150024e-04
8.100000000000008527e+00 1.582932551599440671e+02 4.355367981561109048e-04
8.250000000000008882e+00 1.594441590271606231e+02 4.543898000481938482e-04
8.400000000000009237e+00 1.611071855516633491e+02 4.722539899414401887e-04
8.550000000000009592e+00 1.635172981172858897e+02 4.897369156922071198e-04
8.700000000000009948e+00 1.670278464871510096e+02 5.075159279823715508e-04
8.850000000000010303e+00 1.721815442363154034e+02 5.236361414781010026e-04
9.000000000000010658e+00 1.798342918746040482e+02 5.386060781455981328e-04
9.150000000000011013e+00 1.914089227876968380e+02 5.529690940790921161e-04
9.300000000000011369e+00 2.093027570256791989e+02 5.643960425067984232e-04
9.450000000000011724e+00 2.386633535374825783e+02 5.733967016843255493e-04
9.600000000000012079e+00 2.862025158865999970e+02 5.805252366368751638e-04
9.750000000000012434e+00 4.003686945871119747e+02 5.840039873291624772e-04
9.900000000000012790e+00 5.063648407395427284e+02 5.849415406762314973e-04
1.005000000000001315e+01 7.999998217605872242e+02 5.853101184900566523e-04
1.020000000000001350e+01 7.999998217605872242e+02 5.853101184900566523e-04
1.035000000000001386e+01 7.999998217605872242e+02 5.853101184900566523e-04
1.050000000000001421e+01 7.999998217605872242e+02 5.853101184900566523e-04
1.065000000000001457e+01 7.999998217605872242e+02 5.853101184900566523e-04
1.080000000000001492e+01 7.999998217605872242e+02 5.853101184900566523e-04
1.095000000000001528e+01 7.999998217605872242e+02 5.853101184900566523e-04
1.110000000000001563e+01 7.999998217605872242e+02 5.853101184900566523e-04
1.125000000000001599e+01 7.999998217605872242e+02 5.853101184900566523e-04
1.140000000000001634e+01 7.999998217605872242e+02 5.853101184900566523e-04
1.155000000000001670e+01 7.999998217605872242e+02 5.853101184900566523e-04
1.170000000000001705e+01 7.999998217605872242e+02 5.853101184900566523e-04
1.185000000000001741e+01 7.999998217605872242e+02 5.853101184900566523e-04
1.200000000000001776e+01 7.999998217605872242e+02 5.853101184900566523e-04
1.215000000000001812e+01 7.999998217605872242e+02 5.853101184900566523e-04
1.230000000000001847e+01 7.999998217605872242e+02 5.853101184900566523e-04
1.245000000000001883e+01 7.999998217605872242e+02 5.853101184900566523e-04
1.260000000000001918e+01 7.999998217605872242e+02 5.853101184900566523e-04
1.275000000000001954e+01 7.999998217605872242e+02 5.853101184900566523e-04
1.290000000000001990e+01 7.999998217605872242e+02 5.853101184900566523e-04
1.305000000000002025e+01 7.999992375674790992e+02 5.847768743123538115e-04
1.320000000000002061e+01 7.999992375674790992e+02 5.847768743123538115e-04
1.335000000000002096e+01 7.999992375674790992e+02 5.847768743123538115e-04
1.350000000000002132e+01 7.999992375674790992e+02 5.847768743123538115e-04
1.365000000000002167e+01 7.999992375674790992e+02 5.847768743123538115e-04
1.380000000000002203e+01 7.999992375674790992e+02 5.847768743123538115e-04
1.395000000000002238e+01 7.999992375674790992e+02 5.847768743123538115e-04
1.410000000000002274e+01 7.999992375674790992e+02 5.847768743123538115e-04
1.425000000000002309e+01 7.999992375674790992e+02 5.847768743123538115e-04
1.440000000000002345e+01 7.999992375674790992e+02 5.847768743123538115e-04
1.455000000000002380e+01 7.999992375674790992e+02 5.847768743123538115e-04
1.470000000000002416e+01 7.999992375674790992e+02 5.847768743123538115e-04
1.485000000000002451e+01 7.999992375674790992e+02 5.847768743123538115e-04
1.500000000000002487e+01 7.999992375674790992e+02 5.847768743123538115e-04
1.515000000000002522e+01 7.999992375674790992e+02 5.847768743123538115e-04
1.530000000000002558e+01 7.999992375674790992e+02 5.847768743123538115e-04
1.545000000000002593e+01 7.999992375674790992e+02 5.847768743123538115e-04
1.560000000000002629e+01 7.999992375674790992e+02 5.847768743123538115e-04
1.575000000000002665e+01 7.999992375674790992e+02 5.847768743123538115e-04
1.590000000000002700e+01 7.999992375674790992e+02 5.847768743123538115e-04
