1.499999999999999944e-01 7.999987172131322950e+02 1.593581639092178648e-06
2.999999999999999889e-01 7.999987172131322950e+02 1.593581639092178648e-06
4.499999999999999556e-01 7.999987172131322950e+02 1.593581639092178648e-06
5.999999999999999778e-01 7.999987172131322950e+02 1.593581639092178648e-06
7.500000000000000000e-01 7.999987172131322950e+02 1.593581639092178648e-06
9.000000000000000222e-01 7.999987172131322950e+02 1.593581639092178648e-06
1.050000000000000044e+00 7.999987172131322950e+02 1.593581639092178648e-06
1.199999999999999956e+00 7.999987172131322950e+02 1.593581639092178648e-06
1.349999999999999867e+00 7.999987172131322950e+02 1.593581639092178648e-06
1.499999999999999778e+00 7.999987172131322950e+02 1.593581639092178648e-06
1.649999999999999689e+00 7.999987172131322950e+02 1.593581639092178648e-06
1.799999999999999600e+00 7.999987172131322950e+02 1.593581639092178648e-06
1.949999999999999512e+00 7.999987172131322950e+02 1.593581639092178648e-06
2.099999999999999645e+00 7.999996780898572979e+02 1.594003180449554691e-06
2.249999999999999556e+00 7.999996780898572979e+02 1.594003180449554691e-06
2.399999999999999467e+00 7.999996780898572979e+02 1.594003180449554691e-06
2.549999999999999378e+00 7.999996780898572979e+02 1.594003180449554691e-06
2.699999999999999289e+00 7.999996780898572979e+02 1.594003180449554691e-06
2.849999999999999201e+00 7.999996780898572979e+02 1.594003180449554691e-06
2.999999999999999112e+00 7.999996780898572979e+02 1.594003180449554691e-06
3.149999999999999023e+00 7.999996780898572979e+02 1.594003180449554691e-06
3.299999999999998934e+00 7.999996780898572979e+02 1.594003180449554691e-06
3.449999999999998845e+00 7.999996780898572979e+02 1.594003180449554691e-06
3.599999999999998757e+00 7.999996780898572979e+02 1.594003180449554691e-06
3.749999999999998668e+00 7.999996780898572979e+02 1.594003180449554691e-06
3.899999999999998579e+00 7.999996780898572979e+02 1.594003180449554691e-06
4.049999999999998934e+00 5.040435946735580615e+02 1.608900198735163656e-06
4.199999999999999289e+00 3.865066444823949041e+02 1.691269687631447027e-06
4.349999999999999645e+00 2.598749009754435519e+02 1.927037859839053624e-06
4.500000000000000000e+00 2.019742011310507621e+02 2.349835869774885566e-06
4.650000000000000355e+00 1.632102718494107307e+02 3.057926860616788645e-06
4.800000000000000711e+00 1.368889877546968705e+02 4.092440380354389617e-06
4.950000000000001066e+00 1.177549716583252035e+02 5.536716969789523546e-06
5.100000000000001421e+00 1.033616054218225031e+02 7.489348061051614991e-06
5.250000000000001776e+00 9.223666780852667557e+01 9.975993377264735784e-06
5.400000000000002132e+00 8.347628866727951902e+01 1.308575496372643698e-05
5.550000000000002487e+00 7.648868481053386859e+01 1.694487914849496235e-05
5.700000000000002842e+00 7.087128807835804878e+01 2.150281814716770157e-05
5.850000000000003197e+00 6.634110892912273982e+01 2.685637360988479827e-05
6.000000000000003553e+00 6.269434707773567084e+01 3.316520239926568081e-05
6.150000000000003908e+00 5.978174141143126263e+01 4.023713269829531924e-05
6.300000000000004263e+00 5.749302766663708297e+01 4.818263282790891111e-05
6.450000000000004619e+00 5.574687191964504507e+01 5.720771749317954402e-05
6.600000000000004974e+00 5.448424206345807619e+01 6.690684751853304135e-05
6.750000000000005329e+00 5.366403111940211090e+01 7.741819117057513466e-05
6.900000000000005684e+00 5.326022933971839279e+01 8.900961300617460381e-05
7.050000000000006040e+00 5.326022933908226520e+01 1.009918141587906604e-04
7.200000000000006395e+00 5.366403111747527532e+01 1.135488729420153220e-04
7.350000000000006750e+00 5.448424206018061966e+01 1.270244628693850686e-04
7.500000000000007105e+00 5.574687191491508287e+01 1.403911538370161693e-04
7.650000000000007461e+00 5.749302766029974521e+01 1.539040585334383593e-04
7.800000000000007816e+00 5.978174140327034536e+01 1.680004179027694278e-04
7.950000000000008171e+00 6.269434706745938968e+01 1.813036229917353026e-04
8.100000000000008527e+00 6.634110891633004314e+01 1.941822090305578286e-04
8.250000000000008882e+00 7.087128806251054414e+01 2.071988295333504482e-04
8.400000000000009237e+00 7.648868479088524452e+01 2.186839438080845355e-04
8.550000000000009592e+00 8.347628864278661354e+01 2.291787900020603175e-04
8.700000000000009948e+00 9.223666777768029590e+01 2.394122205235937884e-04
8.850000000000010303e+00 1.033616053823643881e+02 2.475370019366929242e-04
9.000000000000010658e+00 1.177549716067289722e+02 2.543159193680866181e-04
9.150000000000011013e+00 1.368889876850322196e+02 2.606683811704479936e-04
9.300000000000011369e+00 1.632102717516127086e+02 2.646992479538035070e-04
9.450000000000011724e+00 2.019742009814548283e+02 2.674142664217393772e-04
9.600000000000012079e+00 2.598749007475746566e+02 2.699028743982090361e-04
9.750000000000012434e+00 3.865066439001263916e+02 2.703581761660522886e-04
9.900000000000012790e+00 5.040435942466635879e+02 2.702258736865248423e-04
1.005000000000001315e+01 7.999996730564190557e+02 2.703945995876644304e-04
1.020000000000001350e+01 7.999996730564190557e+02 2.703945995876644304e-04
1.035000000000001386e+01 7.999996730564190557e+02 2.703945995876644304e-04
1.050000000000001421e+01 7.999996730564190557e+02 2.703945995876644304e-04
1.065000000000001457e+01 7.999996730564190557e+02 2.703945995876644304e-04
1.080000000000001492e+01 7.999996730564190557e+02 2.703945995876644304e-04
1.095000000000001528e+01 7.999996730564190557e+02 2.703945995876644304e-04
1.110000000000001563e+01 7.999996730564190557e+02 2.703945995876644304e-04
1.125000000000001599e+01 7.999996730564190557e+02 2.703945995876644304e-04
1.140000000000001634e+01 7.999996730564190557e+02 2.703945995876644304e-04
1.155000000000001670e+01 7.999996730564190557e+02 2.703945995876644304e-04
1.170000000000001705e+01 7.999996730564190557e+02 2.703945995876644304e-04
1.185000000000001741e+01 7.999996730564190557e+02 2.703945995876644304e-04
1.200000000000001776e+01 7.999996730564190557e+02 2.703945995876644304e-04
1.215000000000001812e+01 7.999996730564190557e+02 2.703945995876644304e-04
1.230000000000001847e+01 7.999996730564190557e+02 2.703945995876644304e-04
1.245000000000001883e+01 7.999996730564190557e+02 2.703945995876644304e-04
1.260000000000001918e+01 7.999996730564190557e+02 2.703945995876644304e-04
1.275000000000001954e+01 7.999996730564190557e+02 2.703945995876644304e-04
1.290000000000001990e+01 7.999996730564190557e+02 2.703945995876644304e-04
1.305000000000002025e+01 7.999986971552740442e+02 2.698266397123116889e-04
1.320000000000002061e+01 7.999986971552740442e+02 2.698266397123116889e-04
1.335000000000002096e+01 7.999986971552740442e+02 2.698266397123116889e-04
1.350000000000002132e+01 7.999986971552740442e+02 2.698266397123116889e-04
1.365000000000002167e+01 7.999986971552740442e+02 2.698266397123116889e-04
1.380000000000002203e+01 7.999986971552740442e+02 2.698266397123116889e-04
1.395000000000002238e+01 7.999986971552740442e+02 2.698266397123116889e-04
1.410000000000002274e+01 7.999986971552740442e+02 2.698266397123116889e-04
1.425000000000002309e+01 7.999986971552740442e+02 2.698266397123116889e-04
1.440000000000002345e+01 7.999986971552740442e+02 2.698266397123116889e-04
1.455000000000002380e+01 7.999986971552740442e+02 2.698266397123116889e-04
1.470000000000002416e+01 7.999986971552740442e+02 2.698266397123116889e-04
1.485000000000002451e+01 7.999986971552740442e+02 2.698266397123116889e-04
1.500000000000002487e+01 7.999986971552740442e+02 2.698266397123116889e-04
1.515000000000002522e+01 7.999986971552740442e+02 2.698266397123116889e-04
1.530000000000002558e+01 7.999986971552740442e+02 2.698266397123116889e-04
1.545000000000002593e+01 7.999986971552740442e+02 2.698266397123116889e-04
1.560000000000002629e+01 7.999986971552740442e+02 2.698266397123116889e-04
1.575000000000002665e+01 7.999986971552740442e+02 2.698266397123116889e-04
1.590000000000002700e+01 7.999986971552740442e+02 2.698266397123116889e-04
