1.499999999999999944e-01 7.999965850530644502e+02 1.877410782391564226e-09
2.999999999999999889e-01 7.999965850530644502e+02 1.877410782391564226e-09
4.499999999999999556e-01 7.999965850530644502e+02 1.877410782391564226e-09
5.999999999999999778e-01 7.999965850530644502e+02 1.877410782391564226e-09
7.500000000000000000e-01 7.999965850530644502e+02 1.877410782391564226e-09
9.000000000000000222e-01 7.999965850530644502e+02 1.877410782391564226e-09
1.050000000000000044e+00 7.999965850530644502e+02 1.877410782391564226e-09
1.199999999999999956e+00 7.999965850530644502e+02 1.877410782391564226e-09
1.349999999999999867e+00 7.999965850530644502e+02 1.877410782391564226e-09
1.499999999999999778e+00 7.999965850530644502e+02 1.877410782391564226e-09
1.649999999999999689e+00 7.999965850530644502e+02 1.877410782391564226e-09
1.799999999999999600e+00 7.999965850530644502e+02 1.877410782391564226e-09
1.949999999999999512e+00 7.999965850530644502e+02 1.877410782391564226e-09
2.099999999999999645e+00 7.999990263464575264e+02 1.880380517960134057e-09
2.249999999999999556e+00 7.999990263464575264e+02 1.880380517960134057e-09
2.399999999999999467e+00 7.999990263464575264e+02 1.880380517960134057e-09
2.549999999999999378e+00 7.999990263464575264e+02 1.880380517960134057e-09
2.699999999999999289e+00 7.999990263464575264e+02 1.880380517960134057e-09
2.849999999999999201e+00 7.999990263464575264e+02 1.880380517960134057e-09
2.999999999999999112e+00 7.999990263464575264e+02 1.880380517960134057e-09
3.149999999999999023e+00 7.999990263464575264e+02 1.880380517960134057e-09
3.299999999999998934e+00 7.999990263464575264e+02 1.880380517960134057e-09
3.449999999999998845e+00 7.999990263464575264e+02 1.880380517960134057e-09
3.599999999999998757e+00 7.999990263464575264e+02 1.880380517960134057e-09
3.749999999999998668e+00 7.999990263464575264e+02 1.880380517960134057e-09
3.899999999999998579e+00 7.999990263464575264e+02 1.880380517960134057e-09
4.049999999999998934e+00 4.987536198216959633e+02 1.901766522038883522e-09
4.199999999999999289e+00 3.587446704940981022e+02 2.026535272925400477e-09
4.349999999999999645e+00 2.125638228322214047e+02 2.478448668519206421e-09
4.500000000000000000e+00 1.420603893110263414e+02 3.544750271089469607e-09
4.650000000000000355e+00 9.548390283188102501e+01 6.011982800480097922e-09
4.800000000000000711e+00 6.517406908117533249e+01 1.137636052028767608e-08
4.950000000000001066e+00 4.479168591574977398e+01 2.287691713842576746e-08
5.100000000000001421e+00 3.099619359301491173e+01 4.725112412451437649e-08
5.250000000000001776e+00 2.161139712778183863e+01 9.807588041699233372e-08
5.400000000000002132e+00 1.521482126908274068e+01 2.027833149176316851e-07
5.550000000000002487e+00 1.085095797696524400e+01 4.155084981638523800e-07
5.700000000000002842e+00 7.873254269246572790e+00 8.362758515678692106e-07
5.850000000000003197e+00 5.842189023010043059e+00 1.646354438333830217e-06
6.000000000000003553e+00 4.458545958640314666e+00 3.156640174917235697e-06
6.150000000000003908e+00 3.518683817526522262e+00 5.843677108208211735e-06
6.300000000000004263e+00 2.884345978627919749e+00 1.041515707400630930e-05
6.450000000000004619e+00 2.462244685283110357e+00 1.785277080235125879e-05
6.600000000000004974e+00 2.190313668569444872e+00 2.932040364600485560e-05
6.750000000000005329e+00 2.028571242971054289e+00 4.625117636014586253e-05
6.900000000000005684e+00 1.953237734605835385e+00 7.028678454445991264e-05
7.050000000000006040e+00 1.953237734207561971e+00 1.026851451250143654e-04
7.200000000000006395e+00 2.028571241702479711e+00 1.444461224108239961e-04
7.350000000000006750e+00 2.190313666209306120e+00 1.957509763289566607e-04
7.500000000000007105e+00 2.462244681565891824e+00 2.543975253205266185e-04
7.650000000000007461e+00 2.884345972948835879e+00 3.172719527223533120e-04
7.800000000000007816e+00 3.518683809037398191e+00 3.805542230768121925e-04
7.950000000000008171e+00 4.458545946153705586e+00 4.387775403853488854e-04
8.100000000000008527e+00 5.842189004693153720e+00 4.892263487260573029e-04
8.250000000000008882e+00 7.873254242392619062e+00 5.312179364184155261e-04
8.400000000000009237e+00 1.085095793765049521e+01 5.631768959984961853e-04
8.550000000000009592e+00 1.521482121149719902e+01 5.869237845993469094e-04
8.700000000000009948e+00 2.161139704337922041e+01 6.048968444617441875e-04
8.850000000000010303e+00 3.099619346912883344e+01 6.167368700501496548e-04
9.000000000000010658e+00 4.479168573340784576e+01 6.246916855732198570e-04
9.150000000000011013e+00 6.517406881085371140e+01 6.308143816328160014e-04
9.300000000000011369e+00 9.548390242767936797e+01 6.339349963978557767e-04
9.450000000000011724e+00 1.420603886773237718e+02 6.356288935049914102e-04
9.600000000000012079e+00 2.125638218680343243e+02 6.373164982015344648e-04
9.750000000000012434e+00 3.587446681971123894e+02 6.372493386462840803e-04
9.900000000000012790e+00 4.987536180764986966e+02 6.369503078168525789e-04
1.005000000000001315e+01 7.999990092408017972e+02 6.370926033457680049e-04
1.020000000000001350e+01 7.999990092408017972e+02 6.370926033457680049e-04
1.035000000000001386e+01 7.999990092408017972e+02 6.370926033457680049e-04
1.050000000000001421e+01 7.999990092408017972e+02 6.370926033457680049e-04
1.065000000000001457e+01 7.999990092408017972e+02 6.370926033457680049e-04
1.080000000000001492e+01 7.999990092408017972e+02 6.370926033457680049e-04
1.095000000000001528e+01 7.999990092408017972e+02 6.370926033457680049e-04
1.110000000000001563e+01 7.999990092408017972e+02 6.370926033457680049e-04
1.125000000000001599e+01 7.999990092408017972e+02 6.370926033457680049e-04
1.140000000000001634e+01 7.999990092408017972e+02 6.370926033457680049e-04
1.155000000000001670e+01 7.999990092408017972e+02 6.370926033457680049e-04
1.170000000000001705e+01 7.999990092408017972e+02 6.370926033457680049e-04
1.185000000000001741e+01 7.999990092408017972e+02 6.370926033457680049e-04
1.200000000000001776e+01 7.999990092408017972e+02 6.370926033457680049e-04
1.215000000000001812e+01 7.999990092408017972e+02 6.370926033457680049e-04
1.230000000000001847e+01 7.999990092408017972e+02 6.370926033457680049e-04
1.245000000000001883e+01 7.999990092408017972e+02 6.370926033457680049e-04
1.260000000000001918e+01 7.999990092408017972e+02 6.370926033457680049e-04
1.275000000000001954e+01 7.999990092408017972e+02 6.370926033457680049e-04
1.290000000000001990e+01 7.999990092408017972e+02 6.370926033457680049e-04
1.305000000000002025e+01 7.999965250574870197e+02 6.365186363639363520e-04
1.320000000000002061e+01 7.999965250574870197e+02 6.365186363639363520e-04
1.335000000000002096e+01 7.999965250574870197e+02 6.365186363639363520e-04
1.350000000000002132e+01 7.999965250574870197e+02 6.365186363639363520e-04
1.365000000000002167e+01 7.999965250574870197e+02 6.365186363639363520e-04
1.380000000000002203e+01 7.999965250574870197e+02 6.365186363639363520e-04
1.395000000000002238e+01 7.999965250574870197e+02 6.365186363639363520e-04
1.410000000000002274e+01 7.999965250574870197e+02 6.365186363639363520e-04
1.425000000000002309e+01 7.999965250574870197e+02 6.365186363639363520e-04
1.440000000000002345e+01 7.999965250574870197e+02 6.365186363639363520e-04
1.455000000000002380e+01 7.999965250574870197e+02 6.365186363639363520e-04
1.470000000000002416e+01 7.999965250574870197e+02 6.365186363639363520e-04
1.485000000000002451e+01 7.999965250574870197e+02 6.365186363639363520e-04
1.500000000000002487e+01 7.999965250574870197e+02 6.365186363639363520e-04
1.515000000000002522e+01 7.999965250574870197e+02 6.365186363639363520e-04
1.530000000000002558e+01 7.999965250574870197e+02 6.365186363639363520e-04
1.545000000000002593e+01 7.999965250574870197e+02 6.365186363639363520e-04
1.560000000000002629e+01 7.999965250574870197e+02 6.365186363639363520e-04
1.575000000000002665e+01 7.999965250574870197e+02 6.365186363639363520e-04
1.590000000000002700e+01 7.999965250574870197e+02 6.365186363639363520e-04
