1.499999999999999944e-01 7.999995846345925656e+02 2.287713985065220612e-04
2.999999999999999889e-01 7.999995846345925656e+02 2.287713985065220612e-04
4.499999999999999556e-01 7.999995846345925656e+02 2.287713985065220612e-04
5.999999999999999778e-01 7.999995846345925656e+02 2.287713985065220612e-04
7.500000000000000000e-01 7.999995846345925656e+02 2.287713985065220612e-04
9.000000000000000222e-01 7.999995846345925656e+02 2.287713985065220612e-04
1.050000000000000044e+00 7.999995846345925656e+02 2.287713985065220612e-04
1.199999999999999956e+00 7.999995846345925656e+02 2.287713985065220612e-04
1.349999999999999867e+00 7.999995846345925656e+02 2.287713985065220612e-04
1.499999999999999778e+00 7.999995846345925656e+02 2.287713985065220612e-04
1.649999999999999689e+00 7.999995846345925656e+02 2.287713985065220612e-04
1.799999999999999600e+00 7.999995846345925656e+02 2.287713985065220612e-04
1.949999999999999512e+00 7.999995846345925656e+02 2.287713985065220612e-04
2.099999999999999645e+00 7.999999099953797668e+02 2.292362155995597561e-04
2.249999999999999556e+00 7.999999099953797668e+02 2.292362155995597561e-04
2.399999999999999467e+00 7.999999099953797668e+02 2.292362155995597561e-04
2.549999999999999378e+00 7.999999099953797668e+02 2.292362155995597561e-04
2.699999999999999289e+00 7.999999099953797668e+02 2.292362155995597561e-04
2.849999999999999201e+00 7.999999099953797668e+02 2.292362155995597561e-04
2.999999999999999112e+00 7.999999099953797668e+02 2.292362155995597561e-04
3.149999999999999023e+00 7.999999099953797668e+02 2.292362155995597561e-04
3.299999999999998934e+00 7.999999099953797668e+02 2.292362155995597561e-04
3.449999999999998845e+00 7.999999099953797668e+02 2.292362155995597561e-04
3.599999999999998757e+00 7.999999099953797668e+02 2.292362155995597561e-04
3.749999999999998668e+00 7.999999099953797668e+02 2.292362155995597561e-04
3.899999999999998579e+00 7.999999099953797668e+02 2.292362155995597561e-04
4.049999999999998934e+00 5.084626312210088486e+02 2.319049126271455208e-04
4.199999999999999289e+00 4.135794848455837496e+02 2.454266428167928282e-04
4.349999999999999645e+00 3.113542945210980974e+02 2.805719337855006046e-04
4.500000000000000000e+00 2.729723255061832106e+02 3.306127197448827104e-04
4.650000000000000355e+00 2.512471381899442804e+02 3.947659596370556301e-04
4.800000000000000711e+00 2.394905700671382078e+02 4.677112315809583976e-04
4.950000000000001066e+00 2.327863806747787407e+02 5.466240505530572946e-04
5.100000000000001421e+00 2.289270475840023096e+02 6.294444219631101234e-04
5.250000000000001776e+00 2.266812891277042752e+02 7.141877003593588569e-04
5.400000000000002132e+00 2.253680580347120497e+02 8.001567765758554884e-04
5.550000000000002487e+00 2.245976666727091811e+02 8.871649331296804775e-04
5.700000000000002842e+00 2.241449262718965372e+02 9.741242777201453151e-04
5.850000000000003197e+00 2.238785983132064814e+02 1.061168924331501451e-03
6.000000000000003553e+00 2.237218708715737705e+02 1.148666476237458767e-03
6.150000000000003908e+00 2.236296752686900788e+02 1.235566506951668586e-03
6.300000000000004263e+00 2.235755459715349787e+02 1.322275805232364654e-03
6.450000000000004619e+00 2.235439606448867949e+02 1.409369923006553726e-03
6.600000000000004974e+00 2.235258672053014948e+02 1.495626102747116271e-03
6.750000000000005329e+00 2.235160820373902482e+02 1.581597859347749768e-03
6.900000000000005684e+00 2.235118023234770703e+02 1.667992666123385703e-03
7.050000000000006040e+00 2.235118023234836357e+02 1.753372306468437003e-03
7.200000000000006395e+00 2.235160820374076422e+02 1.838409088084191900e-03
7.350000000000006750e+00 2.235258672053268469e+02 1.923924077652405806e-03
7.500000000000007105e+00 2.235439606449168650e+02 2.008253821225047808e-03
7.650000000000007461e+00 2.235755459715592792e+02 2.092177914796766736e-03
7.800000000000007816e+00 2.236296752686936316e+02 2.176617889933174510e-03
7.950000000000008171e+00 2.237218708715327580e+02 2.259671451578126877e-03
8.100000000000008527e+00 2.238785983130751163e+02 2.342198642247272922e-03
8.250000000000008882e+00 2.241449262716014061e+02 2.425177915315934740e-03
8.400000000000009237e+00 2.245976666721260528e+02 2.506402190200152091e-03
8.550000000000009592e+00 2.253680580336241803e+02 2.586694966547620211e-03
8.700000000000009948e+00 2.266812891257434615e+02 2.666897669724166420e-03
8.850000000000010303e+00 2.289270475805301999e+02 2.744191910658111411e-03
9.000000000000010658e+00 2.327863806686714270e+02 2.818861001843364633e-03
9.150000000000011013e+00 2.394905700563371340e+02 2.890846665888124889e-03
9.300000000000011369e+00 2.512471381707310343e+02 2.955582684264546067e-03
9.450000000000011724e+00 2.729723254696609729e+02 3.011691219441225975e-03
9.600000000000012079e+00 3.113542944565216430e+02 3.056225459032058112e-03
9.750000000000012434e+00 4.135794846482881439e+02 3.085700195950447089e-03
9.900000000000012790e+00 5.084626310789531090e+02 3.096437718718147991e-03
1.005000000000001315e+01 7.999999079249838587e+02 3.098766040464662197e-03
1.020000000000001350e+01 7.999999079249838587e+02 3.098766040464662197e-03
1.035000000000001386e+01 7.999999079249838587e+02 3.098766040464662197e-03
1.050000000000001421e+01 7.999999079249838587e+02 3.098766040464662197e-03
1.065000000000001457e+01 7.999999079249838587e+02 3.098766040464662197e-03
1.080000000000001492e+01 7.999999079249838587e+02 3.098766040464662197e-03
1.095000000000001528e+01 7.999999079249838587e+02 3.098766040464662197e-03
1.110000000000001563e+01 7.999999079249838587e+02 3.098766040464662197e-03
1.125000000000001599e+01 7.999999079249838587e+02 3.098766040464662197e-03
1.140000000000001634e+01 7.999999079249838587e+02 3.098766040464662197e-03
1.155000000000001670e+01 7.999999079249838587e+02 3.098766040464662197e-03
1.170000000000001705e+01 7.999999079249838587e+02 3.098766040464662197e-03
1.185000000000001741e+01 7.999999079249838587e+02 3.098766040464662197e-03
1.200000000000001776e+01 7.999999079249838587e+02 3.098766040464662197e-03
1.215000000000001812e+01 7.999999079249838587e+02 3.098766040464662197e-03
1.230000000000001847e+01 7.999999079249838587e+02 3.098766040464662197e-03
1.245000000000001883e+01 7.999999079249838587e+02 3.098766040464662197e-03
1.260000000000001918e+01 7.999999079249838587e+02 3.098766040464662197e-03
1.275000000000001954e+01 7.999999079249838587e+02 3.098766040464662197e-03
1.290000000000001990e+01 7.999999079249838587e+02 3.098766040464662197e-03
1.305000000000002025e+01 7.999995750798514109e+02 3.098393766049478693e-03
1.320000000000002061e+01 7.999995750798514109e+02 3.098393766049478693e-03
1.335000000000002096e+01 7.999995750798514109e+02 3.098393766049478693e-03
1.350000000000002132e+01 7.999995750798514109e+02 3.098393766049478693e-03
1.365000000000002167e+01 7.999995750798514109e+02 3.098393766049478693e-03
1.380000000000002203e+01 7.999995750798514109e+02 3.098393766049478693e-03
1.395000000000002238e+01 7.999995750798514109e+02 3.098393766049478693e-03
1.410000000000002274e+01 7.999995750798514109e+02 3.098393766049478693e-03
1.425000000000002309e+01 7.999995750798514109e+02 3.098393766049478693e-03
1.440000000000002345e+01 7.999995750798514109e+02 3.098393766049478693e-03
1.455000000000002380e+01 7.999995750798514109e+02 3.098393766049478693e-03
1.470000000000002416e+01 7.999995750798514109e+02 3.098393766049478693e-03
1.485000000000002451e+01 7.999995750798514109e+02 3.098393766049478693e-03
1.500000000000002487e+01 7.999995750798514109e+02 3.098393766049478693e-03
1.515000000000002522e+01 7.999995750798514109e+02 3.098393766049478693e-03
1.530000000000002558e+01 7.999995750798514109e+02 3.098393766049478693e-03
1.545000000000002593e+01 7.999995750798514109e+02 3.098393766049478693e-03
1.560000000000002629e+01 7.999995750798514109e+02 3.098393766049478693e-03
1.575000000000002665e+01 7.999995750798514109e+02 3.098393766049478693e-03
1.590000000000002700e+01 7.999995750798514109e+02 3.098393766049478693e-03
