1.499999999999999944e-01 7.995327561584923615e+02 1.945921201951250623e-11
2.999999999999999889e-01 7.995327561584923615e+02 1.945921201951250623e-11
4.499999999999999556e-01 7.995327561584923615e+02 1.945921201951250623e-11
5.999999999999999778e-01 7.995327561584923615e+02 1.945921201951250623e-11
7.500000000000000000e-01 7.995327561584923615e+02 1.945921201951250623e-11
9.000000000000000222e-01 7.995327561584923615e+02 1.945921201951250623e-11
1.050000000000000044e+00 7.995327561584923615e+02 1.945921201951250623e-11
1.199999999999999956e+00 7.995327561584923615e+02 1.945921201951250623e-11
1.349999999999999867e+00 7.995327561584923615e+02 1.945921201951250623e-11
1.499999999999999778e+00 7.995327561584923615e+02 1.945921201951250623e-11
1.649999999999999689e+00 7.995327561584923615e+02 1.945921201951250623e-11
1.799999999999999600e+00 7.995327561584923615e+02 1.945921201951250623e-11
1.949999999999999512e+00 7.995327561584923615e+02 1.945921201951250623e-11
2.099999999999999645e+00 7.997470359568617368e+02 1.940592131433049872e-11
2.249999999999999556e+00 7.997470359568617368e+02 1.940592131433049872e-11
2.399999999999999467e+00 7.997470359568617368e+02 1.940592131433049872e-11
2.549999999999999378e+00 7.997470359568617368e+02 1.940592131433049872e-11
2.699999999999999289e+00 7.997470359568617368e+02 1.940592131433049872e-11
2.849999999999999201e+00 7.997470359568617368e+02 1.940592131433049872e-11
2.999999999999999112e+00 7.997470359568617368e+02 1.940592131433049872e-11
3.149999999999999023e+00 7.997470359568617368e+02 1.940592131433049872e-11
3.299999999999998934e+00 7.997470359568617368e+02 1.940592131433049872e-11
3.449999999999998845e+00 7.997470359568617368e+02 1.940592131433049872e-11
3.599999999999998757e+00 7.997470359568617368e+02 1.940592131433049872e-11
3.749999999999998668e+00 7.997470359568617368e+02 1.940592131433049872e-11
3.899999999999998579e+00 7.997470359568617368e+02 1.940592131433049872e-11
4.049999999999998934e+00 4.288747736660587293e+02 1.942657146258852663e-11
4.199999999999999289e+00 1.973296081254976571e+02 1.938249560851090791e-11
4.349999999999999645e+00 6.194904070328657752e+01 1.904321145218546008e-11
4.500000000000000000e+00 2.246610730620405860e+01 1.906075297597453755e-11
4.650000000000000355e+00 7.816655159543152820e+00 1.887201506178826094e-11
4.800000000000000711e+00 2.854226513042874558e+00 1.812039407411702996e-11
4.950000000000001066e+00 1.117949338831749628e+00 1.583744246858032056e-11
5.100000000000001421e+00 5.177423011053861046e-01 1.186373221884196028e-11
5.250000000000001776e+00 3.093263922817186540e-01 6.851630374171691074e-12
5.400000000000002132e+00 2.370767049471851351e-01 3.055000696861043252e-12
5.550000000000002487e+00 2.120150005830510054e-01 1.176614361497740902e-12
5.700000000000002842e+00 2.033236954625863291e-01 6.366018823200647603e-13
5.850000000000003197e+00 2.003093250696110772e-01 8.064660050877137110e-13
6.000000000000003553e+00 1.992638964175057481e-01 1.518341008477364085e-12
6.150000000000003908e+00 1.989013226980205218e-01 4.108824391835241840e-12
6.300000000000004263e+00 1.987755787536116259e-01 1.190403331463585346e-11
6.450000000000004619e+00 1.987319766062682902e-01 3.379008184367648937e-11
6.600000000000004974e+00 1.987168777366150607e-01 9.730372063643244473e-11
6.750000000000005329e+00 1.987117076166668994e-01 2.798387077618258445e-10
6.900000000000005684e+00 1.987101073245867155e-01 8.073434143440749722e-10
7.050000000000006040e+00 1.987101074425936531e-01 2.323849779273245986e-09
7.200000000000006395e+00 1.987117077346738370e-01 6.689436116147362554e-09
7.350000000000006750e+00 1.987168776186081232e-01 1.929685067292297163e-08
7.500000000000007105e+00 1.987319764882613526e-01 5.554423121445495326e-08
7.650000000000007461e+00 1.987755785175977508e-01 1.598568818428347527e-07
7.800000000000007816e+00 1.989013223439997091e-01 4.608565362662631060e-07
7.950000000000008171e+00 1.992638953554433101e-01 1.324226095444913653e-06
8.100000000000008527e+00 2.003093220014307008e-01 3.792065579766301653e-06
8.250000000000008882e+00 2.033236866120660125e-01 1.077707190144661098e-05
8.400000000000009237e+00 2.120149745035178057e-01 2.975113056724598692e-05
8.550000000000009592e+00 2.370766303668006003e-01 7.659207764842967947e-05
8.700000000000009948e+00 3.093261778631131165e-01 1.693260155151143920e-04
8.850000000000010303e+00 5.177416823360090348e-01 2.912908949189718655e-04
9.000000000000010658e+00 1.117947557635034173e+00 3.880632633750380478e-04
9.150000000000011013e+00 2.854221355675051086e+00 4.393005189562426693e-04
9.300000000000011369e+00 7.816640456752722343e+00 4.594302311566877961e-04
9.450000000000011724e+00 2.246606360774461564e+01 4.664479468943216744e-04
9.600000000000012079e+00 6.194892523666040063e+01 4.693992207247532633e-04
9.750000000000012434e+00 1.973291925134352880e+02 4.695285194690201891e-04
9.900000000000012790e+00 4.288741682998292504e+02 4.692720826739993356e-04
1.005000000000001315e+01 7.997444533700484044e+02 4.694298837772947763e-04
1.020000000000001350e+01 7.997444533700484044e+02 4.694298837772947763e-04
1.035000000000001386e+01 7.997444533700484044e+02 4.694298837772947763e-04
1.050000000000001421e+01 7.997444533700484044e+02 4.694298837772947763e-04
1.065000000000001457e+01 7.997444533700484044e+02 4.694298837772947763e-04
1.080000000000001492e+01 7.997444533700484044e+02 4.694298837772947763e-04
1.095000000000001528e+01 7.997444533700484044e+02 4.694298837772947763e-04
1.110000000000001563e+01 7.997444533700484044e+02 4.694298837772947763e-04
1.125000000000001599e+01 7.997444533700484044e+02 4.694298837772947763e-04
1.140000000000001634e+01 7.997444533700484044e+02 4.694298837772947763e-04
1.155000000000001670e+01 7.997444533700484044e+02 4.694298837772947763e-04
1.170000000000001705e+01 7.997444533700484044e+02 4.694298837772947763e-04
1.185000000000001741e+01 7.997444533700484044e+02 4.694298837772947763e-04
1.200000000000001776e+01 7.997444533700484044e+02 4.694298837772947763e-04
1.215000000000001812e+01 7.997444533700484044e+02 4.694298837772947763e-04
1.230000000000001847e+01 7.997444533700484044e+02 4.694298837772947763e-04
1.245000000000001883e+01 7.997444533700484044e+02 4.694298837772947763e-04
1.260000000000001918e+01 7.997444533700484044e+02 4.694298837772947763e-04
1.275000000000001954e+01 7.997444533700484044e+02 4.694298837772947763e-04
1.290000000000001990e+01 7.997444533700484044e+02 4.694298837772947763e-04
1.305000000000002025e+01 7.995279857804335961e+02 4.688742722509520178e-04
1.320000000000002061e+01 7.995279857804335961e+02 4.688742722509520178e-04
1.335000000000002096e+01 7.995279857804335961e+02 4.688742722509520178e-04
1.350000000000002132e+01 7.995279857804335961e+02 4.688742722509520178e-04
1.365000000000002167e+01 7.995279857804335961e+02 4.688742722509520178e-04
1.380000000000002203e+01 7.995279857804335961e+02 4.688742722509520178e-04
1.395000000000002238e+01 7.995279857804335961e+02 4.688742722509520178e-04
1.410000000000002274e+01 7.995279857804335961e+02 4.688742722509520178e-04
1.425000000000002309e+01 7.995279857804335961e+02 4.688742722509520178e-04
1.440000000000002345e+01 7.995279857804335961e+02 4.688742722509520178e-04
1.455000000000002380e+01 7.995279857804335961e+02 4.688742722509520178e-04
1.470000000000002416e+01 7.995279857804335961e+02 4.688742722509520178e-04
1.485000000000002451e+01 7.995279857804335961e+02 4.688742722509520178e-04
1.500000000000002487e+01 7.995279857804335961e+02 4.688742722509520178e-04
1.515000000000002522e+01 7.995279857804335961e+02 4.688742722509520178e-04
1.530000000000002558e+01 7.995279857804335961e+02 4.688742722509520178e-04
1.545000000000002593e+01 7.995279857804335961e+02 4.688742722509520178e-04
1.560000000000002629e+01 7.995279857804335961e+02 4.688742722509520178e-04
1.575000000000002665e+01 7.995279857804335961e+02 4.688742722509520178e-04
1.590000000000002700e+01 7.995279857804335961e+02 4.688742722509520178e-04
