1.499999999999999944e-01 7.997256974114346804e+02 3.110833812769442375e-11
2.999999999999999889e-01 7.997256974114346804e+02 3.110833812769442375e-11
4.499999999999999556e-01 7.997256974114346804e+02 3.110833812769442375e-11
5.999999999999999778e-01 7.997256974114346804e+02 3.110833812769442375e-11
7.500000000000000000e-01 7.997256974114346804e+02 3.110833812769442375e-11
9.000000000000000222e-01 7.997256974114346804e+02 3.110833812769442375e-11
1.050000000000000044e+00 7.997256974114346804e+02 3.110833812769442375e-11
1.199999999999999956e+00 7.997256974114346804e+02 3.110833812769442375e-11
1.349999999999999867e+00 7.997256974114346804e+02 3.110833812769442375e-11
1.499999999999999778e+00 7.997256974114346804e+02 3.110833812769442375e-11
1.649999999999999689e+00 7.997256974114346804e+02 3.110833812769442375e-11
1.799999999999999600e+00 7.997256974114346804e+02 3.110833812769442375e-11
1.949999999999999512e+00 7.997256974114346804e+02 3.110833812769442375e-11
2.099999999999999645e+00 7.998612486078537813e+02 3.122491154528006518e-11
2.249999999999999556e+00 7.998612486078537813e+02 3.122491154528006518e-11
2.399999999999999467e+00 7.998612486078537813e+02 3.122491154528006518e-11
2.549999999999999378e+00 7.998612486078537813e+02 3.122491154528006518e-11
2.699999999999999289e+00 7.998612486078537813e+02 3.122491154528006518e-11
2.849999999999999201e+00 7.998612486078537813e+02 3.122491154528006518e-11
2.999999999999999112e+00 7.998612486078537813e+02 3.122491154528006518e-11
3.149999999999999023e+00 7.998612486078537813e+02 3.122491154528006518e-11
3.299999999999998934e+00 7.998612486078537813e+02 3.122491154528006518e-11
3.449999999999998845e+00 7.998612486078537813e+02 3.122491154528006518e-11
3.599999999999998757e+00 7.998612486078537813e+02 3.122491154528006518e-11
3.749999999999998668e+00 7.998612486078537813e+02 3.122491154528006518e-11
3.899999999999998579e+00 7.998612486078537813e+02 3.122491154528006518e-11
4.049999999999998934e+00 4.420166960349209830e+02 3.114364321987750373e-11
4.199999999999999289e+00 2.156259354161098258e+02 3.114453139829720385e-11
4.349999999999999645e+00 7.280473993177469083e+01 3.104616563831541498e-11
4.500000000000000000e+00 2.814990828111214682e+01 3.085709465722175082e-11
4.650000000000000355e+00 1.049275372719053934e+01 3.043576501937650391e-11
4.800000000000000711e+00 4.075072365532790286e+00 2.920352848434504267e-11
4.950000000000001066e+00 1.674384113319518974e+00 2.642996932422647660e-11
5.100000000000001421e+00 7.854883860759969139e-01 2.113131891690045450e-11
5.250000000000001776e+00 4.551614872409572854e-01 1.351663225790389333e-11
5.400000000000002132e+00 3.325653334027265373e-01 7.084666187040511431e-12
5.550000000000002487e+00 2.870446460256061982e-01 3.214650767802140763e-12
5.700000000000002842e+00 2.701452915409845446e-01 1.975530850018003548e-12
5.850000000000003197e+00 2.638711183922168857e-01 2.595368364666228445e-12
6.000000000000003553e+00 2.615417744955266244e-01 5.928701973800798442e-12
6.150000000000003908e+00 2.606769822489241051e-01 1.583666531246308296e-11
6.300000000000004263e+00 2.603559324566049327e-01 4.236189177220239799e-11
6.450000000000004619e+00 2.602367758954642341e-01 1.144525585417000002e-10
6.600000000000004974e+00 2.601926375245966483e-01 3.080256050225216313e-10
6.750000000000005329e+00 2.601765199010515062e-01 8.280256480475145509e-10
6.900000000000005684e+00 2.601712609218793659e-01 2.232181106620600985e-09
7.050000000000006040e+00 2.601712608038724284e-01 6.000827723617874199e-09
7.200000000000006395e+00 2.601765200190584437e-01 1.613302624825507792e-08
7.350000000000006750e+00 2.601926376426035858e-01 4.347347570821114005e-08
7.500000000000007105e+00 2.602367760134711716e-01 1.168596561740287143e-07
7.650000000000007461e+00 2.603559321025841200e-01 3.140357955899730769e-07
7.800000000000007816e+00 2.606769817768963549e-01 8.452355421129098545e-07
7.950000000000008171e+00 2.615417728434294986e-01 2.264919690131428354e-06
8.100000000000008527e+00 2.638711147340018215e-01 6.035522346903299251e-06
8.250000000000008882e+00 2.701452811563740397e-01 1.588709549571465374e-05
8.400000000000009237e+00 2.870446181759689352e-01 4.019779016584124065e-05
8.550000000000009592e+00 3.325652587043350650e-01 9.328206990943943566e-05
8.700000000000009948e+00 4.551612853900905975e-01 1.836601842614138391e-04
8.850000000000010303e+00 7.854878422705269259e-01 2.861771337903107337e-04
9.000000000000010658e+00 1.674382650417015839e+00 3.607493621231583347e-04
9.150000000000011013e+00 4.075068411157189985e+00 4.000380194986163929e-04
9.300000000000011369e+00 1.049274318164807340e+01 4.159624711381759710e-04
9.450000000000011724e+00 2.814987906834079467e+01 4.217824889756194295e-04
9.600000000000012079e+00 7.280466755609486995e+01 4.244697639607108997e-04
9.750000000000012434e+00 2.156256910070474930e+02 4.245509178076867229e-04
9.900000000000012790e+00 4.420163727669781792e+02 4.242858828622519951e-04
1.005000000000001315e+01 7.998597644016457480e+02 4.244423022897736431e-04
1.020000000000001350e+01 7.998597644016457480e+02 4.244423022897736431e-04
1.035000000000001386e+01 7.998597644016457480e+02 4.244423022897736431e-04
1.050000000000001421e+01 7.998597644016457480e+02 4.244423022897736431e-04
1.065000000000001457e+01 7.998597644016457480e+02 4.244423022897736431e-04
1.080000000000001492e+01 7.998597644016457480e+02 4.244423022897736431e-04
1.095000000000001528e+01 7.998597644016457480e+02 4.244423022897736431e-04
1.110000000000001563e+01 7.998597644016457480e+02 4.244423022897736431e-04
1.125000000000001599e+01 7.998597644016457480e+02 4.244423022897736431e-04
1.140000000000001634e+01 7.998597644016457480e+02 4.244423022897736431e-04
1.155000000000001670e+01 7.998597644016457480e+02 4.244423022897736431e-04
1.170000000000001705e+01 7.998597644016457480e+02 4.244423022897736431e-04
1.185000000000001741e+01 7.998597644016457480e+02 4.244423022897736431e-04
1.200000000000001776e+01 7.998597644016457480e+02 4.244423022897736431e-04
1.215000000000001812e+01 7.998597644016457480e+02 4.244423022897736431e-04
1.230000000000001847e+01 7.998597644016457480e+02 4.244423022897736431e-04
1.245000000000001883e+01 7.998597644016457480e+02 4.244423022897736431e-04
1.260000000000001918e+01 7.998597644016457480e+02 4.244423022897736431e-04
1.275000000000001954e+01 7.998597644016457480e+02 4.244423022897736431e-04
1.290000000000001990e+01 7.998597644016457480e+02 4.244423022897736431e-04
1.305000000000002025e+01 7.997227631725404535e+02 4.238840864484449966e-04
1.320000000000002061e+01 7.997227631725404535e+02 4.238840864484449966e-04
1.335000000000002096e+01 7.997227631725404535e+02 4.238840864484449966e-04
1.350000000000002132e+01 7.997227631725404535e+02 4.238840864484449966e-04
1.365000000000002167e+01 7.997227631725404535e+02 4.238840864484449966e-04
1.380000000000002203e+01 7.997227631725404535e+02 4.238840864484449966e-04
1.395000000000002238e+01 7.997227631725404535e+02 4.238840864484449966e-04
1.410000000000002274e+01 7.997227631725404535e+02 4.238840864484449966e-04
1.425000000000002309e+01 7.997227631725404535e+02 4.238840864484449966e-04
1.440000000000002345e+01 7.997227631725404535e+02 4.238840864484449966e-04
1.455000000000002380e+01 7.997227631725404535e+02 4.238840864484449966e-04
1.470000000000002416e+01 7.997227631725404535e+02 4.238840864484449966e-04
1.485000000000002451e+01 7.997227631725404535e+02 4.238840864484449966e-04
1.500000000000002487e+01 7.997227631725404535e+02 4.238840864484449966e-04
1.515000000000002522e+01 7.997227631725404535e+02 4.238840864484449966e-04
1.530000000000002558e+01 7.997227631725404535e+02 4.238840864484449966e-04
1.545000000000002593e+01 7.997227631725404535e+02 4.238840864484449966e-04
1.560000000000002629e+01 7.997227631725404535e+02 4.238840864484449966e-04
1.575000000000002665e+01 7.997227631725404535e+02 4.238840864484449966e-04
1.590000000000002700e+01 7.997227631725404535e+02 4.238840864484449966e-04
