1.499999999999999944e-01 7.999835046277574975e+02 3.111677582268157494e-11
2.999999999999999889e-01 7.999835046277574975e+02 3.111677582268157494e-11
4.499999999999999556e-01 7.999835046277574975e+02 3.111677582268157494e-11
5.999999999999999778e-01 7.999835046277574975e+02 3.111677582268157494e-11
7.500000000000000000e-01 7.999835046277574975e+02 3.111677582268157494e-11
9.000000000000000222e-01 7.999835046277574975e+02 3.111677582268157494e-11
1.050000000000000044e+00 7.999835046277574975e+02 3.111677582268157494e-11
1.199999999999999956e+00 7.999835046277574975e+02 3.111677582268157494e-11
1.349999999999999867e+00 7.999835046277574975e+02 3.111677582268157494e-11
1.499999999999999778e+00 7.999835046277574975e+02 3.111677582268157494e-11
1.649999999999999689e+00 7.999835046277574975e+02 3.111677582268157494e-11
1.799999999999999600e+00 7.999835046277574975e+02 3.111677582268157494e-11
1.949999999999999512e+00 7.999835046277574975e+02 3.111677582268157494e-11
2.099999999999999645e+00 7.999942154837111730e+02 3.118272307034430924e-11
2.249999999999999556e+00 7.999942154837111730e+02 3.118272307034430924e-11
2.399999999999999467e+00 7.999942154837111730e+02 3.118272307034430924e-11
2.549999999999999378e+00 7.999942154837111730e+02 3.118272307034430924e-11
2.699999999999999289e+00 7.999942154837111730e+02 3.118272307034430924e-11
2.849999999999999201e+00 7.999942154837111730e+02 3.118272307034430924e-11
2.999999999999999112e+00 7.999942154837111730e+02 3.118272307034430924e-11
3.149999999999999023e+00 7.999942154837111730e+02 3.118272307034430924e-11
3.299999999999998934e+00 7.999942154837111730e+02 3.118272307034430924e-11
3.449999999999998845e+00 7.999942154837111730e+02 3.118272307034430924e-11
3.599999999999998757e+00 7.999942154837111730e+02 3.118272307034430924e-11
3.749999999999998668e+00 7.999942154837111730e+02 3.118272307034430924e-11
3.899999999999998579e+00 7.999942154837111730e+02 3.118272307034430924e-11
4.049999999999998934e+00 4.861122348050395203e+02 3.125089076405629385e-11
4.199999999999999289e+00 3.101636250737934688e+02 3.117384128614730798e-11
4.349999999999999645e+00 1.505698640438918119e+02 3.117084368398082006e-11
4.500000000000000000e+00 8.160790377266049234e+01 3.137790027807341176e-11
4.650000000000000355e+00 4.351952562472653341e+01 3.218170174790202509e-11
4.800000000000000711e+00 2.355242950813207159e+01 3.567379724955799247e-11
4.950000000000001066e+00 1.288541917445749618e+01 4.774214357183836910e-11
5.100000000000001421e+00 7.207256915663201369e+00 8.906497761529408308e-11
5.250000000000001776e+00 4.180364304206889869e+00 2.219986416918118266e-10
5.400000000000002132e+00 2.567201260542901764e+00 6.196485546894336949e-10
5.550000000000002487e+00 1.707380313912040037e+00 1.701995766545394417e-09
5.700000000000002842e+00 1.249102571212347357e+00 4.321589641698153628e-09
5.850000000000003197e+00 1.004846989153406867e+00 1.003422245293705828e-08
6.000000000000003553e+00 8.746721851275083282e-01 2.161603429584602054e-08
6.150000000000003908e+00 8.053147789754007135e-01 4.394319297329474239e-08
6.300000000000004263e+00 7.683960847906519120e-01 8.621093872118734680e-08
6.450000000000004619e+00 7.488102447262008354e-01 1.659869798276147890e-07
6.600000000000004974e+00 7.385434153231358323e-01 3.150511567184821615e-07
6.750000000000005329e+00 7.333947692449100941e-01 5.939248153286058596e-07
6.900000000000005684e+00 7.312576610096357399e-01 1.117645914150422470e-06
7.050000000000006040e+00 7.312576609506322711e-01 2.092265674047411039e-06
7.200000000000006395e+00 7.333947691269031566e-01 3.905369745593745279e-06
7.350000000000006750e+00 7.385434149101115509e-01 7.276616403983915404e-06
7.500000000000007105e+00 7.488102439591557413e-01 1.343527183317316798e-05
7.650000000000007461e+00 7.683960833155651926e-01 2.451014238702420300e-05
7.800000000000007816e+00 8.053147762022376810e-01 4.388043047653944484e-05
7.950000000000008171e+00 8.746721799057013413e-01 7.563172977365084648e-05
8.100000000000008527e+00 1.004846979388332784e+00 1.232430018118790827e-04
8.250000000000008882e+00 1.249102552862268567e+00 1.860244396034715919e-04
8.400000000000009237e+00 1.707380279542519474e+00 2.547715649460213783e-04
8.550000000000009592e+00 2.567201196081612125e+00 3.172022984048172844e-04
8.700000000000009948e+00 4.180364183257154309e+00 3.655003424063441031e-04
8.850000000000010303e+00 7.207256688695295566e+00 3.968860324667922157e-04
9.000000000000010658e+00 1.288541874872534265e+01 4.155582743694541392e-04
9.150000000000011013e+00 2.355242870785234999e+01 4.268233011639477326e-04
9.300000000000011369e+00 4.351952412802933168e+01 4.320937054651530218e-04
9.450000000000011724e+00 8.160790089415368698e+01 4.345183601706104071e-04
9.600000000000012079e+00 1.505698589094143358e+02 4.363626534802378387e-04
9.750000000000012434e+00 3.101636120044962013e+02 4.362893192667582909e-04
9.900000000000012790e+00 4.861122234156454738e+02 4.359921935969124362e-04
1.005000000000001315e+01 7.999941320252189598e+02 4.361388401108445834e-04
1.020000000000001350e+01 7.999941320252189598e+02 4.361388401108445834e-04
1.035000000000001386e+01 7.999941320252189598e+02 4.361388401108445834e-04
1.050000000000001421e+01 7.999941320252189598e+02 4.361388401108445834e-04
1.065000000000001457e+01 7.999941320252189598e+02 4.361388401108445834e-04
1.080000000000001492e+01 7.999941320252189598e+02 4.361388401108445834e-04
1.095000000000001528e+01 7.999941320252189598e+02 4.361388401108445834e-04
1.110000000000001563e+01 7.999941320252189598e+02 4.361388401108445834e-04
1.125000000000001599e+01 7.999941320252189598e+02 4.361388401108445834e-04
1.140000000000001634e+01 7.999941320252189598e+02 4.361388401108445834e-04
1.155000000000001670e+01 7.999941320252189598e+02 4.361388401108445834e-04
1.170000000000001705e+01 7.999941320252189598e+02 4.361388401108445834e-04
1.185000000000001741e+01 7.999941320252189598e+02 4.361388401108445834e-04
1.200000000000001776e+01 7.999941320252189598e+02 4.361388401108445834e-04
1.215000000000001812e+01 7.999941320252189598e+02 4.361388401108445834e-04
1.230000000000001847e+01 7.999941320252189598e+02 4.361388401108445834e-04
1.245000000000001883e+01 7.999941320252189598e+02 4.361388401108445834e-04
1.260000000000001918e+01 7.999941320252189598e+02 4.361388401108445834e-04
1.275000000000001954e+01 7.999941320252189598e+02 4.361388401108445834e-04
1.290000000000001990e+01 7.999941320252189598e+02 4.361388401108445834e-04
1.305000000000002025e+01 7.999832666337658793e+02 4.355701601163053382e-04
1.320000000000002061e+01 7.999832666337658793e+02 4.355701601163053382e-04
1.335000000000002096e+01 7.999832666337658793e+02 4.355701601163053382e-04
1.350000000000002132e+01 7.999832666337658793e+02 4.355701601163053382e-04
1.365000000000002167e+01 7.999832666337658793e+02 4.355701601163053382e-04
1.380000000000002203e+01 7.999832666337658793e+02 4.355701601163053382e-04
1.395000000000002238e+01 7.999832666337658793e+02 4.355701601163053382e-04
1.410000000000002274e+01 7.999832666337658793e+02 4.355701601163053382e-04
1.425000000000002309e+01 7.999832666337658793e+02 4.355701601163053382e-04
1.440000000000002345e+01 7.999832666337658793e+02 4.355701601163053382e-04
1.455000000000002380e+01 7.999832666337658793e+02 4.355701601163053382e-04
1.470000000000002416e+01 7.999832666337658793e+02 4.355701601163053382e-04
1.485000000000002451e+01 7.999832666337658793e+02 4.355701601163053382e-04
1.500000000000002487e+01 7.999832666337658793e+02 4.355701601163053382e-04
1.515000000000002522e+01 7.999832666337658793e+02 4.355701601163053382e-04
1.530000000000002558e+01 7.999832666337658793e+02 4.355701601163053382e-04
1.545000000000002593e+01 7.999832666337658793e+02 4.355701601163053382e-04
1.560000000000002629e+01 7.999832666337658793e+02 4.355701601163053382e-04
1.575000000000002665e+01 7.999832666337658793e+02 4.355701601163053382e-04
1.590000000000002700e+01 7.999832666337658793e+02 4.355701601163053382e-04
