1.499999999999999944e-01 7.998812213433338911e+02 2.529032538944875341e-11
2.999999999999999889e-01 7.998812213433338911e+02 2.529032538944875341e-11
4.499999999999999556e-01 7.998812213433338911e+02 2.529032538944875341e-11
5.999999999999999778e-01 7.998812213433338911e+02 2.529032538944875341e-11
7.500000000000000000e-01 7.998812213433338911e+02 2.529032538944875341e-11
9.000000000000000222e-01 7.998812213433338911e+02 2.529032538944875341e-11
1.050000000000000044e+00 7.998812213433338911e+02 2.529032538944875341e-11
1.199999999999999956e+00 7.998812213433338911e+02 2.529032538944875341e-11
1.349999999999999867e+00 7.998812213433338911e+02 2.529032538944875341e-11
1.499999999999999778e+00 7.998812213433338911e+02 2.529032538944875341e-11
1.649999999999999689e+00 7.998812213433338911e+02 2.529032538944875341e-11
1.799999999999999600e+00 7.998812213433338911e+02 2.529032538944875341e-11
1.949999999999999512e+00 7.998812213433338911e+02 2.529032538944875341e-11
2.099999999999999645e+00 7.999460792161335121e+02 2.531741483124960723e-11
2.249999999999999556e+00 7.999460792161335121e+02 2.531741483124960723e-11
2.399999999999999467e+00 7.999460792161335121e+02 2.531741483124960723e-11
2.549999999999999378e+00 7.999460792161335121e+02 2.531741483124960723e-11
2.699999999999999289e+00 7.999460792161335121e+02 2.531741483124960723e-11
2.849999999999999201e+00 7.999460792161335121e+02 2.531741483124960723e-11
2.999999999999999112e+00 7.999460792161335121e+02 2.531741483124960723e-11
3.149999999999999023e+00 7.999460792161335121e+02 2.531741483124960723e-11
3.299999999999998934e+00 7.999460792161335121e+02 2.531741483124960723e-11
3.449999999999998845e+00 7.999460792161335121e+02 2.531741483124960723e-11
3.599999999999998757e+00 7.999460792161335121e+02 2.531741483124960723e-11
3.749999999999998668e+00 7.999460792161335121e+02 2.531741483124960723e-11
3.899999999999998579e+00 7.999460792161335121e+02 2.531741483124960723e-11
4.049999999999998934e+00 4.590848919186935291e+02 2.539279897462165536e-11
4.199999999999999289e+00 2.443435003150851514e+02 2.527689169085078902e-11
4.349999999999999645e+00 9.214201109363227715e+01 2.512567931489684270e-11
4.500000000000000000e+00 3.931606061911747929e+01 2.511169050478656573e-11
4.650000000000000355e+00 1.625029940872839518e+01 2.478905969383049523e-11
4.800000000000000711e+00 6.904643316807778319e+00 2.418465427922456001e-11
4.950000000000001066e+00 3.025278576800772612e+00 2.279809674377020201e-11
5.100000000000001421e+00 1.427624014694345078e+00 2.001188104117090916e-11
5.250000000000001776e+00 7.679286342935256471e-01 1.573130514742615560e-11
5.400000000000002132e+00 4.957646684629253286e-01 1.124922377471193613e-11
5.550000000000002487e+00 3.834487306462506240e-01 1.027511409290582378e-11
5.700000000000002842e+00 3.371028083640794648e-01 1.629285595328155978e-11
5.850000000000003197e+00 3.179780965160716732e-01 3.666633663357288242e-11
6.000000000000003553e+00 3.100863594377187837e-01 8.896472447617043144e-11
6.150000000000003908e+00 3.068299087869945652e-01 2.165777557294745748e-10
6.300000000000004263e+00 3.054862992610196670e-01 5.256325374958237262e-10
6.450000000000004619e+00 3.049322473666506994e-01 1.276350580781127064e-09
6.600000000000004974e+00 3.047045562848325062e-01 3.089682065748888817e-09
6.750000000000005329e+00 3.046128711487199325e-01 7.476715246923504310e-09
6.900000000000005684e+00 3.045805425581420423e-01 1.812751659890921019e-08
7.050000000000006040e+00 3.045805425581420423e-01 4.385412366580965227e-08
7.200000000000006395e+00 3.046128711487199325e-01 1.060800646213166942e-07
7.350000000000006750e+00 3.047045559308116935e-01 2.570874608753825896e-07
7.500000000000007105e+00 3.049322472486437618e-01 6.214792424019677242e-07
7.650000000000007461e+00 3.054862987889919168e-01 1.500749905569698228e-06
7.800000000000007816e+00 3.068299079609460023e-01 3.622258999413929814e-06
7.950000000000008171e+00 3.100863573135939077e-01 8.670909772412471739e-06
8.100000000000008527e+00 3.179780913237664208e-01 2.045596710686936603e-05
8.250000000000008882e+00 3.371027952653093962e-01 4.677702111044457212e-05
8.400000000000009237e+00 3.834486990793948280e-01 9.948464050413274862e-05
8.550000000000009592e+00 4.957645921124367305e-01 1.861500018017769875e-04
8.700000000000009948e+00 7.679284494061562327e-01 2.913260800444517074e-04
8.850000000000010303e+00 1.427623566459743643e+00 3.791439688968223365e-04
9.000000000000010658e+00 3.025277491490967918e+00 4.326923209743149812e-04
9.150000000000011013e+00 6.904640679585050123e+00 4.600669334076101791e-04
9.300000000000011369e+00 1.625029306908778537e+01 4.714698576609999137e-04
9.450000000000011724e+00 3.931604486619069405e+01 4.759033873894535915e-04
9.600000000000012079e+00 9.214197575722209876e+01 4.782638849086806587e-04
9.750000000000012434e+00 2.443433918106508145e+02 4.782832824523630677e-04
9.900000000000012790e+00 4.590847674646713017e+02 4.780064127574146227e-04
1.005000000000001315e+01 7.999454298305671500e+02 4.781604838659525569e-04
1.020000000000001350e+01 7.999454298305671500e+02 4.781604838659525569e-04
1.035000000000001386e+01 7.999454298305671500e+02 4.781604838659525569e-04
1.050000000000001421e+01 7.999454298305671500e+02 4.781604838659525569e-04
1.065000000000001457e+01 7.999454298305671500e+02 4.781604838659525569e-04
1.080000000000001492e+01 7.999454298305671500e+02 4.781604838659525569e-04
1.095000000000001528e+01 7.999454298305671500e+02 4.781604838659525569e-04
1.110000000000001563e+01 7.999454298305671500e+02 4.781604838659525569e-04
1.125000000000001599e+01 7.999454298305671500e+02 4.781604838659525569e-04
1.140000000000001634e+01 7.999454298305671500e+02 4.781604838659525569e-04
1.155000000000001670e+01 7.999454298305671500e+02 4.781604838659525569e-04
1.170000000000001705e+01 7.999454298305671500e+02 4.781604838659525569e-04
1.185000000000001741e+01 7.999454298305671500e+02 4.781604838659525569e-04
1.200000000000001776e+01 7.999454298305671500e+02 4.781604838659525569e-04
1.215000000000001812e+01 7.999454298305671500e+02 4.781604838659525569e-04
1.230000000000001847e+01 7.999454298305671500e+02 4.781604838659525569e-04
1.245000000000001883e+01 7.999454298305671500e+02 4.781604838659525569e-04
1.260000000000001918e+01 7.999454298305671500e+02 4.781604838659525569e-04
1.275000000000001954e+01 7.999454298305671500e+02 4.781604838659525569e-04
1.290000000000001990e+01 7.999454298305671500e+02 4.781604838659525569e-04
1.305000000000002025e+01 7.998797908399659491e+02 4.775979308880851093e-04
1.320000000000002061e+01 7.998797908399659491e+02 4.775979308880851093e-04
1.335000000000002096e+01 7.998797908399659491e+02 4.775979308880851093e-04
1.350000000000002132e+01 7.998797908399659491e+02 4.775979308880851093e-04
1.365000000000002167e+01 7.998797908399659491e+02 4.775979308880851093e-04
1.380000000000002203e+01 7.998797908399659491e+02 4.775979308880851093e-04
1.395000000000002238e+01 7.998797908399659491e+02 4.775979308880851093e-04
1.410000000000002274e+01 7.998797908399659491e+02 4.775979308880851093e-04
1.425000000000002309e+01 7.998797908399659491e+02 4.775979308880851093e-04
1.440000000000002345e+01 7.998797908399659491e+02 4.775979308880851093e-04
1.455000000000002380e+01 7.998797908399659491e+02 4.775979308880851093e-04
1.470000000000002416e+01 7.998797908399659491e+02 4.775979308880851093e-04
1.485000000000002451e+01 7.998797908399659491e+02 4.775979308880851093e-04
1.500000000000002487e+01 7.998797908399659491e+02 4.775979308880851093e-04
1.515000000000002522e+01 7.998797908399659491e+02 4.775979308880851093e-04
1.530000000000002558e+01 7.998797908399659491e+02 4.775979308880851093e-04
1.545000000000002593e+01 7.998797908399659491e+02 4.775979308880851093e-04
1.560000000000002629e+01 7.998797908399659491e+02 4.775979308880851093e-04
1.575000000000002665e+01 7.998797908399659491e+02 4.775979308880851093e-04
1.590000000000002700e+01 7.998797908399659491e+02 4.775979308880851093e-04
