1.499999999999999944e-01 7.999835136450194568e+02 4.394729025136712153e-11
2.999999999999999889e-01 7.999835136450194568e+02 4.394729025136712153e-11
4.499999999999999556e-01 7.999835136450194568e+02 4.394729025136712153e-11
5.999999999999999778e-01 7.999835136450194568e+02 4.394729025136712153e-11
7.500000000000000000e-01 7.999835136450194568e+02 4.394729025136712153e-11
9.000000000000000222e-01 7.999835136450194568e+02 4.394729025136712153e-11
1.050000000000000044e+00 7.999835136450194568e+02 4.394729025136712153e-11
1.199999999999999956e+00 7.999835136450194568e+02 4.394729025136712153e-11
1.349999999999999867e+00 7.999835136450194568e+02 4.394729025136712153e-11
1.499999999999999778e+00 7.999835136450194568e+02 4.394729025136712153e-11
1.649999999999999689e+00 7.999835136450194568e+02 4.394729025136712153e-11
1.799999999999999600e+00 7.999835136450194568e+02 4.394729025136712153e-11
1.949999999999999512e+00 7.999835136450194568e+02 4.394729025136712153e-11
2.099999999999999645e+00 7.999942187251723453e+02 4.412914478280072217e-11
2.249999999999999556e+00 7.999942187251723453e+02 4.412914478280072217e-11
2.399999999999999467e+00 7.999942187251723453e+02 4.412914478280072217e-11
2.549999999999999378e+00 7.999942187251723453e+02 4.412914478280072217e-11
2.699999999999999289e+00 7.999942187251723453e+02 4.412914478280072217e-11
2.849999999999999201e+00 7.999942187251723453e+02 4.412914478280072217e-11
2.999999999999999112e+00 7.999942187251723453e+02 4.412914478280072217e-11
3.149999999999999023e+00 7.999942187251723453e+02 4.412914478280072217e-11
3.299999999999998934e+00 7.999942187251723453e+02 4.412914478280072217e-11
3.449999999999998845e+00 7.999942187251723453e+02 4.412914478280072217e-11
3.599999999999998757e+00 7.999942187251723453e+02 4.412914478280072217e-11
3.749999999999998668e+00 7.999942187251723453e+02 4.412914478280072217e-11
3.899999999999998579e+00 7.999942187251723453e+02 4.412914478280072217e-11
4.049999999999998934e+00 4.861144023424070042e+02 4.410261045251218093e-11
4.199999999999999289e+00 3.101830045531924611e+02 4.407829656827289000e-11
4.349999999999999645e+00 1.506101400829003012e+02 4.411104814749933212e-11
4.500000000000000000e+00 8.166221919748932123e+01 4.408640119635265364e-11
4.650000000000000355e+00 4.358268067861436634e+01 4.468658776346501327e-11
4.800000000000000711e+00 2.362068127651130567e+01 4.759570515489031095e-11
4.950000000000001066e+00 1.295651537762231342e+01 5.802269775756485615e-11
5.100000000000001421e+00 7.279907405824310729e+00 9.405409784335461154e-11
5.250000000000001776e+00 4.253855442041157175e+00 2.113262898006951218e-10
5.400000000000002132e+00 2.641144470984613690e+00 5.595269803038149803e-10
5.550000000000002487e+00 1.781565910441230471e+00 1.495433998854878155e-09
5.700000000000002842e+00 1.323417917475694594e+00 3.723393926513551833e-09
5.850000000000003197e+00 1.079231729956916297e+00 8.517070604341370199e-09
6.000000000000003553e+00 9.490940205857896217e-01 1.815458749998555277e-08
6.150000000000003908e+00 8.797564329908027503e-01 3.664632763911157554e-08
6.300000000000004263e+00 8.428483153548427254e-01 7.158533665840849380e-08
6.450000000000004619e+00 8.232681002680806159e-01 1.375095072253529338e-07
6.600000000000004974e+00 8.130042262307597412e-01 2.606113110870111882e-07
6.750000000000005329e+00 8.078570650633309924e-01 4.908690404148430275e-07
6.900000000000005684e+00 8.057205740928452542e-01 9.234741941144264388e-07
7.050000000000006040e+00 8.057205740633435198e-01 1.728380991328215543e-06
7.200000000000006395e+00 8.078570648863205861e-01 3.226295162916947845e-06
7.350000000000006750e+00 8.130042257882337253e-01 6.015269829129366030e-06
7.500000000000007105e+00 8.232680995010355218e-01 1.111786404961456753e-05
7.650000000000007461e+00 8.428483139682612091e-01 2.032487902703383753e-05
7.800000000000007816e+00 8.797564301881379834e-01 3.653627449917706826e-05
7.950000000000008171e+00 9.490940155704947756e-01 6.338584650589229597e-05
8.100000000000008527e+00 1.079231720486859558e+00 1.043281970323217678e-04
8.250000000000008882e+00 1.323417899597643554e+00 1.596353531986283159e-04
8.400000000000009237e+00 1.781565876868256737e+00 2.219419354344553952e-04
8.550000000000009592e+00 2.641144407909905567e+00 2.801987708846986891e-04
8.700000000000009948e+00 4.253855323694949675e+00 3.264263940884193360e-04
8.850000000000010303e+00 7.279907183724191100e+00 3.570083465695983449e-04
9.000000000000010658e+00 1.295651496103569755e+01 3.754165103914131052e-04
9.150000000000011013e+00 2.362068049341819176e+01 3.866048272521682705e-04
9.300000000000011369e+00 4.358267921404086565e+01 3.918579620902917782e-04
9.450000000000011724e+00 8.166221638067801791e+01 3.942794469368182675e-04
9.600000000000012079e+00 1.506101350582955831e+02 3.961240709539071148e-04
9.750000000000012434e+00 3.101829917625071857e+02 3.960505309231754367e-04
9.900000000000012790e+00 4.861143911952921144e+02 3.957531411246106856e-04
1.005000000000001315e+01 7.999941370364977047e+02 3.958998874271646429e-04
1.020000000000001350e+01 7.999941370364977047e+02 3.958998874271646429e-04
1.035000000000001386e+01 7.999941370364977047e+02 3.958998874271646429e-04
1.050000000000001421e+01 7.999941370364977047e+02 3.958998874271646429e-04
1.065000000000001457e+01 7.999941370364977047e+02 3.958998874271646429e-04
1.080000000000001492e+01 7.999941370364977047e+02 3.958998874271646429e-04
1.095000000000001528e+01 7.999941370364977047e+02 3.958998874271646429e-04
1.110000000000001563e+01 7.999941370364977047e+02 3.958998874271646429e-04
1.125000000000001599e+01 7.999941370364977047e+02 3.958998874271646429e-04
1.140000000000001634e+01 7.999941370364977047e+02 3.958998874271646429e-04
1.155000000000001670e+01 7.999941370364977047e+02 3.958998874271646429e-04
1.170000000000001705e+01 7.999941370364977047e+02 3.958998874271646429e-04
1.185000000000001741e+01 7.999941370364977047e+02 3.958998874271646429e-04
1.200000000000001776e+01 7.999941370364977047e+02 3.958998874271646429e-04
1.215000000000001812e+01 7.999941370364977047e+02 3.958998874271646429e-04
1.230000000000001847e+01 7.999941370364977047e+02 3.958998874271646429e-04
1.245000000000001883e+01 7.999941370364977047e+02 3.958998874271646429e-04
1.260000000000001918e+01 7.999941370364977047e+02 3.958998874271646429e-04
1.275000000000001954e+01 7.999941370364977047e+02 3.958998874271646429e-04
1.290000000000001990e+01 7.999941370364977047e+02 3.958998874271646429e-04
1.305000000000002025e+01 7.999832806947229074e+02 3.953308121920073859e-04
1.320000000000002061e+01 7.999832806947229074e+02 3.953308121920073859e-04
1.335000000000002096e+01 7.999832806947229074e+02 3.953308121920073859e-04
1.350000000000002132e+01 7.999832806947229074e+02 3.953308121920073859e-04
1.365000000000002167e+01 7.999832806947229074e+02 3.953308121920073859e-04
1.380000000000002203e+01 7.999832806947229074e+02 3.953308121920073859e-04
1.395000000000002238e+01 7.999832806947229074e+02 3.953308121920073859e-04
1.410000000000002274e+01 7.999832806947229074e+02 3.953308121920073859e-04
1.425000000000002309e+01 7.999832806947229074e+02 3.953308121920073859e-04
1.440000000000002345e+01 7.999832806947229074e+02 3.953308121920073859e-04
1.455000000000002380e+01 7.999832806947229074e+02 3.953308121920073859e-04
1.470000000000002416e+01 7.999832806947229074e+02 3.953308121920073859e-04
1.485000000000002451e+01 7.999832806947229074e+02 3.953308121920073859e-04
1.500000000000002487e+01 7.999832806947229074e+02 3.953308121920073859e-04
1.515000000000002522e+01 7.999832806947229074e+02 3.953308121920073859e-04
1.530000000000002558e+01 7.999832806947229074e+02 3.953308121920073859e-04
1.545000000000002593e+01 7.999832806947229074e+02 3.953308121920073859e-04
1.560000000000002629e+01 7.999832806947229074e+02 3.953308121920073859e-04
1.575000000000002665e+01 7.999832806947229074e+02 3.953308121920073859e-04
1.590000000000002700e+01 7.999832806947229074e+02 3.953308121920073859e-04
