1.499999999999999944e-01 7.999063328741044643e+02 3.098732381801028168e-11
2.999999999999999889e-01 7.999063328741044643e+02 3.098732381801028168e-11
4.499999999999999556e-01 7.999063328741044643e+02 3.098732381801028168e-11
5.999999999999999778e-01 7.999063328741044643e+02 3.098732381801028168e-11
7.500000000000000000e-01 7.999063328741044643e+02 3.098732381801028168e-11
9.000000000000000222e-01 7.999063328741044643e+02 3.098732381801028168e-11
1.050000000000000044e+00 7.999063328741044643e+02 3.098732381801028168e-11
1.199999999999999956e+00 7.999063328741044643e+02 3.098732381801028168e-11
1.349999999999999867e+00 7.999063328741044643e+02 3.098732381801028168e-11
1.499999999999999778e+00 7.999063328741044643e+02 3.098732381801028168e-11
1.649999999999999689e+00 7.999063328741044643e+02 3.098732381801028168e-11
1.799999999999999600e+00 7.999063328741044643e+02 3.098732381801028168e-11
1.949999999999999512e+00 7.999063328741044643e+02 3.098732381801028168e-11
2.099999999999999645e+00 7.999587705296301010e+02 3.111544355505202475e-11
2.249999999999999556e+00 7.999587705296301010e+02 3.111544355505202475e-11
2.399999999999999467e+00 7.999587705296301010e+02 3.111544355505202475e-11
2.549999999999999378e+00 7.999587705296301010e+02 3.111544355505202475e-11
2.699999999999999289e+00 7.999587705296301010e+02 3.111544355505202475e-11
2.849999999999999201e+00 7.999587705296301010e+02 3.111544355505202475e-11
2.999999999999999112e+00 7.999587705296301010e+02 3.111544355505202475e-11
3.149999999999999023e+00 7.999587705296301010e+02 3.111544355505202475e-11
3.299999999999998934e+00 7.999587705296301010e+02 3.111544355505202475e-11
3.449999999999998845e+00 7.999587705296301010e+02 3.111544355505202475e-11
3.599999999999998757e+00 7.999587705296301010e+02 3.111544355505202475e-11
3.749999999999998668e+00 7.999587705296301010e+02 3.111544355505202475e-11
3.899999999999998579e+00 7.999587705296301010e+02 3.111544355505202475e-11
4.049999999999998934e+00 4.632202923767680431e+02 3.108235890891819508e-11
4.199999999999999289e+00 2.524464883599628422e+02 3.111233493058307431e-11
4.349999999999999645e+00 9.819608298365565702e+01 3.093958422795139995e-11
4.500000000000000000e+00 4.311324117839313885e+01 3.075173449218482347e-11
4.650000000000000355e+00 1.837882697838674417e+01 3.052080810306279091e-11
4.800000000000000711e+00 8.046310564985532210e+00 2.985367508756553434e-11
4.950000000000001066e+00 3.629081116994882450e+00 2.837274859501803803e-11
5.100000000000001421e+00 1.754470449114279518e+00 2.502775764412490389e-11
5.250000000000001776e+00 9.570056066965548780e-01 2.005651200676084045e-11
5.400000000000002132e+00 6.180212097225421530e-01 1.547362238341065677e-11
5.550000000000002487e+00 4.738907193709565036e-01 1.585942488446789866e-11
5.700000000000002842e+00 4.126137361919290925e-01 2.713762548012255138e-11
5.850000000000003197e+00 3.865612123611299467e-01 6.080824732634937391e-11
6.000000000000003553e+00 3.754848588771437790e-01 1.443147823465551483e-10
6.150000000000003908e+00 3.707757923880308226e-01 3.419874383681076324e-10
6.300000000000004263e+00 3.687740133286752098e-01 8.064076073566184277e-10
6.450000000000004619e+00 3.679236856644365616e-01 1.901941049098354597e-09
6.600000000000004974e+00 3.675639133706454231e-01 4.468724057460349286e-09
6.750000000000005329e+00 3.674150721643627548e-01 1.049453701718050525e-08
6.900000000000005684e+00 3.673614786646339780e-01 2.469663840098945684e-08
7.050000000000006040e+00 3.673614786056305093e-01 5.797499535997729936e-08
7.200000000000006395e+00 3.674150719873523485e-01 1.360765449209822009e-07
7.350000000000006750e+00 3.675639131936350168e-01 3.200517914025979849e-07
7.500000000000007105e+00 3.679236853694192177e-01 7.505854190403837833e-07
7.650000000000007461e+00 3.687740126796370532e-01 1.757933073220918629e-06
7.800000000000007816e+00 3.707757915029787910e-01 4.113999442889593183e-06
7.950000000000008171e+00 3.754848563989980903e-01 9.536479236849082497e-06
8.100000000000008527e+00 3.865612066377934752e-01 2.174537713650614990e-05
8.250000000000008882e+00 4.126137229161486175e-01 4.793524908053292677e-05
8.400000000000009237e+00 4.738906879221076451e-01 9.797696845126324661e-05
8.550000000000009592e+00 6.180211357321923060e-01 1.763631969953216583e-04
8.700000000000009948e+00 9.570054325773185155e-01 2.679766128410587811e-04
8.850000000000010303e+00 1.754470039408943194e+00 3.431714595112378419e-04
9.000000000000010658e+00 3.629080154124650903e+00 3.893500775249414403e-04
9.150000000000011013e+00 8.046308294587369403e+00 4.135700217280380286e-04
9.300000000000011369e+00 1.837882167848313486e+01 4.238733843268116530e-04
9.450000000000011724e+00 4.311322840520974609e+01 4.279721334407016187e-04
9.600000000000012079e+00 9.819605511807708353e+01 4.302512029725757969e-04
9.750000000000012434e+00 2.524464049573953446e+02 4.302555680187891696e-04
9.900000000000012790e+00 4.632202002719140523e+02 4.299758111069307276e-04
1.005000000000001315e+01 7.999582710836592696e+02 4.301290541107727350e-04
1.020000000000001350e+01 7.999582710836592696e+02 4.301290541107727350e-04
1.035000000000001386e+01 7.999582710836592696e+02 4.301290541107727350e-04
1.050000000000001421e+01 7.999582710836592696e+02 4.301290541107727350e-04
1.065000000000001457e+01 7.999582710836592696e+02 4.301290541107727350e-04
1.080000000000001492e+01 7.999582710836592696e+02 4.301290541107727350e-04
1.095000000000001528e+01 7.999582710836592696e+02 4.301290541107727350e-04
1.110000000000001563e+01 7.999582710836592696e+02 4.301290541107727350e-04
1.125000000000001599e+01 7.999582710836592696e+02 4.301290541107727350e-04
1.140000000000001634e+01 7.999582710836592696e+02 4.301290541107727350e-04
1.155000000000001670e+01 7.999582710836592696e+02 4.301290541107727350e-04
1.170000000000001705e+01 7.999582710836592696e+02 4.301290541107727350e-04
1.185000000000001741e+01 7.999582710836592696e+02 4.301290541107727350e-04
1.200000000000001776e+01 7.999582710836592696e+02 4.301290541107727350e-04
1.215000000000001812e+01 7.999582710836592696e+02 4.301290541107727350e-04
1.230000000000001847e+01 7.999582710836592696e+02 4.301290541107727350e-04
1.245000000000001883e+01 7.999582710836592696e+02 4.301290541107727350e-04
1.260000000000001918e+01 7.999582710836592696e+02 4.301290541107727350e-04
1.275000000000001954e+01 7.999582710836592696e+02 4.301290541107727350e-04
1.290000000000001990e+01 7.999582710836592696e+02 4.301290541107727350e-04
1.305000000000002025e+01 7.999051982000286216e+02 4.295657116867301895e-04
1.320000000000002061e+01 7.999051982000286216e+02 4.295657116867301895e-04
1.335000000000002096e+01 7.999051982000286216e+02 4.295657116867301895e-04
1.350000000000002132e+01 7.999051982000286216e+02 4.295657116867301895e-04
1.365000000000002167e+01 7.999051982000286216e+02 4.295657116867301895e-04
1.380000000000002203e+01 7.999051982000286216e+02 4.295657116867301895e-04
1.395000000000002238e+01 7.999051982000286216e+02 4.295657116867301895e-04
1.410000000000002274e+01 7.999051982000286216e+02 4.295657116867301895e-04
1.425000000000002309e+01 7.999051982000286216e+02 4.295657116867301895e-04
1.440000000000002345e+01 7.999051982000286216e+02 4.295657116867301895e-04
1.455000000000002380e+01 7.999051982000286216e+02 4.295657116867301895e-04
1.470000000000002416e+01 7.999051982000286216e+02 4.295657116867301895e-04
1.485000000000002451e+01 7.999051982000286216e+02 4.295657116867301895e-04
1.500000000000002487e+01 7.999051982000286216e+02 4.295657116867301895e-04
1.515000000000002522e+01 7.999051982000286216e+02 4.295657116867301895e-04
1.530000000000002558e+01 7.999051982000286216e+02 4.295657116867301895e-04
1.545000000000002593e+01 7.999051982000286216e+02 4.295657116867301895e-04
1.560000000000002629e+01 7.999051982000286216e+02 4.295657116867301895e-04
1.575000000000002665e+01 7.999051982000286216e+02 4.295657116867301895e-04
1.590000000000002700e+01 7.999051982000286216e+02 4.295657116867301895e-04
