1.499999999999999944e-01 7.999947215243063283e+02 1.612211475432445695e-10
2.999999999999999889e-01 7.999947215243063283e+02 1.612211475432445695e-10
4.499999999999999556e-01 7.999947215243063283e+02 1.612211475432445695e-10
5.999999999999999778e-01 7.999947215243063283e+02 1.612211475432445695e-10
7.500000000000000000e-01 7.999947215243063283e+02 1.612211475432445695e-10
9.000000000000000222e-01 7.999947215243063283e+02 1.612211475432445695e-10
1.050000000000000044e+00 7.999947215243063283e+02 1.612211475432445695e-10
1.199999999999999956e+00 7.999947215243063283e+02 1.612211475432445695e-10
1.349999999999999867e+00 7.999947215243063283e+02 1.612211475432445695e-10
1.499999999999999778e+00 7.999947215243063283e+02 1.612211475432445695e-10
1.649999999999999689e+00 7.999947215243063283e+02 1.612211475432445695e-10
1.799999999999999600e+00 7.999947215243063283e+02 1.612211475432445695e-10
1.949999999999999512e+00 7.999947215243063283e+02 1.612211475432445695e-10
2.099999999999999645e+00 7.999984064989960189e+02 1.616367040213617656e-10
2.249999999999999556e+00 7.999984064989960189e+02 1.616367040213617656e-10
2.399999999999999467e+00 7.999984064989960189e+02 1.616367040213617656e-10
2.549999999999999378e+00 7.999984064989960189e+02 1.616367040213617656e-10
2.699999999999999289e+00 7.999984064989960189e+02 1.616367040213617656e-10
2.849999999999999201e+00 7.999984064989960189e+02 1.616367040213617656e-10
2.999999999999999112e+00 7.999984064989960189e+02 1.616367040213617656e-10
3.149999999999999023e+00 7.999984064989960189e+02 1.616367040213617656e-10
3.299999999999998934e+00 7.999984064989960189e+02 1.616367040213617656e-10
3.449999999999998845e+00 7.999984064989960189e+02 1.616367040213617656e-10
3.599999999999998757e+00 7.999984064989960189e+02 1.616367040213617656e-10
3.749999999999998668e+00 7.999984064989960189e+02 1.616367040213617656e-10
3.899999999999998579e+00 7.999984064989960189e+02 1.616367040213617656e-10
4.049999999999998934e+00 4.958376941415048691e+02 1.633648771814932843e-10
4.199999999999999289e+00 3.457633740851938455e+02 1.725045661871149605e-10
4.349999999999999645e+00 1.938322779078474127e+02 2.094154849530127649e-10
4.500000000000000000e+00 1.218635769684623398e+02 3.067907039522310697e-10
4.650000000000000355e+00 7.640225426700497735e+01 5.644571476892679129e-10
4.800000000000000711e+00 4.851526191607787553e+01 1.209012778780049757e-09
4.950000000000001066e+00 3.097802171156180862e+01 2.808590360281471021e-09
5.100000000000001421e+00 1.993374998578406476e+01 6.734904522964768603e-09
5.250000000000001776e+00 1.296007197459301707e+01 1.620481926423167351e-08
5.400000000000002132e+00 8.554100586665427386e+00 3.863034347961757931e-08
5.550000000000002487e+00 5.769478976532404602e+00 9.045913496041890767e-08
5.700000000000002842e+00 4.009501632718496467e+00 2.054263799067257423e-07
5.850000000000003197e+00 2.897323509135929953e+00 4.487827718335779537e-07
6.000000000000003553e+00 2.194900642027533877e+00 9.367689137729229287e-07
6.150000000000003908e+00 1.751916133266377074e+00 1.853027450593458525e-06
6.300000000000004263e+00 1.473580345229407840e+00 3.478356183084230224e-06
6.450000000000004619e+00 1.300337613198848885e+00 6.233443759717793853e-06
6.600000000000004974e+00 1.195119927056509823e+00 1.070845841377732199e-05
6.750000000000005329e+00 1.135414582427642927e+00 1.779664378664946867e-05
6.900000000000005684e+00 1.108446923174597032e+00 2.882795898462298112e-05
7.050000000000006040e+00 1.108446922997586626e+00 4.551638509620037354e-05
7.200000000000006395e+00 1.135414581749103036e+00 7.015877836613615415e-05
7.350000000000006750e+00 1.195119925669928307e+00 1.054049677742252555e-04
7.500000000000007105e+00 1.300337610838710134e+00 1.529573598583189309e-04
7.650000000000007461e+00 1.473580341423684104e+00 2.131114727632610339e-04
7.800000000000007816e+00 1.751916127174268922e+00 2.834680548597923178e-04
7.950000000000008171e+00 2.194900632365715865e+00 3.572381649726841246e-04
8.100000000000008527e+00 2.897323493772901770e+00 4.272995183276506737e-04
8.250000000000008882e+00 4.009501608409067330e+00 4.882932640298820459e-04
8.400000000000009237e+00 5.769478938095332410e+00 5.357964222155731093e-04
8.550000000000009592e+00 8.554100525854977377e+00 5.706114708399212532e-04
8.700000000000009948e+00 1.296007187839523667e+01 5.956567179278282609e-04
8.850000000000010303e+00 1.993374983352192586e+01 6.116392610975296407e-04
9.000000000000010658e+00 3.097802147032520281e+01 6.218015908178164963e-04
9.150000000000011013e+00 4.851526153236080319e+01 6.289801160421770732e-04
9.300000000000011369e+00 7.640225365547135539e+01 6.325314514938895627e-04
9.450000000000011724e+00 1.218635759570654358e+02 6.343548853764424678e-04
9.600000000000012079e+00 1.938322763111309257e+02 6.360539723501146270e-04
9.750000000000012434e+00 3.457633702640026740e+02 6.359696511702983557e-04
9.900000000000012790e+00 4.958376911524954949e+02 6.356669534727243942e-04
1.005000000000001315e+01 7.999983794935991455e+02 6.358099406159611888e-04
1.020000000000001350e+01 7.999983794935991455e+02 6.358099406159611888e-04
1.035000000000001386e+01 7.999983794935991455e+02 6.358099406159611888e-04
1.050000000000001421e+01 7.999983794935991455e+02 6.358099406159611888e-04
1.065000000000001457e+01 7.999983794935991455e+02 6.358099406159611888e-04
1.080000000000001492e+01 7.999983794935991455e+02 6.358099406159611888e-04
1.095000000000001528e+01 7.999983794935991455e+02 6.358099406159611888e-04
1.110000000000001563e+01 7.999983794935991455e+02 6.358099406159611888e-04
1.125000000000001599e+01 7.999983794935991455e+02 6.358099406159611888e-04
1.140000000000001634e+01 7.999983794935991455e+02 6.358099406159611888e-04
1.155000000000001670e+01 7.999983794935991455e+02 6.358099406159611888e-04
1.170000000000001705e+01 7.999983794935991455e+02 6.358099406159611888e-04
1.185000000000001741e+01 7.999983794935991455e+02 6.358099406159611888e-04
1.200000000000001776e+01 7.999983794935991455e+02 6.358099406159611888e-04
1.215000000000001812e+01 7.999983794935991455e+02 6.358099406159611888e-04
1.230000000000001847e+01 7.999983794935991455e+02 6.358099406159611888e-04
1.245000000000001883e+01 7.999983794935991455e+02 6.358099406159611888e-04
1.260000000000001918e+01 7.999983794935991455e+02 6.358099406159611888e-04
1.275000000000001954e+01 7.999983794935991455e+02 6.358099406159611888e-04
1.290000000000001990e+01 7.999983794935991455e+02 6.358099406159611888e-04
1.305000000000002025e+01 7.999946320688599144e+02 6.352368276172359884e-04
1.320000000000002061e+01 7.999946320688599144e+02 6.352368276172359884e-04
1.335000000000002096e+01 7.999946320688599144e+02 6.352368276172359884e-04
1.350000000000002132e+01 7.999946320688599144e+02 6.352368276172359884e-04
1.365000000000002167e+01 7.999946320688599144e+02 6.352368276172359884e-04
1.380000000000002203e+01 7.999946320688599144e+02 6.352368276172359884e-04
1.395000000000002238e+01 7.999946320688599144e+02 6.352368276172359884e-04
1.410000000000002274e+01 7.999946320688599144e+02 6.352368276172359884e-04
1.425000000000002309e+01 7.999946320688599144e+02 6.352368276172359884e-04
1.440000000000002345e+01 7.999946320688599144e+02 6.352368276172359884e-04
1.455000000000002380e+01 7.999946320688599144e+02 6.352368276172359884e-04
1.470000000000002416e+01 7.999946320688599144e+02 6.352368276172359884e-04
1.485000000000002451e+01 7.999946320688599144e+02 6.352368276172359884e-04
1.500000000000002487e+01 7.999946320688599144e+02 6.352368276172359884e-04
1.515000000000002522e+01 7.999946320688599144e+02 6.352368276172359884e-04
1.530000000000002558e+01 7.999946320688599144e+02 6.352368276172359884e-04
1.545000000000002593e+01 7.999946320688599144e+02 6.352368276172359884e-04
1.560000000000002629e+01 7.999946320688599144e+02 6.352368276172359884e-04
1.575000000000002665e+01 7.999946320688599144e+02 6.352368276172359884e-04
1.590000000000002700e+01 7.999946320688599144e+02 6.352368276172359884e-04
