1.499999999999999944e-01 7.999999787831856111e+02 2.267129496362763064e-04
2.999999999999999889e-01 7.999999787831856111e+02 2.267129496362763064e-04
4.499999999999999556e-01 7.999999787831856111e+02 2.267129496362763064e-04
5.999999999999999778e-01 7.999999787831856111e+02 2.267129496362763064e-04
7.500000000000000000e-01 7.999999787831856111e+02 2.267129496362763064e-04
9.000000000000000222e-01 7.999999787831856111e+02 2.267129496362763064e-04
1.050000000000000044e+00 7.999999787831856111e+02 2.267129496362763064e-04
1.199999999999999956e+00 7.999999787831856111e+02 2.267129496362763064e-04
1.349999999999999867e+00 7.999999787831856111e+02 2.267129496362763064e-04
1.499999999999999778e+00 7.999999787831856111e+02 2.267129496362763064e-04
1.649999999999999689e+00 7.999999787831856111e+02 2.267129496362763064e-04
1.799999999999999600e+00 7.999999787831856111e+02 2.267129496362763064e-04
1.949999999999999512e+00 7.999999787831856111e+02 2.267129496362763064e-04
2.099999999999999645e+00 7.999999968207930579e+02 2.271041613353119715e-04
2.249999999999999556e+00 7.999999968207930579e+02 2.271041613353119715e-04
2.399999999999999467e+00 7.999999968207930579e+02 2.271041613353119715e-04
2.549999999999999378e+00 7.999999968207930579e+02 2.271041613353119715e-04
2.699999999999999289e+00 7.999999968207930579e+02 2.271041613353119715e-04
2.849999999999999201e+00 7.999999968207930579e+02 2.271041613353119715e-04
2.999999999999999112e+00 7.999999968207930579e+02 2.271041613353119715e-04
3.149999999999999023e+00 7.999999968207930579e+02 2.271041613353119715e-04
3.299999999999998934e+00 7.999999968207930579e+02 2.271041613353119715e-04
3.449999999999998845e+00 7.999999968207930579e+02 2.271041613353119715e-04
3.599999999999998757e+00 7.999999968207930579e+02 2.271041613353119715e-04
3.749999999999998668e+00 7.999999968207930579e+02 2.271041613353119715e-04
3.899999999999998579e+00 7.999999968207930579e+02 2.271041613353119715e-04
4.049999999999998934e+00 5.146854674282424185e+02 2.295450257233655478e-04
4.199999999999999289e+00 4.587779681981326689e+02 2.407752817098485210e-04
4.349999999999999645e+00 3.967779250169474494e+02 2.639788482600158304e-04
4.500000000000000000e+00 3.822819754397685870e+02 2.900561488261566012e-04
4.650000000000000355e+00 3.763987841865830433e+02 3.183961410945235215e-04
4.800000000000000711e+00 3.744173808603718498e+02 3.468961840683570941e-04
4.950000000000001066e+00 3.736982990910569242e+02 3.754812803195006765e-04
5.100000000000001421e+00 3.734434241600405358e+02 4.043212608605406544e-04
5.250000000000001776e+00 3.733521763894334526e+02 4.326787515368524240e-04
5.400000000000002132e+00 3.733196114725947155e+02 4.608477189601556390e-04
5.550000000000002487e+00 3.733079741077725657e+02 4.892333800810000355e-04
5.700000000000002842e+00 3.733038171368755798e+02 5.169988628285215881e-04
5.850000000000003197e+00 3.733023319681349221e+02 5.445311753216053319e-04
6.000000000000003553e+00 3.733018013890564362e+02 5.723141226403605231e-04
6.150000000000003908e+00 3.733016118349677868e+02 5.993690023509135045e-04
6.300000000000004263e+00 3.733015441173369595e+02 6.261564571328204210e-04
6.450000000000004619e+00 3.733015199302278688e+02 6.532309574106553995e-04
6.600000000000004974e+00 3.733015113048602416e+02 6.794734592161510989e-04
6.750000000000005329e+00 3.733015082672581002e+02 7.054157200949706663e-04
6.900000000000005684e+00 3.733015073048815680e+02 7.316805042965057737e-04
7.050000000000006040e+00 3.733015073048827617e+02 7.570125558292728485e-04
7.200000000000006395e+00 3.733015082672612834e+02 7.820127015656375136e-04
7.350000000000006750e+00 3.733015113048662101e+02 8.073696394920171215e-04
7.500000000000007105e+00 3.733015199302363953e+02 8.316966304331430138e-04
7.650000000000007461e+00 3.733015441173474187e+02 8.556613017083325445e-04
7.800000000000007816e+00 3.733016118349800081e+02 8.800156814310344799e-04
7.950000000000008171e+00 3.733018013890711018e+02 9.032467664740195801e-04
8.100000000000008527e+00 3.733023319681515204e+02 9.260864361280152224e-04
8.250000000000008882e+00 3.733038171368941676e+02 9.493471371836426087e-04
8.400000000000009237e+00 3.733079741077933136e+02 9.713950794906223152e-04
8.550000000000009592e+00 3.733196114726169412e+02 9.930230328976108467e-04
8.700000000000009948e+00 3.733521763894556216e+02 1.015099125786123047e-03
8.850000000000010303e+00 3.734434241600603173e+02 1.035870434403673990e-03
9.000000000000010658e+00 3.736982990910654507e+02 1.056174765118433889e-03
9.150000000000011013e+00 3.744173808603450766e+02 1.076900564625504764e-03
9.300000000000011369e+00 3.763987841864582720e+02 1.096078076962325731e-03
9.450000000000011724e+00 3.822819754393340759e+02 1.114399922880093818e-03
9.600000000000012079e+00 3.967779250158666287e+02 1.131852873601180143e-03
9.750000000000012434e+00 4.587779681929611115e+02 1.145855828351138861e-03
9.900000000000012790e+00 5.146854674247296089e+02 1.152130342979007516e-03
1.005000000000001315e+01 7.999999967340037301e+02 1.153656403831249122e-03
1.020000000000001350e+01 7.999999967340037301e+02 1.153656403831249122e-03
1.035000000000001386e+01 7.999999967340037301e+02 1.153656403831249122e-03
1.050000000000001421e+01 7.999999967340037301e+02 1.153656403831249122e-03
1.065000000000001457e+01 7.999999967340037301e+02 1.153656403831249122e-03
1.080000000000001492e+01 7.999999967340037301e+02 1.153656403831249122e-03
1.095000000000001528e+01 7.999999967340037301e+02 1.153656403831249122e-03
1.110000000000001563e+01 7.999999967340037301e+02 1.153656403831249122e-03
1.125000000000001599e+01 7.999999967340037301e+02 1.153656403831249122e-03
1.140000000000001634e+01 7.999999967340037301e+02 1.153656403831249122e-03
1.155000000000001670e+01 7.999999967340037301e+02 1.153656403831249122e-03
1.170000000000001705e+01 7.999999967340037301e+02 1.153656403831249122e-03
1.185000000000001741e+01 7.999999967340037301e+02 1.153656403831249122e-03
1.200000000000001776e+01 7.999999967340037301e+02 1.153656403831249122e-03
1.215000000000001812e+01 7.999999967340037301e+02 1.153656403831249122e-03
1.230000000000001847e+01 7.999999967340037301e+02 1.153656403831249122e-03
1.245000000000001883e+01 7.999999967340037301e+02 1.153656403831249122e-03
1.260000000000001918e+01 7.999999967340037301e+02 1.153656403831249122e-03
1.275000000000001954e+01 7.999999967340037301e+02 1.153656403831249122e-03
1.290000000000001990e+01 7.999999967340037301e+02 1.153656403831249122e-03
1.305000000000002025e+01 7.999999782039868705e+02 1.153346827886148063e-03
1.320000000000002061e+01 7.999999782039868705e+02 1.153346827886148063e-03
1.335000000000002096e+01 7.999999782039868705e+02 1.153346827886148063e-03
1.350000000000002132e+01 7.999999782039868705e+02 1.153346827886148063e-03
1.365000000000002167e+01 7.999999782039868705e+02 1.153346827886148063e-03
1.380000000000002203e+01 7.999999782039868705e+02 1.153346827886148063e-03
1.395000000000002238e+01 7.999999782039868705e+02 1.153346827886148063e-03
1.410000000000002274e+01 7.999999782039868705e+02 1.153346827886148063e-03
1.425000000000002309e+01 7.999999782039868705e+02 1.153346827886148063e-03
1.440000000000002345e+01 7.999999782039868705e+02 1.153346827886148063e-03
1.455000000000002380e+01 7.999999782039868705e+02 1.153346827886148063e-03
1.470000000000002416e+01 7.999999782039868705e+02 1.153346827886148063e-03
1.485000000000002451e+01 7.999999782039868705e+02 1.153346827886148063e-03
1.500000000000002487e+01 7.999999782039868705e+02 1.153346827886148063e-03
1.515000000000002522e+01 7.999999782039868705e+02 1.153346827886148063e-03
1.530000000000002558e+01 7.999999782039868705e+02 1.153346827886148063e-03
1.545000000000002593e+01 7.999999782039868705e+02 1.153346827886148063e-03
1.560000000000002629e+01 7.999999782039868705e+02 1.153346827886148063e-03
1.575000000000002665e+01 7.999999782039868705e+02 1.153346827886148063e-03
1.590000000000002700e+01 7.999999782039868705e+02 1.153346827886148063e-03
