1.499999999999999944e-01 7.994502077418533190e+02 1.962929818688508021e-11
2.999999999999999889e-01 7.994502077418533190e+02 1.962929818688508021e-11
4.499999999999999556e-01 7.994502077418533190e+02 1.962929818688508021e-11
5.999999999999999778e-01 7.994502077418533190e+02 1.962929818688508021e-11
7.500000000000000000e-01 7.994502077418533190e+02 1.962929818688508021e-11
9.000000000000000222e-01 7.994502077418533190e+02 1.962929818688508021e-11
1.050000000000000044e+00 7.994502077418533190e+02 1.962929818688508021e-11
1.199999999999999956e+00 7.994502077418533190e+02 1.962929818688508021e-11
1.349999999999999867e+00 7.994502077418533190e+02 1.962929818688508021e-11
1.499999999999999778e+00 7.994502077418533190e+02 1.962929818688508021e-11
1.649999999999999689e+00 7.994502077418533190e+02 1.962929818688508021e-11
1.799999999999999600e+00 7.994502077418533190e+02 1.962929818688508021e-11
1.949999999999999512e+00 7.994502077418533190e+02 1.962929818688508021e-11
2.099999999999999645e+00 7.996961646096959839e+02 1.959366002779461269e-11
2.249999999999999556e+00 7.996961646096959839e+02 1.959366002779461269e-11
2.399999999999999467e+00 7.996961646096959839e+02 1.959366002779461269e-11
2.549999999999999378e+00 7.996961646096959839e+02 1.959366002779461269e-11
2.699999999999999289e+00 7.996961646096959839e+02 1.959366002779461269e-11
2.849999999999999201e+00 7.996961646096959839e+02 1.959366002779461269e-11
2.999999999999999112e+00 7.996961646096959839e+02 1.959366002779461269e-11
3.149999999999999023e+00 7.996961646096959839e+02 1.959366002779461269e-11
3.299999999999998934e+00 7.996961646096959839e+02 1.959366002779461269e-11
3.449999999999998845e+00 7.996961646096959839e+02 1.959366002779461269e-11
3.599999999999998757e+00 7.996961646096959839e+02 1.959366002779461269e-11
3.749999999999998668e+00 7.996961646096959839e+02 1.959366002779461269e-11
3.899999999999998579e+00 7.996961646096959839e+02 1.959366002779461269e-11
4.049999999999998934e+00 4.244665611667212488e+02 1.959599149614632552e-11
4.199999999999999289e+00 1.917557926965393733e+02 1.957722872703016037e-11
4.349999999999999645e+00 5.884137378465996449e+01 1.957289885723412226e-11
4.500000000000000000e+00 2.091283848690573066e+01 1.933886384364313926e-11
4.650000000000000355e+00 7.112889896204485751e+00 1.891231615758215412e-11
4.800000000000000711e+00 2.539053067616009685e+00 1.814703942670803372e-11
4.950000000000001066e+00 9.713638479346968779e-01 1.596944798620825168e-11
5.100000000000001421e+00 4.408191469656230765e-01 1.207556277194044014e-11
5.250000000000001776e+00 2.604085390053114679e-01 7.054801187678094720e-12
5.400000000000002132e+00 1.991709589917718404e-01 3.035793838535028044e-12
5.550000000000002487e+00 1.783706548367263167e-01 1.138422689450635517e-12
5.700000000000002842e+00 1.713073197336143494e-01 5.405675906899887195e-13
5.850000000000003197e+00 1.689085309963047621e-01 4.614086890342150582e-13
6.000000000000003553e+00 1.680939052689609525e-01 1.218136702618721756e-12
6.150000000000003908e+00 1.678172559409176756e-01 3.184563723834799021e-12
6.300000000000004263e+00 1.677233066056942334e-01 9.315548332722300984e-12
6.450000000000004619e+00 1.676914064983066055e-01 2.764022344337035975e-11
6.600000000000004974e+00 1.676805878582854348e-01 8.079148461348495402e-11
6.750000000000005329e+00 1.676769570208307414e-01 2.380322605688434123e-10
6.900000000000005684e+00 1.676758515318397258e-01 7.007404656533822163e-10
7.050000000000006040e+00 1.676758515318397258e-01 2.060421167016102117e-09
7.200000000000006395e+00 1.676769567848168663e-01 6.058446078149870573e-09
7.350000000000006750e+00 1.676805878582854348e-01 1.784736802790121146e-08
7.500000000000007105e+00 1.676914064983066055e-01 5.247482715020623800e-08
7.650000000000007461e+00 1.677233066056942334e-01 1.542659610054286645e-07
7.800000000000007816e+00 1.678172554688899254e-01 4.542011559083292127e-07
7.950000000000008171e+00 1.680939040888915770e-01 1.333324001873137377e-06
8.100000000000008527e+00 1.689085284001521359e-01 3.901551693274996069e-06
8.250000000000008882e+00 1.713073108830940328e-01 1.133279240350670847e-05
8.400000000000009237e+00 1.783706295832416799e-01 3.200258544011624906e-05
8.550000000000009592e+00 1.991708841753734305e-01 8.427572966063223703e-05
8.700000000000009948e+00 2.604083188043659902e-01 1.898663086025154101e-04
8.850000000000010303e+00 4.408184975734457112e-01 3.298905824755671290e-04
9.000000000000010658e+00 9.713619390249732533e-01 4.398655367684467521e-04
9.150000000000011013e+00 2.539047421456075426e+00 4.967406053533185428e-04
9.300000000000011369e+00 7.112873465405279205e+00 5.185914359135956886e-04
9.450000000000011724e+00 2.091278857818369019e+01 5.260602220785726146e-04
9.600000000000012079e+00 5.884123925655155318e+01 5.291067004580263244e-04
9.750000000000012434e+00 1.917552987080305513e+02 5.292524836743028871e-04
9.900000000000012790e+00 4.244658196045920135e+02 5.289986789435152659e-04
1.005000000000001315e+01 7.996930664487907734e+02 5.291570134434708805e-04
1.020000000000001350e+01 7.996930664487907734e+02 5.291570134434708805e-04
1.035000000000001386e+01 7.996930664487907734e+02 5.291570134434708805e-04
1.050000000000001421e+01 7.996930664487907734e+02 5.291570134434708805e-04
1.065000000000001457e+01 7.996930664487907734e+02 5.291570134434708805e-04
1.080000000000001492e+01 7.996930664487907734e+02 5.291570134434708805e-04
1.095000000000001528e+01 7.996930664487907734e+02 5.291570134434708805e-04
1.110000000000001563e+01 7.996930664487907734e+02 5.291570134434708805e-04
1.125000000000001599e+01 7.996930664487907734e+02 5.291570134434708805e-04
1.140000000000001634e+01 7.996930664487907734e+02 5.291570134434708805e-04
1.155000000000001670e+01 7.996930664487907734e+02 5.291570134434708805e-04
1.170000000000001705e+01 7.996930664487907734e+02 5.291570134434708805e-04
1.185000000000001741e+01 7.996930664487907734e+02 5.291570134434708805e-04
1.200000000000001776e+01 7.996930664487907734e+02 5.291570134434708805e-04
1.215000000000001812e+01 7.996930664487907734e+02 5.291570134434708805e-04
1.230000000000001847e+01 7.996930664487907734e+02 5.291570134434708805e-04
1.245000000000001883e+01 7.996930664487907734e+02 5.291570134434708805e-04
1.260000000000001918e+01 7.996930664487907734e+02 5.291570134434708805e-04
1.275000000000001954e+01 7.996930664487907734e+02 5.291570134434708805e-04
1.290000000000001990e+01 7.996930664487907734e+02 5.291570134434708805e-04
1.305000000000002025e+01 7.994446014094294242e+02 5.286017046456370494e-04
1.320000000000002061e+01 7.994446014094294242e+02 5.286017046456370494e-04
1.335000000000002096e+01 7.994446014094294242e+02 5.286017046456370494e-04
1.350000000000002132e+01 7.994446014094294242e+02 5.286017046456370494e-04
1.365000000000002167e+01 7.994446014094294242e+02 5.286017046456370494e-04
1.380000000000002203e+01 7.994446014094294242e+02 5.286017046456370494e-04
1.395000000000002238e+01 7.994446014094294242e+02 5.286017046456370494e-04
1.410000000000002274e+01 7.994446014094294242e+02 5.286017046456370494e-04
1.425000000000002309e+01 7.994446014094294242e+02 5.286017046456370494e-04
1.440000000000002345e+01 7.994446014094294242e+02 5.286017046456370494e-04
1.455000000000002380e+01 7.994446014094294242e+02 5.286017046456370494e-04
1.470000000000002416e+01 7.994446014094294242e+02 5.286017046456370494e-04
1.485000000000002451e+01 7.994446014094294242e+02 5.286017046456370494e-04
1.500000000000002487e+01 7.994446014094294242e+02 5.286017046456370494e-04
1.515000000000002522e+01 7.994446014094294242e+02 5.286017046456370494e-04
1.530000000000002558e+01 7.994446014094294242e+02 5.286017046456370494e-04
1.545000000000002593e+01 7.994446014094294242e+02 5.286017046456370494e-04
1.560000000000002629e+01 7.994446014094294242e+02 5.286017046456370494e-04
1.575000000000002665e+01 7.994446014094294242e+02 5.286017046456370494e-04
1.590000000000002700e+01 7.994446014094294242e+02 5.286017046456370494e-04
