1.499999999999999944e-01 7.999834865784259819e+02 3.753308774889774213e-11
2.999999999999999889e-01 7.999834865784259819e+02 3.753308774889774213e-11
4.499999999999999556e-01 7.999834865784259819e+02 3.753308774889774213e-11
5.999999999999999778e-01 7.999834865784259819e+02 3.753308774889774213e-11
7.500000000000000000e-01 7.999834865784259819e+02 3.753308774889774213e-11
9.000000000000000222e-01 7.999834865784259819e+02 3.753308774889774213e-11
1.050000000000000044e+00 7.999834865784259819e+02 3.753308774889774213e-11
1.199999999999999956e+00 7.999834865784259819e+02 3.753308774889774213e-11
1.349999999999999867e+00 7.999834865784259819e+02 3.753308774889774213e-11
1.499999999999999778e+00 7.999834865784259819e+02 3.753308774889774213e-11
1.649999999999999689e+00 7.999834865784259819e+02 3.753308774889774213e-11
1.799999999999999600e+00 7.999834865784259819e+02 3.753308774889774213e-11
1.949999999999999512e+00 7.999834865784259819e+02 3.753308774889774213e-11
2.099999999999999645e+00 7.999942089952983224e+02 3.757483213462364802e-11
2.249999999999999556e+00 7.999942089952983224e+02 3.757483213462364802e-11
2.399999999999999467e+00 7.999942089952983224e+02 3.757483213462364802e-11
2.549999999999999378e+00 7.999942089952983224e+02 3.757483213462364802e-11
2.699999999999999289e+00 7.999942089952983224e+02 3.757483213462364802e-11
2.849999999999999201e+00 7.999942089952983224e+02 3.757483213462364802e-11
2.999999999999999112e+00 7.999942089952983224e+02 3.757483213462364802e-11
3.149999999999999023e+00 7.999942089952983224e+02 3.757483213462364802e-11
3.299999999999998934e+00 7.999942089952983224e+02 3.757483213462364802e-11
3.449999999999998845e+00 7.999942089952983224e+02 3.757483213462364802e-11
3.599999999999998757e+00 7.999942089952983224e+02 3.757483213462364802e-11
3.749999999999998668e+00 7.999942089952983224e+02 3.757483213462364802e-11
3.899999999999998579e+00 7.999942089952983224e+02 3.757483213462364802e-11
4.049999999999998934e+00 4.861078989657671059e+02 3.761013722680672799e-11
4.199999999999999289e+00 3.101248571394835949e+02 3.772360201992341899e-11
4.349999999999999645e+00 1.504892948016691605e+02 3.784361712888539842e-11
4.500000000000000000e+00 8.149925330741812957e+01 3.810995963249297347e-11
4.650000000000000355e+00 4.339319797372100140e+01 3.911437840287135259e-11
4.800000000000000711e+00 2.341591225889093408e+01 4.346434323565517843e-11
4.950000000000001066e+00 1.274321688467991365e+01 5.886491294404549990e-11
5.100000000000001421e+00 7.061949143971659737e+00 1.117814729667543361e-10
5.250000000000001776e+00 4.033377475720072880e+00 2.853101088717835410e-10
5.400000000000002132e+00 2.419311803267220284e+00 8.189358080556985442e-10
5.550000000000002487e+00 1.559007067459191376e+00 2.325238557254749594e-09
5.700000000000002842e+00 1.100470443072254056e+00 6.123934137569619907e-09
5.850000000000003197e+00 8.560764514433003569e-01 1.471304234001991063e-08
6.000000000000003553e+00 7.258276871298221522e-01 3.254035552124889819e-08
6.150000000000003908e+00 6.564307803974998023e-01 6.737584423710529791e-08
6.300000000000004263e+00 6.194910129173649693e-01 1.337043300519979994e-07
6.450000000000004619e+00 5.998939693332658862e-01 2.590590146844817809e-07
6.600000000000004974e+00 5.896212554847579668e-01 4.936362929530702104e-07
6.750000000000005329e+00 5.844696535392586156e-01 9.326669198062020882e-07
6.900000000000005684e+00 5.823313168517643135e-01 1.756371084682406547e-06
7.050000000000006040e+00 5.823313167927608447e-01 3.289462650934993349e-06
7.200000000000006395e+00 5.844696534212516781e-01 6.138211943396143511e-06
7.350000000000006750e+00 5.896212552487440917e-01 1.141638827972801806e-05
7.500000000000007105e+00 5.998939685662207921e-01 2.101532551146423344e-05
7.650000000000007461e+00 6.194910113242713123e-01 3.811398575270796840e-05
7.800000000000007816e+00 6.564307774473263635e-01 6.748830142810913202e-05
7.950000000000008171e+00 7.258276817015030247e-01 1.143122355586889682e-04
8.100000000000008527e+00 8.560764412061985240e-01 1.815191920799819059e-04
8.250000000000008882e+00 1.100470423984631907e+00 2.649445937163985576e-04
8.400000000000009237e+00 1.559007031570331492e+00 3.502631100530395614e-04
8.550000000000009592e+00 2.419311736003265878e+00 4.227284653635088318e-04
8.700000000000009948e+00 4.033377349533779466e+00 4.757538004676042931e-04
8.850000000000010303e+00 7.061948907209178117e+00 5.089273936141891497e-04
9.000000000000010658e+00 1.274321644059399361e+01 5.281905930797359261e-04
9.150000000000011013e+00 2.341591142413290783e+01 5.396379354316582777e-04
9.300000000000011369e+00 4.339319641259478288e+01 5.449552823464376416e-04
9.450000000000011724e+00 8.149925030517826485e+01 5.473918360162643992e-04
9.600000000000012079e+00 1.504892894468612212e+02 5.492396625852435932e-04
9.750000000000012434e+00 3.101248435116116298e+02 5.491665745310791991e-04
9.900000000000012790e+00 4.861078870907056739e+02 5.488693024681134958e-04
1.005000000000001315e+01 7.999941219897687006e+02 5.490160820577072442e-04
1.020000000000001350e+01 7.999941219897687006e+02 5.490160820577072442e-04
1.035000000000001386e+01 7.999941219897687006e+02 5.490160820577072442e-04
1.050000000000001421e+01 7.999941219897687006e+02 5.490160820577072442e-04
1.065000000000001457e+01 7.999941219897687006e+02 5.490160820577072442e-04
1.080000000000001492e+01 7.999941219897687006e+02 5.490160820577072442e-04
1.095000000000001528e+01 7.999941219897687006e+02 5.490160820577072442e-04
1.110000000000001563e+01 7.999941219897687006e+02 5.490160820577072442e-04
1.125000000000001599e+01 7.999941219897687006e+02 5.490160820577072442e-04
1.140000000000001634e+01 7.999941219897687006e+02 5.490160820577072442e-04
1.155000000000001670e+01 7.999941219897687006e+02 5.490160820577072442e-04
1.170000000000001705e+01 7.999941219897687006e+02 5.490160820577072442e-04
1.185000000000001741e+01 7.999941219897687006e+02 5.490160820577072442e-04
1.200000000000001776e+01 7.999941219897687006e+02 5.490160820577072442e-04
1.215000000000001812e+01 7.999941219897687006e+02 5.490160820577072442e-04
1.230000000000001847e+01 7.999941219897687006e+02 5.490160820577072442e-04
1.245000000000001883e+01 7.999941219897687006e+02 5.490160820577072442e-04
1.260000000000001918e+01 7.999941219897687006e+02 5.490160820577072442e-04
1.275000000000001954e+01 7.999941219897687006e+02 5.490160820577072442e-04
1.290000000000001990e+01 7.999941219897687006e+02 5.490160820577072442e-04
1.305000000000002025e+01 7.999832384763534492e+02 5.484469001257874510e-04
1.320000000000002061e+01 7.999832384763534492e+02 5.484469001257874510e-04
1.335000000000002096e+01 7.999832384763534492e+02 5.484469001257874510e-04
1.350000000000002132e+01 7.999832384763534492e+02 5.484469001257874510e-04
1.365000000000002167e+01 7.999832384763534492e+02 5.484469001257874510e-04
1.380000000000002203e+01 7.999832384763534492e+02 5.484469001257874510e-04
1.395000000000002238e+01 7.999832384763534492e+02 5.484469001257874510e-04
1.410000000000002274e+01 7.999832384763534492e+02 5.484469001257874510e-04
1.425000000000002309e+01 7.999832384763534492e+02 5.484469001257874510e-04
1.440000000000002345e+01 7.999832384763534492e+02 5.484469001257874510e-04
1.455000000000002380e+01 7.999832384763534492e+02 5.484469001257874510e-04
1.470000000000002416e+01 7.999832384763534492e+02 5.484469001257874510e-04
1.485000000000002451e+01 7.999832384763534492e+02 5.484469001257874510e-04
1.500000000000002487e+01 7.999832384763534492e+02 5.484469001257874510e-04
1.515000000000002522e+01 7.999832384763534492e+02 5.484469001257874510e-04
1.530000000000002558e+01 7.999832384763534492e+02 5.484469001257874510e-04
1.545000000000002593e+01 7.999832384763534492e+02 5.484469001257874510e-04
1.560000000000002629e+01 7.999832384763534492e+02 5.484469001257874510e-04
1.575000000000002665e+01 7.999832384763534492e+02 5.484469001257874510e-04
1.590000000000002700e+01 7.999832384763534492e+02 5.484469001257874510e-04
