1.499999999999999944e-01 7.999272569507144226e+02 1.716455755307322306e-09
2.999999999999999889e-01 7.999272569507144226e+02 1.716455755307322306e-09
4.499999999999999556e-01 7.999272569507144226e+02 1.716455755307322306e-09
5.999999999999999778e-01 7.999272569507144226e+02 1.716455755307322306e-09
7.500000000000000000e-01 7.999272569507144226e+02 1.716455755307322306e-09
9.000000000000000222e-01 7.999272569507144226e+02 1.716455755307322306e-09
1.050000000000000044e+00 7.999272569507144226e+02 1.716455755307322306e-09
1.199999999999999956e+00 7.999272569507144226e+02 1.716455755307322306e-09
1.349999999999999867e+00 7.999272569507144226e+02 1.716455755307322306e-09
1.499999999999999778e+00 7.999272569507144226e+02 1.716455755307322306e-09
1.649999999999999689e+00 7.999272569507144226e+02 1.716455755307322306e-09
1.799999999999999600e+00 7.999272569507144226e+02 1.716455755307322306e-09
1.949999999999999512e+00 7.999272569507144226e+02 1.716455755307322306e-09
2.099999999999999645e+00 7.999690095178674483e+02 1.711475738908063704e-09
2.249999999999999556e+00 7.999690095178674483e+02 1.711475738908063704e-09
2.399999999999999467e+00 7.999690095178674483e+02 1.711475738908063704e-09
2.549999999999999378e+00 7.999690095178674483e+02 1.711475738908063704e-09
2.699999999999999289e+00 7.999690095178674483e+02 1.711475738908063704e-09
2.849999999999999201e+00 7.999690095178674483e+02 1.711475738908063704e-09
2.999999999999999112e+00 7.999690095178674483e+02 1.711475738908063704e-09
3.149999999999999023e+00 7.999690095178674483e+02 1.711475738908063704e-09
3.299999999999998934e+00 7.999690095178674483e+02 1.711475738908063704e-09
3.449999999999998845e+00 7.999690095178674483e+02 1.711475738908063704e-09
3.599999999999998757e+00 7.999690095178674483e+02 1.711475738908063704e-09
3.749999999999998668e+00 7.999690095178674483e+02 1.711475738908063704e-09
3.899999999999998579e+00 7.999690095178674483e+02 1.711475738908063704e-09
4.049999999999998934e+00 4.672966567244563407e+02 1.712758490590715610e-09
4.199999999999999289e+00 2.610395030927439848e+02 1.723528764152604253e-09
4.349999999999999645e+00 1.050037444896745740e+02 1.719178022163703190e-09
4.500000000000000000e+00 4.762433543979784645e+01 1.707895713742857424e-09
4.650000000000000355e+00 2.108629126495701556e+01 1.692570750222444076e-09
4.800000000000000711e+00 9.637849992523534581e+00 1.630348522851932103e-09
4.950000000000001066e+00 4.588653771986372476e+00 1.502711066692086206e-09
5.100000000000001421e+00 2.376776847725182051e+00 1.283639750049303530e-09
5.250000000000001776e+00 1.405715606735810752e+00 9.537002298998231709e-10
5.400000000000002132e+00 9.796864728601804018e-01 6.033691324347500995e-10
5.550000000000002487e+00 7.927362696325985780e-01 3.366019685202559231e-10
5.700000000000002842e+00 7.107042454230168005e-01 1.818737382919266565e-10
5.850000000000003197e+00 6.747086172282479311e-01 1.248301462197787259e-10
6.000000000000003553e+00 6.589139513525879011e-01 1.514006697789227474e-10
6.150000000000003908e+00 6.519835619802734072e-01 2.850212288407760752e-10
6.300000000000004263e+00 6.489431696414840189e-01 6.230660432038348517e-10
6.450000000000004619e+00 6.476105318105283004e-01 1.411483041557914930e-09
6.600000000000004974e+00 6.470291477983209916e-01 3.204135734513613443e-09
6.750000000000005329e+00 6.467817291427309101e-01 7.279702174400881631e-09
6.900000000000005684e+00 6.466906910976604195e-01 1.660097714850650163e-08
7.050000000000006040e+00 6.466906910386569507e-01 3.771232459648388158e-08
7.200000000000006395e+00 6.467817291427309101e-01 8.565864517695587210e-08
7.350000000000006750e+00 6.470291477393175228e-01 1.952456815113023936e-07
7.500000000000007105e+00 6.476105316925213629e-01 4.431423867856665311e-07
7.650000000000007461e+00 6.489431692284597375e-01 1.004621210776157625e-06
7.800000000000007816e+00 6.519835609182109692e-01 2.280069145044194556e-06
7.950000000000008171e+00 6.589139491104560875e-01 5.125166160691030370e-06
8.100000000000008527e+00 6.747086118589322723e-01 1.137030911968484048e-05
8.250000000000008882e+00 7.107042331207935604e-01 2.461363021954987573e-05
8.400000000000009237e+00 7.927362416059509087e-01 5.012874383147902790e-05
8.550000000000009592e+00 9.796864089594237157e-01 9.214757819020480412e-05
8.700000000000009948e+00 1.405715461321761950e+00 1.464329321569923792e-04
8.850000000000010303e+00 2.376776516287947061e+00 1.967590597247159678e-04
9.000000000000010658e+00 4.588653017169747272e+00 2.314637620030035592e-04
9.150000000000011013e+00 9.637848268335233115e+00 2.514881364296117638e-04
9.300000000000011369e+00 2.108628736313875507e+01 2.604827176083679419e-04
9.450000000000011724e+00 4.762432633363762591e+01 2.642049886797392944e-04
9.600000000000012079e+00 1.050037251962174452e+02 2.663912264651013828e-04
9.750000000000012434e+00 2.610394468341445418e+02 2.663803296820699273e-04
9.900000000000012790e+00 4.672965969458252857e+02 2.660983410137651717e-04
1.005000000000001315e+01 7.999686715532831158e+02 2.662502111701048335e-04
1.020000000000001350e+01 7.999686715532831158e+02 2.662502111701048335e-04
1.035000000000001386e+01 7.999686715532831158e+02 2.662502111701048335e-04
1.050000000000001421e+01 7.999686715532831158e+02 2.662502111701048335e-04
1.065000000000001457e+01 7.999686715532831158e+02 2.662502111701048335e-04
1.080000000000001492e+01 7.999686715532831158e+02 2.662502111701048335e-04
1.095000000000001528e+01 7.999686715532831158e+02 2.662502111701048335e-04
1.110000000000001563e+01 7.999686715532831158e+02 2.662502111701048335e-04
1.125000000000001599e+01 7.999686715532831158e+02 2.662502111701048335e-04
1.140000000000001634e+01 7.999686715532831158e+02 2.662502111701048335e-04
1.155000000000001670e+01 7.999686715532831158e+02 2.662502111701048335e-04
1.170000000000001705e+01 7.999686715532831158e+02 2.662502111701048335e-04
1.185000000000001741e+01 7.999686715532831158e+02 2.662502111701048335e-04
1.200000000000001776e+01 7.999686715532831158e+02 2.662502111701048335e-04
1.215000000000001812e+01 7.999686715532831158e+02 2.662502111701048335e-04
1.230000000000001847e+01 7.999686715532831158e+02 2.662502111701048335e-04
1.245000000000001883e+01 7.999686715532831158e+02 2.662502111701048335e-04
1.260000000000001918e+01 7.999686715532831158e+02 2.662502111701048335e-04
1.275000000000001954e+01 7.999686715532831158e+02 2.662502111701048335e-04
1.290000000000001990e+01 7.999686715532831158e+02 2.662502111701048335e-04
1.305000000000002025e+01 7.999264636519109217e+02 2.656878441539278768e-04
1.320000000000002061e+01 7.999264636519109217e+02 2.656878441539278768e-04
1.335000000000002096e+01 7.999264636519109217e+02 2.656878441539278768e-04
1.350000000000002132e+01 7.999264636519109217e+02 2.656878441539278768e-04
1.365000000000002167e+01 7.999264636519109217e+02 2.656878441539278768e-04
1.380000000000002203e+01 7.999264636519109217e+02 2.656878441539278768e-04
1.395000000000002238e+01 7.999264636519109217e+02 2.656878441539278768e-04
1.410000000000002274e+01 7.999264636519109217e+02 2.656878441539278768e-04
1.425000000000002309e+01 7.999264636519109217e+02 2.656878441539278768e-04
1.440000000000002345e+01 7.999264636519109217e+02 2.656878441539278768e-04
1.455000000000002380e+01 7.999264636519109217e+02 2.656878441539278768e-04
1.470000000000002416e+01 7.999264636519109217e+02 2.656878441539278768e-04
1.485000000000002451e+01 7.999264636519109217e+02 2.656878441539278768e-04
1.500000000000002487e+01 7.999264636519109217e+02 2.656878441539278768e-04
1.515000000000002522e+01 7.999264636519109217e+02 2.656878441539278768e-04
1.530000000000002558e+01 7.999264636519109217e+02 2.656878441539278768e-04
1.545000000000002593e+01 7.999264636519109217e+02 2.656878441539278768e-04
1.560000000000002629e+01 7.999264636519109217e+02 2.656878441539278768e-04
1.575000000000002665e+01 7.999264636519109217e+02 2.656878441539278768e-04
1.590000000000002700e+01 7.999264636519109217e+02 2.656878441539278768e-04
