1.499999999999999944e-01 7.999965999827232963e+02 1.401410321122398273e-09
2.999999999999999889e-01 7.999965999827232963e+02 1.401410321122398273e-09
4.499999999999999556e-01 7.999965999827232963e+02 1.401410321122398273e-09
5.999999999999999778e-01 7.999965999827232963e+02 1.401410321122398273e-09
7.500000000000000000e-01 7.999965999827232963e+02 1.401410321122398273e-09
9.000000000000000222e-01 7.999965999827232963e+02 1.401410321122398273e-09
1.050000000000000044e+00 7.999965999827232963e+02 1.401410321122398273e-09
1.199999999999999956e+00 7.999965999827232963e+02 1.401410321122398273e-09
1.349999999999999867e+00 7.999965999827232963e+02 1.401410321122398273e-09
1.499999999999999778e+00 7.999965999827232963e+02 1.401410321122398273e-09
1.649999999999999689e+00 7.999965999827232963e+02 1.401410321122398273e-09
1.799999999999999600e+00 7.999965999827232963e+02 1.401410321122398273e-09
1.949999999999999512e+00 7.999965999827232963e+02 1.401410321122398273e-09
2.099999999999999645e+00 7.999990307062693091e+02 1.401541216417001579e-09
2.249999999999999556e+00 7.999990307062693091e+02 1.401541216417001579e-09
2.399999999999999467e+00 7.999990307062693091e+02 1.401541216417001579e-09
2.549999999999999378e+00 7.999990307062693091e+02 1.401541216417001579e-09
2.699999999999999289e+00 7.999990307062693091e+02 1.401541216417001579e-09
2.849999999999999201e+00 7.999990307062693091e+02 1.401541216417001579e-09
2.999999999999999112e+00 7.999990307062693091e+02 1.401541216417001579e-09
3.149999999999999023e+00 7.999990307062693091e+02 1.401541216417001579e-09
3.299999999999998934e+00 7.999990307062693091e+02 1.401541216417001579e-09
3.449999999999998845e+00 7.999990307062693091e+02 1.401541216417001579e-09
3.599999999999998757e+00 7.999990307062693091e+02 1.401541216417001579e-09
3.749999999999998668e+00 7.999990307062693091e+02 1.401541216417001579e-09
3.899999999999998579e+00 7.999990307062693091e+02 1.401541216417001579e-09
4.049999999999998934e+00 4.987646460186515469e+02 1.412879924167498302e-09
4.199999999999999289e+00 3.588891053362053754e+02 1.480335520831488338e-09
4.349999999999999645e+00 2.129491201763173365e+02 1.709909214220317608e-09
4.500000000000000000e+00 1.426790347494350328e+02 2.249581410040946139e-09
4.650000000000000355e+00 9.631441845878219965e+01 3.498115797029299756e-09
4.800000000000000711e+00 6.617900211737503469e+01 6.177307998456171845e-09
4.950000000000001066e+00 4.593261387263567741e+01 1.184508668927719555e-08
5.100000000000001421e+00 3.223901397330639895e+01 2.366861417968380010e-08
5.250000000000001776e+00 2.292853095348737469e+01 4.762929772805790662e-08
5.400000000000002132e+00 1.658515163112916468e+01 9.524410415906459093e-08
5.550000000000002487e+00 1.225888087358276479e+01 1.878513080644239608e-07
5.700000000000002842e+00 9.307503317038587909e+00 3.602536550184609609e-07
5.850000000000003197e+00 7.294751856893803676e+00 6.698268535387796874e-07
6.000000000000003553e+00 5.923778104159900693e+00 1.206237977169344333e-06
6.150000000000003908e+00 4.992628532142731501e+00 2.086543387846973019e-06
6.300000000000004263e+00 4.364230539138503673e+00 3.480091326224510340e-06
6.450000000000004619e+00 3.946114432828380814e+00 5.629365786297135799e-06
6.600000000000004974e+00 3.676767710445034254e+00 8.808596967613269157e-06
6.750000000000005329e+00 3.516569889652132019e+00 1.342750633426259554e-05
6.900000000000005684e+00 3.441957971067481026e+00 2.006479205907130137e-05
7.050000000000006040e+00 3.441957970735586514e+00 2.925318172253277282e-05
7.200000000000006395e+00 3.516569888560567847e+00 4.174430299330733618e-05
7.350000000000006750e+00 3.676767708468418050e+00 5.839477067148823863e-05
7.500000000000007105e+00 3.946114429656944367e+00 7.932483088313180275e-05
7.650000000000007461e+00 4.364230534307594667e+00 1.045711007732208486e-04
7.800000000000007816e+00 4.992628524936932877e+00 1.336964341374091703e-04
7.950000000000008171e+00 5.923778093546651746e+00 1.642857500591121678e-04
8.100000000000008527e+00 7.294751841298449335e+00 1.945125260333080419e-04
8.250000000000008882e+00 9.307503294185806908e+00 2.229910347041341723e-04
8.400000000000009237e+00 1.225888084009829626e+01 2.468752707771582067e-04
8.550000000000009592e+00 1.658515158206224882e+01 2.661186298320572519e-04
8.700000000000009948e+00 2.292853088154186381e+01 2.816970618177982999e-04
8.850000000000010303e+00 3.223901386764132582e+01 2.924026748284402899e-04
9.000000000000010658e+00 4.593261371700388906e+01 2.998341920482650025e-04
9.150000000000011013e+00 6.617900188644559023e+01 3.057142977594962119e-04
9.300000000000011369e+00 9.631441811311498213e+01 3.087454722151550257e-04
9.450000000000011724e+00 1.426790342067695292e+02 3.104055893052848347e-04
9.600000000000012079e+00 2.129491193495883863e+02 3.120780015399837737e-04
9.750000000000012434e+00 3.588891033635477470e+02 3.120084825197766421e-04
9.900000000000012790e+00 4.987646445188824487e+02 3.117097363419807365e-04
1.005000000000001315e+01 7.999990159980416138e+02 3.118513675238743232e-04
1.020000000000001350e+01 7.999990159980416138e+02 3.118513675238743232e-04
1.035000000000001386e+01 7.999990159980416138e+02 3.118513675238743232e-04
1.050000000000001421e+01 7.999990159980416138e+02 3.118513675238743232e-04
1.065000000000001457e+01 7.999990159980416138e+02 3.118513675238743232e-04
1.080000000000001492e+01 7.999990159980416138e+02 3.118513675238743232e-04
1.095000000000001528e+01 7.999990159980416138e+02 3.118513675238743232e-04
1.110000000000001563e+01 7.999990159980416138e+02 3.118513675238743232e-04
1.125000000000001599e+01 7.999990159980416138e+02 3.118513675238743232e-04
1.140000000000001634e+01 7.999990159980416138e+02 3.118513675238743232e-04
1.155000000000001670e+01 7.999990159980416138e+02 3.118513675238743232e-04
1.170000000000001705e+01 7.999990159980416138e+02 3.118513675238743232e-04
1.185000000000001741e+01 7.999990159980416138e+02 3.118513675238743232e-04
1.200000000000001776e+01 7.999990159980416138e+02 3.118513675238743232e-04
1.215000000000001812e+01 7.999990159980416138e+02 3.118513675238743232e-04
1.230000000000001847e+01 7.999990159980416138e+02 3.118513675238743232e-04
1.245000000000001883e+01 7.999990159980416138e+02 3.118513675238743232e-04
1.260000000000001918e+01 7.999990159980416138e+02 3.118513675238743232e-04
1.275000000000001954e+01 7.999990159980416138e+02 3.118513675238743232e-04
1.290000000000001990e+01 7.999990159980416138e+02 3.118513675238743232e-04
1.305000000000002025e+01 7.999965483902840333e+02 3.112796385964511359e-04
1.320000000000002061e+01 7.999965483902840333e+02 3.112796385964511359e-04
1.335000000000002096e+01 7.999965483902840333e+02 3.112796385964511359e-04
1.350000000000002132e+01 7.999965483902840333e+02 3.112796385964511359e-04
1.365000000000002167e+01 7.999965483902840333e+02 3.112796385964511359e-04
1.380000000000002203e+01 7.999965483902840333e+02 3.112796385964511359e-04
1.395000000000002238e+01 7.999965483902840333e+02 3.112796385964511359e-04
1.410000000000002274e+01 7.999965483902840333e+02 3.112796385964511359e-04
1.425000000000002309e+01 7.999965483902840333e+02 3.112796385964511359e-04
1.440000000000002345e+01 7.999965483902840333e+02 3.112796385964511359e-04
1.455000000000002380e+01 7.999965483902840333e+02 3.112796385964511359e-04
1.470000000000002416e+01 7.999965483902840333e+02 3.112796385964511359e-04
1.485000000000002451e+01 7.999965483902840333e+02 3.112796385964511359e-04
1.500000000000002487e+01 7.999965483902840333e+02 3.112796385964511359e-04
1.515000000000002522e+01 7.999965483902840333e+02 3.112796385964511359e-04
1.530000000000002558e+01 7.999965483902840333e+02 3.112796385964511359e-04
1.545000000000002593e+01 7.999965483902840333e+02 3.112796385964511359e-04
1.560000000000002629e+01 7.999965483902840333e+02 3.112796385964511359e-04
1.575000000000002665e+01 7.999965483902840333e+02 3.112796385964511359e-04
1.590000000000002700e+01 7.999965483902840333e+02 3.112796385964511359e-04
