1.499999999999999944e-01 7.999999971466417037e+02 1.099651705973592186e-04
2.999999999999999889e-01 7.999999971466417037e+02 1.099651705973592186e-04
4.499999999999999556e-01 7.999999971466417037e+02 1.099651705973592186e-04
5.999999999999999778e-01 7.999999971466417037e+02 1.099651705973592186e-04
7.500000000000000000e-01 7.999999971466417037e+02 1.099651705973592186e-04
9.000000000000000222e-01 7.999999971466417037e+02 1.099651705973592186e-04
1.050000000000000044e+00 7.999999971466417037e+02 1.099651705973592186e-04
1.199999999999999956e+00 7.999999971466417037e+02 1.099651705973592186e-04
1.349999999999999867e+00 7.999999971466417037e+02 1.099651705973592186e-04
1.499999999999999778e+00 7.999999971466417037e+02 1.099651705973592186e-04
1.649999999999999689e+00 7.999999971466417037e+02 1.099651705973592186e-04
1.799999999999999600e+00 7.999999971466417037e+02 1.099651705973592186e-04
1.949999999999999512e+00 7.999999971466417037e+02 1.099651705973592186e-04
2.099999999999999645e+00 7.999999996634619492e+02 1.100407044770657095e-04
2.249999999999999556e+00 7.999999996634619492e+02 1.100407044770657095e-04
2.399999999999999467e+00 7.999999996634619492e+02 1.100407044770657095e-04
2.549999999999999378e+00 7.999999996634619492e+02 1.100407044770657095e-04
2.699999999999999289e+00 7.999999996634619492e+02 1.100407044770657095e-04
2.849999999999999201e+00 7.999999996634619492e+02 1.100407044770657095e-04
2.999999999999999112e+00 7.999999996634619492e+02 1.100407044770657095e-04
3.149999999999999023e+00 7.999999996634619492e+02 1.100407044770657095e-04
3.299999999999998934e+00 7.999999996634619492e+02 1.100407044770657095e-04
3.449999999999998845e+00 7.999999996634619492e+02 1.100407044770657095e-04
3.599999999999998757e+00 7.999999996634619492e+02 1.100407044770657095e-04
3.749999999999998668e+00 7.999999996634619492e+02 1.100407044770657095e-04
3.899999999999998579e+00 7.999999996634619492e+02 1.100407044770657095e-04
4.049999999999998934e+00 5.166003621565762387e+02 1.111011226468949786e-04
4.199999999999999289e+00 4.765875530625997385e+02 1.158994876219177073e-04
4.349999999999999645e+00 4.304103469916201448e+02 1.245828225451273141e-04
4.500000000000000000e+00 4.222677498464069004e+02 1.336497692590032926e-04
4.650000000000000355e+00 4.194307749836975745e+02 1.434391793846412355e-04
4.800000000000000711e+00 4.186886447765074308e+02 1.527374220343657996e-04
4.950000000000001066e+00 4.184705317923351231e+02 1.618975653012721949e-04
5.100000000000001421e+00 4.184094480159469640e+02 1.713940510208455947e-04
5.250000000000001776e+00 4.183919830477586288e+02 1.802271533408728033e-04
5.400000000000002132e+00 4.183870324487177186e+02 1.888672433553173491e-04
5.550000000000002487e+00 4.183856239831880544e+02 1.978911020266149734e-04
5.700000000000002842e+00 4.183852238873448641e+02 2.061452899692062246e-04
5.850000000000003197e+00 4.183851101596465014e+02 2.141823185138891361e-04
6.000000000000003553e+00 4.183850778413295757e+02 2.226531737502535080e-04
6.150000000000003908e+00 4.183850686562744841e+02 2.302568513349312340e-04
6.300000000000004263e+00 4.183850660459640380e+02 2.376216313981771577e-04
6.450000000000004619e+00 4.183850653041481564e+02 2.454666487589074464e-04
6.600000000000004974e+00 4.183850650934299438e+02 2.523546123902598026e-04
6.750000000000005329e+00 4.183850650339037998e+02 2.589840377776875258e-04
6.900000000000005684e+00 4.183850650182512254e+02 2.661359177620337135e-04
7.050000000000006040e+00 4.183850650182511686e+02 2.722492294318090700e-04
7.200000000000006395e+00 4.183850650339041408e+02 2.780866169920237496e-04
7.350000000000006750e+00 4.183850650934303417e+02 2.844841184030943992e-04
7.500000000000007105e+00 4.183850653041489522e+02 2.897705956884655265e-04
7.650000000000007461e+00 4.183850660459647770e+02 2.947661657842770566e-04
7.800000000000007816e+00 4.183850686562755072e+02 3.003546290644143468e-04
7.950000000000008171e+00 4.183850778413308262e+02 3.047692893876075004e-04
8.100000000000008527e+00 4.183851101596476951e+02 3.088805890293366829e-04
8.250000000000008882e+00 4.183852238873462852e+02 3.136124006345442083e-04
8.400000000000009237e+00 4.183856239831898165e+02 3.171178360968918142e-04
8.550000000000009592e+00 4.183870324487197081e+02 3.203100742799058764e-04
8.700000000000009948e+00 4.183919830477606752e+02 3.241449902976478725e-04
8.850000000000010303e+00 4.184094480159489535e+02 3.267114247550439998e-04
9.000000000000010658e+00 4.184705317923368284e+02 3.289569232942657351e-04
9.150000000000011013e+00 4.186886447765081698e+02 3.318598396849781196e-04
9.300000000000011369e+00 4.194307749836943344e+02 3.334569739367188035e-04
9.450000000000011724e+00 4.222677498463872894e+02 3.347120136738546137e-04
9.600000000000012079e+00 4.304103469915613118e+02 3.365790601241869240e-04
9.750000000000012434e+00 4.765875530622314500e+02 3.369816794251967451e-04
9.900000000000012790e+00 5.166003621563382922e+02 3.369132064349189548e-04
1.005000000000001315e+01 7.999999996552204493e+02 3.370932502479995208e-04
1.020000000000001350e+01 7.999999996552204493e+02 3.370932502479995208e-04
1.035000000000001386e+01 7.999999996552204493e+02 3.370932502479995208e-04
1.050000000000001421e+01 7.999999996552204493e+02 3.370932502479995208e-04
1.065000000000001457e+01 7.999999996552204493e+02 3.370932502479995208e-04
1.080000000000001492e+01 7.999999996552204493e+02 3.370932502479995208e-04
1.095000000000001528e+01 7.999999996552204493e+02 3.370932502479995208e-04
1.110000000000001563e+01 7.999999996552204493e+02 3.370932502479995208e-04
1.125000000000001599e+01 7.999999996552204493e+02 3.370932502479995208e-04
1.140000000000001634e+01 7.999999996552204493e+02 3.370932502479995208e-04
1.155000000000001670e+01 7.999999996552204493e+02 3.370932502479995208e-04
1.170000000000001705e+01 7.999999996552204493e+02 3.370932502479995208e-04
1.185000000000001741e+01 7.999999996552204493e+02 3.370932502479995208e-04
1.200000000000001776e+01 7.999999996552204493e+02 3.370932502479995208e-04
1.215000000000001812e+01 7.999999996552204493e+02 3.370932502479995208e-04
1.230000000000001847e+01 7.999999996552204493e+02 3.370932502479995208e-04
1.245000000000001883e+01 7.999999996552204493e+02 3.370932502479995208e-04
1.260000000000001918e+01 7.999999996552204493e+02 3.370932502479995208e-04
1.275000000000001954e+01 7.999999996552204493e+02 3.370932502479995208e-04
1.290000000000001990e+01 7.999999996552204493e+02 3.370932502479995208e-04
1.305000000000002025e+01 7.999999970767656805e+02 3.365206203129744722e-04
1.320000000000002061e+01 7.999999970767656805e+02 3.365206203129744722e-04
1.335000000000002096e+01 7.999999970767656805e+02 3.365206203129744722e-04
1.350000000000002132e+01 7.999999970767656805e+02 3.365206203129744722e-04
1.365000000000002167e+01 7.999999970767656805e+02 3.365206203129744722e-04
1.380000000000002203e+01 7.999999970767656805e+02 3.365206203129744722e-04
1.395000000000002238e+01 7.999999970767656805e+02 3.365206203129744722e-04
1.410000000000002274e+01 7.999999970767656805e+02 3.365206203129744722e-04
1.425000000000002309e+01 7.999999970767656805e+02 3.365206203129744722e-04
1.440000000000002345e+01 7.999999970767656805e+02 3.365206203129744722e-04
1.455000000000002380e+01 7.999999970767656805e+02 3.365206203129744722e-04
1.470000000000002416e+01 7.999999970767656805e+02 3.365206203129744722e-04
1.485000000000002451e+01 7.999999970767656805e+02 3.365206203129744722e-04
1.500000000000002487e+01 7.999999970767656805e+02 3.365206203129744722e-04
1.515000000000002522e+01 7.999999970767656805e+02 3.365206203129744722e-04
1.530000000000002558e+01 7.999999970767656805e+02 3.365206203129744722e-04
1.545000000000002593e+01 7.999999970767656805e+02 3.365206203129744722e-04
1.560000000000002629e+01 7.999999970767656805e+02 3.365206203129744722e-04
1.575000000000002665e+01 7.999999970767656805e+02 3.365206203129744722e-04
1.590000000000002700e+01 7.999999970767656805e+02 3.365206203129744722e-04
