1.499999999999999944e-01 7.999999502212566540e+02 2.629368085859118409e-04
2.999999999999999889e-01 7.999999502212566540e+02 2.629368085859118409e-04
4.499999999999999556e-01 7.999999502212566540e+02 2.629368085859118409e-04
5.999999999999999778e-01 7.999999502212566540e+02 2.629368085859118409e-04
7.500000000000000000e-01 7.999999502212566540e+02 2.629368085859118409e-04
9.000000000000000222e-01 7.999999502212566540e+02 2.629368085859118409e-04
1.050000000000000044e+00 7.999999502212566540e+02 2.629368085859118409e-04
1.199999999999999956e+00 7.999999502212566540e+02 2.629368085859118409e-04
1.349999999999999867e+00 7.999999502212566540e+02 2.629368085859118409e-04
1.499999999999999778e+00 7.999999502212566540e+02 2.629368085859118409e-04
1.649999999999999689e+00 7.999999502212566540e+02 2.629368085859118409e-04
1.799999999999999600e+00 7.999999502212566540e+02 2.629368085859118409e-04
1.949999999999999512e+00 7.999999502212566540e+02 2.629368085859118409e-04
2.099999999999999645e+00 7.999999917242996617e+02 2.634260300010682343e-04
2.249999999999999556e+00 7.999999917242996617e+02 2.634260300010682343e-04
2.399999999999999467e+00 7.999999917242996617e+02 2.634260300010682343e-04
2.549999999999999378e+00 7.999999917242996617e+02 2.634260300010682343e-04
2.699999999999999289e+00 7.999999917242996617e+02 2.634260300010682343e-04
2.849999999999999201e+00 7.999999917242996617e+02 2.634260300010682343e-04
2.999999999999999112e+00 7.999999917242996617e+02 2.634260300010682343e-04
3.149999999999999023e+00 7.999999917242996617e+02 2.634260300010682343e-04
3.299999999999998934e+00 7.999999917242996617e+02 2.634260300010682343e-04
3.449999999999998845e+00 7.999999917242996617e+02 2.634260300010682343e-04
3.599999999999998757e+00 7.999999917242996617e+02 2.634260300010682343e-04
3.749999999999998668e+00 7.999999917242996617e+02 2.634260300010682343e-04
3.899999999999998579e+00 7.999999917242996617e+02 2.634260300010682343e-04
4.049999999999998934e+00 5.134437733963528672e+02 2.663232461562747844e-04
4.199999999999999289e+00 4.486792771009447165e+02 2.799149636956155263e-04
4.349999999999999645e+00 3.777609847034955237e+02 3.094355202869492061e-04
4.500000000000000000e+00 3.589180862258047569e+02 3.440516090952305817e-04
4.650000000000000355e+00 3.506362192476605060e+02 3.824872137070389755e-04
4.800000000000000711e+00 3.474917567069644520e+02 4.217936663473143000e-04
4.950000000000001066e+00 3.462214299567787634e+02 4.615129482933300054e-04
5.100000000000001421e+00 3.457158770953819271e+02 5.015893457601672267e-04
5.250000000000001776e+00 3.455131637012755732e+02 5.412742008880089273e-04
5.400000000000002132e+00 3.454320067773989535e+02 5.807902002433751321e-04
5.550000000000002487e+00 3.453994855604325949e+02 6.204932470282864543e-04
5.700000000000002842e+00 3.453864556133881365e+02 6.596047974807284220e-04
5.850000000000003197e+00 3.453812344424866296e+02 6.984740270609135493e-04
6.000000000000003553e+00 3.453791423220479260e+02 7.375507050689789068e-04
6.150000000000003908e+00 3.453783040084092590e+02 7.759167384860932160e-04
6.300000000000004263e+00 3.453779681212808441e+02 8.139989039107620172e-04
6.450000000000004619e+00 3.453778336041742136e+02 8.523207858823766969e-04
6.600000000000004974e+00 3.453777798897039020e+02 8.898200530073063774e-04
6.750000000000005329e+00 3.453777588337017050e+02 9.269967724234717821e-04
6.900000000000005684e+00 3.453777515637302145e+02 9.644455224939729732e-04
7.050000000000006040e+00 3.453777515637328861e+02 1.000962555394724340e-03
7.200000000000006395e+00 3.453777588337086399e+02 1.037119484068482755e-03
7.350000000000006750e+00 3.453777798897153843e+02 1.073579960986004167e-03
7.500000000000007105e+00 3.453778336041909256e+02 1.109002519998347758e-03
7.650000000000007461e+00 3.453779681213021036e+02 1.144028523682449894e-03
7.800000000000007816e+00 3.453783040084349523e+02 1.179388610528464554e-03
7.950000000000008171e+00 3.453791423220787351e+02 1.213607681558537266e-03
8.100000000000008527e+00 3.453812344425210767e+02 1.247394697537873576e-03
8.250000000000008882e+00 3.453864556134265058e+02 1.281544612460550070e-03
8.400000000000009237e+00 3.453994855604744885e+02 1.314452261203635786e-03
8.550000000000009592e+00 3.454320067774409608e+02 1.346889547147345212e-03
8.700000000000009948e+00 3.455131637013122941e+02 1.379707189825274405e-03
8.850000000000010303e+00 3.457158770953993212e+02 1.411160183284465575e-03
9.000000000000010658e+00 3.462214299567409626e+02 1.442043888638888660e-03
9.150000000000011013e+00 3.474917567067818140e+02 1.473176629819827888e-03
9.300000000000011369e+00 3.506362192471194703e+02 1.502444805962843688e-03
9.450000000000011724e+00 3.589180862242587295e+02 1.530255659201618101e-03
9.600000000000012079e+00 3.777609846999887395e+02 1.555826170075880199e-03
9.750000000000012434e+00 4.486792770861281952e+02 1.576075654574959906e-03
9.900000000000012790e+00 5.134437733860969502e+02 1.584869611045203186e-03
1.005000000000001315e+01 7.999999915057090902e+02 1.586891248783195429e-03
1.020000000000001350e+01 7.999999915057090902e+02 1.586891248783195429e-03
1.035000000000001386e+01 7.999999915057090902e+02 1.586891248783195429e-03
1.050000000000001421e+01 7.999999915057090902e+02 1.586891248783195429e-03
1.065000000000001457e+01 7.999999915057090902e+02 1.586891248783195429e-03
1.080000000000001492e+01 7.999999915057090902e+02 1.586891248783195429e-03
1.095000000000001528e+01 7.999999915057090902e+02 1.586891248783195429e-03
1.110000000000001563e+01 7.999999915057090902e+02 1.586891248783195429e-03
1.125000000000001599e+01 7.999999915057090902e+02 1.586891248783195429e-03
1.140000000000001634e+01 7.999999915057090902e+02 1.586891248783195429e-03
1.155000000000001670e+01 7.999999915057090902e+02 1.586891248783195429e-03
1.170000000000001705e+01 7.999999915057090902e+02 1.586891248783195429e-03
1.185000000000001741e+01 7.999999915057090902e+02 1.586891248783195429e-03
1.200000000000001776e+01 7.999999915057090902e+02 1.586891248783195429e-03
1.215000000000001812e+01 7.999999915057090902e+02 1.586891248783195429e-03
1.230000000000001847e+01 7.999999915057090902e+02 1.586891248783195429e-03
1.245000000000001883e+01 7.999999915057090902e+02 1.586891248783195429e-03
1.260000000000001918e+01 7.999999915057090902e+02 1.586891248783195429e-03
1.275000000000001954e+01 7.999999915057090902e+02 1.586891248783195429e-03
1.290000000000001990e+01 7.999999915057090902e+02 1.586891248783195429e-03
1.305000000000002025e+01 7.999999489064244926e+02 1.586677540873271397e-03
1.320000000000002061e+01 7.999999489064244926e+02 1.586677540873271397e-03
1.335000000000002096e+01 7.999999489064244926e+02 1.586677540873271397e-03
1.350000000000002132e+01 7.999999489064244926e+02 1.586677540873271397e-03
1.365000000000002167e+01 7.999999489064244926e+02 1.586677540873271397e-03
1.380000000000002203e+01 7.999999489064244926e+02 1.586677540873271397e-03
1.395000000000002238e+01 7.999999489064244926e+02 1.586677540873271397e-03
1.410000000000002274e+01 7.999999489064244926e+02 1.586677540873271397e-03
1.425000000000002309e+01 7.999999489064244926e+02 1.586677540873271397e-03
1.440000000000002345e+01 7.999999489064244926e+02 1.586677540873271397e-03
1.455000000000002380e+01 7.999999489064244926e+02 1.586677540873271397e-03
1.470000000000002416e+01 7.999999489064244926e+02 1.586677540873271397e-03
1.485000000000002451e+01 7.999999489064244926e+02 1.586677540873271397e-03
1.500000000000002487e+01 7.999999489064244926e+02 1.586677540873271397e-03
1.515000000000002522e+01 7.999999489064244926e+02 1.586677540873271397e-03
1.530000000000002558e+01 7.999999489064244926e+02 1.586677540873271397e-03
1.545000000000002593e+01 7.999999489064244926e+02 1.586677540873271397e-03
1.560000000000002629e+01 7.999999489064244926e+02 1.586677540873271397e-03
1.575000000000002665e+01 7.999999489064244926e+02 1.586677540873271397e-03
1.590000000000002700e+01 7.999999489064244926e+02 1.586677540873271397e-03
