1.499999999999999944e-01 7.999683290615005262e+02 4.608646797521487315e-12
2.999999999999999889e-01 7.999683290615005262e+02 4.608646797521487315e-12
4.499999999999999556e-01 7.999683290615005262e+02 4.608646797521487315e-12
5.999999999999999778e-01 7.999683290615005262e+02 4.608646797521487315e-12
7.500000000000000000e-01 7.999683290615005262e+02 4.608646797521487315e-12
9.000000000000000222e-01 7.999683290615005262e+02 4.608646797521487315e-12
1.050000000000000044e+00 7.999683290615005262e+02 4.608646797521487315e-12
1.199999999999999956e+00 7.999683290615005262e+02 4.608646797521487315e-12
1.349999999999999867e+00 7.999683290615005262e+02 4.608646797521487315e-12
1.499999999999999778e+00 7.999683290615005262e+02 4.608646797521487315e-12
1.649999999999999689e+00 7.999683290615005262e+02 4.608646797521487315e-12
1.799999999999999600e+00 7.999683290615005262e+02 4.608646797521487315e-12
1.949999999999999512e+00 7.999683290615005262e+02 4.608646797521487315e-12
2.099999999999999645e+00 7.999879074851372707e+02 4.606648396077162033e-12
2.249999999999999556e+00 7.999879074851372707e+02 4.606648396077162033e-12
2.399999999999999467e+00 7.999879074851372707e+02 4.606648396077162033e-12
2.549999999999999378e+00 7.999879074851372707e+02 4.606648396077162033e-12
2.699999999999999289e+00 7.999879074851372707e+02 4.606648396077162033e-12
2.849999999999999201e+00 7.999879074851372707e+02 4.606648396077162033e-12
2.999999999999999112e+00 7.999879074851372707e+02 4.606648396077162033e-12
3.149999999999999023e+00 7.999879074851372707e+02 4.606648396077162033e-12
3.299999999999998934e+00 7.999879074851372707e+02 4.606648396077162033e-12
3.449999999999998845e+00 7.999879074851372707e+02 4.606648396077162033e-12
3.599999999999998757e+00 7.999879074851372707e+02 4.606648396077162033e-12
3.749999999999998668e+00 7.999879074851372707e+02 4.606648396077162033e-12
3.899999999999998579e+00 7.999879074851372707e+02 4.606648396077162033e-12
4.049999999999998934e+00 4.788932577120997394e+02 4.844680212556795595e-12
4.199999999999999289e+00 2.888625605489401096e+02 7.747913421951579949e-12
4.349999999999999645e+00 1.289343509482262959e+02 2.393685250012822507e-11
4.500000000000000000e+00 6.425403276527843843e+01 9.125589173208936700e-11
4.650000000000000355e+00 3.119600616740056154e+01 3.786106983483250588e-10
4.800000000000000711e+00 1.529187741120900412e+01 1.576679120596224948e-09
4.950000000000001066e+00 7.490291364156831833e+00 6.585069822762079639e-09
5.100000000000001421e+00 3.682565541318183477e+00 2.740980853399577200e-08
5.250000000000001776e+00 1.821124358484979666e+00 1.134004989911119310e-07
5.400000000000002132e+00 9.115357732881079755e-01 4.635258991081414592e-07
5.550000000000002487e+00 4.670079378914806512e-01 1.851358299886918246e-06
5.700000000000002842e+00 2.497697016706297291e-01 7.082130946134412852e-06
5.850000000000003197e+00 1.436060586115672777e-01 2.520110455661583870e-05
6.000000000000003553e+00 9.172571350609359797e-02 8.073587224555200947e-05
6.150000000000003908e+00 6.637538151971966727e-02 2.282648743658910462e-04
6.300000000000004263e+00 5.399401055456110043e-02 5.741019181028095275e-04
6.450000000000004619e+00 4.795822853066056268e-02 1.322624947817652163e-03
6.600000000000004974e+00 4.503921647574316012e-02 2.881359721640386340e-03
6.750000000000005329e+00 4.367545891727786511e-02 6.079100000342174681e-03
6.900000000000005684e+00 4.313742280646692961e-02 1.259470055612332828e-02
7.050000000000006040e+00 4.313728214219736401e-02 2.576782254892173718e-02
7.200000000000006395e+00 4.367497461680613924e-02 5.206985252773921324e-02
7.350000000000006750e+00 4.503815630141616566e-02 1.033246229868830524e-01
7.500000000000007105e+00 4.795614688828209182e-02 1.985314168937678536e-01
7.650000000000007461e+00 5.399021073117182823e-02 3.607854188023280617e-01
7.800000000000007816e+00 6.636904879542271374e-02 6.005770585910443771e-01
7.950000000000008171e+00 9.171633407868284849e-02 8.891716214828859766e-01
8.100000000000008527e+00 1.435937995788663102e-01 1.161976499629930881e+00
8.250000000000008882e+00 2.497552785087009397e-01 1.367083980233664287e+00
8.400000000000009237e+00 4.669921498023086315e-01 1.495878851031504198e+00
8.550000000000009592e+00 9.115192090378059220e-01 1.567960997675605039e+00
8.700000000000009948e+00 1.821107364482912772e+00 1.605935427790083248e+00
8.850000000000010303e+00 3.682548279071596653e+00 1.624897555152117423e+00
9.000000000000010658e+00 7.490273861021208290e+00 1.634194386052732373e+00
9.150000000000011013e+00 1.529185956090434573e+01 1.638935979889160288e+00
9.300000000000011369e+00 3.119598767276788109e+01 1.640982037836121954e+00
9.450000000000011724e+00 6.425401274193502843e+01 1.641852176116295858e+00
9.600000000000012079e+00 1.289343282945319800e+02 1.642431439974074259e+00
9.750000000000012434e+00 2.888625231893751106e+02 1.642416970641711771e+00
9.900000000000012790e+00 4.788932271397878822e+02 1.642332194805859125e+00
1.005000000000001315e+01 7.999877129552294264e+02 1.642375664386751755e+00
1.020000000000001350e+01 7.999877129552294264e+02 1.642375664386751755e+00
1.035000000000001386e+01 7.999877129552294264e+02 1.642375664386751755e+00
1.050000000000001421e+01 7.999877129552294264e+02 1.642375664386751755e+00
1.065000000000001457e+01 7.999877129552294264e+02 1.642375664386751755e+00
1.080000000000001492e+01 7.999877129552294264e+02 1.642375664386751755e+00
1.095000000000001528e+01 7.999877129552294264e+02 1.642375664386751755e+00
1.110000000000001563e+01 7.999877129552294264e+02 1.642375664386751755e+00
1.125000000000001599e+01 7.999877129552294264e+02 1.642375664386751755e+00
1.140000000000001634e+01 7.999877129552294264e+02 1.642375664386751755e+00
1.155000000000001670e+01 7.999877129552294264e+02 1.642375664386751755e+00
1.170000000000001705e+01 7.999877129552294264e+02 1.642375664386751755e+00
1.185000000000001741e+01 7.999877129552294264e+02 1.642375664386751755e+00
1.200000000000001776e+01 7.999877129552294264e+02 1.642375664386751755e+00
1.215000000000001812e+01 7.999877129552294264e+02 1.642375664386751755e+00
1.230000000000001847e+01 7.999877129552294264e+02 1.642375664386751755e+00
1.245000000000001883e+01 7.999877129552294264e+02 1.642375664386751755e+00
1.260000000000001918e+01 7.999877129552294264e+02 1.642375664386751755e+00
1.275000000000001954e+01 7.999877129552294264e+02 1.642375664386751755e+00
1.290000000000001990e+01 7.999877129552294264e+02 1.642375664386751755e+00
1.305000000000002025e+01 7.999678195763801796e+02 1.642210511504713200e+00
1.320000000000002061e+01 7.999678195763801796e+02 1.642210511504713200e+00
1.335000000000002096e+01 7.999678195763801796e+02 1.642210511504713200e+00
1.350000000000002132e+01 7.999678195763801796e+02 1.642210511504713200e+00
1.365000000000002167e+01 7.999678195763801796e+02 1.642210511504713200e+00
1.380000000000002203e+01 7.999678195763801796e+02 1.642210511504713200e+00
1.395000000000002238e+01 7.999678195763801796e+02 1.642210511504713200e+00
1.410000000000002274e+01 7.999678195763801796e+02 1.642210511504713200e+00
1.425000000000002309e+01 7.999678195763801796e+02 1.642210511504713200e+00
1.440000000000002345e+01 7.999678195763801796e+02 1.642210511504713200e+00
1.455000000000002380e+01 7.999678195763801796e+02 1.642210511504713200e+00
1.470000000000002416e+01 7.999678195763801796e+02 1.642210511504713200e+00
1.485000000000002451e+01 7.999678195763801796e+02 1.642210511504713200e+00
1.500000000000002487e+01 7.999678195763801796e+02 1.642210511504713200e+00
1.515000000000002522e+01 7.999678195763801796e+02 1.642210511504713200e+00
1.530000000000002558e+01 7.999678195763801796e+02 1.642210511504713200e+00
1.545000000000002593e+01 7.999678195763801796e+02 1.642210511504713200e+00
1.560000000000002629e+01 7.999678195763801796e+02 1.642210511504713200e+00
1.575000000000002665e+01 7.999678195763801796e+02 1.642210511504713200e+00
1.590000000000002700e+01 7.999678195763801796e+02 1.642210511504713200e+00
