1.499999999999999944e-01 7.998162667466007179e+02 1.626348722361115051e-09
2.999999999999999889e-01 7.998162667466007179e+02 1.626348722361115051e-09
4.499999999999999556e-01 7.998162667466007179e+02 1.626348722361115051e-09
5.999999999999999778e-01 7.998162667466007179e+02 1.626348722361115051e-09
7.500000000000000000e-01 7.998162667466007179e+02 1.626348722361115051e-09
9.000000000000000222e-01 7.998162667466007179e+02 1.626348722361115051e-09
1.050000000000000044e+00 7.998162667466007179e+02 1.626348722361115051e-09
1.199999999999999956e+00 7.998162667466007179e+02 1.626348722361115051e-09
1.349999999999999867e+00 7.998162667466007179e+02 1.626348722361115051e-09
1.499999999999999778e+00 7.998162667466007179e+02 1.626348722361115051e-09
1.649999999999999689e+00 7.998162667466007179e+02 1.626348722361115051e-09
1.799999999999999600e+00 7.998162667466007179e+02 1.626348722361115051e-09
1.949999999999999512e+00 7.998162667466007179e+02 1.626348722361115051e-09
2.099999999999999645e+00 7.999117140812039679e+02 1.621577983001998291e-09
2.249999999999999556e+00 7.999117140812039679e+02 1.621577983001998291e-09
2.399999999999999467e+00 7.999117140812039679e+02 1.621577983001998291e-09
2.549999999999999378e+00 7.999117140812039679e+02 1.621577983001998291e-09
2.699999999999999289e+00 7.999117140812039679e+02 1.621577983001998291e-09
2.849999999999999201e+00 7.999117140812039679e+02 1.621577983001998291e-09
2.999999999999999112e+00 7.999117140812039679e+02 1.621577983001998291e-09
3.149999999999999023e+00 7.999117140812039679e+02 1.621577983001998291e-09
3.299999999999998934e+00 7.999117140812039679e+02 1.621577983001998291e-09
3.449999999999998845e+00 7.999117140812039679e+02 1.621577983001998291e-09
3.599999999999998757e+00 7.999117140812039679e+02 1.621577983001998291e-09
3.749999999999998668e+00 7.999117140812039679e+02 1.621577983001998291e-09
3.899999999999998579e+00 7.999117140812039679e+02 1.621577983001998291e-09
4.049999999999998934e+00 4.506628227065000374e+02 1.622887935148753513e-09
4.199999999999999289e+00 2.294056371589042556e+02 1.633276958123985878e-09
4.349999999999999645e+00 8.179228206179188021e+01 1.628677637199871242e-09
4.500000000000000000e+00 3.325898296145435751e+01 1.615748423944296519e-09
4.650000000000000355e+00 1.314004278712583940e+01 1.592554421669944986e-09
4.800000000000000711e+00 5.438319381453354140e+00 1.508747793366183032e-09
4.950000000000001066e+00 2.410944833340721516e+00 1.327923104810224686e-09
5.100000000000001421e+00 1.231668332700223800e+00 1.023477302908304409e-09
5.250000000000001776e+00 7.708644433379276961e-01 6.386846607142615539e-10
5.400000000000002132e+00 5.909962226402285523e-01 3.255626879195006040e-10
5.550000000000002487e+00 5.207615471910003180e-01 1.458563270162471781e-10
5.700000000000002842e+00 4.933398479262223191e-01 6.111711137180009246e-11
5.850000000000003197e+00 4.826331455687977723e-01 2.690303535501925580e-11
6.000000000000003553e+00 4.784528197250210724e-01 1.713229558220064064e-11
6.150000000000003908e+00 4.768206596353365967e-01 2.328537362927818322e-11
6.300000000000004263e+00 4.761834401685973717e-01 5.117817281075076608e-11
6.450000000000004619e+00 4.759347566556471065e-01 1.282449701989207824e-10
6.600000000000004974e+00 4.758379517295452388e-01 3.264466474917071537e-10
6.750000000000005329e+00 4.758009022714304592e-01 8.330006684431623398e-10
6.900000000000005684e+00 4.757883501094966050e-01 2.134926457841856973e-09
7.050000000000006040e+00 4.757883501094966050e-01 5.450965012698816281e-09
7.200000000000006395e+00 4.758009023304339280e-01 1.391803972072835904e-08
7.350000000000006750e+00 4.758379517295452388e-01 3.567006701121755441e-08
7.500000000000007105e+00 4.759347565966436377e-01 9.106177034645668300e-08
7.650000000000007461e+00 4.761834399325834966e-01 2.323961286743170263e-07
7.800000000000007816e+00 4.768206589862984401e-01 5.948503960517825817e-07
7.950000000000008171e+00 4.784528182499343529e-01 1.513714335321658666e-06
8.100000000000008527e+00 4.826331415565618954e-01 3.831648124896780416e-06
8.250000000000008882e+00 4.933398378956326269e-01 9.607654428256395818e-06
8.400000000000009237e+00 5.207615214064844622e-01 2.324032590561575518e-05
8.550000000000009592e+00 5.909961567923573966e-01 5.229062070843948362e-05
8.700000000000009948e+00 7.708642748240208675e-01 1.027470048921008683e-04
8.850000000000010303e+00 1.231667901030846224e+00 1.642237785181022147e-04
9.000000000000010658e+00 2.410943728928543806e+00 2.141315721767567126e-04
9.150000000000011013e+00 5.438316544028168664e+00 2.436113926338467905e-04
9.300000000000011369e+00 1.314003558520853687e+01 2.565282725081052817e-04
9.450000000000011724e+00 3.325896401965190563e+01 2.615320727897829656e-04
9.600000000000012079e+00 8.179223730867124686e+01 2.640380481553350478e-04
9.750000000000012434e+00 2.294054928130887276e+02 2.640871185646265218e-04
9.900000000000012790e+00 4.506626445626987447e+02 2.638164262229736323e-04
1.005000000000001315e+01 7.999108460361935613e+02 2.639715294840971893e-04
1.020000000000001350e+01 7.999108460361935613e+02 2.639715294840971893e-04
1.035000000000001386e+01 7.999108460361935613e+02 2.639715294840971893e-04
1.050000000000001421e+01 7.999108460361935613e+02 2.639715294840971893e-04
1.065000000000001457e+01 7.999108460361935613e+02 2.639715294840971893e-04
1.080000000000001492e+01 7.999108460361935613e+02 2.639715294840971893e-04
1.095000000000001528e+01 7.999108460361935613e+02 2.639715294840971893e-04
1.110000000000001563e+01 7.999108460361935613e+02 2.639715294840971893e-04
1.125000000000001599e+01 7.999108460361935613e+02 2.639715294840971893e-04
1.140000000000001634e+01 7.999108460361935613e+02 2.639715294840971893e-04
1.155000000000001670e+01 7.999108460361935613e+02 2.639715294840971893e-04
1.170000000000001705e+01 7.999108460361935613e+02 2.639715294840971893e-04
1.185000000000001741e+01 7.999108460361935613e+02 2.639715294840971893e-04
1.200000000000001776e+01 7.999108460361935613e+02 2.639715294840971893e-04
1.215000000000001812e+01 7.999108460361935613e+02 2.639715294840971893e-04
1.230000000000001847e+01 7.999108460361935613e+02 2.639715294840971893e-04
1.245000000000001883e+01 7.999108460361935613e+02 2.639715294840971893e-04
1.260000000000001918e+01 7.999108460361935613e+02 2.639715294840971893e-04
1.275000000000001954e+01 7.999108460361935613e+02 2.639715294840971893e-04
1.290000000000001990e+01 7.999108460361935613e+02 2.639715294840971893e-04
1.305000000000002025e+01 7.998144602186752081e+02 2.634121621706286831e-04
1.320000000000002061e+01 7.998144602186752081e+02 2.634121621706286831e-04
1.335000000000002096e+01 7.998144602186752081e+02 2.634121621706286831e-04
1.350000000000002132e+01 7.998144602186752081e+02 2.634121621706286831e-04
1.365000000000002167e+01 7.998144602186752081e+02 2.634121621706286831e-04
1.380000000000002203e+01 7.998144602186752081e+02 2.634121621706286831e-04
1.395000000000002238e+01 7.998144602186752081e+02 2.634121621706286831e-04
1.410000000000002274e+01 7.998144602186752081e+02 2.634121621706286831e-04
1.425000000000002309e+01 7.998144602186752081e+02 2.634121621706286831e-04
1.440000000000002345e+01 7.998144602186752081e+02 2.634121621706286831e-04
1.455000000000002380e+01 7.998144602186752081e+02 2.634121621706286831e-04
1.470000000000002416e+01 7.998144602186752081e+02 2.634121621706286831e-04
1.485000000000002451e+01 7.998144602186752081e+02 2.634121621706286831e-04
1.500000000000002487e+01 7.998144602186752081e+02 2.634121621706286831e-04
1.515000000000002522e+01 7.998144602186752081e+02 2.634121621706286831e-04
1.530000000000002558e+01 7.998144602186752081e+02 2.634121621706286831e-04
1.545000000000002593e+01 7.998144602186752081e+02 2.634121621706286831e-04
1.560000000000002629e+01 7.998144602186752081e+02 2.634121621706286831e-04
1.575000000000002665e+01 7.998144602186752081e+02 2.634121621706286831e-04
1.590000000000002700e+01 7.998144602186752081e+02 2.634121621706286831e-04
