1.499999999999999944e-01 7.997263658953936556e+02 1.584340436622255766e-09
2.999999999999999889e-01 7.997263658953936556e+02 1.584340436622255766e-09
4.499999999999999556e-01 7.997263658953936556e+02 1.584340436622255766e-09
5.999999999999999778e-01 7.997263658953936556e+02 1.584340436622255766e-09
7.500000000000000000e-01 7.997263658953936556e+02 1.584340436622255766e-09
9.000000000000000222e-01 7.997263658953936556e+02 1.584340436622255766e-09
1.050000000000000044e+00 7.997263658953936556e+02 1.584340436622255766e-09
1.199999999999999956e+00 7.997263658953936556e+02 1.584340436622255766e-09
1.349999999999999867e+00 7.997263658953936556e+02 1.584340436622255766e-09
1.499999999999999778e+00 7.997263658953936556e+02 1.584340436622255766e-09
1.649999999999999689e+00 7.997263658953936556e+02 1.584340436622255766e-09
1.799999999999999600e+00 7.997263658953936556e+02 1.584340436622255766e-09
1.949999999999999512e+00 7.997263658953936556e+02 1.584340436622255766e-09
2.099999999999999645e+00 7.998615954224185316e+02 1.579691821795847773e-09
2.249999999999999556e+00 7.998615954224185316e+02 1.579691821795847773e-09
2.399999999999999467e+00 7.998615954224185316e+02 1.579691821795847773e-09
2.549999999999999378e+00 7.998615954224185316e+02 1.579691821795847773e-09
2.699999999999999289e+00 7.998615954224185316e+02 1.579691821795847773e-09
2.849999999999999201e+00 7.998615954224185316e+02 1.579691821795847773e-09
2.999999999999999112e+00 7.998615954224185316e+02 1.579691821795847773e-09
3.149999999999999023e+00 7.998615954224185316e+02 1.579691821795847773e-09
3.299999999999998934e+00 7.998615954224185316e+02 1.579691821795847773e-09
3.449999999999998845e+00 7.998615954224185316e+02 1.579691821795847773e-09
3.599999999999998757e+00 7.998615954224185316e+02 1.579691821795847773e-09
3.749999999999998668e+00 7.998615954224185316e+02 1.579691821795847773e-09
3.899999999999998579e+00 7.998615954224185316e+02 1.579691821795847773e-09
4.049999999999998934e+00 4.420379656128853298e+02 1.580692687852547351e-09
4.199999999999999289e+00 2.157169013189462135e+02 1.590660603234539394e-09
4.349999999999999645e+00 7.293755664300316255e+01 1.585820474936383562e-09
4.500000000000000000e+00 2.829944371646114831e+01 1.572150631901081397e-09
4.650000000000000355e+00 1.064889534239343050e+01 1.545415906356595315e-09
4.800000000000000711e+00 4.233694184867289323e+00 1.449838582523454988e-09
4.950000000000001066e+00 1.833935393358814281e+00 1.241446723199146618e-09
5.100000000000001421e+00 9.453856485903884277e-01 9.016928315119798754e-10
5.250000000000001776e+00 6.151874944391693134e-01 5.146683079715330678e-10
5.400000000000002132e+00 4.926392056308941392e-01 2.387319231189621860e-10
5.550000000000002487e+00 4.471363122838738491e-01 9.861145233713841662e-11
5.700000000000002842e+00 4.302435720881021552e-01 3.819700111762358574e-11
5.850000000000003197e+00 4.239718578498923307e-01 1.535116478379450200e-11
6.000000000000003553e+00 4.216434276219160893e-01 7.656542067024929565e-12
6.150000000000003908e+00 4.207789751172867909e-01 8.084199976110539865e-12
6.300000000000004263e+00 4.204580515333873336e-01 1.732791687913959322e-11
6.450000000000004619e+00 4.203389419390077819e-01 4.482614279766039544e-11
6.600000000000004974e+00 4.202948210921704231e-01 1.196305277062492678e-10
6.750000000000005329e+00 4.202787097819964401e-01 3.210888221971686107e-10
6.900000000000005684e+00 4.202734528089422383e-01 8.657006222989593880e-10
7.050000000000006040e+00 4.202734528089422383e-01 2.324876957615629181e-09
7.200000000000006395e+00 4.202787097819964401e-01 6.243131345229357976e-09
7.350000000000006750e+00 4.202948210921704231e-01 1.682863104424114908e-08
7.500000000000007105e+00 4.203389419390077819e-01 4.518755547522346205e-08
7.650000000000007461e+00 4.204580511793665210e-01 1.213147139411674402e-07
7.800000000000007816e+00 4.207789747632659783e-01 3.267736969903012323e-07
7.950000000000008171e+00 4.216434263828432449e-01 8.757361218414416726e-07
8.100000000000008527e+00 4.239718544276911416e-01 2.338828643533297225e-06
8.250000000000008882e+00 4.302435630015679635e-01 6.212801782257137972e-06
8.400000000000009237e+00 4.471362878564377752e-01 1.605371983171011152e-05
8.550000000000009592e+00 4.926391401960472649e-01 3.913037890934667473e-05
8.700000000000009948e+00 6.151873180187976686e-01 8.446413934815044655e-05
8.850000000000010303e+00 9.453851734354543623e-01 1.476279253406209691e-04
9.000000000000010658e+00 1.833934115092915818e+00 2.042606720095152539e-04
9.150000000000011013e+00 4.233690729661034879e+00 2.388656329650462595e-04
9.300000000000011369e+00 1.064888612798765877e+01 2.539728821994158281e-04
9.450000000000011724e+00 2.829941819071053288e+01 2.596717329877984426e-04
9.600000000000012079e+00 7.293749340178725049e+01 2.623405670216794050e-04
9.750000000000012434e+00 2.157166877349930303e+02 2.624208193580113146e-04
9.900000000000012790e+00 4.420376831077346083e+02 2.621562401368127126e-04
1.005000000000001315e+01 7.998602980016162292e+02 2.623122841017844209e-04
1.020000000000001350e+01 7.998602980016162292e+02 2.623122841017844209e-04
1.035000000000001386e+01 7.998602980016162292e+02 2.623122841017844209e-04
1.050000000000001421e+01 7.998602980016162292e+02 2.623122841017844209e-04
1.065000000000001457e+01 7.998602980016162292e+02 2.623122841017844209e-04
1.080000000000001492e+01 7.998602980016162292e+02 2.623122841017844209e-04
1.095000000000001528e+01 7.998602980016162292e+02 2.623122841017844209e-04
1.110000000000001563e+01 7.998602980016162292e+02 2.623122841017844209e-04
1.125000000000001599e+01 7.998602980016162292e+02 2.623122841017844209e-04
1.140000000000001634e+01 7.998602980016162292e+02 2.623122841017844209e-04
1.155000000000001670e+01 7.998602980016162292e+02 2.623122841017844209e-04
1.170000000000001705e+01 7.998602980016162292e+02 2.623122841017844209e-04
1.185000000000001741e+01 7.998602980016162292e+02 2.623122841017844209e-04
1.200000000000001776e+01 7.998602980016162292e+02 2.623122841017844209e-04
1.215000000000001812e+01 7.998602980016162292e+02 2.623122841017844209e-04
1.230000000000001847e+01 7.998602980016162292e+02 2.623122841017844209e-04
1.245000000000001883e+01 7.998602980016162292e+02 2.623122841017844209e-04
1.260000000000001918e+01 7.998602980016162292e+02 2.623122841017844209e-04
1.275000000000001954e+01 7.998602980016162292e+02 2.623122841017844209e-04
1.290000000000001990e+01 7.998602980016162292e+02 2.623122841017844209e-04
1.305000000000002025e+01 7.997238007660150743e+02 2.617554835094848542e-04
1.320000000000002061e+01 7.997238007660150743e+02 2.617554835094848542e-04
1.335000000000002096e+01 7.997238007660150743e+02 2.617554835094848542e-04
1.350000000000002132e+01 7.997238007660150743e+02 2.617554835094848542e-04
1.365000000000002167e+01 7.997238007660150743e+02 2.617554835094848542e-04
1.380000000000002203e+01 7.997238007660150743e+02 2.617554835094848542e-04
1.395000000000002238e+01 7.997238007660150743e+02 2.617554835094848542e-04
1.410000000000002274e+01 7.997238007660150743e+02 2.617554835094848542e-04
1.425000000000002309e+01 7.997238007660150743e+02 2.617554835094848542e-04
1.440000000000002345e+01 7.997238007660150743e+02 2.617554835094848542e-04
1.455000000000002380e+01 7.997238007660150743e+02 2.617554835094848542e-04
1.470000000000002416e+01 7.997238007660150743e+02 2.617554835094848542e-04
1.485000000000002451e+01 7.997238007660150743e+02 2.617554835094848542e-04
1.500000000000002487e+01 7.997238007660150743e+02 2.617554835094848542e-04
1.515000000000002522e+01 7.997238007660150743e+02 2.617554835094848542e-04
1.530000000000002558e+01 7.997238007660150743e+02 2.617554835094848542e-04
1.545000000000002593e+01 7.997238007660150743e+02 2.617554835094848542e-04
1.560000000000002629e+01 7.997238007660150743e+02 2.617554835094848542e-04
1.575000000000002665e+01 7.997238007660150743e+02 2.617554835094848542e-04
1.590000000000002700e+01 7.997238007660150743e+02 2.617554835094848542e-04
