1.499999999999999944e-01 7.999987154807450906e+02 1.752540961019732890e-06
2.999999999999999889e-01 7.999987154807450906e+02 1.752540961019732890e-06
4.499999999999999556e-01 7.999987154807450906e+02 1.752540961019732890e-06
5.999999999999999778e-01 7.999987154807450906e+02 1.752540961019732890e-06
7.500000000000000000e-01 7.999987154807450906e+02 1.752540961019732890e-06
9.000000000000000222e-01 7.999987154807450906e+02 1.752540961019732890e-06
1.050000000000000044e+00 7.999987154807450906e+02 1.752540961019732890e-06
1.199999999999999956e+00 7.999987154807450906e+02 1.752540961019732890e-06
1.349999999999999867e+00 7.999987154807450906e+02 1.752540961019732890e-06
1.499999999999999778e+00 7.999987154807450906e+02 1.752540961019732890e-06
1.649999999999999689e+00 7.999987154807450906e+02 1.752540961019732890e-06
1.799999999999999600e+00 7.999987154807450906e+02 1.752540961019732890e-06
1.949999999999999512e+00 7.999987154807450906e+02 1.752540961019732890e-06
2.099999999999999645e+00 7.999996776455474219e+02 1.753473138133010423e-06
2.249999999999999556e+00 7.999996776455474219e+02 1.753473138133010423e-06
2.399999999999999467e+00 7.999996776455474219e+02 1.753473138133010423e-06
2.549999999999999378e+00 7.999996776455474219e+02 1.753473138133010423e-06
2.699999999999999289e+00 7.999996776455474219e+02 1.753473138133010423e-06
2.849999999999999201e+00 7.999996776455474219e+02 1.753473138133010423e-06
2.999999999999999112e+00 7.999996776455474219e+02 1.753473138133010423e-06
3.149999999999999023e+00 7.999996776455474219e+02 1.753473138133010423e-06
3.299999999999998934e+00 7.999996776455474219e+02 1.753473138133010423e-06
3.449999999999998845e+00 7.999996776455474219e+02 1.753473138133010423e-06
3.599999999999998757e+00 7.999996776455474219e+02 1.753473138133010423e-06
3.749999999999998668e+00 7.999996776455474219e+02 1.753473138133010423e-06
3.899999999999998579e+00 7.999996776455474219e+02 1.753473138133010423e-06
4.049999999999998934e+00 5.040411199593311267e+02 1.770590202898603138e-06
4.199999999999999289e+00 3.864678815376786361e+02 1.864879301205490947e-06
4.349999999999999645e+00 2.597572254023360188e+02 2.138306692600622227e-06
4.500000000000000000e+00 2.017634209928702376e+02 2.629254600483577065e-06
4.650000000000000355e+00 1.628914008016387811e+02 3.450702613094769333e-06
4.800000000000000711e+00 1.364525510506515502e+02 4.655515405627141945e-06
4.950000000000001066e+00 1.171950752982413348e+02 6.341608250637342792e-06
5.100000000000001421e+00 1.026758343793020032e+02 8.623158857412605016e-06
5.250000000000001776e+00 9.142561676574527496e+01 1.154245727397196219e-05
5.400000000000002132e+00 8.254317209161256130e+01 1.520592429971046045e-05
5.550000000000002487e+00 7.543895380333141532e+01 1.975821302968583382e-05
5.700000000000002842e+00 6.971227844042412869e+01 2.516310534805832333e-05
5.850000000000003197e+00 6.508172276411173129e+01 3.153201081740331091e-05
6.000000000000003553e+00 6.134477042942017988e+01 3.903843871799761445e-05
6.150000000000003908e+00 5.835319734706234129e+01 4.748980143853831493e-05
6.300000000000004263e+00 5.599756252165431647e+01 5.699858445762373549e-05
6.450000000000004619e+00 5.419717117584624333e+01 6.777076951491878276e-05
6.600000000000004974e+00 5.289347155420605873e+01 7.937241837352448925e-05
6.750000000000005329e+00 5.204569879149849498e+01 9.192488551890143356e-05
6.900000000000005684e+00 5.162806255092804264e+01 1.056783508410763517e-04
7.050000000000006040e+00 5.162806255023751589e+01 1.198839210960755963e-04
7.200000000000006395e+00 5.204569878940525740e+01 1.346950599139251636e-04
7.350000000000006750e+00 5.289347155064787387e+01 1.504277241977103330e-04
7.500000000000007105e+00 5.419717117071755297e+01 1.659777301017406614e-04
7.650000000000007461e+00 5.599756251479701064e+01 1.815727819530765785e-04
7.800000000000007816e+00 5.835319733825284771e+01 1.976295133042649255e-04
7.950000000000008171e+00 6.134477041835287991e+01 2.127045202944266578e-04
8.100000000000008527e+00 6.508172275037222221e+01 2.271611478151802643e-04
8.250000000000008882e+00 6.971227842344818271e+01 2.415635636318080870e-04
8.400000000000009237e+00 7.543895378234553561e+01 2.542081257206341149e-04
8.550000000000009592e+00 8.254317206552519792e+01 2.656579389231916721e-04
8.700000000000009948e+00 9.142561673298176572e+01 2.766645930042388457e-04
8.850000000000010303e+00 1.026758343375017404e+02 2.853805217418736717e-04
9.000000000000010658e+00 1.171950752437168290e+02 2.926026085743327343e-04
9.150000000000011013e+00 1.364525509771952159e+02 2.992784566312467476e-04
9.300000000000011369e+00 1.628914006987065477e+02 3.035284765700030363e-04
9.450000000000011724e+00 2.017634208356594172e+02 3.063862294730990143e-04
9.600000000000012079e+00 2.597572251631045219e+02 3.089593792616751600e-04
9.750000000000012434e+00 3.864678809268573332e+02 3.094598232833423168e-04
9.900000000000012790e+00 5.040411195116105887e+02 3.093417883751614639e-04
1.005000000000001315e+01 7.999996723674340728e+02 3.095131870781697714e-04
1.020000000000001350e+01 7.999996723674340728e+02 3.095131870781697714e-04
1.035000000000001386e+01 7.999996723674340728e+02 3.095131870781697714e-04
1.050000000000001421e+01 7.999996723674340728e+02 3.095131870781697714e-04
1.065000000000001457e+01 7.999996723674340728e+02 3.095131870781697714e-04
1.080000000000001492e+01 7.999996723674340728e+02 3.095131870781697714e-04
1.095000000000001528e+01 7.999996723674340728e+02 3.095131870781697714e-04
1.110000000000001563e+01 7.999996723674340728e+02 3.095131870781697714e-04
1.125000000000001599e+01 7.999996723674340728e+02 3.095131870781697714e-04
1.140000000000001634e+01 7.999996723674340728e+02 3.095131870781697714e-04
1.155000000000001670e+01 7.999996723674340728e+02 3.095131870781697714e-04
1.170000000000001705e+01 7.999996723674340728e+02 3.095131870781697714e-04
1.185000000000001741e+01 7.999996723674340728e+02 3.095131870781697714e-04
1.200000000000001776e+01 7.999996723674340728e+02 3.095131870781697714e-04
1.215000000000001812e+01 7.999996723674340728e+02 3.095131870781697714e-04
1.230000000000001847e+01 7.999996723674340728e+02 3.095131870781697714e-04
1.245000000000001883e+01 7.999996723674340728e+02 3.095131870781697714e-04
1.260000000000001918e+01 7.999996723674340728e+02 3.095131870781697714e-04
1.275000000000001954e+01 7.999996723674340728e+02 3.095131870781697714e-04
1.290000000000001990e+01 7.999996723674340728e+02 3.095131870781697714e-04
1.305000000000002025e+01 7.999986944484996911e+02 3.089453760604099486e-04
1.320000000000002061e+01 7.999986944484996911e+02 3.089453760604099486e-04
1.335000000000002096e+01 7.999986944484996911e+02 3.089453760604099486e-04
1.350000000000002132e+01 7.999986944484996911e+02 3.089453760604099486e-04
1.365000000000002167e+01 7.999986944484996911e+02 3.089453760604099486e-04
1.380000000000002203e+01 7.999986944484996911e+02 3.089453760604099486e-04
1.395000000000002238e+01 7.999986944484996911e+02 3.089453760604099486e-04
1.410000000000002274e+01 7.999986944484996911e+02 3.089453760604099486e-04
1.425000000000002309e+01 7.999986944484996911e+02 3.089453760604099486e-04
1.440000000000002345e+01 7.999986944484996911e+02 3.089453760604099486e-04
1.455000000000002380e+01 7.999986944484996911e+02 3.089453760604099486e-04
1.470000000000002416e+01 7.999986944484996911e+02 3.089453760604099486e-04
1.485000000000002451e+01 7.999986944484996911e+02 3.089453760604099486e-04
1.500000000000002487e+01 7.999986944484996911e+02 3.089453760604099486e-04
1.515000000000002522e+01 7.999986944484996911e+02 3.089453760604099486e-04
1.530000000000002558e+01 7.999986944484996911e+02 3.089453760604099486e-04
1.545000000000002593e+01 7.999986944484996911e+02 3.089453760604099486e-04
1.560000000000002629e+01 7.999986944484996911e+02 3.089453760604099486e-04
1.575000000000002665e+01 7.999986944484996911e+02 3.089453760604099486e-04
1.590000000000002700e+01 7.999986944484996911e+02 3.089453760604099486e-04
