1.499999999999999944e-01 7.999060307971158181e+02 1.937250360128928151e-11
2.999999999999999889e-01 7.999060307971158181e+02 1.937250360128928151e-11
4.499999999999999556e-01 7.999060307971158181e+02 1.937250360128928151e-11
5.999999999999999778e-01 7.999060307971158181e+02 1.937250360128928151e-11
7.500000000000000000e-01 7.999060307971158181e+02 1.937250360128928151e-11
9.000000000000000222e-01 7.999060307971158181e+02 1.937250360128928151e-11
1.050000000000000044e+00 7.999060307971158181e+02 1.937250360128928151e-11
1.199999999999999956e+00 7.999060307971158181e+02 1.937250360128928151e-11
1.349999999999999867e+00 7.999060307971158181e+02 1.937250360128928151e-11
1.499999999999999778e+00 7.999060307971158181e+02 1.937250360128928151e-11
1.649999999999999689e+00 7.999060307971158181e+02 1.937250360128928151e-11
1.799999999999999600e+00 7.999060307971158181e+02 1.937250360128928151e-11
1.949999999999999512e+00 7.999060307971158181e+02 1.937250360128928151e-11
2.099999999999999645e+00 7.999586341532366305e+02 1.947020322745629528e-11
2.249999999999999556e+00 7.999586341532366305e+02 1.947020322745629528e-11
2.399999999999999467e+00 7.999586341532366305e+02 1.947020322745629528e-11
2.549999999999999378e+00 7.999586341532366305e+02 1.947020322745629528e-11
2.699999999999999289e+00 7.999586341532366305e+02 1.947020322745629528e-11
2.849999999999999201e+00 7.999586341532366305e+02 1.947020322745629528e-11
2.999999999999999112e+00 7.999586341532366305e+02 1.947020322745629528e-11
3.149999999999999023e+00 7.999586341532366305e+02 1.947020322745629528e-11
3.299999999999998934e+00 7.999586341532366305e+02 1.947020322745629528e-11
3.449999999999998845e+00 7.999586341532366305e+02 1.947020322745629528e-11
3.599999999999998757e+00 7.999586341532366305e+02 1.947020322745629528e-11
3.749999999999998668e+00 7.999586341532366305e+02 1.947020322745629528e-11
3.899999999999998579e+00 7.999586341532366305e+02 1.947020322745629528e-11
4.049999999999998934e+00 4.631994051652827125e+02 1.941535821003981255e-11
4.199999999999999289e+00 2.523273078753662730e+02 1.937006111063510616e-11
4.349999999999999645e+00 9.799974971141726598e+01 1.938826876823895873e-11
4.500000000000000000e+00 4.287991326100956258e+01 1.931299564716937311e-11
4.650000000000000355e+00 1.812829339524418160e+01 1.925426484916670233e-11
4.800000000000000711e+00 7.788270203179521900e+00 1.916944381008534037e-11
4.950000000000001066e+00 3.367799512232323877e+00 1.901834245643385657e-11
5.100000000000001421e+00 1.491802889172021196e+00 1.877809019390497269e-11
5.250000000000001776e+00 6.937468426767736673e-01 2.015454469983524177e-11
5.400000000000002132e+00 3.545106545066118997e-01 3.108713286792408326e-11
5.550000000000002487e+00 2.102729801647456043e-01 7.860589956720787086e-11
5.700000000000002842e+00 1.489503822890583251e-01 2.333786497388246062e-10
5.850000000000003197e+00 1.228784477921180951e-01 6.506292171692962256e-10
6.000000000000003553e+00 1.117938347665585752e-01 1.675910299425709127e-09
6.150000000000003908e+00 1.070812541488521674e-01 4.110194962159141596e-09
6.300000000000004263e+00 1.050779801776116074e-01 9.844929094171561701e-09
6.450000000000004619e+00 1.042270170460142253e-01 2.334699800154993454e-08
6.600000000000004974e+00 1.038669755193950550e-01 5.507334555066023540e-08
6.750000000000005329e+00 1.037180226785494597e-01 1.296510672155193333e-07
6.900000000000005684e+00 1.036643889974584454e-01 3.051381916030493358e-07
7.050000000000006040e+00 1.036643887614445703e-01 7.173113789615825908e-07
7.200000000000006395e+00 1.037180229145633348e-01 1.685366798565013369e-06
7.350000000000006750e+00 1.038669755193950550e-01 3.958830642414312706e-06
7.500000000000007105e+00 1.042270170460142253e-01 9.274175907458825918e-06
7.650000000000007461e+00 1.050779799415977322e-01 2.162495252788776412e-05
7.800000000000007816e+00 1.070812534408105421e-01 4.991707694956826202e-05
7.950000000000008171e+00 1.117938324064198241e-01 1.123973392327393128e-04
8.100000000000008527e+00 1.228784416557573422e-01 2.403860572924854111e-04
8.250000000000008882e+00 1.489503669481564430e-01 4.664870272828025577e-04
8.400000000000009237e+00 2.102729438186088373e-01 7.767971433496612121e-04
8.550000000000009592e+00 3.545105693646064537e-01 1.083121901352956939e-03
8.700000000000009948e+00 6.937466425075058396e-01 1.301931681384371764e-03
8.850000000000010303e+00 1.491802418280087750e+00 1.423410465457020102e-03
9.000000000000010658e+00 3.367798405592765221e+00 1.481768070198952181e-03
9.150000000000011013e+00 7.788267593810118683e+00 1.508615640386734569e-03
9.300000000000011369e+00 1.812828730417412260e+01 1.519389471197674091e-03
9.450000000000011724e+00 4.287989858168592150e+01 1.523566928383512931e-03
9.600000000000012079e+00 9.799971768867486333e+01 1.525859094159365270e-03
9.750000000000012434e+00 2.523272120505503722e+02 1.525864295562340267e-03
9.900000000000012790e+00 4.631992993538548262e+02 1.525584410225766518e-03
1.005000000000001315e+01 7.999580606040110524e+02 1.525737868016463494e-03
1.020000000000001350e+01 7.999580606040110524e+02 1.525737868016463494e-03
1.035000000000001386e+01 7.999580606040110524e+02 1.525737868016463494e-03
1.050000000000001421e+01 7.999580606040110524e+02 1.525737868016463494e-03
1.065000000000001457e+01 7.999580606040110524e+02 1.525737868016463494e-03
1.080000000000001492e+01 7.999580606040110524e+02 1.525737868016463494e-03
1.095000000000001528e+01 7.999580606040110524e+02 1.525737868016463494e-03
1.110000000000001563e+01 7.999580606040110524e+02 1.525737868016463494e-03
1.125000000000001599e+01 7.999580606040110524e+02 1.525737868016463494e-03
1.140000000000001634e+01 7.999580606040110524e+02 1.525737868016463494e-03
1.155000000000001670e+01 7.999580606040110524e+02 1.525737868016463494e-03
1.170000000000001705e+01 7.999580606040110524e+02 1.525737868016463494e-03
1.185000000000001741e+01 7.999580606040110524e+02 1.525737868016463494e-03
1.200000000000001776e+01 7.999580606040110524e+02 1.525737868016463494e-03
1.215000000000001812e+01 7.999580606040110524e+02 1.525737868016463494e-03
1.230000000000001847e+01 7.999580606040110524e+02 1.525737868016463494e-03
1.245000000000001883e+01 7.999580606040110524e+02 1.525737868016463494e-03
1.260000000000001918e+01 7.999580606040110524e+02 1.525737868016463494e-03
1.275000000000001954e+01 7.999580606040110524e+02 1.525737868016463494e-03
1.290000000000001990e+01 7.999580606040110524e+02 1.525737868016463494e-03
1.305000000000002025e+01 7.999047278778257350e+02 1.525173681975910966e-03
1.320000000000002061e+01 7.999047278778257350e+02 1.525173681975910966e-03
1.335000000000002096e+01 7.999047278778257350e+02 1.525173681975910966e-03
1.350000000000002132e+01 7.999047278778257350e+02 1.525173681975910966e-03
1.365000000000002167e+01 7.999047278778257350e+02 1.525173681975910966e-03
1.380000000000002203e+01 7.999047278778257350e+02 1.525173681975910966e-03
1.395000000000002238e+01 7.999047278778257350e+02 1.525173681975910966e-03
1.410000000000002274e+01 7.999047278778257350e+02 1.525173681975910966e-03
1.425000000000002309e+01 7.999047278778257350e+02 1.525173681975910966e-03
1.440000000000002345e+01 7.999047278778257350e+02 1.525173681975910966e-03
1.455000000000002380e+01 7.999047278778257350e+02 1.525173681975910966e-03
1.470000000000002416e+01 7.999047278778257350e+02 1.525173681975910966e-03
1.485000000000002451e+01 7.999047278778257350e+02 1.525173681975910966e-03
1.500000000000002487e+01 7.999047278778257350e+02 1.525173681975910966e-03
1.515000000000002522e+01 7.999047278778257350e+02 1.525173681975910966e-03
1.530000000000002558e+01 7.999047278778257350e+02 1.525173681975910966e-03
1.545000000000002593e+01 7.999047278778257350e+02 1.525173681975910966e-03
1.560000000000002629e+01 7.999047278778257350e+02 1.525173681975910966e-03
1.575000000000002665e+01 7.999047278778257350e+02 1.525173681975910966e-03
1.590000000000002700e+01 7.999047278778257350e+02 1.525173681975910966e-03
