1.499999999999999944e-01 7.997737682509111892e+02 7.180367411763199925e-12
2.999999999999999889e-01 7.997737682509111892e+02 7.180367411763199925e-12
4.499999999999999556e-01 7.997737682509111892e+02 7.180367411763199925e-12
5.999999999999999778e-01 7.997737682509111892e+02 7.180367411763199925e-12
7.500000000000000000e-01 7.997737682509111892e+02 7.180367411763199925e-12
9.000000000000000222e-01 7.997737682509111892e+02 7.180367411763199925e-12
1.050000000000000044e+00 7.997737682509111892e+02 7.180367411763199925e-12
1.199999999999999956e+00 7.997737682509111892e+02 7.180367411763199925e-12
1.349999999999999867e+00 7.997737682509111892e+02 7.180367411763199925e-12
1.499999999999999778e+00 7.997737682509111892e+02 7.180367411763199925e-12
1.649999999999999689e+00 7.997737682509111892e+02 7.180367411763199925e-12
1.799999999999999600e+00 7.997737682509111892e+02 7.180367411763199925e-12
1.949999999999999512e+00 7.997737682509111892e+02 7.180367411763199925e-12
2.099999999999999645e+00 7.998883840009068535e+02 7.137734847617593914e-12
2.249999999999999556e+00 7.998883840009068535e+02 7.137734847617593914e-12
2.399999999999999467e+00 7.998883840009068535e+02 7.137734847617593914e-12
2.549999999999999378e+00 7.998883840009068535e+02 7.137734847617593914e-12
2.699999999999999289e+00 7.998883840009068535e+02 7.137734847617593914e-12
2.849999999999999201e+00 7.998883840009068535e+02 7.137734847617593914e-12
2.999999999999999112e+00 7.998883840009068535e+02 7.137734847617593914e-12
3.149999999999999023e+00 7.998883840009068535e+02 7.137734847617593914e-12
3.299999999999998934e+00 7.998883840009068535e+02 7.137734847617593914e-12
3.449999999999998845e+00 7.998883840009068535e+02 7.137734847617593914e-12
3.599999999999998757e+00 7.998883840009068535e+02 7.137734847617593914e-12
3.749999999999998668e+00 7.998883840009068535e+02 7.137734847617593914e-12
3.899999999999998579e+00 7.998883840009068535e+02 7.137734847617593914e-12
4.049999999999998934e+00 4.463343497269434010e+02 7.040257266055505170e-12
4.199999999999999289e+00 2.222448865049643416e+02 7.196909734830114758e-12
4.349999999999999645e+00 7.694704935816372426e+01 7.173484029010523955e-12
4.500000000000000000e+00 3.037610014621986210e+01 7.286615755219827406e-12
4.650000000000000355e+00 1.153123474986411523e+01 6.993072787508936017e-12
4.800000000000000711e+00 4.505680318240479210e+00 6.888822845496633818e-12
4.950000000000001066e+00 1.813177035831785133e+00 6.282863118656223378e-12
5.100000000000001421e+00 7.911825101660383552e-01 5.786593426648778404e-12
5.250000000000001776e+00 4.019558277560690840e-01 4.515721130360361713e-12
5.400000000000002132e+00 2.538928015251258330e-01 3.010813820480962022e-12
5.550000000000002487e+00 1.975460588068926882e-01 2.515987418405529752e-12
5.700000000000002842e+00 1.761058589647745976e-01 4.555800181549329864e-12
5.850000000000003197e+00 1.679473557574056031e-01 1.141575722840570961e-11
6.000000000000003553e+00 1.648429094889252156e-01 2.995925729720738673e-11
6.150000000000003908e+00 1.636616166174462705e-01 7.896439058185933391e-11
6.300000000000004263e+00 1.632121373968402622e-01 2.073267113544829954e-10
6.450000000000004619e+00 1.630411661135440227e-01 5.459672713925556309e-10
6.600000000000004974e+00 1.629762774027767591e-01 1.433712704113077052e-09
6.750000000000005329e+00 1.629520302813034505e-01 3.764320855026426216e-09
6.900000000000005684e+00 1.629439706434823165e-01 9.895637753665198488e-09
7.050000000000006040e+00 1.629439704074684414e-01 2.597723414154984312e-08
7.200000000000006395e+00 1.629520302813034505e-01 6.818968645294631870e-08
7.350000000000006750e+00 1.629762774027767591e-01 1.792251728138793965e-07
7.500000000000007105e+00 1.630411658775301476e-01 4.702954261581737683e-07
7.650000000000007461e+00 1.632121371608263871e-01 1.233275531808963876e-06
7.800000000000007816e+00 1.636616161454185203e-01 3.233037659478021908e-06
7.950000000000008171e+00 1.648429076008142147e-01 8.426204511580159817e-06
8.100000000000008527e+00 1.679473512731419760e-01 2.171067085432465404e-05
8.250000000000008882e+00 1.761058474000947172e-01 5.442755438833657422e-05
8.400000000000009237e+00 1.975460277710681112e-01 1.273695933803331570e-04
8.550000000000009592e+00 2.538927197463181074e-01 2.601579285702593225e-04
8.700000000000009948e+00 4.019556132784600777e-01 4.319458712179757853e-04
8.850000000000010303e+00 7.911819463583924517e-01 5.761656355355304626e-04
9.000000000000010658e+00 1.813175555906781256e+00 6.596641869476282949e-04
9.150000000000011013e+00 4.505676416178829413e+00 6.987758512738695416e-04
9.300000000000011369e+00 1.153122459224917407e+01 7.139718561656183127e-04
9.450000000000011724e+00 3.037607271391413377e+01 7.194968246785338195e-04
9.600000000000012079e+00 7.694698295514000108e+01 7.221102762801079322e-04
9.750000000000012434e+00 2.222446673050528148e+02 7.221762373220697029e-04
9.900000000000012790e+00 4.463340695448894735e+02 7.219081093725598919e-04
1.005000000000001315e+01 7.998870607084132871e+02 7.220641813850958712e-04
1.020000000000001350e+01 7.998870607084132871e+02 7.220641813850958712e-04
1.035000000000001386e+01 7.998870607084132871e+02 7.220641813850958712e-04
1.050000000000001421e+01 7.998870607084132871e+02 7.220641813850958712e-04
1.065000000000001457e+01 7.998870607084132871e+02 7.220641813850958712e-04
1.080000000000001492e+01 7.998870607084132871e+02 7.220641813850958712e-04
1.095000000000001528e+01 7.998870607084132871e+02 7.220641813850958712e-04
1.110000000000001563e+01 7.998870607084132871e+02 7.220641813850958712e-04
1.125000000000001599e+01 7.998870607084132871e+02 7.220641813850958712e-04
1.140000000000001634e+01 7.998870607084132871e+02 7.220641813850958712e-04
1.155000000000001670e+01 7.998870607084132871e+02 7.220641813850958712e-04
1.170000000000001705e+01 7.998870607084132871e+02 7.220641813850958712e-04
1.185000000000001741e+01 7.998870607084132871e+02 7.220641813850958712e-04
1.200000000000001776e+01 7.998870607084132871e+02 7.220641813850958712e-04
1.215000000000001812e+01 7.998870607084132871e+02 7.220641813850958712e-04
1.230000000000001847e+01 7.998870607084132871e+02 7.220641813850958712e-04
1.245000000000001883e+01 7.998870607084132871e+02 7.220641813850958712e-04
1.260000000000001918e+01 7.998870607084132871e+02 7.220641813850958712e-04
1.275000000000001954e+01 7.998870607084132871e+02 7.220641813850958712e-04
1.290000000000001990e+01 7.998870607084132871e+02 7.220641813850958712e-04
1.305000000000002025e+01 7.997710860561437585e+02 7.215042934173299116e-04
1.320000000000002061e+01 7.997710860561437585e+02 7.215042934173299116e-04
1.335000000000002096e+01 7.997710860561437585e+02 7.215042934173299116e-04
1.350000000000002132e+01 7.997710860561437585e+02 7.215042934173299116e-04
1.365000000000002167e+01 7.997710860561437585e+02 7.215042934173299116e-04
1.380000000000002203e+01 7.997710860561437585e+02 7.215042934173299116e-04
1.395000000000002238e+01 7.997710860561437585e+02 7.215042934173299116e-04
1.410000000000002274e+01 7.997710860561437585e+02 7.215042934173299116e-04
1.425000000000002309e+01 7.997710860561437585e+02 7.215042934173299116e-04
1.440000000000002345e+01 7.997710860561437585e+02 7.215042934173299116e-04
1.455000000000002380e+01 7.997710860561437585e+02 7.215042934173299116e-04
1.470000000000002416e+01 7.997710860561437585e+02 7.215042934173299116e-04
1.485000000000002451e+01 7.997710860561437585e+02 7.215042934173299116e-04
1.500000000000002487e+01 7.997710860561437585e+02 7.215042934173299116e-04
1.515000000000002522e+01 7.997710860561437585e+02 7.215042934173299116e-04
1.530000000000002558e+01 7.997710860561437585e+02 7.215042934173299116e-04
1.545000000000002593e+01 7.997710860561437585e+02 7.215042934173299116e-04
1.560000000000002629e+01 7.997710860561437585e+02 7.215042934173299116e-04
1.575000000000002665e+01 7.997710860561437585e+02 7.215042934173299116e-04
1.590000000000002700e+01 7.997710860561437585e+02 7.215042934173299116e-04
