1.499999999999999944e-01 7.997249154432811338e+02 1.327726817379470958e-11
2.999999999999999889e-01 7.997249154432811338e+02 1.327726817379470958e-11
4.499999999999999556e-01 7.997249154432811338e+02 1.327726817379470958e-11
5.999999999999999778e-01 7.997249154432811338e+02 1.327726817379470958e-11
7.500000000000000000e-01 7.997249154432811338e+02 1.327726817379470958e-11
9.000000000000000222e-01 7.997249154432811338e+02 1.327726817379470958e-11
1.050000000000000044e+00 7.997249154432811338e+02 1.327726817379470958e-11
1.199999999999999956e+00 7.997249154432811338e+02 1.327726817379470958e-11
1.349999999999999867e+00 7.997249154432811338e+02 1.327726817379470958e-11
1.499999999999999778e+00 7.997249154432811338e+02 1.327726817379470958e-11
1.649999999999999689e+00 7.997249154432811338e+02 1.327726817379470958e-11
1.799999999999999600e+00 7.997249154432811338e+02 1.327726817379470958e-11
1.949999999999999512e+00 7.997249154432811338e+02 1.327726817379470958e-11
2.099999999999999645e+00 7.998608428858649404e+02 1.324607090680274268e-11
2.249999999999999556e+00 7.998608428858649404e+02 1.324607090680274268e-11
2.399999999999999467e+00 7.998608428858649404e+02 1.324607090680274268e-11
2.549999999999999378e+00 7.998608428858649404e+02 1.324607090680274268e-11
2.699999999999999289e+00 7.998608428858649404e+02 1.324607090680274268e-11
2.849999999999999201e+00 7.998608428858649404e+02 1.324607090680274268e-11
2.999999999999999112e+00 7.998608428858649404e+02 1.324607090680274268e-11
3.149999999999999023e+00 7.998608428858649404e+02 1.324607090680274268e-11
3.299999999999998934e+00 7.998608428858649404e+02 1.324607090680274268e-11
3.449999999999998845e+00 7.998608428858649404e+02 1.324607090680274268e-11
3.599999999999998757e+00 7.998608428858649404e+02 1.324607090680274268e-11
3.749999999999998668e+00 7.998608428858649404e+02 1.324607090680274268e-11
3.899999999999998579e+00 7.998608428858649404e+02 1.324607090680274268e-11
4.049999999999998934e+00 4.419918717782118733e+02 1.324529375068550507e-11
4.199999999999999289e+00 2.155197754283979350e+02 1.325672904783914419e-11
4.349999999999999645e+00 7.264975931769723161e+01 1.335942467761697117e-11
4.500000000000000000e+00 2.797543269965947843e+01 1.319588882608968561e-11
4.650000000000000355e+00 1.031057915920548140e+01 1.297684182333114222e-11
4.800000000000000711e+00 3.890008951097357226e+00 1.299882423921872032e-11
4.950000000000001066e+00 1.488238741036951751e+00 1.253130932354906690e-11
5.100000000000001421e+00 5.989405070278053245e-01 1.141886585287466005e-11
5.250000000000001776e+00 2.684639205522216798e-01 9.478196005829886417e-12
5.400000000000002132e+00 1.458121492182726797e-01 7.030154236531416245e-12
5.550000000000002487e+00 1.002707978823309531e-01 6.279865516489735455e-12
5.700000000000002842e+00 8.336376740044215694e-02 1.035638241830838524e-11
5.850000000000003197e+00 7.708674285004235571e-02 2.629818585120347052e-11
6.000000000000003553e+00 7.475633948706672527e-02 7.156142345365879009e-11
6.150000000000003908e+00 7.389115368732745992e-02 1.940736460426251142e-10
6.300000000000004263e+00 7.356995768441265682e-02 5.244763512379790882e-10
6.450000000000004619e+00 7.345074707609455800e-02 1.414505512720154456e-09
6.600000000000004974e+00 7.340658840803371277e-02 3.810448290231249757e-09
6.750000000000005329e+00 7.339046346805844223e-02 1.026041307472524977e-08
6.900000000000005684e+00 7.338520177472673822e-02 2.764257500675881829e-08
7.050000000000006040e+00 7.338520177472673822e-02 7.441696470156244914e-08
7.200000000000006395e+00 7.339046346805844223e-02 2.003241988957071840e-07
7.350000000000006750e+00 7.340658793600596255e-02 5.395333703139826298e-07
7.500000000000007105e+00 7.345074613203905756e-02 1.451608315439223418e-06
7.650000000000007461e+00 7.356995674035715638e-02 3.901553990215411716e-06
7.800000000000007816e+00 7.389115227124420926e-02 1.046468211407525217e-05
7.950000000000008171e+00 7.475633807098347461e-02 2.784601393746033438e-05
8.100000000000008527e+00 7.708673812976485351e-02 7.269814481047909283e-05
8.250000000000008882e+00 8.336375512772065122e-02 1.810954070954329254e-04
8.400000000000009237e+00 1.002707662564716884e-01 4.053210306452781353e-04
8.550000000000009592e+00 1.458120633092221397e-01 7.503824534987879602e-04
8.700000000000009948e+00 2.684636889046032593e-01 1.097847779544025570e-03
8.850000000000010303e+00 5.989398825940952520e-01 1.325007011363177334e-03
9.000000000000010658e+00 1.488237061001683514e+00 1.434804547411849818e-03
9.150000000000011013e+00 3.890004409880631897e+00 1.480950433434102820e-03
9.300000000000011369e+00 1.031056704869926222e+01 1.497907958533550854e-03
9.450000000000011724e+00 2.797539915231445207e+01 1.503869650948397307e-03
9.600000000000012079e+00 7.264967620336858545e+01 1.506576512831703241e-03
9.750000000000012434e+00 2.155194947884197063e+02 1.506658659835569125e-03
9.900000000000012790e+00 4.419915006017579344e+02 1.506393306846542934e-03
1.005000000000001315e+01 7.998591392818864279e+02 1.506550038776421907e-03
1.020000000000001350e+01 7.998591392818864279e+02 1.506550038776421907e-03
1.035000000000001386e+01 7.998591392818864279e+02 1.506550038776421907e-03
1.050000000000001421e+01 7.998591392818864279e+02 1.506550038776421907e-03
1.065000000000001457e+01 7.998591392818864279e+02 1.506550038776421907e-03
1.080000000000001492e+01 7.998591392818864279e+02 1.506550038776421907e-03
1.095000000000001528e+01 7.998591392818864279e+02 1.506550038776421907e-03
1.110000000000001563e+01 7.998591392818864279e+02 1.506550038776421907e-03
1.125000000000001599e+01 7.998591392818864279e+02 1.506550038776421907e-03
1.140000000000001634e+01 7.998591392818864279e+02 1.506550038776421907e-03
1.155000000000001670e+01 7.998591392818864279e+02 1.506550038776421907e-03
1.170000000000001705e+01 7.998591392818864279e+02 1.506550038776421907e-03
1.185000000000001741e+01 7.998591392818864279e+02 1.506550038776421907e-03
1.200000000000001776e+01 7.998591392818864279e+02 1.506550038776421907e-03
1.215000000000001812e+01 7.998591392818864279e+02 1.506550038776421907e-03
1.230000000000001847e+01 7.998591392818864279e+02 1.506550038776421907e-03
1.245000000000001883e+01 7.998591392818864279e+02 1.506550038776421907e-03
1.260000000000001918e+01 7.998591392818864279e+02 1.506550038776421907e-03
1.275000000000001954e+01 7.998591392818864279e+02 1.506550038776421907e-03
1.290000000000001990e+01 7.998591392818864279e+02 1.506550038776421907e-03
1.305000000000002025e+01 7.997215477065287814e+02 1.505990620334407559e-03
1.320000000000002061e+01 7.997215477065287814e+02 1.505990620334407559e-03
1.335000000000002096e+01 7.997215477065287814e+02 1.505990620334407559e-03
1.350000000000002132e+01 7.997215477065287814e+02 1.505990620334407559e-03
1.365000000000002167e+01 7.997215477065287814e+02 1.505990620334407559e-03
1.380000000000002203e+01 7.997215477065287814e+02 1.505990620334407559e-03
1.395000000000002238e+01 7.997215477065287814e+02 1.505990620334407559e-03
1.410000000000002274e+01 7.997215477065287814e+02 1.505990620334407559e-03
1.425000000000002309e+01 7.997215477065287814e+02 1.505990620334407559e-03
1.440000000000002345e+01 7.997215477065287814e+02 1.505990620334407559e-03
1.455000000000002380e+01 7.997215477065287814e+02 1.505990620334407559e-03
1.470000000000002416e+01 7.997215477065287814e+02 1.505990620334407559e-03
1.485000000000002451e+01 7.997215477065287814e+02 1.505990620334407559e-03
1.500000000000002487e+01 7.997215477065287814e+02 1.505990620334407559e-03
1.515000000000002522e+01 7.997215477065287814e+02 1.505990620334407559e-03
1.530000000000002558e+01 7.997215477065287814e+02 1.505990620334407559e-03
1.545000000000002593e+01 7.997215477065287814e+02 1.505990620334407559e-03
1.560000000000002629e+01 7.997215477065287814e+02 1.505990620334407559e-03
1.575000000000002665e+01 7.997215477065287814e+02 1.505990620334407559e-03
1.590000000000002700e+01 7.997215477065287814e+02 1.505990620334407559e-03
