1.499999999999999944e-01 7.996704503846074203e+02 5.890564702681899689e-10
2.999999999999999889e-01 7.996704503846074203e+02 5.890564702681899689e-10
4.499999999999999556e-01 7.996704503846074203e+02 5.890564702681899689e-10
5.999999999999999778e-01 7.996704503846074203e+02 5.890564702681899689e-10
7.500000000000000000e-01 7.996704503846074203e+02 5.890564702681899689e-10
9.000000000000000222e-01 7.996704503846074203e+02 5.890564702681899689e-10
1.050000000000000044e+00 7.996704503846074203e+02 5.890564702681899689e-10
1.199999999999999956e+00 7.996704503846074203e+02 5.890564702681899689e-10
1.349999999999999867e+00 7.996704503846074203e+02 5.890564702681899689e-10
1.499999999999999778e+00 7.996704503846074203e+02 5.890564702681899689e-10
1.649999999999999689e+00 7.996704503846074203e+02 5.890564702681899689e-10
1.799999999999999600e+00 7.996704503846074203e+02 5.890564702681899689e-10
1.949999999999999512e+00 7.996704503846074203e+02 5.890564702681899689e-10
2.099999999999999645e+00 7.998293023194798934e+02 5.873742603412779317e-10
2.249999999999999556e+00 7.998293023194798934e+02 5.873742603412779317e-10
2.399999999999999467e+00 7.998293023194798934e+02 5.873742603412779317e-10
2.549999999999999378e+00 7.998293023194798934e+02 5.873742603412779317e-10
2.699999999999999289e+00 7.998293023194798934e+02 5.873742603412779317e-10
2.849999999999999201e+00 7.998293023194798934e+02 5.873742603412779317e-10
2.999999999999999112e+00 7.998293023194798934e+02 5.873742603412779317e-10
3.149999999999999023e+00 7.998293023194798934e+02 5.873742603412779317e-10
3.299999999999998934e+00 7.998293023194798934e+02 5.873742603412779317e-10
3.449999999999998845e+00 7.998293023194798934e+02 5.873742603412779317e-10
3.599999999999998757e+00 7.998293023194798934e+02 5.873742603412779317e-10
3.749999999999998668e+00 7.998293023194798934e+02 5.873742603412779317e-10
3.899999999999998579e+00 7.998293023194798934e+02 5.873742603412779317e-10
4.049999999999998934e+00 4.376746568312096883e+02 5.877603959092425612e-10
4.199999999999999289e+00 2.093235817414362998e+02 5.913173284355366377e-10
4.349999999999999645e+00 6.900951574086253970e+01 5.896989563325405470e-10
4.500000000000000000e+00 2.617943249394337357e+01 5.846975126289066793e-10
4.650000000000000355e+00 9.613944554650593943e+00 5.744209552460688428e-10
4.800000000000000711e+00 3.738098875926780806e+00 5.382122525432464499e-10
4.950000000000001066e+00 1.590495838403853668e+00 4.581773849210435401e-10
5.100000000000001421e+00 8.140133509040765603e-01 3.272434545564806285e-10
5.250000000000001776e+00 5.321701690918416716e-01 1.814313144166135316e-10
5.400000000000002132e+00 4.300125859575700815e-01 8.148115515638210127e-11
5.550000000000002487e+00 3.929654220156635347e-01 3.265243631034309146e-11
5.700000000000002842e+00 3.795328401764663795e-01 1.244571112835046733e-11
5.850000000000003197e+00 3.746621238310581248e-01 4.979905376956139662e-12
6.000000000000003553e+00 3.728960230350821803e-01 3.088862499112110527e-12
6.150000000000003908e+00 3.722556392713158857e-01 4.571787393103932118e-12
6.300000000000004263e+00 3.720234455757918113e-01 1.145461503426759009e-11
6.450000000000004619e+00 3.719392742364107107e-01 3.083588939745141033e-11
6.600000000000004974e+00 3.719088140496751294e-01 8.474598800489729911e-11
6.750000000000005329e+00 3.718979354621296807e-01 2.333896409467683952e-10
6.900000000000005684e+00 3.718944491241700234e-01 6.442788524907427927e-10
7.050000000000006040e+00 3.718944492421769610e-01 1.771810032025200599e-09
7.200000000000006395e+00 3.718979354031262119e-01 4.873055070575560421e-09
7.350000000000006750e+00 3.719088139906716606e-01 1.344933198144104836e-08
7.500000000000007105e+00 3.719392740003968356e-01 3.698514561278898327e-08
7.650000000000007461e+00 3.720234452217709986e-01 1.016926430841280649e-07
7.800000000000007816e+00 3.722556389172950730e-01 2.804963515901093274e-07
7.950000000000008171e+00 3.728960219140162735e-01 7.700924739006964614e-07
8.100000000000008527e+00 3.746621209398881547e-01 2.107910276660796001e-06
8.250000000000008882e+00 3.795328312669425941e-01 5.743187740048227852e-06
8.400000000000009237e+00 3.929653977652378671e-01 1.525477042529921334e-05
8.550000000000009592e+00 4.300125193426538317e-01 3.834002842817429979e-05
8.700000000000009948e+00 5.321699855320503048e-01 8.549871942953313209e-05
8.850000000000010303e+00 8.140128441822866989e-01 1.537555493710263121e-04
9.000000000000010658e+00 1.590494442898062744e+00 2.162925444523233764e-04
9.150000000000011013e+00 3.738095012851673005e+00 2.544060658952185250e-04
9.300000000000011369e+00 9.613934011335508956e+00 2.708391500869655744e-04
9.450000000000011724e+00 2.617940256635144891e+01 2.769309151575694017e-04
9.600000000000012079e+00 6.900943992148351924e+01 2.796898482454457380e-04
9.750000000000012434e+00 2.093233200022540643e+02 2.797861675275514770e-04
9.900000000000012790e+00 4.376742989666769290e+02 2.795241898535527625e-04
1.005000000000001315e+01 7.998277016901105299e+02 2.796809082867834917e-04
1.020000000000001350e+01 7.998277016901105299e+02 2.796809082867834917e-04
1.035000000000001386e+01 7.998277016901105299e+02 2.796809082867834917e-04
1.050000000000001421e+01 7.998277016901105299e+02 2.796809082867834917e-04
1.065000000000001457e+01 7.998277016901105299e+02 2.796809082867834917e-04
1.080000000000001492e+01 7.998277016901105299e+02 2.796809082867834917e-04
1.095000000000001528e+01 7.998277016901105299e+02 2.796809082867834917e-04
1.110000000000001563e+01 7.998277016901105299e+02 2.796809082867834917e-04
1.125000000000001599e+01 7.998277016901105299e+02 2.796809082867834917e-04
1.140000000000001634e+01 7.998277016901105299e+02 2.796809082867834917e-04
1.155000000000001670e+01 7.998277016901105299e+02 2.796809082867834917e-04
1.170000000000001705e+01 7.998277016901105299e+02 2.796809082867834917e-04
1.185000000000001741e+01 7.998277016901105299e+02 2.796809082867834917e-04
1.200000000000001776e+01 7.998277016901105299e+02 2.796809082867834917e-04
1.215000000000001812e+01 7.998277016901105299e+02 2.796809082867834917e-04
1.230000000000001847e+01 7.998277016901105299e+02 2.796809082867834917e-04
1.245000000000001883e+01 7.998277016901105299e+02 2.796809082867834917e-04
1.260000000000001918e+01 7.998277016901105299e+02 2.796809082867834917e-04
1.275000000000001954e+01 7.998277016901105299e+02 2.796809082867834917e-04
1.290000000000001990e+01 7.998277016901105299e+02 2.796809082867834917e-04
1.305000000000002025e+01 7.996673601316629174e+02 2.791243675511756450e-04
1.320000000000002061e+01 7.996673601316629174e+02 2.791243675511756450e-04
1.335000000000002096e+01 7.996673601316629174e+02 2.791243675511756450e-04
1.350000000000002132e+01 7.996673601316629174e+02 2.791243675511756450e-04
1.365000000000002167e+01 7.996673601316629174e+02 2.791243675511756450e-04
1.380000000000002203e+01 7.996673601316629174e+02 2.791243675511756450e-04
1.395000000000002238e+01 7.996673601316629174e+02 2.791243675511756450e-04
1.410000000000002274e+01 7.996673601316629174e+02 2.791243675511756450e-04
1.425000000000002309e+01 7.996673601316629174e+02 2.791243675511756450e-04
1.440000000000002345e+01 7.996673601316629174e+02 2.791243675511756450e-04
1.455000000000002380e+01 7.996673601316629174e+02 2.791243675511756450e-04
1.470000000000002416e+01 7.996673601316629174e+02 2.791243675511756450e-04
1.485000000000002451e+01 7.996673601316629174e+02 2.791243675511756450e-04
1.500000000000002487e+01 7.996673601316629174e+02 2.791243675511756450e-04
1.515000000000002522e+01 7.996673601316629174e+02 2.791243675511756450e-04
1.530000000000002558e+01 7.996673601316629174e+02 2.791243675511756450e-04
1.545000000000002593e+01 7.996673601316629174e+02 2.791243675511756450e-04
1.560000000000002629e+01 7.996673601316629174e+02 2.791243675511756450e-04
1.575000000000002665e+01 7.996673601316629174e+02 2.791243675511756450e-04
1.590000000000002700e+01 7.996673601316629174e+02 2.791243675511756450e-04
