1.499999999999999944e-01 7.999978604728959226e+02 5.413108394858312522e-08
2.999999999999999889e-01 7.999978604728959226e+02 5.413108394858312522e-08
4.499999999999999556e-01 7.999978604728959226e+02 5.413108394858312522e-08
5.999999999999999778e-01 7.999978604728959226e+02 5.413108394858312522e-08
7.500000000000000000e-01 7.999978604728959226e+02 5.413108394858312522e-08
9.000000000000000222e-01 7.999978604728959226e+02 5.413108394858312522e-08
1.050000000000000044e+00 7.999978604728959226e+02 5.413108394858312522e-08
1.199999999999999956e+00 7.999978604728959226e+02 5.413108394858312522e-08
1.349999999999999867e+00 7.999978604728959226e+02 5.413108394858312522e-08
1.499999999999999778e+00 7.999978604728959226e+02 5.413108394858312522e-08
1.649999999999999689e+00 7.999978604728959226e+02 5.413108394858312522e-08
1.799999999999999600e+00 7.999978604728959226e+02 5.413108394858312522e-08
1.949999999999999512e+00 7.999978604728959226e+02 5.413108394858312522e-08
2.099999999999999645e+00 7.999994263087935451e+02 5.421833282337473747e-08
2.249999999999999556e+00 7.999994263087935451e+02 5.421833282337473747e-08
2.399999999999999467e+00 7.999994263087935451e+02 5.421833282337473747e-08
2.549999999999999378e+00 7.999994263087935451e+02 5.421833282337473747e-08
2.699999999999999289e+00 7.999994263087935451e+02 5.421833282337473747e-08
2.849999999999999201e+00 7.999994263087935451e+02 5.421833282337473747e-08
2.999999999999999112e+00 7.999994263087935451e+02 5.421833282337473747e-08
3.149999999999999023e+00 7.999994263087935451e+02 5.421833282337473747e-08
3.299999999999998934e+00 7.999994263087935451e+02 5.421833282337473747e-08
3.449999999999998845e+00 7.999994263087935451e+02 5.421833282337473747e-08
3.599999999999998757e+00 7.999994263087935451e+02 5.421833282337473747e-08
3.749999999999998668e+00 7.999994263087935451e+02 5.421833282337473747e-08
3.899999999999998579e+00 7.999994263087935451e+02 5.421833282337473747e-08
4.049999999999998934e+00 5.014868271395985175e+02 5.484295173552311553e-08
4.199999999999999289e+00 3.722503707448036607e+02 5.836014083104856809e-08
4.349999999999999645e+00 2.341201514317886847e+02 7.005412649974118722e-08
4.500000000000000000e+00 1.675860965376224385e+02 9.439257220300589779e-08
4.650000000000000355e+00 1.221228299396939150e+02 1.429019694798583373e-07
4.800000000000000711e+00 9.090930481239561800e+01 2.321765611990045386e-07
4.950000000000001066e+00 6.840694111401522548e+01 3.924367661944927477e-07
5.100000000000001421e+00 5.189521188243702454e+01 6.751924706005496546e-07
5.250000000000001776e+00 3.963106374770171669e+01 1.164823948074378279e-06
5.400000000000002132e+00 3.046404722517929997e+01 2.004428110047307143e-06
5.550000000000002487e+00 2.358923965080867191e+01 3.432309376827369363e-06
5.700000000000002842e+00 1.842763208772991135e+01 5.817386594442197634e-06
5.850000000000003197e+00 1.455510277291324073e+01 9.747045602415127519e-06
6.000000000000003553e+00 1.165813575952919479e+01 1.611779002819169193e-05
6.150000000000003908e+00 9.504266815051714445e+00 2.613919168659162295e-05
6.300000000000004263e+00 7.921582199514020317e+00 4.145033202085368629e-05
6.450000000000004619e+00 6.784166510072843437e+00 6.403905053609104669e-05
6.600000000000004974e+00 6.001707416256444105e+00 9.563426833836263796e-05
6.750000000000005329e+00 5.512150833959573504e+00 1.375507132369557795e-04
6.900000000000005684e+00 5.276698989919395899e+00 1.900475621502417667e-04
7.050000000000006040e+00 5.276698989108098203e+00 2.510163093143447099e-04
7.200000000000006395e+00 5.512150831507241833e+00 3.173731704418925048e-04
7.350000000000006750e+00 6.001707411949190885e+00 3.854938993252954305e-04
7.500000000000007105e+00 6.784166503589837305e+00 4.504213015675828657e-04
7.650000000000007461e+00 7.921582190350044073e+00 5.094894096447921683e-04
7.800000000000007816e+00 9.504266802483975596e+00 5.616392051837060251e-04
7.950000000000008171e+00 1.165813574258229224e+01 6.048231723441155339e-04
8.100000000000008527e+00 1.455510275025222100e+01 6.399963444264633594e-04
8.250000000000008882e+00 1.842763205753857392e+01 6.688482455353694789e-04
8.400000000000009237e+00 2.358923961064114039e+01 6.906512752761218010e-04
8.550000000000009592e+00 3.046404717172492127e+01 7.073186322946733995e-04
8.700000000000009948e+00 3.963106367639602468e+01 7.207896118007761643e-04
8.850000000000010303e+00 5.189521178686846525e+01 7.300027525033447873e-04
9.000000000000010658e+00 6.840694098484465258e+01 7.366066253209346826e-04
9.150000000000011013e+00 9.090930463499199732e+01 7.421603894773864951e-04
9.300000000000011369e+00 1.221228296906137700e+02 7.451362036010600320e-04
9.450000000000011724e+00 1.675860961639751565e+02 7.468757558507510552e-04
9.600000000000012079e+00 2.341201508765521169e+02 7.486545615830175748e-04
9.750000000000012434e+00 3.722503694028093832e+02 7.486609324456328096e-04
9.900000000000012790e+00 5.014868261431692531e+02 7.483827046945723538e-04
1.005000000000001315e+01 7.999994156421968228e+02 7.485272383511709648e-04
1.020000000000001350e+01 7.999994156421968228e+02 7.485272383511709648e-04
1.035000000000001386e+01 7.999994156421968228e+02 7.485272383511709648e-04
1.050000000000001421e+01 7.999994156421968228e+02 7.485272383511709648e-04
1.065000000000001457e+01 7.999994156421968228e+02 7.485272383511709648e-04
1.080000000000001492e+01 7.999994156421968228e+02 7.485272383511709648e-04
1.095000000000001528e+01 7.999994156421968228e+02 7.485272383511709648e-04
1.110000000000001563e+01 7.999994156421968228e+02 7.485272383511709648e-04
1.125000000000001599e+01 7.999994156421968228e+02 7.485272383511709648e-04
1.140000000000001634e+01 7.999994156421968228e+02 7.485272383511709648e-04
1.155000000000001670e+01 7.999994156421968228e+02 7.485272383511709648e-04
1.170000000000001705e+01 7.999994156421968228e+02 7.485272383511709648e-04
1.185000000000001741e+01 7.999994156421968228e+02 7.485272383511709648e-04
1.200000000000001776e+01 7.999994156421968228e+02 7.485272383511709648e-04
1.215000000000001812e+01 7.999994156421968228e+02 7.485272383511709648e-04
1.230000000000001847e+01 7.999994156421968228e+02 7.485272383511709648e-04
1.245000000000001883e+01 7.999994156421968228e+02 7.485272383511709648e-04
1.260000000000001918e+01 7.999994156421968228e+02 7.485272383511709648e-04
1.275000000000001954e+01 7.999994156421968228e+02 7.485272383511709648e-04
1.290000000000001990e+01 7.999994156421968228e+02 7.485272383511709648e-04
1.305000000000002025e+01 7.999978206928340114e+02 7.479528976257476813e-04
1.320000000000002061e+01 7.999978206928340114e+02 7.479528976257476813e-04
1.335000000000002096e+01 7.999978206928340114e+02 7.479528976257476813e-04
1.350000000000002132e+01 7.999978206928340114e+02 7.479528976257476813e-04
1.365000000000002167e+01 7.999978206928340114e+02 7.479528976257476813e-04
1.380000000000002203e+01 7.999978206928340114e+02 7.479528976257476813e-04
1.395000000000002238e+01 7.999978206928340114e+02 7.479528976257476813e-04
1.410000000000002274e+01 7.999978206928340114e+02 7.479528976257476813e-04
1.425000000000002309e+01 7.999978206928340114e+02 7.479528976257476813e-04
1.440000000000002345e+01 7.999978206928340114e+02 7.479528976257476813e-04
1.455000000000002380e+01 7.999978206928340114e+02 7.479528976257476813e-04
1.470000000000002416e+01 7.999978206928340114e+02 7.479528976257476813e-04
1.485000000000002451e+01 7.999978206928340114e+02 7.479528976257476813e-04
1.500000000000002487e+01 7.999978206928340114e+02 7.479528976257476813e-04
1.515000000000002522e+01 7.999978206928340114e+02 7.479528976257476813e-04
1.530000000000002558e+01 7.999978206928340114e+02 7.479528976257476813e-04
1.545000000000002593e+01 7.999978206928340114e+02 7.479528976257476813e-04
1.560000000000002629e+01 7.999978206928340114e+02 7.479528976257476813e-04
1.575000000000002665e+01 7.999978206928340114e+02 7.479528976257476813e-04
1.590000000000002700e+01 7.999978206928340114e+02 7.479528976257476813e-04
