1.499999999999999944e-01 7.999987102695031354e+02 2.795366147001487889e-06
2.999999999999999889e-01 7.999987102695031354e+02 2.795366147001487889e-06
4.499999999999999556e-01 7.999987102695031354e+02 2.795366147001487889e-06
5.999999999999999778e-01 7.999987102695031354e+02 2.795366147001487889e-06
7.500000000000000000e-01 7.999987102695031354e+02 2.795366147001487889e-06
9.000000000000000222e-01 7.999987102695031354e+02 2.795366147001487889e-06
1.050000000000000044e+00 7.999987102695031354e+02 2.795366147001487889e-06
1.199999999999999956e+00 7.999987102695031354e+02 2.795366147001487889e-06
1.349999999999999867e+00 7.999987102695031354e+02 2.795366147001487889e-06
1.499999999999999778e+00 7.999987102695031354e+02 2.795366147001487889e-06
1.649999999999999689e+00 7.999987102695031354e+02 2.795366147001487889e-06
1.799999999999999600e+00 7.999987102695031354e+02 2.795366147001487889e-06
1.949999999999999512e+00 7.999987102695031354e+02 2.795366147001487889e-06
2.099999999999999645e+00 7.999996763086560350e+02 2.799061755487386449e-06
2.249999999999999556e+00 7.999996763086560350e+02 2.799061755487386449e-06
2.399999999999999467e+00 7.999996763086560350e+02 2.799061755487386449e-06
2.549999999999999378e+00 7.999996763086560350e+02 2.799061755487386449e-06
2.699999999999999289e+00 7.999996763086560350e+02 2.799061755487386449e-06
2.849999999999999201e+00 7.999996763086560350e+02 2.799061755487386449e-06
2.999999999999999112e+00 7.999996763086560350e+02 2.799061755487386449e-06
3.149999999999999023e+00 7.999996763086560350e+02 2.799061755487386449e-06
3.299999999999998934e+00 7.999996763086560350e+02 2.799061755487386449e-06
3.449999999999998845e+00 7.999996763086560350e+02 2.799061755487386449e-06
3.599999999999998757e+00 7.999996763086560350e+02 2.799061755487386449e-06
3.749999999999998668e+00 7.999996763086560350e+02 2.799061755487386449e-06
3.899999999999998579e+00 7.999996763086560350e+02 2.799061755487386449e-06
4.049999999999998934e+00 5.040336605617976033e+02 2.829780054280917057e-06
4.199999999999999289e+00 3.863503727752262762e+02 2.997374157764909341e-06
4.349999999999999645e+00 2.593986400706799600e+02 3.499672235784956342e-06
4.500000000000000000e+00 2.011180083723488394e+02 4.405013482866593222e-06
4.650000000000000355e+00 1.619104629226328029e+02 5.917198205973583924e-06
4.800000000000000711e+00 1.351039497509862599e+02 8.160272454094119610e-06
4.950000000000001066e+00 1.154576562077134270e+02 1.132411507809294449e-05
5.100000000000001421e+00 1.005393665925403468e+02 1.562169417568259888e-05
5.250000000000001776e+00 8.888954825763987344e+01 2.120304462005506707e-05
5.400000000000002132e+00 7.961556574227816441e+01 2.828972684598696219e-05
5.550000000000002487e+00 7.213538787804363039e+01 3.714806333465769939e-05
5.700000000000002842e+00 6.605479504272018687e+01 4.784893914244747748e-05
5.850000000000003197e+00 6.109784113978280828e+01 6.060743926272760262e-05
6.000000000000003553e+00 5.706658229741028521e+01 7.568782698064158154e-05
6.150000000000003908e+00 5.381655089926159974e+01 9.292083186607236200e-05
6.300000000000004263e+00 5.124133502382769478e+01 1.124269411504341676e-04
6.450000000000004619e+00 4.926262466286895148e+01 1.343837961699234640e-04
6.600000000000004974e+00 4.782368218030535445e+01 1.581932766743232577e-04
6.750000000000005329e+00 4.688504762886515209e+01 1.838210285974861691e-04
6.900000000000005684e+00 4.642177377518217440e+01 2.113295804041515069e-04
7.050000000000006040e+00 4.642177377430081009e+01 2.396067016697811525e-04
7.200000000000006395e+00 4.688504762619755439e+01 2.685392192460778205e-04
7.350000000000006750e+00 4.782368217578698477e+01 2.981900597339715020e-04
7.500000000000007105e+00 4.926262465638133392e+01 3.270384482786381497e-04
7.650000000000007461e+00 5.124133501520073963e+01 3.551040099977198494e-04
7.800000000000007816e+00 5.381655088824915367e+01 3.826526773186289532e-04
7.950000000000008171e+00 5.706658228367631125e+01 4.079621494291751915e-04
8.100000000000008527e+00 6.109784112287370306e+01 4.313734634096011433e-04
8.250000000000008882e+00 6.605479502200996933e+01 4.534796813568942042e-04
8.400000000000009237e+00 7.213538785267259357e+01 4.725051989038497879e-04
8.550000000000009592e+00 7.961556571102568114e+01 4.891496180949861383e-04
8.700000000000009948e+00 8.888954821873998924e+01 5.043085685847437105e-04
8.850000000000010303e+00 1.005393665433305301e+02 5.162006192994672560e-04
9.000000000000010658e+00 1.154576561440249378e+02 5.258007576195433685e-04
9.150000000000011013e+00 1.351039496657794814e+02 5.342082081485344247e-04
9.300000000000011369e+00 1.619104628039302725e+02 5.396436145528316075e-04
9.450000000000011724e+00 2.011180081919102349e+02 5.432775544289558667e-04
9.600000000000012079e+00 2.593986397969461564e+02 5.463120325717163439e-04
9.750000000000012434e+00 3.863503720780098547e+02 5.470604118941180261e-04
9.900000000000012790e+00 5.040336600511284360e+02 5.470207788043079944e-04
1.005000000000001315e+01 7.999996702914706930e+02 5.472068102860827565e-04
1.020000000000001350e+01 7.999996702914706930e+02 5.472068102860827565e-04
1.035000000000001386e+01 7.999996702914706930e+02 5.472068102860827565e-04
1.050000000000001421e+01 7.999996702914706930e+02 5.472068102860827565e-04
1.065000000000001457e+01 7.999996702914706930e+02 5.472068102860827565e-04
1.080000000000001492e+01 7.999996702914706930e+02 5.472068102860827565e-04
1.095000000000001528e+01 7.999996702914706930e+02 5.472068102860827565e-04
1.110000000000001563e+01 7.999996702914706930e+02 5.472068102860827565e-04
1.125000000000001599e+01 7.999996702914706930e+02 5.472068102860827565e-04
1.140000000000001634e+01 7.999996702914706930e+02 5.472068102860827565e-04
1.155000000000001670e+01 7.999996702914706930e+02 5.472068102860827565e-04
1.170000000000001705e+01 7.999996702914706930e+02 5.472068102860827565e-04
1.185000000000001741e+01 7.999996702914706930e+02 5.472068102860827565e-04
1.200000000000001776e+01 7.999996702914706930e+02 5.472068102860827565e-04
1.215000000000001812e+01 7.999996702914706930e+02 5.472068102860827565e-04
1.230000000000001847e+01 7.999996702914706930e+02 5.472068102860827565e-04
1.245000000000001883e+01 7.999996702914706930e+02 5.472068102860827565e-04
1.260000000000001918e+01 7.999996702914706930e+02 5.472068102860827565e-04
1.275000000000001954e+01 7.999996702914706930e+02 5.472068102860827565e-04
1.290000000000001990e+01 7.999996702914706930e+02 5.472068102860827565e-04
1.305000000000002025e+01 7.999986862943579808e+02 5.466400896348977412e-04
1.320000000000002061e+01 7.999986862943579808e+02 5.466400896348977412e-04
1.335000000000002096e+01 7.999986862943579808e+02 5.466400896348977412e-04
1.350000000000002132e+01 7.999986862943579808e+02 5.466400896348977412e-04
1.365000000000002167e+01 7.999986862943579808e+02 5.466400896348977412e-04
1.380000000000002203e+01 7.999986862943579808e+02 5.466400896348977412e-04
1.395000000000002238e+01 7.999986862943579808e+02 5.466400896348977412e-04
1.410000000000002274e+01 7.999986862943579808e+02 5.466400896348977412e-04
1.425000000000002309e+01 7.999986862943579808e+02 5.466400896348977412e-04
1.440000000000002345e+01 7.999986862943579808e+02 5.466400896348977412e-04
1.455000000000002380e+01 7.999986862943579808e+02 5.466400896348977412e-04
1.470000000000002416e+01 7.999986862943579808e+02 5.466400896348977412e-04
1.485000000000002451e+01 7.999986862943579808e+02 5.466400896348977412e-04
1.500000000000002487e+01 7.999986862943579808e+02 5.466400896348977412e-04
1.515000000000002522e+01 7.999986862943579808e+02 5.466400896348977412e-04
1.530000000000002558e+01 7.999986862943579808e+02 5.466400896348977412e-04
1.545000000000002593e+01 7.999986862943579808e+02 5.466400896348977412e-04
1.560000000000002629e+01 7.999986862943579808e+02 5.466400896348977412e-04
1.575000000000002665e+01 7.999986862943579808e+02 5.466400896348977412e-04
1.590000000000002700e+01 7.999986862943579808e+02 5.466400896348977412e-04
