1.499999999999999944e-01 7.998814872106009943e+02 2.091984363516985468e-10
2.999999999999999889e-01 7.998814872106009943e+02 2.091984363516985468e-10
4.499999999999999556e-01 7.998814872106009943e+02 2.091984363516985468e-10
5.999999999999999778e-01 7.998814872106009943e+02 2.091984363516985468e-10
7.500000000000000000e-01 7.998814872106009943e+02 2.091984363516985468e-10
9.000000000000000222e-01 7.998814872106009943e+02 2.091984363516985468e-10
1.050000000000000044e+00 7.998814872106009943e+02 2.091984363516985468e-10
1.199999999999999956e+00 7.998814872106009943e+02 2.091984363516985468e-10
1.349999999999999867e+00 7.998814872106009943e+02 2.091984363516985468e-10
1.499999999999999778e+00 7.998814872106009943e+02 2.091984363516985468e-10
1.649999999999999689e+00 7.998814872106009943e+02 2.091984363516985468e-10
1.799999999999999600e+00 7.998814872106009943e+02 2.091984363516985468e-10
1.949999999999999512e+00 7.998814872106009943e+02 2.091984363516985468e-10
2.099999999999999645e+00 7.999462030003105610e+02 2.088101913599871295e-10
2.249999999999999556e+00 7.999462030003105610e+02 2.088101913599871295e-10
2.399999999999999467e+00 7.999462030003105610e+02 2.088101913599871295e-10
2.549999999999999378e+00 7.999462030003105610e+02 2.088101913599871295e-10
2.699999999999999289e+00 7.999462030003105610e+02 2.088101913599871295e-10
2.849999999999999201e+00 7.999462030003105610e+02 2.088101913599871295e-10
2.999999999999999112e+00 7.999462030003105610e+02 2.088101913599871295e-10
3.149999999999999023e+00 7.999462030003105610e+02 2.088101913599871295e-10
3.299999999999998934e+00 7.999462030003105610e+02 2.088101913599871295e-10
3.449999999999998845e+00 7.999462030003105610e+02 2.088101913599871295e-10
3.599999999999998757e+00 7.999462030003105610e+02 2.088101913599871295e-10
3.749999999999998668e+00 7.999462030003105610e+02 2.088101913599871295e-10
3.899999999999998579e+00 7.999462030003105610e+02 2.088101913599871295e-10
4.049999999999998934e+00 4.591004152065224844e+02 2.088640371766814496e-10
4.199999999999999289e+00 2.444266588305508776e+02 2.099554974321904410e-10
4.349999999999999645e+00 9.227521758796441986e+01 2.094161510868275400e-10
4.500000000000000000e+00 3.947229083981007847e+01 2.080665639780931997e-10
4.650000000000000355e+00 1.641685390176632353e+01 2.058158088402706198e-10
4.800000000000000711e+00 7.075553941842393613e+00 1.977462638080851320e-10
4.950000000000001066e+00 3.198012242494385760e+00 1.804562055340852567e-10
5.100000000000001421e+00 1.601113895734641801e+00 1.498223767271156248e-10
5.250000000000001776e+00 9.417316257226389098e-01 1.054800691235868726e-10
5.400000000000002132e+00 6.696971275748637709e-01 6.189349033292046443e-11
5.550000000000002487e+00 5.574347039572558060e-01 3.282141225469104029e-11
5.700000000000002842e+00 5.111108962931893984e-01 1.968780694028282596e-11
5.850000000000003197e+00 4.919953230204328065e-01 2.066702364800221403e-11
6.000000000000003553e+00 4.841073618100608655e-01 3.919964353116256461e-11
6.150000000000003908e+00 4.808524712700545933e-01 9.007239398783895012e-11
6.300000000000004263e+00 4.795095062979726208e-01 2.160651657590051400e-10
6.450000000000004619e+00 4.789557206272547774e-01 5.237887901188287287e-10
6.600000000000004974e+00 4.787281388788642289e-01 1.265927140892131320e-09
6.750000000000005329e+00 4.786364982313671135e-01 3.060013353817225834e-09
6.900000000000005684e+00 4.786041850996980429e-01 7.420036030048038356e-09
7.050000000000006040e+00 4.786041849816911053e-01 1.793269210903503108e-08
7.200000000000006395e+00 4.786364981133601759e-01 4.333699477054864246e-08
7.350000000000006750e+00 4.787281388788642289e-01 1.050612411512830136e-07
7.500000000000007105e+00 4.789557206272547774e-01 2.537920332779108890e-07
7.650000000000007461e+00 4.795095060029552769e-01 6.126583561583132109e-07
7.800000000000007816e+00 4.808524706210164368e-01 1.481394414026837580e-06
7.950000000000008171e+00 4.841073598039429271e-01 3.556174572594272831e-06
8.100000000000008527e+00 4.919953181821483668e-01 8.456794174049875323e-06
8.250000000000008882e+00 5.111108846105025805e-01 1.973872786209529551e-05
8.400000000000009237e+00 5.574346756355907928e-01 4.374020272512879615e-05
8.550000000000009592e+00 6.696970591898434577e-01 8.799209984255984551e-05
8.700000000000009948e+00 9.417314599818951137e-01 1.517212981092530555e-04
8.850000000000010303e+00 1.601113493921019426e+00 2.156955264019932983e-04
9.000000000000010658e+00 3.198011269600939954e+00 2.609052179721738085e-04
9.150000000000011013e+00 7.075551577761473254e+00 2.862256919965444624e-04
9.300000000000011369e+00 1.641684821870893884e+01 2.972418634561435624e-04
9.450000000000011724e+00 3.947227671802680504e+01 3.016089361840279537e-04
9.600000000000012079e+00 9.227518590985550873e+01 3.039570452540996115e-04
9.750000000000012434e+00 2.444265615464632333e+02 3.039758183344121178e-04
9.900000000000012790e+00 4.591003036148973706e+02 3.036993408515042958e-04
1.005000000000001315e+01 7.999456205734859395e+02 3.038530944881046025e-04
1.020000000000001350e+01 7.999456205734859395e+02 3.038530944881046025e-04
1.035000000000001386e+01 7.999456205734859395e+02 3.038530944881046025e-04
1.050000000000001421e+01 7.999456205734859395e+02 3.038530944881046025e-04
1.065000000000001457e+01 7.999456205734859395e+02 3.038530944881046025e-04
1.080000000000001492e+01 7.999456205734859395e+02 3.038530944881046025e-04
1.095000000000001528e+01 7.999456205734859395e+02 3.038530944881046025e-04
1.110000000000001563e+01 7.999456205734859395e+02 3.038530944881046025e-04
1.125000000000001599e+01 7.999456205734859395e+02 3.038530944881046025e-04
1.140000000000001634e+01 7.999456205734859395e+02 3.038530944881046025e-04
1.155000000000001670e+01 7.999456205734859395e+02 3.038530944881046025e-04
1.170000000000001705e+01 7.999456205734859395e+02 3.038530944881046025e-04
1.185000000000001741e+01 7.999456205734859395e+02 3.038530944881046025e-04
1.200000000000001776e+01 7.999456205734859395e+02 3.038530944881046025e-04
1.215000000000001812e+01 7.999456205734859395e+02 3.038530944881046025e-04
1.230000000000001847e+01 7.999456205734859395e+02 3.038530944881046025e-04
1.245000000000001883e+01 7.999456205734859395e+02 3.038530944881046025e-04
1.260000000000001918e+01 7.999456205734859395e+02 3.038530944881046025e-04
1.275000000000001954e+01 7.999456205734859395e+02 3.038530944881046025e-04
1.290000000000001990e+01 7.999456205734859395e+02 3.038530944881046025e-04
1.305000000000002025e+01 7.998802041340600226e+02 3.032917448225758150e-04
1.320000000000002061e+01 7.998802041340600226e+02 3.032917448225758150e-04
1.335000000000002096e+01 7.998802041340600226e+02 3.032917448225758150e-04
1.350000000000002132e+01 7.998802041340600226e+02 3.032917448225758150e-04
1.365000000000002167e+01 7.998802041340600226e+02 3.032917448225758150e-04
1.380000000000002203e+01 7.998802041340600226e+02 3.032917448225758150e-04
1.395000000000002238e+01 7.998802041340600226e+02 3.032917448225758150e-04
1.410000000000002274e+01 7.998802041340600226e+02 3.032917448225758150e-04
1.425000000000002309e+01 7.998802041340600226e+02 3.032917448225758150e-04
1.440000000000002345e+01 7.998802041340600226e+02 3.032917448225758150e-04
1.455000000000002380e+01 7.998802041340600226e+02 3.032917448225758150e-04
1.470000000000002416e+01 7.998802041340600226e+02 3.032917448225758150e-04
1.485000000000002451e+01 7.998802041340600226e+02 3.032917448225758150e-04
1.500000000000002487e+01 7.998802041340600226e+02 3.032917448225758150e-04
1.515000000000002522e+01 7.998802041340600226e+02 3.032917448225758150e-04
1.530000000000002558e+01 7.998802041340600226e+02 3.032917448225758150e-04
1.545000000000002593e+01 7.998802041340600226e+02 3.032917448225758150e-04
1.560000000000002629e+01 7.998802041340600226e+02 3.032917448225758150e-04
1.575000000000002665e+01 7.998802041340600226e+02 3.032917448225758150e-04
1.590000000000002700e+01 7.998802041340600226e+02 3.032917448225758150e-04
