1.499999999999999944e-01 7.999978743228746225e+02 2.863638604022611389e-08
2.999999999999999889e-01 7.999978743228746225e+02 2.863638604022611389e-08
4.499999999999999556e-01 7.999978743228746225e+02 2.863638604022611389e-08
5.999999999999999778e-01 7.999978743228746225e+02 2.863638604022611389e-08
7.500000000000000000e-01 7.999978743228746225e+02 2.863638604022611389e-08
9.000000000000000222e-01 7.999978743228746225e+02 2.863638604022611389e-08
1.050000000000000044e+00 7.999978743228746225e+02 2.863638604022611389e-08
1.199999999999999956e+00 7.999978743228746225e+02 2.863638604022611389e-08
1.349999999999999867e+00 7.999978743228746225e+02 2.863638604022611389e-08
1.499999999999999778e+00 7.999978743228746225e+02 2.863638604022611389e-08
1.649999999999999689e+00 7.999978743228746225e+02 2.863638604022611389e-08
1.799999999999999600e+00 7.999978743228746225e+02 2.863638604022611389e-08
1.949999999999999512e+00 7.999978743228746225e+02 2.863638604022611389e-08
2.099999999999999645e+00 7.999994301110378956e+02 2.863764136940005756e-08
2.249999999999999556e+00 7.999994301110378956e+02 2.863764136940005756e-08
2.399999999999999467e+00 7.999994301110378956e+02 2.863764136940005756e-08
2.549999999999999378e+00 7.999994301110378956e+02 2.863764136940005756e-08
2.699999999999999289e+00 7.999994301110378956e+02 2.863764136940005756e-08
2.849999999999999201e+00 7.999994301110378956e+02 2.863764136940005756e-08
2.999999999999999112e+00 7.999994301110378956e+02 2.863764136940005756e-08
3.149999999999999023e+00 7.999994301110378956e+02 2.863764136940005756e-08
3.299999999999998934e+00 7.999994301110378956e+02 2.863764136940005756e-08
3.449999999999998845e+00 7.999994301110378956e+02 2.863764136940005756e-08
3.599999999999998757e+00 7.999994301110378956e+02 2.863764136940005756e-08
3.749999999999998668e+00 7.999994301110378956e+02 2.863764136940005756e-08
3.899999999999998579e+00 7.999994301110378956e+02 2.863764136940005756e-08
4.049999999999998934e+00 5.015010804463292402e+02 2.888955519253499915e-08
4.199999999999999289e+00 3.724581062043687325e+02 3.033263196172697462e-08
4.349999999999999645e+00 2.347199923692903099e+02 3.483366528556075536e-08
4.500000000000000000e+00 1.686146328098104163e+02 4.414333010238635779e-08
4.650000000000000355e+00 1.235976904461519581e+02 6.270608132741273266e-08
4.800000000000000711e+00 9.280954928315705388e+01 9.622207086668055354e-08
4.950000000000001066e+00 7.069194877747754902e+01 1.553414030741606666e-07
5.100000000000001421e+00 5.451413712114847243e+01 2.578456095303494067e-07
5.250000000000001776e+00 4.253094215275233125e+01 4.293685340606145928e-07
5.400000000000002132e+00 3.359474108325512987e+01 7.124283437631717675e-07
5.550000000000002487e+00 2.690606948846203039e+01 1.174565157802121007e-06
5.700000000000002842e+00 2.189234796942444561e+01 1.901848001084616158e-06
5.850000000000003197e+00 1.813583679492311873e+01 3.025669435441358246e-06
6.000000000000003553e+00 1.532880521501673954e+01 4.734654771132440487e-06
6.150000000000003908e+00 1.324373799077152825e+01 7.219999268226473532e-06
6.300000000000004263e+00 1.171277752789822557e+01 1.075304752029548894e-05
6.450000000000004619e+00 1.061320997328910209e+01 1.568483643632490043e-05
6.600000000000004974e+00 9.857147465750408344e+00 2.223571804316204492e-05
6.750000000000005329e+00 9.384267335116902586e+00 3.074835820759957983e-05
6.900000000000005684e+00 9.156882675736532917e+00 4.163320710603990449e-05
7.050000000000006040e+00 9.156882675120684212e+00 5.480161704185526617e-05
7.200000000000006395e+00 9.384267333232479302e+00 7.038476300524898477e-05
7.350000000000006750e+00 9.857147462449901809e+00 8.852076872678527053e-05
7.500000000000007105e+00 1.061320996830699670e+01 1.082145937623124610e-04
7.650000000000007461e+00 1.171277752083256019e+01 1.290694090413380124e-04
7.800000000000007816e+00 1.324373798106730149e+01 1.508120804134538417e-04
7.950000000000008171e+00 1.532880520190137474e+01 1.715390424561480387e-04
8.100000000000008527e+00 1.813583677734008504e+01 1.909113883568069880e-04
8.250000000000008882e+00 2.189234794594659661e+01 2.090627049927684666e-04
8.400000000000009237e+00 2.690606945715792619e+01 2.241391670118053625e-04
8.550000000000009592e+00 3.359474104149357743e+01 2.366973426992657892e-04
8.700000000000009948e+00 4.253094209690370775e+01 2.477007062529068548e-04
8.850000000000010303e+00 5.451413704608039268e+01 2.555730020603608210e-04
9.000000000000010658e+00 7.069194867568965890e+01 2.614549796974285911e-04
9.150000000000011013e+00 9.280954914286155599e+01 2.666184871036314519e-04
9.300000000000011369e+00 1.235976902484269573e+02 2.694172350270473970e-04
9.450000000000011724e+00 1.686146325120240590e+02 2.710744312840462911e-04
9.600000000000012079e+00 2.347199919253640132e+02 2.728138115374312278e-04
9.750000000000012434e+00 3.724581051279881763e+02 2.728066290518249559e-04
9.900000000000012790e+00 5.015010796462127018e+02 2.725253090231083419e-04
1.005000000000001315e+01 7.999994215388627481e+02 2.726686184756355047e-04
1.020000000000001350e+01 7.999994215388627481e+02 2.726686184756355047e-04
1.035000000000001386e+01 7.999994215388627481e+02 2.726686184756355047e-04
1.050000000000001421e+01 7.999994215388627481e+02 2.726686184756355047e-04
1.065000000000001457e+01 7.999994215388627481e+02 2.726686184756355047e-04
1.080000000000001492e+01 7.999994215388627481e+02 2.726686184756355047e-04
1.095000000000001528e+01 7.999994215388627481e+02 2.726686184756355047e-04
1.110000000000001563e+01 7.999994215388627481e+02 2.726686184756355047e-04
1.125000000000001599e+01 7.999994215388627481e+02 2.726686184756355047e-04
1.140000000000001634e+01 7.999994215388627481e+02 2.726686184756355047e-04
1.155000000000001670e+01 7.999994215388627481e+02 2.726686184756355047e-04
1.170000000000001705e+01 7.999994215388627481e+02 2.726686184756355047e-04
1.185000000000001741e+01 7.999994215388627481e+02 2.726686184756355047e-04
1.200000000000001776e+01 7.999994215388627481e+02 2.726686184756355047e-04
1.215000000000001812e+01 7.999994215388627481e+02 2.726686184756355047e-04
1.230000000000001847e+01 7.999994215388627481e+02 2.726686184756355047e-04
1.245000000000001883e+01 7.999994215388627481e+02 2.726686184756355047e-04
1.260000000000001918e+01 7.999994215388627481e+02 2.726686184756355047e-04
1.275000000000001954e+01 7.999994215388627481e+02 2.726686184756355047e-04
1.290000000000001990e+01 7.999994215388627481e+02 2.726686184756355047e-04
1.305000000000002025e+01 7.999978423487938244e+02 2.720963903266593320e-04
1.320000000000002061e+01 7.999978423487938244e+02 2.720963903266593320e-04
1.335000000000002096e+01 7.999978423487938244e+02 2.720963903266593320e-04
1.350000000000002132e+01 7.999978423487938244e+02 2.720963903266593320e-04
1.365000000000002167e+01 7.999978423487938244e+02 2.720963903266593320e-04
1.380000000000002203e+01 7.999978423487938244e+02 2.720963903266593320e-04
1.395000000000002238e+01 7.999978423487938244e+02 2.720963903266593320e-04
1.410000000000002274e+01 7.999978423487938244e+02 2.720963903266593320e-04
1.425000000000002309e+01 7.999978423487938244e+02 2.720963903266593320e-04
1.440000000000002345e+01 7.999978423487938244e+02 2.720963903266593320e-04
1.455000000000002380e+01 7.999978423487938244e+02 2.720963903266593320e-04
1.470000000000002416e+01 7.999978423487938244e+02 2.720963903266593320e-04
1.485000000000002451e+01 7.999978423487938244e+02 2.720963903266593320e-04
1.500000000000002487e+01 7.999978423487938244e+02 2.720963903266593320e-04
1.515000000000002522e+01 7.999978423487938244e+02 2.720963903266593320e-04
1.530000000000002558e+01 7.999978423487938244e+02 2.720963903266593320e-04
1.545000000000002593e+01 7.999978423487938244e+02 2.720963903266593320e-04
1.560000000000002629e+01 7.999978423487938244e+02 2.720963903266593320e-04
1.575000000000002665e+01 7.999978423487938244e+02 2.720963903266593320e-04
1.590000000000002700e+01 7.999978423487938244e+02 2.720963903266593320e-04
