1.499999999999999944e-01 7.996691377145010620e+02 3.202305087768309022e-11
2.999999999999999889e-01 7.996691377145010620e+02 3.202305087768309022e-11
4.499999999999999556e-01 7.996691377145010620e+02 3.202305087768309022e-11
5.999999999999999778e-01 7.996691377145010620e+02 3.202305087768309022e-11
7.500000000000000000e-01 7.996691377145010620e+02 3.202305087768309022e-11
9.000000000000000222e-01 7.996691377145010620e+02 3.202305087768309022e-11
1.050000000000000044e+00 7.996691377145010620e+02 3.202305087768309022e-11
1.199999999999999956e+00 7.996691377145010620e+02 3.202305087768309022e-11
1.349999999999999867e+00 7.996691377145010620e+02 3.202305087768309022e-11
1.499999999999999778e+00 7.996691377145010620e+02 3.202305087768309022e-11
1.649999999999999689e+00 7.996691377145010620e+02 3.202305087768309022e-11
1.799999999999999600e+00 7.996691377145010620e+02 3.202305087768309022e-11
1.949999999999999512e+00 7.996691377145010620e+02 3.202305087768309022e-11
2.099999999999999645e+00 7.998286049022591442e+02 3.213884713915149405e-11
2.249999999999999556e+00 7.998286049022591442e+02 3.213884713915149405e-11
2.399999999999999467e+00 7.998286049022591442e+02 3.213884713915149405e-11
2.549999999999999378e+00 7.998286049022591442e+02 3.213884713915149405e-11
2.699999999999999289e+00 7.998286049022591442e+02 3.213884713915149405e-11
2.849999999999999201e+00 7.998286049022591442e+02 3.213884713915149405e-11
2.999999999999999112e+00 7.998286049022591442e+02 3.213884713915149405e-11
3.149999999999999023e+00 7.998286049022591442e+02 3.213884713915149405e-11
3.299999999999998934e+00 7.998286049022591442e+02 3.213884713915149405e-11
3.449999999999998845e+00 7.998286049022591442e+02 3.213884713915149405e-11
3.599999999999998757e+00 7.998286049022591442e+02 3.213884713915149405e-11
3.749999999999998668e+00 7.998286049022591442e+02 3.213884713915149405e-11
3.899999999999998579e+00 7.998286049022591442e+02 3.213884713915149405e-11
4.049999999999998934e+00 4.376382191708349865e+02 3.197209164085279554e-11
4.199999999999999289e+00 2.091753860632899489e+02 3.215749888596519668e-11
4.349999999999999645e+00 6.879725577909992751e+01 3.205757881374893259e-11
4.500000000000000000e+00 2.594234231207472874e+01 3.197186959624787050e-11
4.650000000000000355e+00 9.367311658413882469e+00 3.170286255738119507e-11
4.800000000000000711e+00 3.487974238683207773e+00 3.097666567697388018e-11
4.950000000000001066e+00 1.339094498735732941e+00 2.931632714364695858e-11
5.100000000000001421e+00 5.621481781234933806e-01 2.547984045975226763e-11
5.250000000000001776e+00 2.801364999579618598e-01 1.866284904394888144e-11
5.400000000000002132e+00 1.779177583712225896e-01 1.073829913877943909e-11
5.550000000000002487e+00 1.408483962622995023e-01 5.478173470407909917e-12
5.700000000000002842e+00 1.274077579714685271e-01 3.679057059002843744e-12
5.850000000000003197e+00 1.225341184172066278e-01 5.729972052392895421e-12
6.000000000000003553e+00 1.207669565028481884e-01 1.415267902871164551e-11
6.150000000000003908e+00 1.201261873284238391e-01 3.821643002055452598e-11
6.300000000000004263e+00 1.198938538536822307e-01 1.052767872877780064e-10
6.450000000000004619e+00 1.198096320663353254e-01 2.905214957493740258e-10
6.600000000000004974e+00 1.197791539425452356e-01 8.006775242819230698e-10
6.750000000000005329e+00 1.197682682745835336e-01 2.206423710404692429e-09
6.900000000000005684e+00 1.197647804615371570e-01 6.086737225352578662e-09
7.050000000000006040e+00 1.197647797534955316e-01 1.677160255120213606e-08
7.200000000000006395e+00 1.197682680385696585e-01 4.621107962954340564e-08
7.350000000000006750e+00 1.197791532345036103e-01 1.274641920900876357e-07
7.500000000000007105e+00 1.198096315943075751e-01 3.511247268495054641e-07
7.650000000000007461e+00 1.198938540896961058e-01 9.668068295942688906e-07
7.800000000000007816e+00 1.201261873284238391e-01 2.661833455097628587e-06
7.950000000000008171e+00 1.207669550867649377e-01 7.295484110714234305e-06
8.100000000000008527e+00 1.225341146409846260e-01 1.981199016165557936e-05
8.250000000000008882e+00 1.274077475868580223e-01 5.256211945658950668e-05
8.400000000000009237e+00 1.408483665245512384e-01 1.310074704733432682e-04
8.550000000000009592e+00 1.779176761203871138e-01 2.857749009621546321e-04
8.700000000000009948e+00 2.801362732666348165e-01 5.006370822808747789e-04
8.850000000000010303e+00 5.621475519786827135e-01 6.875695220052158163e-04
9.000000000000010658e+00 1.339092774241350980e+00 7.948536568037622985e-04
9.150000000000011013e+00 3.487969464867433089e+00 8.431553108193545754e-04
9.300000000000011369e+00 9.367298629470731441e+00 8.612095306627098878e-04
9.450000000000011724e+00 2.594230532981787718e+01 8.675245061817715708e-04
9.600000000000012079e+00 6.879716208748355655e+01 8.703142328634339009e-04
9.750000000000012434e+00 2.091750626758585554e+02 8.704120722871078186e-04
9.900000000000012790e+00 4.376377770319505203e+02 8.701495167950934473e-04
1.005000000000001315e+01 7.998266282414714397e+02 8.703067555877463946e-04
1.020000000000001350e+01 7.998266282414714397e+02 8.703067555877463946e-04
1.035000000000001386e+01 7.998266282414714397e+02 8.703067555877463946e-04
1.050000000000001421e+01 7.998266282414714397e+02 8.703067555877463946e-04
1.065000000000001457e+01 7.998266282414714397e+02 8.703067555877463946e-04
1.080000000000001492e+01 7.998266282414714397e+02 8.703067555877463946e-04
1.095000000000001528e+01 7.998266282414714397e+02 8.703067555877463946e-04
1.110000000000001563e+01 7.998266282414714397e+02 8.703067555877463946e-04
1.125000000000001599e+01 7.998266282414714397e+02 8.703067555877463946e-04
1.140000000000001634e+01 7.998266282414714397e+02 8.703067555877463946e-04
1.155000000000001670e+01 7.998266282414714397e+02 8.703067555877463946e-04
1.170000000000001705e+01 7.998266282414714397e+02 8.703067555877463946e-04
1.185000000000001741e+01 7.998266282414714397e+02 8.703067555877463946e-04
1.200000000000001776e+01 7.998266282414714397e+02 8.703067555877463946e-04
1.215000000000001812e+01 7.998266282414714397e+02 8.703067555877463946e-04
1.230000000000001847e+01 7.998266282414714397e+02 8.703067555877463946e-04
1.245000000000001883e+01 7.998266282414714397e+02 8.703067555877463946e-04
1.260000000000001918e+01 7.998266282414714397e+02 8.703067555877463946e-04
1.275000000000001954e+01 7.998266282414714397e+02 8.703067555877463946e-04
1.290000000000001990e+01 7.998266282414714397e+02 8.703067555877463946e-04
1.305000000000002025e+01 7.996653218660762832e+02 8.697482348866136803e-04
1.320000000000002061e+01 7.996653218660762832e+02 8.697482348866136803e-04
1.335000000000002096e+01 7.996653218660762832e+02 8.697482348866136803e-04
1.350000000000002132e+01 7.996653218660762832e+02 8.697482348866136803e-04
1.365000000000002167e+01 7.996653218660762832e+02 8.697482348866136803e-04
1.380000000000002203e+01 7.996653218660762832e+02 8.697482348866136803e-04
1.395000000000002238e+01 7.996653218660762832e+02 8.697482348866136803e-04
1.410000000000002274e+01 7.996653218660762832e+02 8.697482348866136803e-04
1.425000000000002309e+01 7.996653218660762832e+02 8.697482348866136803e-04
1.440000000000002345e+01 7.996653218660762832e+02 8.697482348866136803e-04
1.455000000000002380e+01 7.996653218660762832e+02 8.697482348866136803e-04
1.470000000000002416e+01 7.996653218660762832e+02 8.697482348866136803e-04
1.485000000000002451e+01 7.996653218660762832e+02 8.697482348866136803e-04
1.500000000000002487e+01 7.996653218660762832e+02 8.697482348866136803e-04
1.515000000000002522e+01 7.996653218660762832e+02 8.697482348866136803e-04
1.530000000000002558e+01 7.996653218660762832e+02 8.697482348866136803e-04
1.545000000000002593e+01 7.996653218660762832e+02 8.697482348866136803e-04
1.560000000000002629e+01 7.996653218660762832e+02 8.697482348866136803e-04
1.575000000000002665e+01 7.996653218660762832e+02 8.697482348866136803e-04
1.590000000000002700e+01 7.996653218660762832e+02 8.697482348866136803e-04
