1.499999999999999944e-01 7.999685563081858390e+02 6.801476049034249627e-10
2.999999999999999889e-01 7.999685563081858390e+02 6.801476049034249627e-10
4.499999999999999556e-01 7.999685563081858390e+02 6.801476049034249627e-10
5.999999999999999778e-01 7.999685563081858390e+02 6.801476049034249627e-10
7.500000000000000000e-01 7.999685563081858390e+02 6.801476049034249627e-10
9.000000000000000222e-01 7.999685563081858390e+02 6.801476049034249627e-10
1.050000000000000044e+00 7.999685563081858390e+02 6.801476049034249627e-10
1.199999999999999956e+00 7.999685563081858390e+02 6.801476049034249627e-10
1.349999999999999867e+00 7.999685563081858390e+02 6.801476049034249627e-10
1.499999999999999778e+00 7.999685563081858390e+02 6.801476049034249627e-10
1.649999999999999689e+00 7.999685563081858390e+02 6.801476049034249627e-10
1.799999999999999600e+00 7.999685563081858390e+02 6.801476049034249627e-10
1.949999999999999512e+00 7.999685563081858390e+02 6.801476049034249627e-10
2.099999999999999645e+00 7.999879964421317027e+02 6.781915029563378994e-10
2.249999999999999556e+00 7.999879964421317027e+02 6.781915029563378994e-10
2.399999999999999467e+00 7.999879964421317027e+02 6.781915029563378994e-10
2.549999999999999378e+00 7.999879964421317027e+02 6.781915029563378994e-10
2.699999999999999289e+00 7.999879964421317027e+02 6.781915029563378994e-10
2.849999999999999201e+00 7.999879964421317027e+02 6.781915029563378994e-10
2.999999999999999112e+00 7.999879964421317027e+02 6.781915029563378994e-10
3.149999999999999023e+00 7.999879964421317027e+02 6.781915029563378994e-10
3.299999999999998934e+00 7.999879964421317027e+02 6.781915029563378994e-10
3.449999999999998845e+00 7.999879964421317027e+02 6.781915029563378994e-10
3.599999999999998757e+00 7.999879964421317027e+02 6.781915029563378994e-10
3.749999999999998668e+00 7.999879964421317027e+02 6.781915029563378994e-10
3.899999999999998579e+00 7.999879964421317027e+02 6.781915029563378994e-10
4.049999999999998934e+00 4.789276110027500977e+02 6.786228246014047727e-10
4.199999999999999289e+00 2.891231478822606960e+02 6.834349752793400512e-10
4.349999999999999645e+00 1.294282825113955084e+02 6.822330478328808567e-10
4.500000000000000000e+00 6.488523714246048257e+01 6.786272654935032733e-10
4.650000000000000355e+00 3.190376278938555288e+01 6.751650349912097226e-10
4.800000000000000711e+00 1.603908921844836399e+01 6.584004452747649339e-10
4.950000000000001066e+00 8.257373307641927340e+00 6.261419160935588479e-10
5.100000000000001421e+00 4.459499319666321071e+00 5.746274567286491219e-10
5.250000000000001776e+00 2.602911748736715936e+00 4.927123153919410470e-10
5.400000000000002132e+00 1.695706058586523568e+00 4.051168289720408211e-10
5.550000000000002487e+00 1.252346252007839666e+00 3.670024284474493470e-10
5.700000000000002842e+00 1.035680087930757054e+00 4.559522759350898014e-10
5.850000000000003197e+00 9.297965220357582439e-01 7.911036270513704949e-10
6.000000000000003553e+00 8.780532688053312995e-01 1.587743714281941720e-09
6.150000000000003908e+00 8.527700288667574569e-01 3.270341442096480478e-09
6.300000000000004263e+00 8.404214767815005871e-01 6.736768698445416703e-09
6.450000000000004619e+00 8.344017226368691809e-01 1.387360470950227409e-08
6.600000000000004974e+00 8.314904849675031073e-01 2.839070578630753516e-08
6.750000000000005329e+00 8.301303907279020677e-01 5.800338742645294587e-08
6.900000000000005684e+00 8.295938542197518473e-01 1.188030108734139390e-07
7.050000000000006040e+00 8.295938542787553160e-01 2.423353407943196203e-07
7.200000000000006395e+00 8.301303906098951302e-01 4.940001678832572907e-07
7.350000000000006750e+00 8.314904847609909666e-01 1.009523968864556309e-06
7.500000000000007105e+00 8.344017221353396963e-01 2.052060443236136678e-06
7.650000000000007461e+00 8.404214758964485554e-01 4.155847717735028368e-06
7.800000000000007816e+00 8.527700270966533935e-01 8.383501515440983098e-06
7.950000000000008171e+00 8.780532652061197041e-01 1.660840700901111688e-05
8.100000000000008527e+00 9.297965148963385218e-01 3.199280885468613889e-05
8.250000000000008882e+00 1.035680073297896797e+00 5.879162953592587115e-05
8.400000000000009237e+00 1.252346222093080996e+00 9.917629725075816083e-05
8.550000000000009592e+00 1.695705997252417774e+00 1.494084913378213031e-04
8.700000000000009948e+00 2.602911623251088713e+00 1.992335855223181795e-04
8.850000000000010303e+00 4.459499062883224951e+00 2.372190759016845618e-04
9.000000000000010658e+00 8.257372782422550017e+00 2.612927782815743782e-04
9.150000000000011013e+00 1.603908814167562369e+01 2.755175297655121369e-04
9.300000000000011369e+00 3.190376059739838865e+01 2.820930922939890451e-04
9.450000000000011724e+00 6.488523255272446022e+01 2.849879352232465024e-04
9.600000000000012079e+00 1.294282736914798022e+02 2.869585735817414829e-04
9.750000000000012434e+00 2.891231241822320612e+02 2.869071008222423558e-04
9.900000000000012790e+00 4.789275886446503705e+02 2.866158448960876015e-04
1.005000000000001315e+01 7.999878504411561835e+02 2.867648320001858764e-04
1.020000000000001350e+01 7.999878504411561835e+02 2.867648320001858764e-04
1.035000000000001386e+01 7.999878504411561835e+02 2.867648320001858764e-04
1.050000000000001421e+01 7.999878504411561835e+02 2.867648320001858764e-04
1.065000000000001457e+01 7.999878504411561835e+02 2.867648320001858764e-04
1.080000000000001492e+01 7.999878504411561835e+02 2.867648320001858764e-04
1.095000000000001528e+01 7.999878504411561835e+02 2.867648320001858764e-04
1.110000000000001563e+01 7.999878504411561835e+02 2.867648320001858764e-04
1.125000000000001599e+01 7.999878504411561835e+02 2.867648320001858764e-04
1.140000000000001634e+01 7.999878504411561835e+02 2.867648320001858764e-04
1.155000000000001670e+01 7.999878504411561835e+02 2.867648320001858764e-04
1.170000000000001705e+01 7.999878504411561835e+02 2.867648320001858764e-04
1.185000000000001741e+01 7.999878504411561835e+02 2.867648320001858764e-04
1.200000000000001776e+01 7.999878504411561835e+02 2.867648320001858764e-04
1.215000000000001812e+01 7.999878504411561835e+02 2.867648320001858764e-04
1.230000000000001847e+01 7.999878504411561835e+02 2.867648320001858764e-04
1.245000000000001883e+01 7.999878504411561835e+02 2.867648320001858764e-04
1.260000000000001918e+01 7.999878504411561835e+02 2.867648320001858764e-04
1.275000000000001954e+01 7.999878504411561835e+02 2.867648320001858764e-04
1.290000000000001990e+01 7.999878504411561835e+02 2.867648320001858764e-04
1.305000000000002025e+01 7.999681738532926829e+02 2.861987879901883858e-04
1.320000000000002061e+01 7.999681738532926829e+02 2.861987879901883858e-04
1.335000000000002096e+01 7.999681738532926829e+02 2.861987879901883858e-04
1.350000000000002132e+01 7.999681738532926829e+02 2.861987879901883858e-04
1.365000000000002167e+01 7.999681738532926829e+02 2.861987879901883858e-04
1.380000000000002203e+01 7.999681738532926829e+02 2.861987879901883858e-04
1.395000000000002238e+01 7.999681738532926829e+02 2.861987879901883858e-04
1.410000000000002274e+01 7.999681738532926829e+02 2.861987879901883858e-04
1.425000000000002309e+01 7.999681738532926829e+02 2.861987879901883858e-04
1.440000000000002345e+01 7.999681738532926829e+02 2.861987879901883858e-04
1.455000000000002380e+01 7.999681738532926829e+02 2.861987879901883858e-04
1.470000000000002416e+01 7.999681738532926829e+02 2.861987879901883858e-04
1.485000000000002451e+01 7.999681738532926829e+02 2.861987879901883858e-04
1.500000000000002487e+01 7.999681738532926829e+02 2.861987879901883858e-04
1.515000000000002522e+01 7.999681738532926829e+02 2.861987879901883858e-04
1.530000000000002558e+01 7.999681738532926829e+02 2.861987879901883858e-04
1.545000000000002593e+01 7.999681738532926829e+02 2.861987879901883858e-04
1.560000000000002629e+01 7.999681738532926829e+02 2.861987879901883858e-04
1.575000000000002665e+01 7.999681738532926829e+02 2.861987879901883858e-04
1.590000000000002700e+01 7.999681738532926829e+02 2.861987879901883858e-04
