1.499999999999999944e-01 7.999978576920802880e+02 7.880828700734809900e-08
2.999999999999999889e-01 7.999978576920802880e+02 7.880828700734809900e-08
4.499999999999999556e-01 7.999978576920802880e+02 7.880828700734809900e-08
5.999999999999999778e-01 7.999978576920802880e+02 7.880828700734809900e-08
7.500000000000000000e-01 7.999978576920802880e+02 7.880828700734809900e-08
9.000000000000000222e-01 7.999978576920802880e+02 7.880828700734809900e-08
1.050000000000000044e+00 7.999978576920802880e+02 7.880828700734809900e-08
1.199999999999999956e+00 7.999978576920802880e+02 7.880828700734809900e-08
1.349999999999999867e+00 7.999978576920802880e+02 7.880828700734809900e-08
1.499999999999999778e+00 7.999978576920802880e+02 7.880828700734809900e-08
1.649999999999999689e+00 7.999978576920802880e+02 7.880828700734809900e-08
1.799999999999999600e+00 7.999978576920802880e+02 7.880828700734809900e-08
1.949999999999999512e+00 7.999978576920802880e+02 7.880828700734809900e-08
2.099999999999999645e+00 7.999994255452245397e+02 7.895587705863960082e-08
2.249999999999999556e+00 7.999994255452245397e+02 7.895587705863960082e-08
2.399999999999999467e+00 7.999994255452245397e+02 7.895587705863960082e-08
2.549999999999999378e+00 7.999994255452245397e+02 7.895587705863960082e-08
2.699999999999999289e+00 7.999994255452245397e+02 7.895587705863960082e-08
2.849999999999999201e+00 7.999994255452245397e+02 7.895587705863960082e-08
2.999999999999999112e+00 7.999994255452245397e+02 7.895587705863960082e-08
3.149999999999999023e+00 7.999994255452245397e+02 7.895587705863960082e-08
3.299999999999998934e+00 7.999994255452245397e+02 7.895587705863960082e-08
3.449999999999998845e+00 7.999994255452245397e+02 7.895587705863960082e-08
3.599999999999998757e+00 7.999994255452245397e+02 7.895587705863960082e-08
3.749999999999998668e+00 7.999994255452245397e+02 7.895587705863960082e-08
3.899999999999998579e+00 7.999994255452245397e+02 7.895587705863960082e-08
4.049999999999998934e+00 5.014839693231822366e+02 7.989718298073711367e-08
4.199999999999999289e+00 3.722086205856502943e+02 8.518456773298765938e-08
4.349999999999999645e+00 2.339993946007637078e+02 1.029110309191949568e-07
4.500000000000000000e+00 1.673787850030485629e+02 1.398498842286599597e-07
4.650000000000000355e+00 1.218253318679813617e+02 2.135030870986653895e-07
4.800000000000000711e+00 9.052586258591814783e+01 3.495416913690263527e-07
4.950000000000001066e+00 6.794584712284699890e+01 5.946642558374293230e-07
5.100000000000001421e+00 5.136685990004384905e+01 1.028849833994982532e-06
5.250000000000001776e+00 3.904627573806655505e+01 1.786222499911005457e-06
5.400000000000002132e+00 2.983304974131237230e+01 3.096140616665188361e-06
5.550000000000002487e+00 2.292112091188221257e+01 5.345706445725184608e-06
5.700000000000002842e+00 1.773014453310899086e+01 9.157252150782113631e-06
5.850000000000003197e+00 1.383467737088786365e+01 1.554204457199226397e-05
6.000000000000003553e+00 1.092000973902194261e+01 2.608523985336841378e-05
6.150000000000003908e+00 8.752659916850419108e+00 4.305717258368257916e-05
6.300000000000004263e+00 7.159883323633522423e+00 6.961463071186724250e-05
6.450000000000004619e+00 6.015111134170311402e+00 1.096621305890499443e-04
6.600000000000004974e+00 5.227537847160775186e+00 1.668194089620156362e-04
6.750000000000005329e+00 4.734758197313752248e+00 2.434672316738994979e-04
6.900000000000005684e+00 4.497749595342924067e+00 3.390653642274532586e-04
7.050000000000006040e+00 4.497749594494749203e+00 4.481523410388987827e-04
7.200000000000006395e+00 4.734758194710224188e+00 5.626699099328114073e-04
7.350000000000006750e+00 5.227537842602757223e+00 6.741518336514928933e-04
7.500000000000007105e+00 6.015111127325909024e+00 7.743506589036330823e-04
7.650000000000007461e+00 7.159883313968016694e+00 8.598233059786686283e-04
7.800000000000007816e+00 8.752659903618891235e+00 9.304709331662275318e-04
7.950000000000008171e+00 1.092000972121580205e+01 9.858219822862501758e-04
8.100000000000008527e+00 1.383467734710024644e+01 1.028681103851014633e-03
8.250000000000008882e+00 1.773014450144994214e+01 1.062253158063630742e-03
8.400000000000009237e+00 2.292112086981181562e+01 1.086827175064697393e-03
8.550000000000009592e+00 2.983304968537063218e+01 1.105095960844626468e-03
8.700000000000009948e+00 3.904627566350461620e+01 1.119485298625932934e-03
8.850000000000010303e+00 5.136685980018693698e+01 1.129195983866626563e-03
9.000000000000010658e+00 6.794584698798489342e+01 1.136068886106067488e-03
9.150000000000011013e+00 9.052586240085008740e+01 1.141768648623697757e-03
9.300000000000011369e+00 1.218253316083554978e+02 1.144816290797212588e-03
9.450000000000011724e+00 1.673787846139112219e+02 1.146591585475809083e-03
9.600000000000012079e+00 2.339993940228979170e+02 1.148387917503268518e-03
9.750000000000012434e+00 3.722086191898794141e+02 1.148401467389481567e-03
9.900000000000012790e+00 5.014839682870625666e+02 1.148125128273891349e-03
1.005000000000001315e+01 7.999994144555870434e+02 1.148270148385810430e-03
1.020000000000001350e+01 7.999994144555870434e+02 1.148270148385810430e-03
1.035000000000001386e+01 7.999994144555870434e+02 1.148270148385810430e-03
1.050000000000001421e+01 7.999994144555870434e+02 1.148270148385810430e-03
1.065000000000001457e+01 7.999994144555870434e+02 1.148270148385810430e-03
1.080000000000001492e+01 7.999994144555870434e+02 1.148270148385810430e-03
1.095000000000001528e+01 7.999994144555870434e+02 1.148270148385810430e-03
1.110000000000001563e+01 7.999994144555870434e+02 1.148270148385810430e-03
1.125000000000001599e+01 7.999994144555870434e+02 1.148270148385810430e-03
1.140000000000001634e+01 7.999994144555870434e+02 1.148270148385810430e-03
1.155000000000001670e+01 7.999994144555870434e+02 1.148270148385810430e-03
1.170000000000001705e+01 7.999994144555870434e+02 1.148270148385810430e-03
1.185000000000001741e+01 7.999994144555870434e+02 1.148270148385810430e-03
1.200000000000001776e+01 7.999994144555870434e+02 1.148270148385810430e-03
1.215000000000001812e+01 7.999994144555870434e+02 1.148270148385810430e-03
1.230000000000001847e+01 7.999994144555870434e+02 1.148270148385810430e-03
1.245000000000001883e+01 7.999994144555870434e+02 1.148270148385810430e-03
1.260000000000001918e+01 7.999994144555870434e+02 1.148270148385810430e-03
1.275000000000001954e+01 7.999994144555870434e+02 1.148270148385810430e-03
1.290000000000001990e+01 7.999994144555870434e+02 1.148270148385810430e-03
1.305000000000002025e+01 7.999978163356183813e+02 1.147695367179069059e-03
1.320000000000002061e+01 7.999978163356183813e+02 1.147695367179069059e-03
1.335000000000002096e+01 7.999978163356183813e+02 1.147695367179069059e-03
1.350000000000002132e+01 7.999978163356183813e+02 1.147695367179069059e-03
1.365000000000002167e+01 7.999978163356183813e+02 1.147695367179069059e-03
1.380000000000002203e+01 7.999978163356183813e+02 1.147695367179069059e-03
1.395000000000002238e+01 7.999978163356183813e+02 1.147695367179069059e-03
1.410000000000002274e+01 7.999978163356183813e+02 1.147695367179069059e-03
1.425000000000002309e+01 7.999978163356183813e+02 1.147695367179069059e-03
1.440000000000002345e+01 7.999978163356183813e+02 1.147695367179069059e-03
1.455000000000002380e+01 7.999978163356183813e+02 1.147695367179069059e-03
1.470000000000002416e+01 7.999978163356183813e+02 1.147695367179069059e-03
1.485000000000002451e+01 7.999978163356183813e+02 1.147695367179069059e-03
1.500000000000002487e+01 7.999978163356183813e+02 1.147695367179069059e-03
1.515000000000002522e+01 7.999978163356183813e+02 1.147695367179069059e-03
1.530000000000002558e+01 7.999978163356183813e+02 1.147695367179069059e-03
1.545000000000002593e+01 7.999978163356183813e+02 1.147695367179069059e-03
1.560000000000002629e+01 7.999978163356183813e+02 1.147695367179069059e-03
1.575000000000002665e+01 7.999978163356183813e+02 1.147695367179069059e-03
1.590000000000002700e+01 7.999978163356183813e+02 1.147695367179069059e-03
