1.499999999999999944e-01 7.998508415979083566e+02 1.334110599771065608e-11
2.999999999999999889e-01 7.998508415979083566e+02 1.334110599771065608e-11
4.499999999999999556e-01 7.998508415979083566e+02 1.334110599771065608e-11
5.999999999999999778e-01 7.998508415979083566e+02 1.334110599771065608e-11
7.500000000000000000e-01 7.998508415979083566e+02 1.334110599771065608e-11
9.000000000000000222e-01 7.998508415979083566e+02 1.334110599771065608e-11
1.050000000000000044e+00 7.998508415979083566e+02 1.334110599771065608e-11
1.199999999999999956e+00 7.998508415979083566e+02 1.334110599771065608e-11
1.349999999999999867e+00 7.998508415979083566e+02 1.334110599771065608e-11
1.499999999999999778e+00 7.998508415979083566e+02 1.334110599771065608e-11
1.649999999999999689e+00 7.998508415979083566e+02 1.334110599771065608e-11
1.799999999999999600e+00 7.998508415979083566e+02 1.334110599771065608e-11
1.949999999999999512e+00 7.998508415979083566e+02 1.334110599771065608e-11
2.099999999999999645e+00 7.999302760619700621e+02 1.334266030994513130e-11
2.249999999999999556e+00 7.999302760619700621e+02 1.334266030994513130e-11
2.399999999999999467e+00 7.999302760619700621e+02 1.334266030994513130e-11
2.549999999999999378e+00 7.999302760619700621e+02 1.334266030994513130e-11
2.699999999999999289e+00 7.999302760619700621e+02 1.334266030994513130e-11
2.849999999999999201e+00 7.999302760619700621e+02 1.334266030994513130e-11
2.999999999999999112e+00 7.999302760619700621e+02 1.334266030994513130e-11
3.149999999999999023e+00 7.999302760619700621e+02 1.334266030994513130e-11
3.299999999999998934e+00 7.999302760619700621e+02 1.334266030994513130e-11
3.449999999999998845e+00 7.999302760619700621e+02 1.334266030994513130e-11
3.599999999999998757e+00 7.999302760619700621e+02 1.334266030994513130e-11
3.749999999999998668e+00 7.999302760619700621e+02 1.334266030994513130e-11
3.899999999999998579e+00 7.999302760619700621e+02 1.334266030994513130e-11
4.049999999999998934e+00 4.548698358989939834e+02 1.337852051364052386e-11
4.199999999999999289e+00 2.365411043470869004e+02 1.341660116338516673e-11
4.349999999999999645e+00 8.649507431555443304e+01 1.326760923348047072e-11
4.500000000000000000e+00 3.582370205809309027e+01 1.338518185178827480e-11
4.650000000000000355e+00 1.427939946994491294e+01 1.315259012812930450e-11
4.800000000000000711e+00 5.799992710855640610e+00 1.302702390404419930e-11
4.950000000000001066e+00 2.377163322982823956e+00 1.278854799835471567e-11
5.100000000000001421e+00 1.007139088792030179e+00 1.246158731760260707e-11
5.250000000000001776e+00 4.572028243499062228e-01 1.174882413579325657e-11
5.400000000000002132e+00 2.366666809921298409e-01 1.281152961496445641e-11
5.550000000000002487e+00 1.481984057368208596e-01 2.312050551012134747e-11
5.700000000000002842e+00 1.127131331195414532e-01 6.099543092830117530e-11
5.850000000000003197e+00 9.847921490427324898e-02 1.672926241980121631e-10
6.000000000000003553e+00 9.276975982493240735e-02 4.398562625240742818e-10
6.150000000000003908e+00 9.047962420527255745e-02 1.122268056263919789e-09
6.300000000000004263e+00 8.956109171731441165e-02 2.824577682858375738e-09
6.450000000000004619e+00 8.919285909314567107e-02 7.071500496280691550e-09
6.600000000000004974e+00 8.904567045601652353e-02 1.764930523950880570e-08
6.750000000000005329e+00 8.898791833280483843e-02 4.400549402650000275e-08
6.900000000000005684e+00 8.896796383169203182e-02 1.097450736953220485e-07
7.050000000000006040e+00 8.896796406770590693e-02 2.734508650625855353e-07
7.200000000000006395e+00 8.898791833280483843e-02 6.812027197877768003e-07
7.350000000000006750e+00 8.904567045601652353e-02 1.697363169572696506e-06
7.500000000000007105e+00 8.919285862111792085e-02 4.222325761138456812e-06
7.650000000000007461e+00 8.956109195332828676e-02 1.047747659055353608e-05
7.800000000000007816e+00 9.047962278918930679e-02 2.585862524939752660e-05
7.950000000000008171e+00 9.276975699276590603e-02 6.284115071086837645e-05
8.100000000000008527e+00 9.847920853189862100e-02 1.475027165168674159e-04
8.250000000000008882e+00 1.127131191947228217e-01 3.213297822343141874e-04
8.400000000000009237e+00 1.481983710427812184e-01 6.089395434285549413e-04
8.550000000000009592e+00 2.366665946110515506e-01 9.501258934990763905e-04
8.700000000000009948e+00 4.572026092232590599e-01 1.226227448941186182e-03
8.850000000000010303e+00 1.007138552125979913e+00 1.387203105743917142e-03
9.000000000000010658e+00 2.377161986244487935e+00 1.463864337120424075e-03
9.150000000000011013e+00 5.799989368666842893e+00 1.497621996804254785e-03
9.300000000000011369e+00 1.427939120878627577e+01 1.510670737256969431e-03
9.450000000000011724e+00 3.582368092560616191e+01 1.515523572058086188e-03
9.600000000000012079e+00 8.649502563765304330e+01 1.517977100463308027e-03
9.750000000000012434e+00 2.365409511307986463e+02 1.518012417530578695e-03
9.900000000000012790e+00 4.548696535387437621e+02 1.517738404741342251e-03
1.005000000000001315e+01 7.999293581634908605e+02 1.517893339929576868e-03
1.020000000000001350e+01 7.999293581634908605e+02 1.517893339929576868e-03
1.035000000000001386e+01 7.999293581634908605e+02 1.517893339929576868e-03
1.050000000000001421e+01 7.999293581634908605e+02 1.517893339929576868e-03
1.065000000000001457e+01 7.999293581634908605e+02 1.517893339929576868e-03
1.080000000000001492e+01 7.999293581634908605e+02 1.517893339929576868e-03
1.095000000000001528e+01 7.999293581634908605e+02 1.517893339929576868e-03
1.110000000000001563e+01 7.999293581634908605e+02 1.517893339929576868e-03
1.125000000000001599e+01 7.999293581634908605e+02 1.517893339929576868e-03
1.140000000000001634e+01 7.999293581634908605e+02 1.517893339929576868e-03
1.155000000000001670e+01 7.999293581634908605e+02 1.517893339929576868e-03
1.170000000000001705e+01 7.999293581634908605e+02 1.517893339929576868e-03
1.185000000000001741e+01 7.999293581634908605e+02 1.517893339929576868e-03
1.200000000000001776e+01 7.999293581634908605e+02 1.517893339929576868e-03
1.215000000000001812e+01 7.999293581634908605e+02 1.517893339929576868e-03
1.230000000000001847e+01 7.999293581634908605e+02 1.517893339929576868e-03
1.245000000000001883e+01 7.999293581634908605e+02 1.517893339929576868e-03
1.260000000000001918e+01 7.999293581634908605e+02 1.517893339929576868e-03
1.275000000000001954e+01 7.999293581634908605e+02 1.517893339929576868e-03
1.290000000000001990e+01 7.999293581634908605e+02 1.517893339929576868e-03
1.305000000000002025e+01 7.998488779414795999e+02 1.517331141308586595e-03
1.320000000000002061e+01 7.998488779414795999e+02 1.517331141308586595e-03
1.335000000000002096e+01 7.998488779414795999e+02 1.517331141308586595e-03
1.350000000000002132e+01 7.998488779414795999e+02 1.517331141308586595e-03
1.365000000000002167e+01 7.998488779414795999e+02 1.517331141308586595e-03
1.380000000000002203e+01 7.998488779414795999e+02 1.517331141308586595e-03
1.395000000000002238e+01 7.998488779414795999e+02 1.517331141308586595e-03
1.410000000000002274e+01 7.998488779414795999e+02 1.517331141308586595e-03
1.425000000000002309e+01 7.998488779414795999e+02 1.517331141308586595e-03
1.440000000000002345e+01 7.998488779414795999e+02 1.517331141308586595e-03
1.455000000000002380e+01 7.998488779414795999e+02 1.517331141308586595e-03
1.470000000000002416e+01 7.998488779414795999e+02 1.517331141308586595e-03
1.485000000000002451e+01 7.998488779414795999e+02 1.517331141308586595e-03
1.500000000000002487e+01 7.998488779414795999e+02 1.517331141308586595e-03
1.515000000000002522e+01 7.998488779414795999e+02 1.517331141308586595e-03
1.530000000000002558e+01 7.998488779414795999e+02 1.517331141308586595e-03
1.545000000000002593e+01 7.998488779414795999e+02 1.517331141308586595e-03
1.560000000000002629e+01 7.998488779414795999e+02 1.517331141308586595e-03
1.575000000000002665e+01 7.998488779414795999e+02 1.517331141308586595e-03
1.590000000000002700e+01 7.998488779414795999e+02 1.517331141308586595e-03
