1.499999999999999944e-01 7.999995873617006055e+02 3.644880384823245834e-05
2.999999999999999889e-01 7.999995873617006055e+02 3.644880384823245834e-05
4.499999999999999556e-01 7.999995873617006055e+02 3.644880384823245834e-05
5.999999999999999778e-01 7.999995873617006055e+02 3.644880384823245834e-05
7.500000000000000000e-01 7.999995873617006055e+02 3.644880384823245834e-05
9.000000000000000222e-01 7.999995873617006055e+02 3.644880384823245834e-05
1.050000000000000044e+00 7.999995873617006055e+02 3.644880384823245834e-05
1.199999999999999956e+00 7.999995873617006055e+02 3.644880384823245834e-05
1.349999999999999867e+00 7.999995873617006055e+02 3.644880384823245834e-05
1.499999999999999778e+00 7.999995873617006055e+02 3.644880384823245834e-05
1.649999999999999689e+00 7.999995873617006055e+02 3.644880384823245834e-05
1.799999999999999600e+00 7.999995873617006055e+02 3.644880384823245834e-05
1.949999999999999512e+00 7.999995873617006055e+02 3.644880384823245834e-05
2.099999999999999645e+00 7.999999105944431221e+02 3.648193108840569465e-05
2.249999999999999556e+00 7.999999105944431221e+02 3.648193108840569465e-05
2.399999999999999467e+00 7.999999105944431221e+02 3.648193108840569465e-05
2.549999999999999378e+00 7.999999105944431221e+02 3.648193108840569465e-05
2.699999999999999289e+00 7.999999105944431221e+02 3.648193108840569465e-05
2.849999999999999201e+00 7.999999105944431221e+02 3.648193108840569465e-05
2.999999999999999112e+00 7.999999105944431221e+02 3.648193108840569465e-05
3.149999999999999023e+00 7.999999105944431221e+02 3.648193108840569465e-05
3.299999999999998934e+00 7.999999105944431221e+02 3.648193108840569465e-05
3.449999999999998845e+00 7.999999105944431221e+02 3.648193108840569465e-05
3.599999999999998757e+00 7.999999105944431221e+02 3.648193108840569465e-05
3.749999999999998668e+00 7.999999105944431221e+02 3.648193108840569465e-05
3.899999999999998579e+00 7.999999105944431221e+02 3.648193108840569465e-05
4.049999999999998934e+00 5.084698638181457682e+02 3.684713956408902646e-05
4.199999999999999289e+00 4.136879916447322785e+02 3.872272691018974200e-05
4.349999999999999645e+00 3.116456936718434463e+02 4.338061447994867592e-05
4.500000000000000000e+00 2.734198617570035594e+02 4.997913732784908802e-05
4.650000000000000355e+00 2.518302085907505159e+02 5.852570595044070956e-05
4.800000000000000711e+00 2.401811424400727049e+02 6.809026851239963207e-05
4.950000000000001066e+00 2.335587940747585947e+02 7.840370157730092160e-05
5.100000000000001421e+00 2.297594090484258231e+02 8.937957931831608249e-05
5.250000000000001776e+00 2.275562922321490760e+02 1.004152063620589175e-04
5.400000000000002132e+00 2.262726671415426267e+02 1.115823120232395382e-04
5.550000000000002487e+00 2.255224294730223278e+02 1.231090067689288858e-04
5.700000000000002842e+00 2.250831859601692884e+02 1.343738476768940870e-04
5.850000000000003197e+00 2.248257739713064893e+02 1.456235597495636469e-04
6.000000000000003553e+00 2.246748673671915810e+02 1.572265842563203009e-04
6.150000000000003908e+00 2.245864310918327078e+02 1.684279012534872777e-04
6.300000000000004263e+00 2.245347021215384302e+02 1.795781369505755620e-04
6.450000000000004619e+00 2.245046255890580937e+02 1.911408348970189408e-04
6.600000000000004974e+00 2.244874531987788373e+02 2.022012325690880630e-04
6.750000000000005329e+00 2.244781916978430161e+02 2.131975620072168454e-04
6.900000000000005684e+00 2.244741485954832569e+02 2.246780240905410508e-04
7.050000000000006040e+00 2.244741485954809548e+02 2.355642359853638013e-04
7.200000000000006395e+00 2.244781916978347169e+02 2.463778112146153276e-04
7.350000000000006750e+00 2.244874531987631769e+02 2.577483245528311429e-04
7.500000000000007105e+00 2.245046255890314626e+02 2.684345050717462655e-04
7.650000000000007461e+00 2.245347021214934955e+02 2.790389658737790768e-04
7.800000000000007816e+00 2.245864310917574471e+02 2.902698349815935330e-04
7.950000000000008171e+00 2.246748673670659855e+02 3.007234895440191735e-04
8.100000000000008527e+00 2.248257739710957139e+02 3.110789965639071397e-04
8.250000000000008882e+00 2.250831859598139033e+02 3.221160043613835455e-04
8.400000000000009237e+00 2.255224294724209813e+02 3.322627052847471063e-04
8.550000000000009592e+00 2.262726671405210084e+02 3.422580933969410211e-04
8.700000000000009948e+00 2.275562922304058304e+02 3.529258784410460592e-04
8.850000000000010303e+00 2.297594090454354330e+02 3.624896790842546679e-04
9.000000000000010658e+00 2.335587940695925795e+02 3.716803554461023396e-04
9.150000000000011013e+00 2.401811424310209588e+02 3.812597281445118114e-04
9.300000000000011369e+00 2.518302085747110084e+02 3.891052363712566020e-04
9.450000000000011724e+00 2.734198617265371354e+02 3.957818377907651453e-04
9.600000000000012079e+00 3.116456936179426975e+02 4.017378712828367782e-04
9.750000000000012434e+00 4.136879914798006439e+02 4.048133503155026958e-04
9.900000000000012790e+00 5.084698636993196033e+02 4.056970827865935547e-04
1.005000000000001315e+01 7.999999088614237053e+02 4.060608386690089944e-04
1.020000000000001350e+01 7.999999088614237053e+02 4.060608386690089944e-04
1.035000000000001386e+01 7.999999088614237053e+02 4.060608386690089944e-04
1.050000000000001421e+01 7.999999088614237053e+02 4.060608386690089944e-04
1.065000000000001457e+01 7.999999088614237053e+02 4.060608386690089944e-04
1.080000000000001492e+01 7.999999088614237053e+02 4.060608386690089944e-04
1.095000000000001528e+01 7.999999088614237053e+02 4.060608386690089944e-04
1.110000000000001563e+01 7.999999088614237053e+02 4.060608386690089944e-04
1.125000000000001599e+01 7.999999088614237053e+02 4.060608386690089944e-04
1.140000000000001634e+01 7.999999088614237053e+02 4.060608386690089944e-04
1.155000000000001670e+01 7.999999088614237053e+02 4.060608386690089944e-04
1.170000000000001705e+01 7.999999088614237053e+02 4.060608386690089944e-04
1.185000000000001741e+01 7.999999088614237053e+02 4.060608386690089944e-04
1.200000000000001776e+01 7.999999088614237053e+02 4.060608386690089944e-04
1.215000000000001812e+01 7.999999088614237053e+02 4.060608386690089944e-04
1.230000000000001847e+01 7.999999088614237053e+02 4.060608386690089944e-04
1.245000000000001883e+01 7.999999088614237053e+02 4.060608386690089944e-04
1.260000000000001918e+01 7.999999088614237053e+02 4.060608386690089944e-04
1.275000000000001954e+01 7.999999088614237053e+02 4.060608386690089944e-04
1.290000000000001990e+01 7.999999088614237053e+02 4.060608386690089944e-04
1.305000000000002025e+01 7.999995793632029972e+02 4.055270209585293273e-04
1.320000000000002061e+01 7.999995793632029972e+02 4.055270209585293273e-04
1.335000000000002096e+01 7.999995793632029972e+02 4.055270209585293273e-04
1.350000000000002132e+01 7.999995793632029972e+02 4.055270209585293273e-04
1.365000000000002167e+01 7.999995793632029972e+02 4.055270209585293273e-04
1.380000000000002203e+01 7.999995793632029972e+02 4.055270209585293273e-04
1.395000000000002238e+01 7.999995793632029972e+02 4.055270209585293273e-04
1.410000000000002274e+01 7.999995793632029972e+02 4.055270209585293273e-04
1.425000000000002309e+01 7.999995793632029972e+02 4.055270209585293273e-04
1.440000000000002345e+01 7.999995793632029972e+02 4.055270209585293273e-04
1.455000000000002380e+01 7.999995793632029972e+02 4.055270209585293273e-04
1.470000000000002416e+01 7.999995793632029972e+02 4.055270209585293273e-04
1.485000000000002451e+01 7.999995793632029972e+02 4.055270209585293273e-04
1.500000000000002487e+01 7.999995793632029972e+02 4.055270209585293273e-04
1.515000000000002522e+01 7.999995793632029972e+02 4.055270209585293273e-04
1.530000000000002558e+01 7.999995793632029972e+02 4.055270209585293273e-04
1.545000000000002593e+01 7.999995793632029972e+02 4.055270209585293273e-04
1.560000000000002629e+01 7.999995793632029972e+02 4.055270209585293273e-04
1.575000000000002665e+01 7.999995793632029972e+02 4.055270209585293273e-04
1.590000000000002700e+01 7.999995793632029972e+02 4.055270209585293273e-04
