1.499999999999999944e-01 7.995329339217497591e+02 3.655076241670940362e-12
2.999999999999999889e-01 7.995329339217497591e+02 3.655076241670940362e-12
4.499999999999999556e-01 7.995329339217497591e+02 3.655076241670940362e-12
5.999999999999999778e-01 7.995329339217497591e+02 3.655076241670940362e-12
7.500000000000000000e-01 7.995329339217497591e+02 3.655076241670940362e-12
9.000000000000000222e-01 7.995329339217497591e+02 3.655076241670940362e-12
1.050000000000000044e+00 7.995329339217497591e+02 3.655076241670940362e-12
1.199999999999999956e+00 7.995329339217497591e+02 3.655076241670940362e-12
1.349999999999999867e+00 7.995329339217497591e+02 3.655076241670940362e-12
1.499999999999999778e+00 7.995329339217497591e+02 3.655076241670940362e-12
1.649999999999999689e+00 7.995329339217497591e+02 3.655076241670940362e-12
1.799999999999999600e+00 7.995329339217497591e+02 3.655076241670940362e-12
1.949999999999999512e+00 7.995329339217497591e+02 3.655076241670940362e-12
2.099999999999999645e+00 7.997471346618268626e+02 3.671174475528005132e-12
2.249999999999999556e+00 7.997471346618268626e+02 3.671174475528005132e-12
2.399999999999999467e+00 7.997471346618268626e+02 3.671174475528005132e-12
2.549999999999999378e+00 7.997471346618268626e+02 3.671174475528005132e-12
2.699999999999999289e+00 7.997471346618268626e+02 3.671174475528005132e-12
2.849999999999999201e+00 7.997471346618268626e+02 3.671174475528005132e-12
2.999999999999999112e+00 7.997471346618268626e+02 3.671174475528005132e-12
3.149999999999999023e+00 7.997471346618268626e+02 3.671174475528005132e-12
3.299999999999998934e+00 7.997471346618268626e+02 3.671174475528005132e-12
3.449999999999998845e+00 7.997471346618268626e+02 3.671174475528005132e-12
3.599999999999998757e+00 7.997471346618268626e+02 3.671174475528005132e-12
3.749999999999998668e+00 7.997471346618268626e+02 3.671174475528005132e-12
3.899999999999998579e+00 7.997471346618268626e+02 3.671174475528005132e-12
4.049999999999998934e+00 4.288785998181942887e+02 3.660294289886678598e-12
4.199999999999999289e+00 1.973437715148746179e+02 3.649303081942889548e-12
4.349999999999999645e+00 6.196863910576389145e+01 3.655853397788177972e-12
4.500000000000000000e+00 2.248769916686320514e+01 3.716138508025323972e-12
4.650000000000000355e+00 7.838974848411325524e+00 3.490874256328879710e-12
4.800000000000000711e+00 2.876800175221418954e+00 3.398725745284991717e-12
4.950000000000001066e+00 1.140611713662281090e+00 3.036793039257190685e-12
5.100000000000001421e+00 5.404354825615200753e-01 2.169375790117555880e-12
5.250000000000001776e+00 3.320302747249570530e-01 1.237898672457049543e-12
5.400000000000002132e+00 2.597843014227692038e-01 6.558087406460799684e-13
5.550000000000002487e+00 2.347238864024348004e-01 3.876898801991046639e-13
5.700000000000002842e+00 2.260330290002912079e-01 2.802202914153895108e-13
5.850000000000003197e+00 2.230188136684319034e-01 4.944933351680447231e-13
6.000000000000003553e+00 2.219734392995178496e-01 1.077693490003639454e-12
6.150000000000003908e+00 2.216108842251287570e-01 3.380407065378676634e-12
6.300000000000004263e+00 2.214851464170806139e-01 9.544698365004933294e-12
6.450000000000004619e+00 2.214415463938621542e-01 2.733080428640732862e-11
6.600000000000004974e+00 2.214264484682644252e-01 7.849354499711580502e-11
6.750000000000005329e+00 2.214212787023370765e-01 2.259430420537000828e-10
6.900000000000005684e+00 2.214196784102568927e-01 6.519609296873341009e-10
7.050000000000006040e+00 2.214196781742430176e-01 1.876190980354408566e-09
7.200000000000006395e+00 2.214212788203440141e-01 5.399724112287174194e-09
7.350000000000006750e+00 2.214264482322505501e-01 1.557729945034225238e-08
7.500000000000007105e+00 2.214415465118690918e-01 4.482965043628439616e-08
7.650000000000007461e+00 2.214851464170806139e-01 1.289989267627689173e-07
7.800000000000007816e+00 2.216108836350940692e-01 3.719403075530536285e-07
7.950000000000008171e+00 2.219734380014415365e-01 1.068733338271954381e-06
8.100000000000008527e+00 2.230188106002515269e-01 3.061497099277055156e-06
8.250000000000008882e+00 2.260330200317639537e-01 8.714436430357075380e-06
8.400000000000009237e+00 2.347238611489501636e-01 2.415204833738915369e-05
8.550000000000009592e+00 2.597842286124887323e-01 6.280869158925561635e-05
8.700000000000009948e+00 3.320300645546012674e-01 1.417578247823181314e-04
8.850000000000010303e+00 5.404348764778887926e-01 2.507260151582979546e-04
9.000000000000010658e+00 1.140609969254228417e+00 3.416713384175595891e-04
9.150000000000011013e+00 2.876795124310604024e+00 3.915486071921492339e-04
9.300000000000011369e+00 7.838960449116299856e+00 4.114780735650080956e-04
9.450000000000011724e+00 2.248765637034092890e+01 4.184727803502319432e-04
9.600000000000012079e+00 6.196852602241642671e+01 4.214224145838718627e-04
9.750000000000012434e+00 1.973433644760333152e+02 4.215516251450113216e-04
9.900000000000012790e+00 4.288780069388867560e+02 4.212950886628430425e-04
1.005000000000001315e+01 7.997446052371504948e+02 4.214529343564699104e-04
1.020000000000001350e+01 7.997446052371504948e+02 4.214529343564699104e-04
1.035000000000001386e+01 7.997446052371504948e+02 4.214529343564699104e-04
1.050000000000001421e+01 7.997446052371504948e+02 4.214529343564699104e-04
1.065000000000001457e+01 7.997446052371504948e+02 4.214529343564699104e-04
1.080000000000001492e+01 7.997446052371504948e+02 4.214529343564699104e-04
1.095000000000001528e+01 7.997446052371504948e+02 4.214529343564699104e-04
1.110000000000001563e+01 7.997446052371504948e+02 4.214529343564699104e-04
1.125000000000001599e+01 7.997446052371504948e+02 4.214529343564699104e-04
1.140000000000001634e+01 7.997446052371504948e+02 4.214529343564699104e-04
1.155000000000001670e+01 7.997446052371504948e+02 4.214529343564699104e-04
1.170000000000001705e+01 7.997446052371504948e+02 4.214529343564699104e-04
1.185000000000001741e+01 7.997446052371504948e+02 4.214529343564699104e-04
1.200000000000001776e+01 7.997446052371504948e+02 4.214529343564699104e-04
1.215000000000001812e+01 7.997446052371504948e+02 4.214529343564699104e-04
1.230000000000001847e+01 7.997446052371504948e+02 4.214529343564699104e-04
1.245000000000001883e+01 7.997446052371504948e+02 4.214529343564699104e-04
1.260000000000001918e+01 7.997446052371504948e+02 4.214529343564699104e-04
1.275000000000001954e+01 7.997446052371504948e+02 4.214529343564699104e-04
1.290000000000001990e+01 7.997446052371504948e+02 4.214529343564699104e-04
1.305000000000002025e+01 7.995282616956720858e+02 4.208971800326866131e-04
1.320000000000002061e+01 7.995282616956720858e+02 4.208971800326866131e-04
1.335000000000002096e+01 7.995282616956720858e+02 4.208971800326866131e-04
1.350000000000002132e+01 7.995282616956720858e+02 4.208971800326866131e-04
1.365000000000002167e+01 7.995282616956720858e+02 4.208971800326866131e-04
1.380000000000002203e+01 7.995282616956720858e+02 4.208971800326866131e-04
1.395000000000002238e+01 7.995282616956720858e+02 4.208971800326866131e-04
1.410000000000002274e+01 7.995282616956720858e+02 4.208971800326866131e-04
1.425000000000002309e+01 7.995282616956720858e+02 4.208971800326866131e-04
1.440000000000002345e+01 7.995282616956720858e+02 4.208971800326866131e-04
1.455000000000002380e+01 7.995282616956720858e+02 4.208971800326866131e-04
1.470000000000002416e+01 7.995282616956720858e+02 4.208971800326866131e-04
1.485000000000002451e+01 7.995282616956720858e+02 4.208971800326866131e-04
1.500000000000002487e+01 7.995282616956720858e+02 4.208971800326866131e-04
1.515000000000002522e+01 7.995282616956720858e+02 4.208971800326866131e-04
1.530000000000002558e+01 7.995282616956720858e+02 4.208971800326866131e-04
1.545000000000002593e+01 7.995282616956720858e+02 4.208971800326866131e-04
1.560000000000002629e+01 7.995282616956720858e+02 4.208971800326866131e-04
1.575000000000002665e+01 7.995282616956720858e+02 4.208971800326866131e-04
1.590000000000002700e+01 7.995282616956720858e+02 4.208971800326866131e-04
