1.499999999999999944e-01 7.999965914595052254e+02 1.413695716045992867e-09
2.999999999999999889e-01 7.999965914595052254e+02 1.413695716045992867e-09
4.499999999999999556e-01 7.999965914595052254e+02 1.413695716045992867e-09
5.999999999999999778e-01 7.999965914595052254e+02 1.413695716045992867e-09
7.500000000000000000e-01 7.999965914595052254e+02 1.413695716045992867e-09
9.000000000000000222e-01 7.999965914595052254e+02 1.413695716045992867e-09
1.050000000000000044e+00 7.999965914595052254e+02 1.413695716045992867e-09
1.199999999999999956e+00 7.999965914595052254e+02 1.413695716045992867e-09
1.349999999999999867e+00 7.999965914595052254e+02 1.413695716045992867e-09
1.499999999999999778e+00 7.999965914595052254e+02 1.413695716045992867e-09
1.649999999999999689e+00 7.999965914595052254e+02 1.413695716045992867e-09
1.799999999999999600e+00 7.999965914595052254e+02 1.413695716045992867e-09
1.949999999999999512e+00 7.999965914595052254e+02 1.413695716045992867e-09
2.099999999999999645e+00 7.999990282173810101e+02 1.414981909420021111e-09
2.249999999999999556e+00 7.999990282173810101e+02 1.414981909420021111e-09
2.399999999999999467e+00 7.999990282173810101e+02 1.414981909420021111e-09
2.549999999999999378e+00 7.999990282173810101e+02 1.414981909420021111e-09
2.699999999999999289e+00 7.999990282173810101e+02 1.414981909420021111e-09
2.849999999999999201e+00 7.999990282173810101e+02 1.414981909420021111e-09
2.999999999999999112e+00 7.999990282173810101e+02 1.414981909420021111e-09
3.149999999999999023e+00 7.999990282173810101e+02 1.414981909420021111e-09
3.299999999999998934e+00 7.999990282173810101e+02 1.414981909420021111e-09
3.449999999999998845e+00 7.999990282173810101e+02 1.414981909420021111e-09
3.599999999999998757e+00 7.999990282173810101e+02 1.414981909420021111e-09
3.749999999999998668e+00 7.999990282173810101e+02 1.414981909420021111e-09
3.899999999999998579e+00 7.999990282173810101e+02 1.414981909420021111e-09
4.049999999999998934e+00 4.987583476871267862e+02 1.430253915302159839e-09
4.199999999999999289e+00 3.588066254611735530e+02 1.519699366347992964e-09
4.349999999999999645e+00 2.127291282460836896e+02 1.837417773487004524e-09
4.500000000000000000e+00 1.423258354686654457e+02 2.585883507322250807e-09
4.650000000000000355e+00 9.584025861938609125e+01 4.316434321083306713e-09
4.800000000000000711e+00 6.560523616406166525e+01 8.060193290582162717e-09
4.950000000000001066e+00 4.528115045560856800e+01 1.603827226581699961e-08
5.100000000000001421e+00 3.152930448799811813e+01 3.282716964925214143e-08
5.250000000000001776e+00 2.217631313566411677e+01 6.739868974037221960e-08
5.400000000000002132e+00 1.580248269301199215e+01 1.374802525155871535e-07
5.550000000000002487e+00 1.145467631106139805e+01 2.770409208707746984e-07
5.700000000000002842e+00 8.488205099363767658e+00 5.454332796528404970e-07
5.850000000000003197e+00 6.464945038555647727e+00 1.045176567182615202e-06
6.000000000000003553e+00 5.086695476797359561e+00 1.943359948630707379e-06
6.150000000000003908e+00 4.150538295943519529e+00 3.476556852621826010e-06
6.300000000000004263e+00 3.518723653718467403e+00 5.985947656772516723e-06
6.450000000000004619e+00 3.098313574579222518e+00 9.945715911285901711e-06
6.600000000000004974e+00 2.827478334044812414e+00 1.590810519469521012e-05
6.750000000000005329e+00 2.666390404711478368e+00 2.462335226560696810e-05
6.900000000000005684e+00 2.591362524918224608e+00 3.706608871789640602e-05
7.050000000000006040e+00 2.591362524505200327e+00 5.410363322644329287e-05
7.200000000000006395e+00 2.666390403516658125e+00 7.675026470432833037e-05
7.350000000000006750e+00 2.827478331876434936e+00 1.058854589982560768e-04
7.500000000000007105e+00 3.098313571090642426e+00 1.410456908520485442e-04
7.650000000000007461e+00 3.518723648408155213e+00 1.812804763333675240e-04
7.800000000000007816e+00 4.150538288051805580e+00 2.248373246228618783e-04
7.950000000000008171e+00 5.086695465136799044e+00 2.677906178053524044e-04
8.100000000000008527e+00 6.464945021422515481e+00 3.075620242199983423e-04
8.250000000000008882e+00 8.488205074257791694e+00 3.427251668851605260e-04
8.400000000000009237e+00 1.145467627427273527e+01 3.707558570326119352e-04
8.550000000000009592e+00 1.580248263910494799e+01 3.923810416149864366e-04
8.700000000000009948e+00 2.217631305664556507e+01 4.092550895188340476e-04
8.850000000000010303e+00 3.152930437198347136e+01 4.205840733902954653e-04
9.000000000000010658e+00 4.528115028479998472e+01 4.283064285385274061e-04
9.150000000000011013e+00 6.560523591073719274e+01 4.343225665314198736e-04
9.300000000000011369e+00 9.584025824042801389e+01 4.374040977701554311e-04
9.450000000000011724e+00 1.423258348741921111e+02 4.390832892572360535e-04
9.600000000000012079e+00 2.127291273410871213e+02 4.407643508121950049e-04
9.750000000000012434e+00 3.588066233037214374e+02 4.406961370867490402e-04
9.900000000000012790e+00 4.987583460474795629e+02 4.403972037588799182e-04
1.005000000000001315e+01 7.999990121424625613e+02 4.405392192785573258e-04
1.020000000000001350e+01 7.999990121424625613e+02 4.405392192785573258e-04
1.035000000000001386e+01 7.999990121424625613e+02 4.405392192785573258e-04
1.050000000000001421e+01 7.999990121424625613e+02 4.405392192785573258e-04
1.065000000000001457e+01 7.999990121424625613e+02 4.405392192785573258e-04
1.080000000000001492e+01 7.999990121424625613e+02 4.405392192785573258e-04
1.095000000000001528e+01 7.999990121424625613e+02 4.405392192785573258e-04
1.110000000000001563e+01 7.999990121424625613e+02 4.405392192785573258e-04
1.125000000000001599e+01 7.999990121424625613e+02 4.405392192785573258e-04
1.140000000000001634e+01 7.999990121424625613e+02 4.405392192785573258e-04
1.155000000000001670e+01 7.999990121424625613e+02 4.405392192785573258e-04
1.170000000000001705e+01 7.999990121424625613e+02 4.405392192785573258e-04
1.185000000000001741e+01 7.999990121424625613e+02 4.405392192785573258e-04
1.200000000000001776e+01 7.999990121424625613e+02 4.405392192785573258e-04
1.215000000000001812e+01 7.999990121424625613e+02 4.405392192785573258e-04
1.230000000000001847e+01 7.999990121424625613e+02 4.405392192785573258e-04
1.245000000000001883e+01 7.999990121424625613e+02 4.405392192785573258e-04
1.260000000000001918e+01 7.999990121424625613e+02 4.405392192785573258e-04
1.275000000000001954e+01 7.999990121424625613e+02 4.405392192785573258e-04
1.290000000000001990e+01 7.999990121424625613e+02 4.405392192785573258e-04
1.305000000000002025e+01 7.999965350765145331e+02 4.399661849421310222e-04
1.320000000000002061e+01 7.999965350765145331e+02 4.399661849421310222e-04
1.335000000000002096e+01 7.999965350765145331e+02 4.399661849421310222e-04
1.350000000000002132e+01 7.999965350765145331e+02 4.399661849421310222e-04
1.365000000000002167e+01 7.999965350765145331e+02 4.399661849421310222e-04
1.380000000000002203e+01 7.999965350765145331e+02 4.399661849421310222e-04
1.395000000000002238e+01 7.999965350765145331e+02 4.399661849421310222e-04
1.410000000000002274e+01 7.999965350765145331e+02 4.399661849421310222e-04
1.425000000000002309e+01 7.999965350765145331e+02 4.399661849421310222e-04
1.440000000000002345e+01 7.999965350765145331e+02 4.399661849421310222e-04
1.455000000000002380e+01 7.999965350765145331e+02 4.399661849421310222e-04
1.470000000000002416e+01 7.999965350765145331e+02 4.399661849421310222e-04
1.485000000000002451e+01 7.999965350765145331e+02 4.399661849421310222e-04
1.500000000000002487e+01 7.999965350765145331e+02 4.399661849421310222e-04
1.515000000000002522e+01 7.999965350765145331e+02 4.399661849421310222e-04
1.530000000000002558e+01 7.999965350765145331e+02 4.399661849421310222e-04
1.545000000000002593e+01 7.999965350765145331e+02 4.399661849421310222e-04
1.560000000000002629e+01 7.999965350765145331e+02 4.399661849421310222e-04
1.575000000000002665e+01 7.999965350765145331e+02 4.399661849421310222e-04
1.590000000000002700e+01 7.999965350765145331e+02 4.399661849421310222e-04
