1.499999999999999944e-01 7.999684104090889605e+02 3.510924884153610037e-11
2.999999999999999889e-01 7.999684104090889605e+02 3.510924884153610037e-11
4.499999999999999556e-01 7.999684104090889605e+02 3.510924884153610037e-11
5.999999999999999778e-01 7.999684104090889605e+02 3.510924884153610037e-11
7.500000000000000000e-01 7.999684104090889605e+02 3.510924884153610037e-11
9.000000000000000222e-01 7.999684104090889605e+02 3.510924884153610037e-11
1.050000000000000044e+00 7.999684104090889605e+02 3.510924884153610037e-11
1.199999999999999956e+00 7.999684104090889605e+02 3.510924884153610037e-11
1.349999999999999867e+00 7.999684104090889605e+02 3.510924884153610037e-11
1.499999999999999778e+00 7.999684104090889605e+02 3.510924884153610037e-11
1.649999999999999689e+00 7.999684104090889605e+02 3.510924884153610037e-11
1.799999999999999600e+00 7.999684104090889605e+02 3.510924884153610037e-11
1.949999999999999512e+00 7.999684104090889605e+02 3.510924884153610037e-11
2.099999999999999645e+00 7.999879393313581204e+02 3.518896285470418661e-11
2.249999999999999556e+00 7.999879393313581204e+02 3.518896285470418661e-11
2.399999999999999467e+00 7.999879393313581204e+02 3.518896285470418661e-11
2.549999999999999378e+00 7.999879393313581204e+02 3.518896285470418661e-11
2.699999999999999289e+00 7.999879393313581204e+02 3.518896285470418661e-11
2.849999999999999201e+00 7.999879393313581204e+02 3.518896285470418661e-11
2.999999999999999112e+00 7.999879393313581204e+02 3.518896285470418661e-11
3.149999999999999023e+00 7.999879393313581204e+02 3.518896285470418661e-11
3.299999999999998934e+00 7.999879393313581204e+02 3.518896285470418661e-11
3.449999999999998845e+00 7.999879393313581204e+02 3.518896285470418661e-11
3.599999999999998757e+00 7.999879393313581204e+02 3.518896285470418661e-11
3.749999999999998668e+00 7.999879393313581204e+02 3.518896285470418661e-11
3.899999999999998579e+00 7.999879393313581204e+02 3.518896285470418661e-11
4.049999999999998934e+00 4.789055321520733628e+02 3.524702751889208230e-11
4.199999999999999289e+00 2.889556755189733508e+02 3.521083424828930220e-11
4.349999999999999645e+00 1.291108300109127924e+02 3.518951796621649919e-11
4.500000000000000000e+00 6.447953642308544886e+01 3.494970979289746538e-11
4.650000000000000355e+00 3.144883378704989241e+01 3.500588707794349830e-11
4.800000000000000711e+00 1.555877847633466970e+01 3.537925508112493844e-11
4.950000000000001066e+00 7.764274763860264272e+00 3.683775506857500659e-11
5.100000000000001421e+00 3.960057701040639699e+00 4.398148512052557635e-11
5.250000000000001776e+00 2.100343754827235898e+00 7.477640728836831840e-11
5.400000000000002132e+00 1.191602467245218122e+00 1.877188404719731807e-10
5.550000000000002487e+00 7.474896106494384185e-01 5.492694077346982340e-10
5.700000000000002842e+00 5.304544526559311635e-01 1.537957650121768438e-09
5.850000000000003197e+00 4.243901509640863878e-01 3.902151157753053212e-09
6.000000000000003553e+00 3.725583916159393993e-01 9.081954965850513872e-09
6.150000000000003908e+00 3.472318191463727999e-01 1.990732767520597690e-08
6.300000000000004263e+00 3.348620620699875872e-01 4.218439397796203139e-08
6.450000000000004619e+00 3.288319513414990070e-01 8.791204442193389923e-08
6.600000000000004974e+00 3.259156962826637027e-01 1.812759089503401810e-07
6.750000000000005329e+00 3.245532540295243962e-01 3.720349230906805360e-07
6.900000000000005684e+00 3.240157903703675402e-01 7.626356627321584369e-07
7.050000000000006040e+00 3.240157903703675402e-01 1.558626367303972415e-06
7.200000000000006395e+00 3.245532540295243962e-01 3.180146945891415555e-06
7.350000000000006750e+00 3.259156960466498276e-01 6.480993606894358550e-06
7.500000000000007105e+00 3.288319509874781943e-01 1.312797833619150367e-05
7.650000000000007461e+00 3.348620610079251492e-01 2.634698384840206131e-05
7.800000000000007816e+00 3.472318170812513927e-01 5.199852726167630834e-05
7.950000000000008171e+00 3.725583873086861786e-01 9.904697429974351763e-05
8.100000000000008527e+00 4.243901422905764775e-01 1.777031930624284328e-04
8.250000000000008882e+00 5.304544347778801239e-01 2.909553322069102776e-04
8.400000000000009237e+00 7.474895742737999171e-01 4.219819418829207081e-04
8.550000000000009592e+00 1.191602392753338790e+00 5.409965526186333307e-04
8.700000000000009948e+00 2.100343602377023444e+00 6.281222597787072814e-04
8.850000000000010303e+00 3.960057389000795069e+00 6.808939662872326437e-04
9.000000000000010658e+00 7.764274125649244240e+00 7.096504491419519667e-04
9.150000000000011013e+00 1.555877716797515831e+01 7.251706234280286267e-04
9.300000000000011369e+00 3.144883112378174417e+01 7.320416452681888231e-04
9.450000000000011724e+00 6.447953084733693174e+01 7.350007923061507853e-04
9.600000000000012079e+00 1.291108192979691864e+02 7.369866187386664436e-04
9.750000000000012434e+00 2.889556467467839980e+02 7.369362084234110100e-04
9.900000000000012790e+00 4.789055050170856020e+02 7.366445544358946051e-04
1.005000000000001315e+01 7.999877622374626753e+02 7.367939748308405257e-04
1.020000000000001350e+01 7.999877622374626753e+02 7.367939748308405257e-04
1.035000000000001386e+01 7.999877622374626753e+02 7.367939748308405257e-04
1.050000000000001421e+01 7.999877622374626753e+02 7.367939748308405257e-04
1.065000000000001457e+01 7.999877622374626753e+02 7.367939748308405257e-04
1.080000000000001492e+01 7.999877622374626753e+02 7.367939748308405257e-04
1.095000000000001528e+01 7.999877622374626753e+02 7.367939748308405257e-04
1.110000000000001563e+01 7.999877622374626753e+02 7.367939748308405257e-04
1.125000000000001599e+01 7.999877622374626753e+02 7.367939748308405257e-04
1.140000000000001634e+01 7.999877622374626753e+02 7.367939748308405257e-04
1.155000000000001670e+01 7.999877622374626753e+02 7.367939748308405257e-04
1.170000000000001705e+01 7.999877622374626753e+02 7.367939748308405257e-04
1.185000000000001741e+01 7.999877622374626753e+02 7.367939748308405257e-04
1.200000000000001776e+01 7.999877622374626753e+02 7.367939748308405257e-04
1.215000000000001812e+01 7.999877622374626753e+02 7.367939748308405257e-04
1.230000000000001847e+01 7.999877622374626753e+02 7.367939748308405257e-04
1.245000000000001883e+01 7.999877622374626753e+02 7.367939748308405257e-04
1.260000000000001918e+01 7.999877622374626753e+02 7.367939748308405257e-04
1.275000000000001954e+01 7.999877622374626753e+02 7.367939748308405257e-04
1.290000000000001990e+01 7.999877622374626753e+02 7.367939748308405257e-04
1.305000000000002025e+01 7.999679465595432930e+02 7.362262846764000557e-04
1.320000000000002061e+01 7.999679465595432930e+02 7.362262846764000557e-04
1.335000000000002096e+01 7.999679465595432930e+02 7.362262846764000557e-04
1.350000000000002132e+01 7.999679465595432930e+02 7.362262846764000557e-04
1.365000000000002167e+01 7.999679465595432930e+02 7.362262846764000557e-04
1.380000000000002203e+01 7.999679465595432930e+02 7.362262846764000557e-04
1.395000000000002238e+01 7.999679465595432930e+02 7.362262846764000557e-04
1.410000000000002274e+01 7.999679465595432930e+02 7.362262846764000557e-04
1.425000000000002309e+01 7.999679465595432930e+02 7.362262846764000557e-04
1.440000000000002345e+01 7.999679465595432930e+02 7.362262846764000557e-04
1.455000000000002380e+01 7.999679465595432930e+02 7.362262846764000557e-04
1.470000000000002416e+01 7.999679465595432930e+02 7.362262846764000557e-04
1.485000000000002451e+01 7.999679465595432930e+02 7.362262846764000557e-04
1.500000000000002487e+01 7.999679465595432930e+02 7.362262846764000557e-04
1.515000000000002522e+01 7.999679465595432930e+02 7.362262846764000557e-04
1.530000000000002558e+01 7.999679465595432930e+02 7.362262846764000557e-04
1.545000000000002593e+01 7.999679465595432930e+02 7.362262846764000557e-04
1.560000000000002629e+01 7.999679465595432930e+02 7.362262846764000557e-04
1.575000000000002665e+01 7.999679465595432930e+02 7.362262846764000557e-04
1.590000000000002700e+01 7.999679465595432930e+02 7.362262846764000557e-04
