1.499999999999999944e-01 7.999999991145738250e+02 2.130493883236717068e-04
2.999999999999999889e-01 7.999999991145738250e+02 2.130493883236717068e-04
4.499999999999999556e-01 7.999999991145738250e+02 2.130493883236717068e-04
5.999999999999999778e-01 7.999999991145738250e+02 2.130493883236717068e-04
7.500000000000000000e-01 7.999999991145738250e+02 2.130493883236717068e-04
9.000000000000000222e-01 7.999999991145738250e+02 2.130493883236717068e-04
1.050000000000000044e+00 7.999999991145738250e+02 2.130493883236717068e-04
1.199999999999999956e+00 7.999999991145738250e+02 2.130493883236717068e-04
1.349999999999999867e+00 7.999999991145738250e+02 2.130493883236717068e-04
1.499999999999999778e+00 7.999999991145738250e+02 2.130493883236717068e-04
1.649999999999999689e+00 7.999999991145738250e+02 2.130493883236717068e-04
1.799999999999999600e+00 7.999999991145738250e+02 2.130493883236717068e-04
1.949999999999999512e+00 7.999999991145738250e+02 2.130493883236717068e-04
2.099999999999999645e+00 7.999999999091487553e+02 2.133698802433414698e-04
2.249999999999999556e+00 7.999999999091487553e+02 2.133698802433414698e-04
2.399999999999999467e+00 7.999999999091487553e+02 2.133698802433414698e-04
2.549999999999999378e+00 7.999999999091487553e+02 2.133698802433414698e-04
2.699999999999999289e+00 7.999999999091487553e+02 2.133698802433414698e-04
2.849999999999999201e+00 7.999999999091487553e+02 2.133698802433414698e-04
2.999999999999999112e+00 7.999999999091487553e+02 2.133698802433414698e-04
3.149999999999999023e+00 7.999999999091487553e+02 2.133698802433414698e-04
3.299999999999998934e+00 7.999999999091487553e+02 2.133698802433414698e-04
3.449999999999998845e+00 7.999999999091487553e+02 2.133698802433414698e-04
3.599999999999998757e+00 7.999999999091487553e+02 2.133698802433414698e-04
3.749999999999998668e+00 7.999999999091487553e+02 2.133698802433414698e-04
3.899999999999998579e+00 7.999999999091487553e+02 2.133698802433414698e-04
4.049999999999998934e+00 5.172954531536209970e+02 2.155828199719156402e-04
4.199999999999999289e+00 4.842149619225278343e+02 2.252913932294653421e-04
4.349999999999999645e+00 4.448906598555844312e+02 2.431840110684868606e-04
4.500000000000000000e+00 4.389482516320765626e+02 2.615760626386576249e-04
4.650000000000000355e+00 4.370194458216331554e+02 2.808854914787550783e-04
4.800000000000000711e+00 4.365780033168564387e+02 2.997501877476382859e-04
4.950000000000001066e+00 4.364609795923215643e+02 3.184653049727037555e-04
5.100000000000001421e+00 4.364319500577327062e+02 3.374211215846356637e-04
5.250000000000001776e+00 4.364245291638584376e+02 3.557608530195821572e-04
5.400000000000002132e+00 4.364226576830720319e+02 3.738819470390231103e-04
5.550000000000002487e+00 4.364221828095379578e+02 3.922775742630779661e-04
5.700000000000002842e+00 4.364220626472727531e+02 4.099534505970225950e-04
5.850000000000003197e+00 4.364220322032609261e+02 4.273803098315820392e-04
6.000000000000003553e+00 4.364220244944021943e+02 4.451198695941682715e-04
6.150000000000003908e+00 4.364220225419106782e+02 4.620417611833627092e-04
6.300000000000004263e+00 4.364220220474432494e+02 4.786859477211580227e-04
6.450000000000004619e+00 4.364220219222152650e+02 4.956795186500384531e-04
6.600000000000004974e+00 4.364220218905085176e+02 5.117617245783412372e-04
6.750000000000005329e+00 4.364220218825095685e+02 5.275389680572395434e-04
6.900000000000005684e+00 4.364220218806059961e+02 5.437004908586118290e-04
7.050000000000006040e+00 4.364220218806066782e+02 5.588616205861596242e-04
7.200000000000006395e+00 4.364220218825105917e+02 5.736920906178610835e-04
7.350000000000006750e+00 4.364220218905101660e+02 5.889397686723585323e-04
7.500000000000007105e+00 4.364220219222177661e+02 6.031031442277345889e-04
7.650000000000007461e+00 4.364220220474464895e+02 6.169118532998174587e-04
7.800000000000007816e+00 4.364220225419144867e+02 6.311685662427901633e-04
7.950000000000008171e+00 4.364220244944068554e+02 6.442626094976811046e-04
8.100000000000008527e+00 4.364220322032659851e+02 6.569797909816710302e-04
8.250000000000008882e+00 4.364220626472782669e+02 6.701734817993187932e-04
8.400000000000009237e+00 4.364221828095446654e+02 6.821320702176114636e-04
8.550000000000009592e+00 4.364226576830790236e+02 6.936935061925275647e-04
8.700000000000009948e+00 4.364245291638659978e+02 7.057574480622275104e-04
8.850000000000010303e+00 4.364319500577411759e+02 7.165198962316710052e-04
9.000000000000010658e+00 4.364609795923304887e+02 7.268657509894582702e-04
9.150000000000011013e+00 4.365780033168653063e+02 7.377341201705300833e-04
9.300000000000011369e+00 4.370194458216413409e+02 7.472220955320185709e-04
9.450000000000011724e+00 4.389482516320802574e+02 7.562387292188166299e-04
9.600000000000012079e+00 4.448906598555757910e+02 7.654728323960302561e-04
9.750000000000012434e+00 4.842149619224221055e+02 7.729120175489212485e-04
9.900000000000012790e+00 5.172954531535536944e+02 7.764860091888925453e-04
1.005000000000001315e+01 7.999999999063156793e+02 7.774791884617160420e-04
1.020000000000001350e+01 7.999999999063156793e+02 7.774791884617160420e-04
1.035000000000001386e+01 7.999999999063156793e+02 7.774791884617160420e-04
1.050000000000001421e+01 7.999999999063156793e+02 7.774791884617160420e-04
1.065000000000001457e+01 7.999999999063156793e+02 7.774791884617160420e-04
1.080000000000001492e+01 7.999999999063156793e+02 7.774791884617160420e-04
1.095000000000001528e+01 7.999999999063156793e+02 7.774791884617160420e-04
1.110000000000001563e+01 7.999999999063156793e+02 7.774791884617160420e-04
1.125000000000001599e+01 7.999999999063156793e+02 7.774791884617160420e-04
1.140000000000001634e+01 7.999999999063156793e+02 7.774791884617160420e-04
1.155000000000001670e+01 7.999999999063156793e+02 7.774791884617160420e-04
1.170000000000001705e+01 7.999999999063156793e+02 7.774791884617160420e-04
1.185000000000001741e+01 7.999999999063156793e+02 7.774791884617160420e-04
1.200000000000001776e+01 7.999999999063156793e+02 7.774791884617160420e-04
1.215000000000001812e+01 7.999999999063156793e+02 7.774791884617160420e-04
1.230000000000001847e+01 7.999999999063156793e+02 7.774791884617160420e-04
1.245000000000001883e+01 7.999999999063156793e+02 7.774791884617160420e-04
1.260000000000001918e+01 7.999999999063156793e+02 7.774791884617160420e-04
1.275000000000001954e+01 7.999999999063156793e+02 7.774791884617160420e-04
1.290000000000001990e+01 7.999999999063156793e+02 7.774791884617160420e-04
1.305000000000002025e+01 7.999999990869622479e+02 7.770660090186121138e-04
1.320000000000002061e+01 7.999999990869622479e+02 7.770660090186121138e-04
1.335000000000002096e+01 7.999999990869622479e+02 7.770660090186121138e-04
1.350000000000002132e+01 7.999999990869622479e+02 7.770660090186121138e-04
1.365000000000002167e+01 7.999999990869622479e+02 7.770660090186121138e-04
1.380000000000002203e+01 7.999999990869622479e+02 7.770660090186121138e-04
1.395000000000002238e+01 7.999999990869622479e+02 7.770660090186121138e-04
1.410000000000002274e+01 7.999999990869622479e+02 7.770660090186121138e-04
1.425000000000002309e+01 7.999999990869622479e+02 7.770660090186121138e-04
1.440000000000002345e+01 7.999999990869622479e+02 7.770660090186121138e-04
1.455000000000002380e+01 7.999999990869622479e+02 7.770660090186121138e-04
1.470000000000002416e+01 7.999999990869622479e+02 7.770660090186121138e-04
1.485000000000002451e+01 7.999999990869622479e+02 7.770660090186121138e-04
1.500000000000002487e+01 7.999999990869622479e+02 7.770660090186121138e-04
1.515000000000002522e+01 7.999999990869622479e+02 7.770660090186121138e-04
1.530000000000002558e+01 7.999999990869622479e+02 7.770660090186121138e-04
1.545000000000002593e+01 7.999999990869622479e+02 7.770660090186121138e-04
1.560000000000002629e+01 7.999999990869622479e+02 7.770660090186121138e-04
1.575000000000002665e+01 7.999999990869622479e+02 7.770660090186121138e-04
1.590000000000002700e+01 7.999999990869622479e+02 7.770660090186121138e-04
