1.499999999999999944e-01 7.995324004280965937e+02 1.310096475748423472e-11
2.999999999999999889e-01 7.995324004280965937e+02 1.310096475748423472e-11
4.499999999999999556e-01 7.995324004280965937e+02 1.310096475748423472e-11
5.999999999999999778e-01 7.995324004280965937e+02 1.310096475748423472e-11
7.500000000000000000e-01 7.995324004280965937e+02 1.310096475748423472e-11
9.000000000000000222e-01 7.995324004280965937e+02 1.310096475748423472e-11
1.050000000000000044e+00 7.995324004280965937e+02 1.310096475748423472e-11
1.199999999999999956e+00 7.995324004280965937e+02 1.310096475748423472e-11
1.349999999999999867e+00 7.995324004280965937e+02 1.310096475748423472e-11
1.499999999999999778e+00 7.995324004280965937e+02 1.310096475748423472e-11
1.649999999999999689e+00 7.995324004280965937e+02 1.310096475748423472e-11
1.799999999999999600e+00 7.995324004280965937e+02 1.310096475748423472e-11
1.949999999999999512e+00 7.995324004280965937e+02 1.310096475748423472e-11
2.099999999999999645e+00 7.997468384305138898e+02 1.309763408841035925e-11
2.249999999999999556e+00 7.997468384305138898e+02 1.309763408841035925e-11
2.399999999999999467e+00 7.997468384305138898e+02 1.309763408841035925e-11
2.549999999999999378e+00 7.997468384305138898e+02 1.309763408841035925e-11
2.699999999999999289e+00 7.997468384305138898e+02 1.309763408841035925e-11
2.849999999999999201e+00 7.997468384305138898e+02 1.309763408841035925e-11
2.999999999999999112e+00 7.997468384305138898e+02 1.309763408841035925e-11
3.149999999999999023e+00 7.997468384305138898e+02 1.309763408841035925e-11
3.299999999999998934e+00 7.997468384305138898e+02 1.309763408841035925e-11
3.449999999999998845e+00 7.997468384305138898e+02 1.309763408841035925e-11
3.599999999999998757e+00 7.997468384305138898e+02 1.309763408841035925e-11
3.749999999999998668e+00 7.997468384305138898e+02 1.309763408841035925e-11
3.899999999999998579e+00 7.997468384305138898e+02 1.309763408841035925e-11
4.049999999999998934e+00 4.288671207359639652e+02 1.309619079847834655e-11
4.199999999999999289e+00 1.973012796928878743e+02 1.313382735901313936e-11
4.349999999999999645e+00 6.190984269633079862e+01 1.313449349282791445e-11
4.500000000000000000e+00 2.242292289641945757e+01 1.312350228488412540e-11
4.650000000000000355e+00 7.772015446707669639e+00 1.274180760901799658e-11
4.800000000000000711e+00 2.809079035446401917e+00 1.232669522011065055e-11
4.950000000000001066e+00 1.072624520844669860e+00 1.110378455848604062e-11
5.100000000000001421e+00 4.723559069802831800e-01 8.756440017521072150e-12
5.250000000000001776e+00 2.639186119363330363e-01 5.416889159448601276e-12
5.400000000000002132e+00 1.916615020834342431e-01 2.670086374223501480e-12
5.550000000000002487e+00 1.665972218638671620e-01 1.129429882951171749e-12
5.700000000000002842e+00 1.579050229588574439e-01 5.071498776487715077e-13
5.850000000000003197e+00 1.548903419716225471e-01 7.779332733548471879e-13
6.000000000000003553e+00 1.538448056971901678e-01 2.404076937523313973e-12
6.150000000000003908e+00 1.534821944514987990e-01 6.810108033050710219e-12
6.300000000000004263e+00 1.533564375263267721e-01 1.972033647490434305e-11
6.450000000000004619e+00 1.533128306587059342e-01 5.647649015116940063e-11
6.600000000000004974e+00 1.532977307269902667e-01 1.628873702586020045e-10
6.750000000000005329e+00 1.532925601350143552e-01 4.689583166239685852e-10
6.900000000000005684e+00 1.532909597249272338e-01 1.352143397248539713e-09
7.050000000000006040e+00 1.532909590168856084e-01 3.894317757158205495e-09
7.200000000000006395e+00 1.532925603710282303e-01 1.121432557926738127e-08
7.350000000000006750e+00 1.532977302549625165e-01 3.234609546876043851e-08
7.500000000000007105e+00 1.533128304226920591e-01 9.313800908294922465e-08
7.650000000000007461e+00 1.533564375263267721e-01 2.681348351130097285e-07
7.800000000000007816e+00 1.534821944514987990e-01 7.727848770899825581e-07
7.950000000000008171e+00 1.538448042811069172e-01 2.220156859356059442e-06
8.100000000000008527e+00 1.548903384314144205e-01 6.350251160469611023e-06
8.250000000000008882e+00 1.579050132822885644e-01 1.796730116976341662e-05
8.400000000000009237e+00 1.665971949582853995e-01 4.904049578768887585e-05
8.550000000000009592e+00 1.916614249068970821e-01 1.227588969244797212e-04
8.700000000000009948e+00 2.639183885492002446e-01 2.571209547922448380e-04
8.850000000000010303e+00 4.723552627804110671e-01 4.138098169119697189e-04
9.000000000000010658e+00 1.072622666129632307e+00 5.244070007973666847e-04
9.150000000000011013e+00 2.809073664832666850e+00 5.786696512397604408e-04
9.300000000000011369e+00 7.772000135934433729e+00 5.992540308927818415e-04
9.450000000000011724e+00 2.242287739114104284e+01 6.063332276388111453e-04
9.600000000000012079e+00 6.190972245536380569e+01 6.092940848930750164e-04
9.750000000000012434e+00 1.973008469070207411e+02 6.094238337420732066e-04
9.900000000000012790e+00 4.288664903561013944e+02 6.091670515597780167e-04
1.005000000000001315e+01 7.997441493634590870e+02 6.093250990574228254e-04
1.020000000000001350e+01 7.997441493634590870e+02 6.093250990574228254e-04
1.035000000000001386e+01 7.997441493634590870e+02 6.093250990574228254e-04
1.050000000000001421e+01 7.997441493634590870e+02 6.093250990574228254e-04
1.065000000000001457e+01 7.997441493634590870e+02 6.093250990574228254e-04
1.080000000000001492e+01 7.997441493634590870e+02 6.093250990574228254e-04
1.095000000000001528e+01 7.997441493634590870e+02 6.093250990574228254e-04
1.110000000000001563e+01 7.997441493634590870e+02 6.093250990574228254e-04
1.125000000000001599e+01 7.997441493634590870e+02 6.093250990574228254e-04
1.140000000000001634e+01 7.997441493634590870e+02 6.093250990574228254e-04
1.155000000000001670e+01 7.997441493634590870e+02 6.093250990574228254e-04
1.170000000000001705e+01 7.997441493634590870e+02 6.093250990574228254e-04
1.185000000000001741e+01 7.997441493634590870e+02 6.093250990574228254e-04
1.200000000000001776e+01 7.997441493634590870e+02 6.093250990574228254e-04
1.215000000000001812e+01 7.997441493634590870e+02 6.093250990574228254e-04
1.230000000000001847e+01 7.997441493634590870e+02 6.093250990574228254e-04
1.245000000000001883e+01 7.997441493634590870e+02 6.093250990574228254e-04
1.260000000000001918e+01 7.997441493634590870e+02 6.093250990574228254e-04
1.275000000000001954e+01 7.997441493634590870e+02 6.093250990574228254e-04
1.290000000000001990e+01 7.997441493634590870e+02 6.093250990574228254e-04
1.305000000000002025e+01 7.995274334637296079e+02 6.087685909341722379e-04
1.320000000000002061e+01 7.995274334637296079e+02 6.087685909341722379e-04
1.335000000000002096e+01 7.995274334637296079e+02 6.087685909341722379e-04
1.350000000000002132e+01 7.995274334637296079e+02 6.087685909341722379e-04
1.365000000000002167e+01 7.995274334637296079e+02 6.087685909341722379e-04
1.380000000000002203e+01 7.995274334637296079e+02 6.087685909341722379e-04
1.395000000000002238e+01 7.995274334637296079e+02 6.087685909341722379e-04
1.410000000000002274e+01 7.995274334637296079e+02 6.087685909341722379e-04
1.425000000000002309e+01 7.995274334637296079e+02 6.087685909341722379e-04
1.440000000000002345e+01 7.995274334637296079e+02 6.087685909341722379e-04
1.455000000000002380e+01 7.995274334637296079e+02 6.087685909341722379e-04
1.470000000000002416e+01 7.995274334637296079e+02 6.087685909341722379e-04
1.485000000000002451e+01 7.995274334637296079e+02 6.087685909341722379e-04
1.500000000000002487e+01 7.995274334637296079e+02 6.087685909341722379e-04
1.515000000000002522e+01 7.995274334637296079e+02 6.087685909341722379e-04
1.530000000000002558e+01 7.995274334637296079e+02 6.087685909341722379e-04
1.545000000000002593e+01 7.995274334637296079e+02 6.087685909341722379e-04
1.560000000000002629e+01 7.995274334637296079e+02 6.087685909341722379e-04
1.575000000000002665e+01 7.995274334637296079e+02 6.087685909341722379e-04
1.590000000000002700e+01 7.995274334637296079e+02 6.087685909341722379e-04
