1.499999999999999944e-01 7.998154817104116319e+02 3.769284884214130216e-11
2.999999999999999889e-01 7.998154817104116319e+02 3.769284884214130216e-11
4.499999999999999556e-01 7.998154817104116319e+02 3.769284884214130216e-11
5.999999999999999778e-01 7.998154817104116319e+02 3.769284884214130216e-11
7.500000000000000000e-01 7.998154817104116319e+02 3.769284884214130216e-11
9.000000000000000222e-01 7.998154817104116319e+02 3.769284884214130216e-11
1.050000000000000044e+00 7.998154817104116319e+02 3.769284884214130216e-11
1.199999999999999956e+00 7.998154817104116319e+02 3.769284884214130216e-11
1.349999999999999867e+00 7.998154817104116319e+02 3.769284884214130216e-11
1.499999999999999778e+00 7.998154817104116319e+02 3.769284884214130216e-11
1.649999999999999689e+00 7.998154817104116319e+02 3.769284884214130216e-11
1.799999999999999600e+00 7.998154817104116319e+02 3.769284884214130216e-11
1.949999999999999512e+00 7.998154817104116319e+02 3.769284884214130216e-11
2.099999999999999645e+00 7.999113271530666225e+02 3.782962831877512144e-11
2.249999999999999556e+00 7.999113271530666225e+02 3.782962831877512144e-11
2.399999999999999467e+00 7.999113271530666225e+02 3.782962831877512144e-11
2.549999999999999378e+00 7.999113271530666225e+02 3.782962831877512144e-11
2.699999999999999289e+00 7.999113271530666225e+02 3.782962831877512144e-11
2.849999999999999201e+00 7.999113271530666225e+02 3.782962831877512144e-11
2.999999999999999112e+00 7.999113271530666225e+02 3.782962831877512144e-11
3.149999999999999023e+00 7.999113271530666225e+02 3.782962831877512144e-11
3.299999999999998934e+00 7.999113271530666225e+02 3.782962831877512144e-11
3.449999999999998845e+00 7.999113271530666225e+02 3.782962831877512144e-11
3.599999999999998757e+00 7.999113271530666225e+02 3.782962831877512144e-11
3.749999999999998668e+00 7.999113271530666225e+02 3.782962831877512144e-11
3.899999999999998579e+00 7.999113271530666225e+02 3.782962831877512144e-11
4.049999999999998934e+00 4.506294766385748858e+02 3.779210278054279115e-11
4.199999999999999289e+00 2.292468449431595729e+02 3.779387913738219140e-11
4.349999999999999645e+00 8.155030855645139809e+01 3.780642465756045567e-11
4.500000000000000000e+00 3.298151868426820954e+01 3.768285683491967575e-11
4.650000000000000355e+00 1.284769642732718964e+01 3.741362775144807529e-11
4.800000000000000711e+00 5.140070490501727818e+00 3.657851799232503254e-11
4.950000000000001066e+00 2.110365535832556816e+00 3.483324739761428646e-11
5.100000000000001421e+00 9.301759187062543788e-01 3.092626155165589807e-11
5.250000000000001776e+00 4.690145901063260681e-01 2.411826294235197565e-11
5.400000000000002132e+00 2.890065979795508611e-01 1.587407982839295073e-11
5.550000000000002487e+00 2.187172771757559531e-01 1.052902209863759708e-11
5.700000000000002842e+00 1.912742166491625539e-01 1.122757442573174558e-11
5.850000000000003197e+00 1.805591644158539566e-01 2.220290618026865559e-11
6.000000000000003553e+00 1.763755746771948907e-01 5.529321445152390879e-11
6.150000000000003908e+00 1.747421383424807573e-01 1.417911343892797049e-10
6.300000000000004263e+00 1.741044205914477061e-01 3.641368317985893555e-10
6.450000000000004619e+00 1.738555423080470064e-01 9.338295692273845816e-10
6.600000000000004974e+00 1.737586613264738844e-01 2.390370346105896715e-09
6.750000000000005329e+00 1.737215828386524663e-01 6.116376960463298929e-09
6.900000000000005684e+00 1.737090205281219824e-01 1.566993390600401881e-08
7.050000000000006040e+00 1.737090207641358575e-01 4.008922926956870469e-08
7.200000000000006395e+00 1.737215824846316536e-01 1.025549120070579079e-07
7.350000000000006750e+00 1.737586613264738844e-01 2.626767749980274402e-07
7.500000000000007105e+00 1.738555420720331313e-01 6.716442401133448925e-07
7.650000000000007461e+00 1.741044201194199559e-01 1.715844023641999172e-06
7.800000000000007816e+00 1.747421377524460695e-01 4.379743732574326032e-06
7.950000000000008171e+00 1.763755725530700147e-01 1.110114163949127430e-05
8.100000000000008527e+00 1.805591592235487042e-01 2.774251943893357719e-05
8.250000000000008882e+00 1.912742039044132980e-01 6.709168310925495149e-05
8.400000000000009237e+00 2.187172451958758757e-01 1.501063874816965793e-04
8.550000000000009592e+00 2.890065163187500730e-01 2.906307893342230386e-04
8.700000000000009948e+00 4.690143808800257830e-01 4.587755894754907970e-04
8.850000000000010303e+00 9.301753826892422694e-01 5.918946283531845154e-04
9.000000000000010658e+00 2.110364164311675950e+00 6.671563822174819691e-04
9.150000000000011013e+00 5.140066966925203928e+00 7.026082902228392157e-04
9.300000000000011369e+00 1.284768748390037985e+01 7.165630318457516523e-04
9.450000000000011724e+00 3.298149516297144856e+01 7.217263129259965382e-04
9.600000000000012079e+00 8.155025298458748750e+01 7.242568628095247263e-04
9.750000000000012434e+00 2.292466657400555050e+02 7.243072399490957380e-04
9.900000000000012790e+00 4.506292554942303354e+02 7.240361059723809944e-04
1.005000000000001315e+01 7.999102501188789347e+02 7.241916490645650128e-04
1.020000000000001350e+01 7.999102501188789347e+02 7.241916490645650128e-04
1.035000000000001386e+01 7.999102501188789347e+02 7.241916490645650128e-04
1.050000000000001421e+01 7.999102501188789347e+02 7.241916490645650128e-04
1.065000000000001457e+01 7.999102501188789347e+02 7.241916490645650128e-04
1.080000000000001492e+01 7.999102501188789347e+02 7.241916490645650128e-04
1.095000000000001528e+01 7.999102501188789347e+02 7.241916490645650128e-04
1.110000000000001563e+01 7.999102501188789347e+02 7.241916490645650128e-04
1.125000000000001599e+01 7.999102501188789347e+02 7.241916490645650128e-04
1.140000000000001634e+01 7.999102501188789347e+02 7.241916490645650128e-04
1.155000000000001670e+01 7.999102501188789347e+02 7.241916490645650128e-04
1.170000000000001705e+01 7.999102501188789347e+02 7.241916490645650128e-04
1.185000000000001741e+01 7.999102501188789347e+02 7.241916490645650128e-04
1.200000000000001776e+01 7.999102501188789347e+02 7.241916490645650128e-04
1.215000000000001812e+01 7.999102501188789347e+02 7.241916490645650128e-04
1.230000000000001847e+01 7.999102501188789347e+02 7.241916490645650128e-04
1.245000000000001883e+01 7.999102501188789347e+02 7.241916490645650128e-04
1.260000000000001918e+01 7.999102501188789347e+02 7.241916490645650128e-04
1.275000000000001954e+01 7.999102501188789347e+02 7.241916490645650128e-04
1.290000000000001990e+01 7.999102501188789347e+02 7.241916490645650128e-04
1.305000000000002025e+01 7.998132404908944864e+02 7.236305873323800597e-04
1.320000000000002061e+01 7.998132404908944864e+02 7.236305873323800597e-04
1.335000000000002096e+01 7.998132404908944864e+02 7.236305873323800597e-04
1.350000000000002132e+01 7.998132404908944864e+02 7.236305873323800597e-04
1.365000000000002167e+01 7.998132404908944864e+02 7.236305873323800597e-04
1.380000000000002203e+01 7.998132404908944864e+02 7.236305873323800597e-04
1.395000000000002238e+01 7.998132404908944864e+02 7.236305873323800597e-04
1.410000000000002274e+01 7.998132404908944864e+02 7.236305873323800597e-04
1.425000000000002309e+01 7.998132404908944864e+02 7.236305873323800597e-04
1.440000000000002345e+01 7.998132404908944864e+02 7.236305873323800597e-04
1.455000000000002380e+01 7.998132404908944864e+02 7.236305873323800597e-04
1.470000000000002416e+01 7.998132404908944864e+02 7.236305873323800597e-04
1.485000000000002451e+01 7.998132404908944864e+02 7.236305873323800597e-04
1.500000000000002487e+01 7.998132404908944864e+02 7.236305873323800597e-04
1.515000000000002522e+01 7.998132404908944864e+02 7.236305873323800597e-04
1.530000000000002558e+01 7.998132404908944864e+02 7.236305873323800597e-04
1.545000000000002593e+01 7.998132404908944864e+02 7.236305873323800597e-04
1.560000000000002629e+01 7.998132404908944864e+02 7.236305873323800597e-04
1.575000000000002665e+01 7.998132404908944864e+02 7.236305873323800597e-04
1.590000000000002700e+01 7.998132404908944864e+02 7.236305873323800597e-04
