1.499999999999999944e-01 7.999999917672981837e+02 1.623320477255330019e-04
2.999999999999999889e-01 7.999999917672981837e+02 1.623320477255330019e-04
4.499999999999999556e-01 7.999999917672981837e+02 1.623320477255330019e-04
5.999999999999999778e-01 7.999999917672981837e+02 1.623320477255330019e-04
7.500000000000000000e-01 7.999999917672981837e+02 1.623320477255330019e-04
9.000000000000000222e-01 7.999999917672981837e+02 1.623320477255330019e-04
1.050000000000000044e+00 7.999999917672981837e+02 1.623320477255330019e-04
1.199999999999999956e+00 7.999999917672981837e+02 1.623320477255330019e-04
1.349999999999999867e+00 7.999999917672981837e+02 1.623320477255330019e-04
1.499999999999999778e+00 7.999999917672981837e+02 1.623320477255330019e-04
1.649999999999999689e+00 7.999999917672981837e+02 1.623320477255330019e-04
1.799999999999999600e+00 7.999999917672981837e+02 1.623320477255330019e-04
1.949999999999999512e+00 7.999999917672981837e+02 1.623320477255330019e-04
2.099999999999999645e+00 7.999999988991194186e+02 1.625613715239282442e-04
2.249999999999999556e+00 7.999999988991194186e+02 1.625613715239282442e-04
2.399999999999999467e+00 7.999999988991194186e+02 1.625613715239282442e-04
2.549999999999999378e+00 7.999999988991194186e+02 1.625613715239282442e-04
2.699999999999999289e+00 7.999999988991194186e+02 1.625613715239282442e-04
2.849999999999999201e+00 7.999999988991194186e+02 1.625613715239282442e-04
2.999999999999999112e+00 7.999999988991194186e+02 1.625613715239282442e-04
3.149999999999999023e+00 7.999999988991194186e+02 1.625613715239282442e-04
3.299999999999998934e+00 7.999999988991194186e+02 1.625613715239282442e-04
3.449999999999998845e+00 7.999999988991194186e+02 1.625613715239282442e-04
3.599999999999998757e+00 7.999999988991194186e+02 1.625613715239282442e-04
3.749999999999998668e+00 7.999999988991194186e+02 1.625613715239282442e-04
3.899999999999998579e+00 7.999999988991194186e+02 1.625613715239282442e-04
4.049999999999998934e+00 5.157336241425470007e+02 1.642429296838665564e-04
4.199999999999999289e+00 4.680783647327352810e+02 1.718720868851830730e-04
4.349999999999999645e+00 4.143097731932499528e+02 1.867971142525126638e-04
4.500000000000000000e+00 4.033378195845547225e+02 2.029604328231959798e-04
4.650000000000000355e+00 3.992166451183858271e+02 2.203286852253683037e-04
4.800000000000000711e+00 3.979899339167130279e+02 2.374574765146020283e-04
4.950000000000001066e+00 3.975893849532332638e+02 2.545194800219752196e-04
5.100000000000001421e+00 3.974630076589175474e+02 2.718383426866255448e-04
5.250000000000001776e+00 3.974225625833911408e+02 2.886143501700244585e-04
5.400000000000002132e+00 3.974096878073191874e+02 3.052066794414498574e-04
5.550000000000002487e+00 3.974055804584636462e+02 3.220775400587516657e-04
5.700000000000002842e+00 3.974042712093427667e+02 3.382942707874647681e-04
5.850000000000003197e+00 3.974038537361883527e+02 3.542967231039417797e-04
6.000000000000003553e+00 3.974037206359820971e+02 3.706204737707885499e-04
6.150000000000003908e+00 3.974036781983730862e+02 3.861901700230596646e-04
6.300000000000004263e+00 3.974036646679743967e+02 4.015184865300280848e-04
6.450000000000004619e+00 3.974036603544100785e+02 4.172099429543552063e-04
6.600000000000004974e+00 3.974036589803930610e+02 4.320516332328994125e-04
6.750000000000005329e+00 3.974036585463788924e+02 4.466261887406952624e-04
6.900000000000005684e+00 3.974036584207692613e+02 4.616038376844544544e-04
7.050000000000006040e+00 3.974036584207700002e+02 4.756404895068788719e-04
7.200000000000006395e+00 3.974036585463803704e+02 4.893856576365651634e-04
7.350000000000006750e+00 3.974036589803948800e+02 5.035717542133388847e-04
7.500000000000007105e+00 3.974036603544128639e+02 5.167305681278433482e-04
7.650000000000007461e+00 3.974036646679777505e+02 5.295750797107423580e-04
7.800000000000007816e+00 3.974036781983772926e+02 5.428960391535841978e-04
7.950000000000008171e+00 3.974037206359872130e+02 5.551088218428423815e-04
8.100000000000008527e+00 3.974038537361939234e+02 5.669861261567987754e-04
8.250000000000008882e+00 3.974042712093490195e+02 5.793728803072939471e-04
8.400000000000009237e+00 3.974055804584708085e+02 5.905763215756643092e-04
8.550000000000009592e+00 3.974096878073266907e+02 6.014247005473594143e-04
8.700000000000009948e+00 3.974225625833988715e+02 6.128123502934235134e-04
8.850000000000010303e+00 3.974630076589249938e+02 6.229462374814920267e-04
9.000000000000010658e+00 3.975893849532388913e+02 6.327025552042009338e-04
9.150000000000011013e+00 3.979899339167113794e+02 6.430117653494216157e-04
9.300000000000011369e+00 3.992166451183616687e+02 6.519568680095622071e-04
9.450000000000011724e+00 4.033378195844495622e+02 6.603986913579218410e-04
9.600000000000012079e+00 4.143097731929644283e+02 6.689351710275071028e-04
9.750000000000012434e+00 4.680783647311784534e+02 6.753613771791622256e-04
9.900000000000012790e+00 5.157336241415135873e+02 6.782100946535196684e-04
1.005000000000001315e+01 7.999999988691172348e+02 6.790210333034174539e-04
1.020000000000001350e+01 7.999999988691172348e+02 6.790210333034174539e-04
1.035000000000001386e+01 7.999999988691172348e+02 6.790210333034174539e-04
1.050000000000001421e+01 7.999999988691172348e+02 6.790210333034174539e-04
1.065000000000001457e+01 7.999999988691172348e+02 6.790210333034174539e-04
1.080000000000001492e+01 7.999999988691172348e+02 6.790210333034174539e-04
1.095000000000001528e+01 7.999999988691172348e+02 6.790210333034174539e-04
1.110000000000001563e+01 7.999999988691172348e+02 6.790210333034174539e-04
1.125000000000001599e+01 7.999999988691172348e+02 6.790210333034174539e-04
1.140000000000001634e+01 7.999999988691172348e+02 6.790210333034174539e-04
1.155000000000001670e+01 7.999999988691172348e+02 6.790210333034174539e-04
1.170000000000001705e+01 7.999999988691172348e+02 6.790210333034174539e-04
1.185000000000001741e+01 7.999999988691172348e+02 6.790210333034174539e-04
1.200000000000001776e+01 7.999999988691172348e+02 6.790210333034174539e-04
1.215000000000001812e+01 7.999999988691172348e+02 6.790210333034174539e-04
1.230000000000001847e+01 7.999999988691172348e+02 6.790210333034174539e-04
1.245000000000001883e+01 7.999999988691172348e+02 6.790210333034174539e-04
1.260000000000001918e+01 7.999999988691172348e+02 6.790210333034174539e-04
1.275000000000001954e+01 7.999999988691172348e+02 6.790210333034174539e-04
1.290000000000001990e+01 7.999999988691172348e+02 6.790210333034174539e-04
1.305000000000002025e+01 7.999999915429330031e+02 6.785719539621481999e-04
1.320000000000002061e+01 7.999999915429330031e+02 6.785719539621481999e-04
1.335000000000002096e+01 7.999999915429330031e+02 6.785719539621481999e-04
1.350000000000002132e+01 7.999999915429330031e+02 6.785719539621481999e-04
1.365000000000002167e+01 7.999999915429330031e+02 6.785719539621481999e-04
1.380000000000002203e+01 7.999999915429330031e+02 6.785719539621481999e-04
1.395000000000002238e+01 7.999999915429330031e+02 6.785719539621481999e-04
1.410000000000002274e+01 7.999999915429330031e+02 6.785719539621481999e-04
1.425000000000002309e+01 7.999999915429330031e+02 6.785719539621481999e-04
1.440000000000002345e+01 7.999999915429330031e+02 6.785719539621481999e-04
1.455000000000002380e+01 7.999999915429330031e+02 6.785719539621481999e-04
1.470000000000002416e+01 7.999999915429330031e+02 6.785719539621481999e-04
1.485000000000002451e+01 7.999999915429330031e+02 6.785719539621481999e-04
1.500000000000002487e+01 7.999999915429330031e+02 6.785719539621481999e-04
1.515000000000002522e+01 7.999999915429330031e+02 6.785719539621481999e-04
1.530000000000002558e+01 7.999999915429330031e+02 6.785719539621481999e-04
1.545000000000002593e+01 7.999999915429330031e+02 6.785719539621481999e-04
1.560000000000002629e+01 7.999999915429330031e+02 6.785719539621481999e-04
1.575000000000002665e+01 7.999999915429330031e+02 6.785719539621481999e-04
1.590000000000002700e+01 7.999999915429330031e+02 6.785719539621481999e-04
