1.499999999999999944e-01 7.999440845957490183e+02 2.161837375780351067e-10
2.999999999999999889e-01 7.999440845957490183e+02 2.161837375780351067e-10
4.499999999999999556e-01 7.999440845957490183e+02 2.161837375780351067e-10
5.999999999999999778e-01 7.999440845957490183e+02 2.161837375780351067e-10
7.500000000000000000e-01 7.999440845957490183e+02 2.161837375780351067e-10
9.000000000000000222e-01 7.999440845957490183e+02 2.161837375780351067e-10
1.050000000000000044e+00 7.999440845957490183e+02 2.161837375780351067e-10
1.199999999999999956e+00 7.999440845957490183e+02 2.161837375780351067e-10
1.349999999999999867e+00 7.999440845957490183e+02 2.161837375780351067e-10
1.499999999999999778e+00 7.999440845957490183e+02 2.161837375780351067e-10
1.649999999999999689e+00 7.999440845957490183e+02 2.161837375780351067e-10
1.799999999999999600e+00 7.999440845957490183e+02 2.161837375780351067e-10
1.949999999999999512e+00 7.999440845957490183e+02 2.161837375780351067e-10
2.099999999999999645e+00 7.999769853263811683e+02 2.156514966600298067e-10
2.249999999999999556e+00 7.999769853263811683e+02 2.156514966600298067e-10
2.399999999999999467e+00 7.999769853263811683e+02 2.156514966600298067e-10
2.549999999999999378e+00 7.999769853263811683e+02 2.156514966600298067e-10
2.699999999999999289e+00 7.999769853263811683e+02 2.156514966600298067e-10
2.849999999999999201e+00 7.999769853263811683e+02 2.156514966600298067e-10
2.999999999999999112e+00 7.999769853263811683e+02 2.156514966600298067e-10
3.149999999999999023e+00 7.999769853263811683e+02 2.156514966600298067e-10
3.299999999999998934e+00 7.999769853263811683e+02 2.156514966600298067e-10
3.449999999999998845e+00 7.999769853263811683e+02 2.156514966600298067e-10
3.599999999999998757e+00 7.999769853263811683e+02 2.156514966600298067e-10
3.749999999999998668e+00 7.999769853263811683e+02 2.156514966600298067e-10
3.899999999999998579e+00 7.999769853263811683e+02 2.156514966600298067e-10
4.049999999999998934e+00 4.712664149516561451e+02 2.156231859729018652e-10
4.199999999999999289e+00 2.699185810052152306e+02 2.170384982846940147e-10
4.349999999999999645e+00 1.122682139051512991e+02 2.166613555232288491e-10
4.500000000000000000e+00 5.249491408598944986e+01 2.152699130064661404e-10
4.650000000000000355e+00 2.397109540004557715e+01 2.138816901364748446e-10
4.800000000000000711e+00 1.123933624707420265e+01 2.077079619411392741e-10
4.950000000000001066e+00 5.435134714581316473e+00 1.950871686418054196e-10
5.100000000000001421e+00 2.805444785850610856e+00 1.734760113336619725e-10
5.250000000000001776e+00 1.611662040401057538e+00 1.389934833895267730e-10
5.400000000000002132e+00 1.070047716753947498e+00 1.018198858560026565e-10
5.550000000000002487e+00 8.242736894830500205e-01 7.961165060521580017e-11
5.700000000000002842e+00 7.127524605958228676e-01 9.055900473953215624e-11
5.850000000000003197e+00 6.621483329948887331e-01 1.593432052970911172e-10
6.000000000000003553e+00 6.391864342240296537e-01 3.384209579238017795e-10
6.150000000000003908e+00 6.287678302277299736e-01 7.439119320551412784e-10
6.300000000000004263e+00 6.240416563318831322e-01 1.641707991772989317e-09
6.450000000000004619e+00 6.219001614837225134e-01 3.629522571380050522e-09
6.600000000000004974e+00 6.209351808751080171e-01 7.987333683345809732e-09
6.750000000000005329e+00 6.205121806411852958e-01 1.756431899924137952e-08
6.900000000000005684e+00 6.203530121167659672e-01 3.873486154049032848e-08
7.050000000000006040e+00 6.203530121757694360e-01 8.512292992701731009e-08
7.200000000000006395e+00 6.205121806411852958e-01 1.870166381756632745e-07
7.350000000000006750e+00 6.209351808161045483e-01 4.120447012478933857e-07
7.500000000000007105e+00 6.219001612477086383e-01 9.040984221275749633e-07
7.650000000000007461e+00 6.240416558598553820e-01 1.980015854385897001e-06
7.800000000000007816e+00 6.287678289296536605e-01 4.332633780523842404e-06
7.950000000000008171e+00 6.391864315098700899e-01 9.366139862354572188e-06
8.100000000000008527e+00 6.621483268585279802e-01 1.986912281792818646e-05
8.250000000000008882e+00 7.127524470545267832e-01 4.069636088432915244e-05
8.400000000000009237e+00 8.242736596862982879e-01 7.733355439254463448e-05
8.550000000000009592e+00 1.070047650935578076e+00 1.309136702059010560e-04
8.700000000000009948e+00 1.611661895429534752e+00 1.916309897936896434e-04
8.850000000000010303e+00 2.805444466420581762e+00 2.419433093237000065e-04
9.000000000000010658e+00 5.435134011060831938e+00 2.743848827085892950e-04
9.150000000000011013e+00 1.123933469332664004e+01 2.927564268881965859e-04
9.300000000000011369e+00 2.397109199801988666e+01 3.009909828115553410e-04
9.450000000000011724e+00 5.249490641197203189e+01 3.044465061783352411e-04
9.600000000000012079e+00 1.122681981396692237e+02 3.065652151271747172e-04
9.750000000000012434e+00 2.699185362563073340e+02 3.065403736727256856e-04
9.900000000000012790e+00 4.712663692366663213e+02 3.062548042898072254e-04
1.005000000000001315e+01 7.999767151263191636e+02 3.064061069857348940e-04
1.020000000000001350e+01 7.999767151263191636e+02 3.064061069857348940e-04
1.035000000000001386e+01 7.999767151263191636e+02 3.064061069857348940e-04
1.050000000000001421e+01 7.999767151263191636e+02 3.064061069857348940e-04
1.065000000000001457e+01 7.999767151263191636e+02 3.064061069857348940e-04
1.080000000000001492e+01 7.999767151263191636e+02 3.064061069857348940e-04
1.095000000000001528e+01 7.999767151263191636e+02 3.064061069857348940e-04
1.110000000000001563e+01 7.999767151263191636e+02 3.064061069857348940e-04
1.125000000000001599e+01 7.999767151263191636e+02 3.064061069857348940e-04
1.140000000000001634e+01 7.999767151263191636e+02 3.064061069857348940e-04
1.155000000000001670e+01 7.999767151263191636e+02 3.064061069857348940e-04
1.170000000000001705e+01 7.999767151263191636e+02 3.064061069857348940e-04
1.185000000000001741e+01 7.999767151263191636e+02 3.064061069857348940e-04
1.200000000000001776e+01 7.999767151263191636e+02 3.064061069857348940e-04
1.215000000000001812e+01 7.999767151263191636e+02 3.064061069857348940e-04
1.230000000000001847e+01 7.999767151263191636e+02 3.064061069857348940e-04
1.245000000000001883e+01 7.999767151263191636e+02 3.064061069857348940e-04
1.260000000000001918e+01 7.999767151263191636e+02 3.064061069857348940e-04
1.275000000000001954e+01 7.999767151263191636e+02 3.064061069857348940e-04
1.290000000000001990e+01 7.999767151263191636e+02 3.064061069857348940e-04
1.305000000000002025e+01 7.999434281272085627e+02 3.058413777576873827e-04
1.320000000000002061e+01 7.999434281272085627e+02 3.058413777576873827e-04
1.335000000000002096e+01 7.999434281272085627e+02 3.058413777576873827e-04
1.350000000000002132e+01 7.999434281272085627e+02 3.058413777576873827e-04
1.365000000000002167e+01 7.999434281272085627e+02 3.058413777576873827e-04
1.380000000000002203e+01 7.999434281272085627e+02 3.058413777576873827e-04
1.395000000000002238e+01 7.999434281272085627e+02 3.058413777576873827e-04
1.410000000000002274e+01 7.999434281272085627e+02 3.058413777576873827e-04
1.425000000000002309e+01 7.999434281272085627e+02 3.058413777576873827e-04
1.440000000000002345e+01 7.999434281272085627e+02 3.058413777576873827e-04
1.455000000000002380e+01 7.999434281272085627e+02 3.058413777576873827e-04
1.470000000000002416e+01 7.999434281272085627e+02 3.058413777576873827e-04
1.485000000000002451e+01 7.999434281272085627e+02 3.058413777576873827e-04
1.500000000000002487e+01 7.999434281272085627e+02 3.058413777576873827e-04
1.515000000000002522e+01 7.999434281272085627e+02 3.058413777576873827e-04
1.530000000000002558e+01 7.999434281272085627e+02 3.058413777576873827e-04
1.545000000000002593e+01 7.999434281272085627e+02 3.058413777576873827e-04
1.560000000000002629e+01 7.999434281272085627e+02 3.058413777576873827e-04
1.575000000000002665e+01 7.999434281272085627e+02 3.058413777576873827e-04
1.590000000000002700e+01 7.999434281272085627e+02 3.058413777576873827e-04
