1.499999999999999944e-01 7.997252508458565217e+02 6.924349982284638827e-12
2.999999999999999889e-01 7.997252508458565217e+02 6.924349982284638827e-12
4.499999999999999556e-01 7.997252508458565217e+02 6.924349982284638827e-12
5.999999999999999778e-01 7.997252508458565217e+02 6.924349982284638827e-12
7.500000000000000000e-01 7.997252508458565217e+02 6.924349982284638827e-12
9.000000000000000222e-01 7.997252508458565217e+02 6.924349982284638827e-12
1.050000000000000044e+00 7.997252508458565217e+02 6.924349982284638827e-12
1.199999999999999956e+00 7.997252508458565217e+02 6.924349982284638827e-12
1.349999999999999867e+00 7.997252508458565217e+02 6.924349982284638827e-12
1.499999999999999778e+00 7.997252508458565217e+02 6.924349982284638827e-12
1.649999999999999689e+00 7.997252508458565217e+02 6.924349982284638827e-12
1.799999999999999600e+00 7.997252508458565217e+02 6.924349982284638827e-12
1.949999999999999512e+00 7.997252508458565217e+02 6.924349982284638827e-12
2.099999999999999645e+00 7.998610169126365008e+02 6.912359573618687136e-12
2.249999999999999556e+00 7.998610169126365008e+02 6.912359573618687136e-12
2.399999999999999467e+00 7.998610169126365008e+02 6.912359573618687136e-12
2.549999999999999378e+00 7.998610169126365008e+02 6.912359573618687136e-12
2.699999999999999289e+00 7.998610169126365008e+02 6.912359573618687136e-12
2.849999999999999201e+00 7.998610169126365008e+02 6.912359573618687136e-12
2.999999999999999112e+00 7.998610169126365008e+02 6.912359573618687136e-12
3.149999999999999023e+00 7.998610169126365008e+02 6.912359573618687136e-12
3.299999999999998934e+00 7.998610169126365008e+02 6.912359573618687136e-12
3.449999999999998845e+00 7.998610169126365008e+02 6.912359573618687136e-12
3.599999999999998757e+00 7.998610169126365008e+02 6.912359573618687136e-12
3.749999999999998668e+00 7.998610169126365008e+02 6.912359573618687136e-12
3.899999999999998579e+00 7.998610169126365008e+02 6.912359573618687136e-12
4.049999999999998934e+00 4.420025120312461127e+02 6.912581618223612168e-12
4.199999999999999289e+00 2.155652769304130913e+02 6.888711823194171302e-12
4.349999999999999645e+00 7.271618324141543610e+01 6.782574502040006337e-12
4.500000000000000000e+00 2.805021026078402713e+01 6.771139204886367224e-12
4.650000000000000355e+00 1.038865520033532164e+01 6.905254146261086134e-12
4.800000000000000711e+00 3.969322445562752932e+00 6.783684725064631493e-12
4.950000000000001066e+00 1.568015613240788753e+00 6.368461313854822947e-12
5.100000000000001421e+00 6.788897317713917801e-01 5.186406859536418779e-12
5.250000000000001776e+00 3.484772293172682112e-01 3.828271033512464783e-12
5.400000000000002132e+00 2.258492645848946268e-01 2.473909965772236319e-12
5.550000000000002487e+00 1.803167562168255245e-01 1.863176279925937706e-12
5.700000000000002842e+00 1.634130097500019474e-01 2.772226892489015881e-12
5.850000000000003197e+00 1.571372053913364653e-01 6.340150626726881455e-12
6.000000000000003553e+00 1.548072551750010462e-01 1.666800031330240017e-11
6.150000000000003908e+00 1.539422376531547343e-01 4.481637283504369407e-11
6.300000000000004263e+00 1.536211037218890851e-01 1.209863320639215090e-10
6.450000000000004619e+00 1.535019162429307471e-01 3.260356429279909207e-10
6.600000000000004974e+00 1.534577665433971561e-01 8.775120630133415034e-10
6.750000000000005329e+00 1.534416449076161371e-01 2.361619455548691349e-09
6.900000000000005684e+00 1.534363843943538086e-01 6.363059412706206786e-09
7.050000000000006040e+00 1.534363839223260584e-01 1.712018948829552301e-08
7.200000000000006395e+00 1.534416446716022620e-01 4.606112591343247686e-08
7.350000000000006750e+00 1.534577667794110312e-01 1.240891879250582974e-07
7.500000000000007105e+00 1.535019164789446222e-01 3.337746166121036140e-07
7.650000000000007461e+00 1.536211034858752100e-01 8.973469091122510122e-07
7.800000000000007816e+00 1.539422369451131090e-01 2.412679516394788948e-06
7.950000000000008171e+00 1.548072532868900453e-01 6.455211433609164828e-06
8.100000000000008527e+00 1.571372009070728382e-01 1.711064868825662444e-05
8.250000000000008882e+00 1.634129988933636923e-01 4.433088550415131834e-05
8.400000000000009237e+00 1.803167260070495104e-01 1.080929907072425422e-04
8.550000000000009592e+00 2.258491830421007762e-01 2.322038407436277652e-04
8.700000000000009948e+00 3.484770102963921090e-01 4.054443647595329381e-04
8.850000000000010303e+00 6.788891419137144112e-01 5.600564268378738220e-04
9.000000000000010658e+00 1.568014026519506388e+00 6.520735376629449576e-04
9.150000000000011013e+00 3.969318156460474256e+00 6.950575183872764740e-04
9.300000000000011369e+00 1.038864376212200114e+01 7.115583368619837756e-04
9.450000000000011724e+00 2.805017857548521931e+01 7.174582855375977175e-04
9.600000000000012079e+00 7.271610474018309844e+01 7.201565574280754944e-04
9.750000000000012434e+00 2.155650118534546209e+02 7.202382731731349352e-04
9.900000000000012790e+00 4.420021614335543632e+02 7.199730726553665860e-04
1.005000000000001315e+01 7.998594075321562968e+02 7.201296610171992185e-04
1.020000000000001350e+01 7.998594075321562968e+02 7.201296610171992185e-04
1.035000000000001386e+01 7.998594075321562968e+02 7.201296610171992185e-04
1.050000000000001421e+01 7.998594075321562968e+02 7.201296610171992185e-04
1.065000000000001457e+01 7.998594075321562968e+02 7.201296610171992185e-04
1.080000000000001492e+01 7.998594075321562968e+02 7.201296610171992185e-04
1.095000000000001528e+01 7.998594075321562968e+02 7.201296610171992185e-04
1.110000000000001563e+01 7.998594075321562968e+02 7.201296610171992185e-04
1.125000000000001599e+01 7.998594075321562968e+02 7.201296610171992185e-04
1.140000000000001634e+01 7.998594075321562968e+02 7.201296610171992185e-04
1.155000000000001670e+01 7.998594075321562968e+02 7.201296610171992185e-04
1.170000000000001705e+01 7.998594075321562968e+02 7.201296610171992185e-04
1.185000000000001741e+01 7.998594075321562968e+02 7.201296610171992185e-04
1.200000000000001776e+01 7.998594075321562968e+02 7.201296610171992185e-04
1.215000000000001812e+01 7.998594075321562968e+02 7.201296610171992185e-04
1.230000000000001847e+01 7.998594075321562968e+02 7.201296610171992185e-04
1.245000000000001883e+01 7.998594075321562968e+02 7.201296610171992185e-04
1.260000000000001918e+01 7.998594075321562968e+02 7.201296610171992185e-04
1.275000000000001954e+01 7.998594075321562968e+02 7.201296610171992185e-04
1.290000000000001990e+01 7.998594075321562968e+02 7.201296610171992185e-04
1.305000000000002025e+01 7.997220692733690157e+02 7.195707922731386930e-04
1.320000000000002061e+01 7.997220692733690157e+02 7.195707922731386930e-04
1.335000000000002096e+01 7.997220692733690157e+02 7.195707922731386930e-04
1.350000000000002132e+01 7.997220692733690157e+02 7.195707922731386930e-04
1.365000000000002167e+01 7.997220692733690157e+02 7.195707922731386930e-04
1.380000000000002203e+01 7.997220692733690157e+02 7.195707922731386930e-04
1.395000000000002238e+01 7.997220692733690157e+02 7.195707922731386930e-04
1.410000000000002274e+01 7.997220692733690157e+02 7.195707922731386930e-04
1.425000000000002309e+01 7.997220692733690157e+02 7.195707922731386930e-04
1.440000000000002345e+01 7.997220692733690157e+02 7.195707922731386930e-04
1.455000000000002380e+01 7.997220692733690157e+02 7.195707922731386930e-04
1.470000000000002416e+01 7.997220692733690157e+02 7.195707922731386930e-04
1.485000000000002451e+01 7.997220692733690157e+02 7.195707922731386930e-04
1.500000000000002487e+01 7.997220692733690157e+02 7.195707922731386930e-04
1.515000000000002522e+01 7.997220692733690157e+02 7.195707922731386930e-04
1.530000000000002558e+01 7.997220692733690157e+02 7.195707922731386930e-04
1.545000000000002593e+01 7.997220692733690157e+02 7.195707922731386930e-04
1.560000000000002629e+01 7.997220692733690157e+02 7.195707922731386930e-04
1.575000000000002665e+01 7.997220692733690157e+02 7.195707922731386930e-04
1.590000000000002700e+01 7.997220692733690157e+02 7.195707922731386930e-04
