1.499999999999999944e-01 7.999065050527677840e+02 2.144637800682858142e-10
2.999999999999999889e-01 7.999065050527677840e+02 2.144637800682858142e-10
4.499999999999999556e-01 7.999065050527677840e+02 2.144637800682858142e-10
5.999999999999999778e-01 7.999065050527677840e+02 2.144637800682858142e-10
7.500000000000000000e-01 7.999065050527677840e+02 2.144637800682858142e-10
9.000000000000000222e-01 7.999065050527677840e+02 2.144637800682858142e-10
1.050000000000000044e+00 7.999065050527677840e+02 2.144637800682858142e-10
1.199999999999999956e+00 7.999065050527677840e+02 2.144637800682858142e-10
1.349999999999999867e+00 7.999065050527677840e+02 2.144637800682858142e-10
1.499999999999999778e+00 7.999065050527677840e+02 2.144637800682858142e-10
1.649999999999999689e+00 7.999065050527677840e+02 2.144637800682858142e-10
1.799999999999999600e+00 7.999065050527677840e+02 2.144637800682858142e-10
1.949999999999999512e+00 7.999065050527677840e+02 2.144637800682858142e-10
2.099999999999999645e+00 7.999588482559983049e+02 2.139161070502382245e-10
2.249999999999999556e+00 7.999588482559983049e+02 2.139161070502382245e-10
2.399999999999999467e+00 7.999588482559983049e+02 2.139161070502382245e-10
2.549999999999999378e+00 7.999588482559983049e+02 2.139161070502382245e-10
2.699999999999999289e+00 7.999588482559983049e+02 2.139161070502382245e-10
2.849999999999999201e+00 7.999588482559983049e+02 2.139161070502382245e-10
2.999999999999999112e+00 7.999588482559983049e+02 2.139161070502382245e-10
3.149999999999999023e+00 7.999588482559983049e+02 2.139161070502382245e-10
3.299999999999998934e+00 7.999588482559983049e+02 2.139161070502382245e-10
3.449999999999998845e+00 7.999588482559983049e+02 2.139161070502382245e-10
3.599999999999998757e+00 7.999588482559983049e+02 2.139161070502382245e-10
3.749999999999998668e+00 7.999588482559983049e+02 2.139161070502382245e-10
3.899999999999998579e+00 7.999588482559983049e+02 2.139161070502382245e-10
4.049999999999998934e+00 4.632322229584933666e+02 2.139326493733051393e-10
4.199999999999999289e+00 2.525145640571808485e+02 2.152702460733735279e-10
4.349999999999999645e+00 9.830824240396385960e+01 2.148622391118237829e-10
4.500000000000000000e+00 4.324654725634552221e+01 2.136181231904288325e-10
4.650000000000000355e+00 1.852197359910771013e+01 2.115040365069376094e-10
4.800000000000000711e+00 8.193753253272753057e+00 2.040587698814988471e-10
4.950000000000001066e+00 3.778379970724486725e+00 1.881280686788500134e-10
5.100000000000001421e+00 1.904563539649700488e+00 1.600761745379486456e-10
5.250000000000001776e+00 1.107437727254591664e+00 1.175490815796820243e-10
5.400000000000002132e+00 7.685978220166589381e-01 7.341782737313451435e-11
5.550000000000002487e+00 6.245288826676187455e-01 4.249478546825002923e-11
5.700000000000002842e+00 5.632781120156096222e-01 3.026323636134975459e-11
5.850000000000003197e+00 5.372367499890060571e-01 3.861910791158607026e-11
6.000000000000003553e+00 5.261651495884507312e-01 7.718470307338520797e-11
6.150000000000003908e+00 5.214581068593133750e-01 1.756170764366515868e-10
6.300000000000004263e+00 5.194571891915984452e-01 4.107210127557436863e-10
6.450000000000004619e+00 5.186072280569078430e-01 9.666666356267228366e-10
6.600000000000004974e+00 5.182476111782534645e-01 2.268142451633536893e-09
6.750000000000005329e+00 5.180988342267482949e-01 5.321786455958488204e-09
6.900000000000005684e+00 5.180452638563792789e-01 1.252511649951770778e-08
7.050000000000006040e+00 5.180452637973758101e-01 2.937928511581588964e-08
7.200000000000006395e+00 5.180988342267482949e-01 6.890570203310630859e-08
7.350000000000006750e+00 5.182476110012430581e-01 1.621099871007558590e-07
7.500000000000007105e+00 5.186072279389009054e-01 3.799855670116869533e-07
7.650000000000007461e+00 5.194571887785741637e-01 8.898454781913756051e-07
7.800000000000007816e+00 5.214581059742613434e-01 2.086050405969430699e-06
7.950000000000008171e+00 5.261651474053223865e-01 4.849319272692831362e-06
8.100000000000008527e+00 5.372367449147077423e-01 1.114026632598186239e-05
8.250000000000008882e+00 5.632780998608950540e-01 2.500453153975179532e-05
8.400000000000009237e+00 6.245288538149225133e-01 5.289886011416999878e-05
8.550000000000009592e+00 7.685977542806767815e-01 1.008236752759739119e-04
8.700000000000009948e+00 1.107437567856720761e+00 1.646680553455404095e-04
8.850000000000010303e+00 1.904563164638403805e+00 2.246118449157341601e-04
9.000000000000010658e+00 3.778379089360171861e+00 2.654951649783132694e-04
9.150000000000011013e+00 8.193751175078389792e+00 2.883727833614679881e-04
9.300000000000011369e+00 1.852196874784250724e+01 2.984119949038799291e-04
9.450000000000011724e+00 4.324653556413333177e+01 3.024627447171246430e-04
9.600000000000012079e+00 9.830821689604658786e+01 3.047321100386746195e-04
9.750000000000012434e+00 2.525144877019359058e+02 3.047359949671646362e-04
9.900000000000012790e+00 4.632321386309012610e+02 3.044565934496867854e-04
1.005000000000001315e+01 7.999583908818568716e+02 3.046095595515829757e-04
1.020000000000001350e+01 7.999583908818568716e+02 3.046095595515829757e-04
1.035000000000001386e+01 7.999583908818568716e+02 3.046095595515829757e-04
1.050000000000001421e+01 7.999583908818568716e+02 3.046095595515829757e-04
1.065000000000001457e+01 7.999583908818568716e+02 3.046095595515829757e-04
1.080000000000001492e+01 7.999583908818568716e+02 3.046095595515829757e-04
1.095000000000001528e+01 7.999583908818568716e+02 3.046095595515829757e-04
1.110000000000001563e+01 7.999583908818568716e+02 3.046095595515829757e-04
1.125000000000001599e+01 7.999583908818568716e+02 3.046095595515829757e-04
1.140000000000001634e+01 7.999583908818568716e+02 3.046095595515829757e-04
1.155000000000001670e+01 7.999583908818568716e+02 3.046095595515829757e-04
1.170000000000001705e+01 7.999583908818568716e+02 3.046095595515829757e-04
1.185000000000001741e+01 7.999583908818568716e+02 3.046095595515829757e-04
1.200000000000001776e+01 7.999583908818568716e+02 3.046095595515829757e-04
1.215000000000001812e+01 7.999583908818568716e+02 3.046095595515829757e-04
1.230000000000001847e+01 7.999583908818568716e+02 3.046095595515829757e-04
1.245000000000001883e+01 7.999583908818568716e+02 3.046095595515829757e-04
1.260000000000001918e+01 7.999583908818568716e+02 3.046095595515829757e-04
1.275000000000001954e+01 7.999583908818568716e+02 3.046095595515829757e-04
1.290000000000001990e+01 7.999583908818568716e+02 3.046095595515829757e-04
1.305000000000002025e+01 7.999054659112993022e+02 3.040472651641978885e-04
1.320000000000002061e+01 7.999054659112993022e+02 3.040472651641978885e-04
1.335000000000002096e+01 7.999054659112993022e+02 3.040472651641978885e-04
1.350000000000002132e+01 7.999054659112993022e+02 3.040472651641978885e-04
1.365000000000002167e+01 7.999054659112993022e+02 3.040472651641978885e-04
1.380000000000002203e+01 7.999054659112993022e+02 3.040472651641978885e-04
1.395000000000002238e+01 7.999054659112993022e+02 3.040472651641978885e-04
1.410000000000002274e+01 7.999054659112993022e+02 3.040472651641978885e-04
1.425000000000002309e+01 7.999054659112993022e+02 3.040472651641978885e-04
1.440000000000002345e+01 7.999054659112993022e+02 3.040472651641978885e-04
1.455000000000002380e+01 7.999054659112993022e+02 3.040472651641978885e-04
1.470000000000002416e+01 7.999054659112993022e+02 3.040472651641978885e-04
1.485000000000002451e+01 7.999054659112993022e+02 3.040472651641978885e-04
1.500000000000002487e+01 7.999054659112993022e+02 3.040472651641978885e-04
1.515000000000002522e+01 7.999054659112993022e+02 3.040472651641978885e-04
1.530000000000002558e+01 7.999054659112993022e+02 3.040472651641978885e-04
1.545000000000002593e+01 7.999054659112993022e+02 3.040472651641978885e-04
1.560000000000002629e+01 7.999054659112993022e+02 3.040472651641978885e-04
1.575000000000002665e+01 7.999054659112993022e+02 3.040472651641978885e-04
1.590000000000002700e+01 7.999054659112993022e+02 3.040472651641978885e-04
