1.499999999999999944e-01 7.999834775463514234e+02 1.371702751384873409e-11
2.999999999999999889e-01 7.999834775463514234e+02 1.371702751384873409e-11
4.499999999999999556e-01 7.999834775463514234e+02 1.371702751384873409e-11
5.999999999999999778e-01 7.999834775463514234e+02 1.371702751384873409e-11
7.500000000000000000e-01 7.999834775463514234e+02 1.371702751384873409e-11
9.000000000000000222e-01 7.999834775463514234e+02 1.371702751384873409e-11
1.050000000000000044e+00 7.999834775463514234e+02 1.371702751384873409e-11
1.199999999999999956e+00 7.999834775463514234e+02 1.371702751384873409e-11
1.349999999999999867e+00 7.999834775463514234e+02 1.371702751384873409e-11
1.499999999999999778e+00 7.999834775463514234e+02 1.371702751384873409e-11
1.649999999999999689e+00 7.999834775463514234e+02 1.371702751384873409e-11
1.799999999999999600e+00 7.999834775463514234e+02 1.371702751384873409e-11
1.949999999999999512e+00 7.999834775463514234e+02 1.371702751384873409e-11
2.099999999999999645e+00 7.999942057483444842e+02 1.380795477956553441e-11
2.249999999999999556e+00 7.999942057483444842e+02 1.380795477956553441e-11
2.399999999999999467e+00 7.999942057483444842e+02 1.380795477956553441e-11
2.549999999999999378e+00 7.999942057483444842e+02 1.380795477956553441e-11
2.699999999999999289e+00 7.999942057483444842e+02 1.380795477956553441e-11
2.849999999999999201e+00 7.999942057483444842e+02 1.380795477956553441e-11
2.999999999999999112e+00 7.999942057483444842e+02 1.380795477956553441e-11
3.149999999999999023e+00 7.999942057483444842e+02 1.380795477956553441e-11
3.299999999999998934e+00 7.999942057483444842e+02 1.380795477956553441e-11
3.449999999999998845e+00 7.999942057483444842e+02 1.380795477956553441e-11
3.599999999999998757e+00 7.999942057483444842e+02 1.380795477956553441e-11
3.749999999999998668e+00 7.999942057483444842e+02 1.380795477956553441e-11
3.899999999999998579e+00 7.999942057483444842e+02 1.380795477956553441e-11
4.049999999999998934e+00 4.861057306638123805e+02 1.391520232374432453e-11
4.199999999999999289e+00 3.101054686845546939e+02 1.365818569354360079e-11
4.349999999999999645e+00 1.504490016015953415e+02 1.387379100492580619e-11
4.500000000000000000e+00 8.144491827612844759e+01 1.436650798325445066e-11
4.650000000000000355e+00 4.333002539267206998e+01 1.607625144117719174e-11
4.800000000000000711e+00 2.334764680020327532e+01 2.114919350759691952e-11
4.950000000000001066e+00 1.267211082486209861e+01 3.926514668961544885e-11
5.100000000000001421e+00 6.989291892429740471e+00 1.015116879443667131e-10
5.250000000000001776e+00 3.959881817143283911e+00 3.067114340282728335e-10
5.400000000000002132e+00 2.345365589814463192e+00 9.435184855632883227e-10
5.550000000000002487e+00 1.484819451757545039e+00 2.774199425736867397e-09
5.700000000000002842e+00 1.026153695919049369e+00 7.502300669592898430e-09
5.850000000000003197e+00 7.816906895257602628e-01 1.843744446006212456e-08
6.000000000000003553e+00 6.514050598154881300e-01 4.150444254946705769e-08
6.150000000000003908e+00 5.819884709420648505e-01 8.701931042409682959e-08
6.300000000000004263e+00 5.450382068628414345e-01 1.740618852386077720e-07
6.450000000000004619e+00 5.254355848547902497e-01 3.387691487333199802e-07
6.600000000000004974e+00 5.151599419560852766e-01 6.472729793260967313e-07
6.750000000000005329e+00 5.100068690541093019e-01 1.224786198239513624e-06
6.900000000000005684e+00 5.078679212676888710e-01 2.307702392512211986e-06
7.050000000000006040e+00 5.078679210906784647e-01 4.323013151119603492e-06
7.200000000000006395e+00 5.100068688770988956e-01 8.064326346368666520e-06
7.350000000000006750e+00 5.151599415430609952e-01 1.497946501094471472e-05
7.500000000000007105e+00 5.254355840287416868e-01 2.751222387931129276e-05
7.650000000000007461e+00 5.450382053287512463e-01 4.968496918833498199e-05
7.800000000000007816e+00 5.819884679918914117e-01 8.730354676900198285e-05
7.950000000000008171e+00 6.514050542691620649e-01 1.461174147544541668e-04
8.100000000000008527e+00 7.816906790821462891e-01 2.280998708107384587e-04
8.250000000000008882e+00 1.026153676388901204e+00 3.260184098471397007e-04
8.400000000000009237e+00 1.484819415145892663e+00 4.220733288803346639e-04
8.550000000000009592e+00 2.345365521193429004e+00 5.005642162817514063e-04
8.700000000000009948e+00 3.959881688338711569e+00 5.562653126751637700e-04
8.850000000000010303e+00 6.989291650762595509e+00 5.904158575584794733e-04
9.000000000000010658e+00 1.267211037158454445e+01 6.099986873696616740e-04
9.150000000000011013e+00 2.334764594815722916e+01 6.215467444679045883e-04
9.300000000000011369e+00 4.333002379924006675e+01 6.268913982319102018e-04
9.450000000000011724e+00 8.144491521185197769e+01 6.293355754042329053e-04
9.600000000000012079e+00 1.504489961363282760e+02 6.311864172313663701e-04
9.750000000000012434e+00 3.101054547767185454e+02 6.311134029892695452e-04
9.900000000000012790e+00 4.861057185453618104e+02 6.308158578882672174e-04
1.005000000000001315e+01 7.999941169655900239e+02 6.309628026588409710e-04
1.020000000000001350e+01 7.999941169655900239e+02 6.309628026588409710e-04
1.035000000000001386e+01 7.999941169655900239e+02 6.309628026588409710e-04
1.050000000000001421e+01 7.999941169655900239e+02 6.309628026588409710e-04
1.065000000000001457e+01 7.999941169655900239e+02 6.309628026588409710e-04
1.080000000000001492e+01 7.999941169655900239e+02 6.309628026588409710e-04
1.095000000000001528e+01 7.999941169655900239e+02 6.309628026588409710e-04
1.110000000000001563e+01 7.999941169655900239e+02 6.309628026588409710e-04
1.125000000000001599e+01 7.999941169655900239e+02 6.309628026588409710e-04
1.140000000000001634e+01 7.999941169655900239e+02 6.309628026588409710e-04
1.155000000000001670e+01 7.999941169655900239e+02 6.309628026588409710e-04
1.170000000000001705e+01 7.999941169655900239e+02 6.309628026588409710e-04
1.185000000000001741e+01 7.999941169655900239e+02 6.309628026588409710e-04
1.200000000000001776e+01 7.999941169655900239e+02 6.309628026588409710e-04
1.215000000000001812e+01 7.999941169655900239e+02 6.309628026588409710e-04
1.230000000000001847e+01 7.999941169655900239e+02 6.309628026588409710e-04
1.245000000000001883e+01 7.999941169655900239e+02 6.309628026588409710e-04
1.260000000000001918e+01 7.999941169655900239e+02 6.309628026588409710e-04
1.275000000000001954e+01 7.999941169655900239e+02 6.309628026588409710e-04
1.290000000000001990e+01 7.999941169655900239e+02 6.309628026588409710e-04
1.305000000000002025e+01 7.999832243798782656e+02 6.303929865617563522e-04
1.320000000000002061e+01 7.999832243798782656e+02 6.303929865617563522e-04
1.335000000000002096e+01 7.999832243798782656e+02 6.303929865617563522e-04
1.350000000000002132e+01 7.999832243798782656e+02 6.303929865617563522e-04
1.365000000000002167e+01 7.999832243798782656e+02 6.303929865617563522e-04
1.380000000000002203e+01 7.999832243798782656e+02 6.303929865617563522e-04
1.395000000000002238e+01 7.999832243798782656e+02 6.303929865617563522e-04
1.410000000000002274e+01 7.999832243798782656e+02 6.303929865617563522e-04
1.425000000000002309e+01 7.999832243798782656e+02 6.303929865617563522e-04
1.440000000000002345e+01 7.999832243798782656e+02 6.303929865617563522e-04
1.455000000000002380e+01 7.999832243798782656e+02 6.303929865617563522e-04
1.470000000000002416e+01 7.999832243798782656e+02 6.303929865617563522e-04
1.485000000000002451e+01 7.999832243798782656e+02 6.303929865617563522e-04
1.500000000000002487e+01 7.999832243798782656e+02 6.303929865617563522e-04
1.515000000000002522e+01 7.999832243798782656e+02 6.303929865617563522e-04
1.530000000000002558e+01 7.999832243798782656e+02 6.303929865617563522e-04
1.545000000000002593e+01 7.999832243798782656e+02 6.303929865617563522e-04
1.560000000000002629e+01 7.999832243798782656e+02 6.303929865617563522e-04
1.575000000000002665e+01 7.999832243798782656e+02 6.303929865617563522e-04
1.590000000000002700e+01 7.999832243798782656e+02 6.303929865617563522e-04
