1.499999999999999944e-01 7.999999505541452436e+02 9.090407530187860630e-05
2.999999999999999889e-01 7.999999505541452436e+02 9.090407530187860630e-05
4.499999999999999556e-01 7.999999505541452436e+02 9.090407530187860630e-05
5.999999999999999778e-01 7.999999505541452436e+02 9.090407530187860630e-05
7.500000000000000000e-01 7.999999505541452436e+02 9.090407530187860630e-05
9.000000000000000222e-01 7.999999505541452436e+02 9.090407530187860630e-05
1.050000000000000044e+00 7.999999505541452436e+02 9.090407530187860630e-05
1.199999999999999956e+00 7.999999505541452436e+02 9.090407530187860630e-05
1.349999999999999867e+00 7.999999505541452436e+02 9.090407530187860630e-05
1.499999999999999778e+00 7.999999505541452436e+02 9.090407530187860630e-05
1.649999999999999689e+00 7.999999505541452436e+02 9.090407530187860630e-05
1.799999999999999600e+00 7.999999505541452436e+02 9.090407530187860630e-05
1.949999999999999512e+00 7.999999505541452436e+02 9.090407530187860630e-05
2.099999999999999645e+00 7.999999917800914773e+02 9.099494576980671212e-05
2.249999999999999556e+00 7.999999917800914773e+02 9.099494576980671212e-05
2.399999999999999467e+00 7.999999917800914773e+02 9.099494576980671212e-05
2.549999999999999378e+00 7.999999917800914773e+02 9.099494576980671212e-05
2.699999999999999289e+00 7.999999917800914773e+02 9.099494576980671212e-05
2.849999999999999201e+00 7.999999917800914773e+02 9.099494576980671212e-05
2.999999999999999112e+00 7.999999917800914773e+02 9.099494576980671212e-05
3.149999999999999023e+00 7.999999917800914773e+02 9.099494576980671212e-05
3.299999999999998934e+00 7.999999917800914773e+02 9.099494576980671212e-05
3.449999999999998845e+00 7.999999917800914773e+02 9.099494576980671212e-05
3.599999999999998757e+00 7.999999917800914773e+02 9.099494576980671212e-05
3.749999999999998668e+00 7.999999917800914773e+02 9.099494576980671212e-05
3.899999999999998579e+00 7.999999917800914773e+02 9.099494576980671212e-05
4.049999999999998934e+00 5.134472309689626854e+02 9.189969333966985232e-05
4.199999999999999289e+00 4.487373796885877368e+02 9.619941071858928439e-05
4.349999999999999645e+00 3.779064930559218851e+02 1.051571347066015960e-04
4.500000000000000000e+00 3.591133319472763219e+02 1.155977856747147925e-04
4.650000000000000355e+00 3.508619543663526770e+02 1.273467512207249186e-04
4.800000000000000711e+00 3.477336370477381706e+02 1.390953429664110175e-04
4.950000000000001066e+00 3.464715433152086916e+02 1.509002669140002695e-04
5.100000000000001421e+00 3.459699934113000381e+02 1.630165765833524461e-04
5.250000000000001776e+00 3.457691722309790521e+02 1.746853668431747053e-04
5.400000000000002132e+00 3.456888890467854480e+02 1.862259677878341790e-04
5.550000000000002487e+00 3.456567643678801005e+02 1.980738926257163968e-04
5.700000000000002842e+00 3.456439119046114570e+02 2.093461597801882235e-04
5.850000000000003197e+00 3.456387692963173777e+02 2.204578196530748713e-04
6.000000000000003553e+00 3.456367116352381004e+02 2.319273445210434659e-04
6.150000000000003908e+00 3.456358883214210778e+02 2.427197655958668321e-04
6.300000000000004263e+00 3.456355589208516790e+02 2.533292450623836345e-04
6.450000000000004619e+00 3.456354271914451033e+02 2.643485401674361412e-04
6.600000000000004974e+00 3.456353746647139360e+02 2.745948929896435686e-04
6.750000000000005329e+00 3.456353541016749205e+02 2.846376621398194473e-04
6.900000000000005684e+00 3.456353470093371243e+02 2.951398931090309929e-04
7.050000000000006040e+00 3.456353470093373517e+02 3.047781974367946844e-04
7.200000000000006395e+00 3.456353541016753184e+02 3.141935631149062047e-04
7.350000000000006750e+00 3.456353746647145613e+02 3.241152209212394553e-04
7.500000000000007105e+00 3.456354271914465812e+02 3.330872877268520327e-04
7.650000000000007461e+00 3.456355589208532706e+02 3.418184270780333378e-04
7.800000000000007816e+00 3.456358883214228968e+02 3.510995671609506985e-04
7.950000000000008171e+00 3.456367116352402036e+02 3.593512574361357181e-04
8.100000000000008527e+00 3.456387692963195946e+02 3.673454414173660254e-04
8.250000000000008882e+00 3.456439119046137307e+02 3.759297941096084728e-04
8.400000000000009237e+00 3.456567643678812374e+02 3.834107538323028308e-04
8.550000000000009592e+00 3.456888890467838564e+02 3.906182389459278426e-04
8.700000000000009948e+00 3.457691722309697866e+02 3.984500907714405571e-04
8.850000000000010303e+00 3.459699934112716164e+02 4.051057600326091190e-04
9.000000000000010658e+00 3.464715433151317256e+02 4.114600456901484904e-04
9.150000000000011013e+00 3.477336370475372860e+02 4.184371405949738332e-04
9.300000000000011369e+00 3.508619543658488737e+02 4.240932175845202323e-04
9.450000000000011724e+00 3.591133319459231643e+02 4.292577873962200030e-04
9.600000000000012079e+00 3.779064930529093544e+02 4.345890116089767830e-04
9.750000000000012434e+00 4.487373796759379729e+02 4.378440810135497685e-04
9.900000000000012790e+00 5.134472309602084579e+02 4.390283871748001943e-04
1.005000000000001315e+01 7.999999915933902912e+02 4.394690062617945259e-04
1.020000000000001350e+01 7.999999915933902912e+02 4.394690062617945259e-04
1.035000000000001386e+01 7.999999915933902912e+02 4.394690062617945259e-04
1.050000000000001421e+01 7.999999915933902912e+02 4.394690062617945259e-04
1.065000000000001457e+01 7.999999915933902912e+02 4.394690062617945259e-04
1.080000000000001492e+01 7.999999915933902912e+02 4.394690062617945259e-04
1.095000000000001528e+01 7.999999915933902912e+02 4.394690062617945259e-04
1.110000000000001563e+01 7.999999915933902912e+02 4.394690062617945259e-04
1.125000000000001599e+01 7.999999915933902912e+02 4.394690062617945259e-04
1.140000000000001634e+01 7.999999915933902912e+02 4.394690062617945259e-04
1.155000000000001670e+01 7.999999915933902912e+02 4.394690062617945259e-04
1.170000000000001705e+01 7.999999915933902912e+02 4.394690062617945259e-04
1.185000000000001741e+01 7.999999915933902912e+02 4.394690062617945259e-04
1.200000000000001776e+01 7.999999915933902912e+02 4.394690062617945259e-04
1.215000000000001812e+01 7.999999915933902912e+02 4.394690062617945259e-04
1.230000000000001847e+01 7.999999915933902912e+02 4.394690062617945259e-04
1.245000000000001883e+01 7.999999915933902912e+02 4.394690062617945259e-04
1.260000000000001918e+01 7.999999915933902912e+02 4.394690062617945259e-04
1.275000000000001954e+01 7.999999915933902912e+02 4.394690062617945259e-04
1.290000000000001990e+01 7.999999915933902912e+02 4.394690062617945259e-04
1.305000000000002025e+01 7.999999494310670798e+02 4.389483852572650946e-04
1.320000000000002061e+01 7.999999494310670798e+02 4.389483852572650946e-04
1.335000000000002096e+01 7.999999494310670798e+02 4.389483852572650946e-04
1.350000000000002132e+01 7.999999494310670798e+02 4.389483852572650946e-04
1.365000000000002167e+01 7.999999494310670798e+02 4.389483852572650946e-04
1.380000000000002203e+01 7.999999494310670798e+02 4.389483852572650946e-04
1.395000000000002238e+01 7.999999494310670798e+02 4.389483852572650946e-04
1.410000000000002274e+01 7.999999494310670798e+02 4.389483852572650946e-04
1.425000000000002309e+01 7.999999494310670798e+02 4.389483852572650946e-04
1.440000000000002345e+01 7.999999494310670798e+02 4.389483852572650946e-04
1.455000000000002380e+01 7.999999494310670798e+02 4.389483852572650946e-04
1.470000000000002416e+01 7.999999494310670798e+02 4.389483852572650946e-04
1.485000000000002451e+01 7.999999494310670798e+02 4.389483852572650946e-04
1.500000000000002487e+01 7.999999494310670798e+02 4.389483852572650946e-04
1.515000000000002522e+01 7.999999494310670798e+02 4.389483852572650946e-04
1.530000000000002558e+01 7.999999494310670798e+02 4.389483852572650946e-04
1.545000000000002593e+01 7.999999494310670798e+02 4.389483852572650946e-04
1.560000000000002629e+01 7.999999494310670798e+02 4.389483852572650946e-04
1.575000000000002665e+01 7.999999494310670798e+02 4.389483852572650946e-04
1.590000000000002700e+01 7.999999494310670798e+02 4.389483852572650946e-04
