1.499999999999999944e-01 7.999999971354081936e+02 1.312932454394788451e-04
2.999999999999999889e-01 7.999999971354081936e+02 1.312932454394788451e-04
4.499999999999999556e-01 7.999999971354081936e+02 1.312932454394788451e-04
5.999999999999999778e-01 7.999999971354081936e+02 1.312932454394788451e-04
7.500000000000000000e-01 7.999999971354081936e+02 1.312932454394788451e-04
9.000000000000000222e-01 7.999999971354081936e+02 1.312932454394788451e-04
1.050000000000000044e+00 7.999999971354081936e+02 1.312932454394788451e-04
1.199999999999999956e+00 7.999999971354081936e+02 1.312932454394788451e-04
1.349999999999999867e+00 7.999999971354081936e+02 1.312932454394788451e-04
1.499999999999999778e+00 7.999999971354081936e+02 1.312932454394788451e-04
1.649999999999999689e+00 7.999999971354081936e+02 1.312932454394788451e-04
1.799999999999999600e+00 7.999999971354081936e+02 1.312932454394788451e-04
1.949999999999999512e+00 7.999999971354081936e+02 1.312932454394788451e-04
2.099999999999999645e+00 7.999999996621306764e+02 1.314304684508771359e-04
2.249999999999999556e+00 7.999999996621306764e+02 1.314304684508771359e-04
2.399999999999999467e+00 7.999999996621306764e+02 1.314304684508771359e-04
2.549999999999999378e+00 7.999999996621306764e+02 1.314304684508771359e-04
2.699999999999999289e+00 7.999999996621306764e+02 1.314304684508771359e-04
2.849999999999999201e+00 7.999999996621306764e+02 1.314304684508771359e-04
2.999999999999999112e+00 7.999999996621306764e+02 1.314304684508771359e-04
3.149999999999999023e+00 7.999999996621306764e+02 1.314304684508771359e-04
3.299999999999998934e+00 7.999999996621306764e+02 1.314304684508771359e-04
3.449999999999998845e+00 7.999999996621306764e+02 1.314304684508771359e-04
3.599999999999998757e+00 7.999999996621306764e+02 1.314304684508771359e-04
3.749999999999998668e+00 7.999999996621306764e+02 1.314304684508771359e-04
3.899999999999998579e+00 7.999999996621306764e+02 1.314304684508771359e-04
4.049999999999998934e+00 5.165995497848062996e+02 1.327397478240177620e-04
4.199999999999999289e+00 4.765701177372429811e+02 1.386211487712785129e-04
4.349999999999999645e+00 4.303676131511679728e+02 1.495037297183365865e-04
4.500000000000000000e+00 4.222156789980153917e+02 1.609111571797550155e-04
4.650000000000000355e+00 4.193744920895462656e+02 1.731201957869688002e-04
4.800000000000000711e+00 4.186308462475904548e+02 1.848974529159441715e-04
4.950000000000001066e+00 4.184121889888311330e+02 1.965477776124657794e-04
5.100000000000001421e+00 4.183509212217268782e+02 2.084947719244167885e-04
5.250000000000001776e+00 4.183333951669911244e+02 2.198243703867008847e-04
5.400000000000002132e+00 4.183284247664163331e+02 2.309630076622326555e-04
5.550000000000002487e+00 4.183270099707149257e+02 2.424396789967309118e-04
5.700000000000002842e+00 4.183266078771918046e+02 2.531940996332027183e-04
5.850000000000003197e+00 4.183264935251195880e+02 2.637317142788475621e-04
6.000000000000003553e+00 4.183264610132728194e+02 2.746539746116827274e-04
6.150000000000003908e+00 4.183264517686411637e+02 2.847568856779725266e-04
6.300000000000004263e+00 4.183264491400981910e+02 2.946193458743806559e-04
6.450000000000004619e+00 4.183264483927316633e+02 3.049105156719411625e-04
6.600000000000004974e+00 4.183264481803316244e+02 3.142911313108731619e-04
6.750000000000005329e+00 4.183264481203015066e+02 3.234093774603374882e-04
6.900000000000005684e+00 4.183264481045097796e+02 3.329973488804816029e-04
7.050000000000006040e+00 4.183264481045100638e+02 3.415900427946594320e-04
7.200000000000006395e+00 4.183264481203021887e+02 3.499003127619415565e-04
7.350000000000006750e+00 4.183264481803324770e+02 3.587179854677158275e-04
7.500000000000007105e+00 4.183264483927327433e+02 3.664627296797728917e-04
7.650000000000007461e+00 4.183264491400996121e+02 3.739069997613642116e-04
7.800000000000007816e+00 4.183264517686425279e+02 3.818927479950495751e-04
7.950000000000008171e+00 4.183264610132745815e+02 3.887355321778862560e-04
8.100000000000008527e+00 4.183264935251217480e+02 3.952619212636010460e-04
8.250000000000008882e+00 4.183266078771940784e+02 4.023600211818800787e-04
8.400000000000009237e+00 4.183270099707176541e+02 4.082532160814000832e-04
8.550000000000009592e+00 4.183284247664194027e+02 4.138163060339872246e-04
8.700000000000009948e+00 4.183333951669944781e+02 4.199771890668335672e-04
8.850000000000010303e+00 4.183509212217302888e+02 4.248794362969876559e-04
9.000000000000010658e+00 4.184121889888344867e+02 4.294390665435798837e-04
9.150000000000011013e+00 4.186308462475927286e+02 4.346149808455157526e-04
9.300000000000011369e+00 4.193744920895439350e+02 4.384742775782601854e-04
9.450000000000011724e+00 4.222156789979950986e+02 4.419501059331754078e-04
9.600000000000012079e+00 4.303676131511046492e+02 4.459028318803959223e-04
9.750000000000012434e+00 4.765701177368404728e+02 4.482508674231722168e-04
9.900000000000012790e+00 5.165995497845461841e+02 4.491586649862933101e-04
1.005000000000001315e+01 7.999999996531236093e+02 4.495534717606775033e-04
1.020000000000001350e+01 7.999999996531236093e+02 4.495534717606775033e-04
1.035000000000001386e+01 7.999999996531236093e+02 4.495534717606775033e-04
1.050000000000001421e+01 7.999999996531236093e+02 4.495534717606775033e-04
1.065000000000001457e+01 7.999999996531236093e+02 4.495534717606775033e-04
1.080000000000001492e+01 7.999999996531236093e+02 4.495534717606775033e-04
1.095000000000001528e+01 7.999999996531236093e+02 4.495534717606775033e-04
1.110000000000001563e+01 7.999999996531236093e+02 4.495534717606775033e-04
1.125000000000001599e+01 7.999999996531236093e+02 4.495534717606775033e-04
1.140000000000001634e+01 7.999999996531236093e+02 4.495534717606775033e-04
1.155000000000001670e+01 7.999999996531236093e+02 4.495534717606775033e-04
1.170000000000001705e+01 7.999999996531236093e+02 4.495534717606775033e-04
1.185000000000001741e+01 7.999999996531236093e+02 4.495534717606775033e-04
1.200000000000001776e+01 7.999999996531236093e+02 4.495534717606775033e-04
1.215000000000001812e+01 7.999999996531236093e+02 4.495534717606775033e-04
1.230000000000001847e+01 7.999999996531236093e+02 4.495534717606775033e-04
1.245000000000001883e+01 7.999999996531236093e+02 4.495534717606775033e-04
1.260000000000001918e+01 7.999999996531236093e+02 4.495534717606775033e-04
1.275000000000001954e+01 7.999999996531236093e+02 4.495534717606775033e-04
1.290000000000001990e+01 7.999999996531236093e+02 4.495534717606775033e-04
1.305000000000002025e+01 7.999999970590425846e+02 4.490226797361218658e-04
1.320000000000002061e+01 7.999999970590425846e+02 4.490226797361218658e-04
1.335000000000002096e+01 7.999999970590425846e+02 4.490226797361218658e-04
1.350000000000002132e+01 7.999999970590425846e+02 4.490226797361218658e-04
1.365000000000002167e+01 7.999999970590425846e+02 4.490226797361218658e-04
1.380000000000002203e+01 7.999999970590425846e+02 4.490226797361218658e-04
1.395000000000002238e+01 7.999999970590425846e+02 4.490226797361218658e-04
1.410000000000002274e+01 7.999999970590425846e+02 4.490226797361218658e-04
1.425000000000002309e+01 7.999999970590425846e+02 4.490226797361218658e-04
1.440000000000002345e+01 7.999999970590425846e+02 4.490226797361218658e-04
1.455000000000002380e+01 7.999999970590425846e+02 4.490226797361218658e-04
1.470000000000002416e+01 7.999999970590425846e+02 4.490226797361218658e-04
1.485000000000002451e+01 7.999999970590425846e+02 4.490226797361218658e-04
1.500000000000002487e+01 7.999999970590425846e+02 4.490226797361218658e-04
1.515000000000002522e+01 7.999999970590425846e+02 4.490226797361218658e-04
1.530000000000002558e+01 7.999999970590425846e+02 4.490226797361218658e-04
1.545000000000002593e+01 7.999999970590425846e+02 4.490226797361218658e-04
1.560000000000002629e+01 7.999999970590425846e+02 4.490226797361218658e-04
1.575000000000002665e+01 7.999999970590425846e+02 4.490226797361218658e-04
1.590000000000002700e+01 7.999999970590425846e+02 4.490226797361218658e-04
