1.499999999999999944e-01 7.999834323117765962e+02 1.234268243166525281e-11
2.999999999999999889e-01 7.999834323117765962e+02 1.234268243166525281e-11
4.499999999999999556e-01 7.999834323117765962e+02 1.234268243166525281e-11
5.999999999999999778e-01 7.999834323117765962e+02 1.234268243166525281e-11
7.500000000000000000e-01 7.999834323117765962e+02 1.234268243166525281e-11
9.000000000000000222e-01 7.999834323117765962e+02 1.234268243166525281e-11
1.050000000000000044e+00 7.999834323117765962e+02 1.234268243166525281e-11
1.199999999999999956e+00 7.999834323117765962e+02 1.234268243166525281e-11
1.349999999999999867e+00 7.999834323117765962e+02 1.234268243166525281e-11
1.499999999999999778e+00 7.999834323117765962e+02 1.234268243166525281e-11
1.649999999999999689e+00 7.999834323117765962e+02 1.234268243166525281e-11
1.799999999999999600e+00 7.999834323117765962e+02 1.234268243166525281e-11
1.949999999999999512e+00 7.999834323117765962e+02 1.234268243166525281e-11
2.099999999999999645e+00 7.999941894860594402e+02 1.232436375175893772e-11
2.249999999999999556e+00 7.999941894860594402e+02 1.232436375175893772e-11
2.399999999999999467e+00 7.999941894860594402e+02 1.232436375175893772e-11
2.549999999999999378e+00 7.999941894860594402e+02 1.232436375175893772e-11
2.699999999999999289e+00 7.999941894860594402e+02 1.232436375175893772e-11
2.849999999999999201e+00 7.999941894860594402e+02 1.232436375175893772e-11
2.999999999999999112e+00 7.999941894860594402e+02 1.232436375175893772e-11
3.149999999999999023e+00 7.999941894860594402e+02 1.232436375175893772e-11
3.299999999999998934e+00 7.999941894860594402e+02 1.232436375175893772e-11
3.449999999999998845e+00 7.999941894860594402e+02 1.232436375175893772e-11
3.599999999999998757e+00 7.999941894860594402e+02 1.232436375175893772e-11
3.749999999999998668e+00 7.999941894860594402e+02 1.232436375175893772e-11
3.899999999999998579e+00 7.999941894860594402e+02 1.232436375175893772e-11
4.049999999999998934e+00 4.860948853298611425e+02 1.241540203977820056e-11
4.199999999999999289e+00 3.100084815318845699e+02 1.256139636751640865e-11
4.349999999999999645e+00 1.502474498746298650e+02 1.371525115700933384e-11
4.500000000000000000e+00 8.117314531589897797e+01 1.771616187085101046e-11
4.650000000000000355e+00 4.301407525396933806e+01 3.231137579717824337e-11
4.800000000000000711e+00 2.300625161006290753e+01 8.361367154208210195e-11
4.950000000000001066e+00 1.231653191275240644e+01 2.631194151447857621e-10
5.100000000000001421e+00 6.625972577606361824e+00 8.885998603602729418e-10
5.250000000000001776e+00 3.592381722573506408e+00 3.046148000507287179e-09
5.400000000000002132e+00 1.975620342453538569e+00 1.036122410091877555e-08
5.550000000000002487e+00 1.113872132347296429e+00 3.445396867807204444e-08
5.700000000000002842e+00 6.545638229072210379e-01 1.099337724186355558e-07
5.850000000000003197e+00 4.097576487993137562e-01 3.293275918636595634e-07
6.000000000000003553e+00 2.792888422006853943e-01 9.065043119482751877e-07
6.150000000000003908e+00 2.097745272390056925e-01 2.263424749959774829e-06
6.300000000000004263e+00 1.727721825679964240e-01 5.153966787907471314e-06
6.450000000000004619e+00 1.531419006778378389e-01 1.090929565028542214e-05
6.600000000000004974e+00 1.428517443418968469e-01 2.193321551680060821e-05
6.750000000000005329e+00 1.376913871076794749e-01 4.267545995606525366e-05
6.900000000000005684e+00 1.355494134463697264e-01 8.133225046358383281e-05
7.050000000000006040e+00 1.355494134463697264e-01 1.525316364459072815e-04
7.200000000000006395e+00 1.376913866356517246e-01 2.816099143081451928e-04
7.350000000000006750e+00 1.428517436338552216e-01 5.092659241918706670e-04
7.500000000000007105e+00 1.531418997337823384e-01 8.909088559894140502e-04
7.650000000000007461e+00 1.727721805618784856e-01 1.480984919996375382e-03
7.800000000000007816e+00 2.097745239348114410e-01 2.288480214283739045e-03
7.950000000000008171e+00 2.792888355922968913e-01 3.223617406494350135e-03
8.100000000000008527e+00 4.097576368216095943e-01 4.120663683491176954e-03
8.250000000000008882e+00 6.545638008989271839e-01 4.839693326148086783e-03
8.400000000000009237e+00 1.113872091428390831e+00 5.333737331268961768e-03
8.550000000000009592e+00 1.975620266147302573e+00 5.639779826551172270e-03
8.700000000000009948e+00 3.592381579954746940e+00 5.819119299505626230e-03
8.850000000000010303e+00 6.625972310604602455e+00 5.917058136154063064e-03
9.000000000000010658e+00 1.231653141255049988e+01 5.969536882793891053e-03
9.150000000000011013e+00 2.300625067046216898e+01 5.999269488543901296e-03
9.300000000000011369e+00 4.301407349751904974e+01 6.012776190789437258e-03
9.450000000000011724e+00 8.117314193923463961e+01 6.018890807591215086e-03
9.600000000000012079e+00 1.502474438537674644e+02 6.023486472540695580e-03
9.750000000000012434e+00 3.100084662172681647e+02 6.023307572538327825e-03
9.900000000000012790e+00 4.860948719888754113e+02 6.022571392716891125e-03
1.005000000000001315e+01 7.999940917800100806e+02 6.022935337162138580e-03
1.020000000000001350e+01 7.999940917800100806e+02 6.022935337162138580e-03
1.035000000000001386e+01 7.999940917800100806e+02 6.022935337162138580e-03
1.050000000000001421e+01 7.999940917800100806e+02 6.022935337162138580e-03
1.065000000000001457e+01 7.999940917800100806e+02 6.022935337162138580e-03
1.080000000000001492e+01 7.999940917800100806e+02 6.022935337162138580e-03
1.095000000000001528e+01 7.999940917800100806e+02 6.022935337162138580e-03
1.110000000000001563e+01 7.999940917800100806e+02 6.022935337162138580e-03
1.125000000000001599e+01 7.999940917800100806e+02 6.022935337162138580e-03
1.140000000000001634e+01 7.999940917800100806e+02 6.022935337162138580e-03
1.155000000000001670e+01 7.999940917800100806e+02 6.022935337162138580e-03
1.170000000000001705e+01 7.999940917800100806e+02 6.022935337162138580e-03
1.185000000000001741e+01 7.999940917800100806e+02 6.022935337162138580e-03
1.200000000000001776e+01 7.999940917800100806e+02 6.022935337162138580e-03
1.215000000000001812e+01 7.999940917800100806e+02 6.022935337162138580e-03
1.230000000000001847e+01 7.999940917800100806e+02 6.022935337162138580e-03
1.245000000000001883e+01 7.999940917800100806e+02 6.022935337162138580e-03
1.260000000000001918e+01 7.999940917800100806e+02 6.022935337162138580e-03
1.275000000000001954e+01 7.999940917800100806e+02 6.022935337162138580e-03
1.290000000000001990e+01 7.999940917800100806e+02 6.022935337162138580e-03
1.305000000000002025e+01 7.999831537194128259e+02 6.021524140670586611e-03
1.320000000000002061e+01 7.999831537194128259e+02 6.021524140670586611e-03
1.335000000000002096e+01 7.999831537194128259e+02 6.021524140670586611e-03
1.350000000000002132e+01 7.999831537194128259e+02 6.021524140670586611e-03
1.365000000000002167e+01 7.999831537194128259e+02 6.021524140670586611e-03
1.380000000000002203e+01 7.999831537194128259e+02 6.021524140670586611e-03
1.395000000000002238e+01 7.999831537194128259e+02 6.021524140670586611e-03
1.410000000000002274e+01 7.999831537194128259e+02 6.021524140670586611e-03
1.425000000000002309e+01 7.999831537194128259e+02 6.021524140670586611e-03
1.440000000000002345e+01 7.999831537194128259e+02 6.021524140670586611e-03
1.455000000000002380e+01 7.999831537194128259e+02 6.021524140670586611e-03
1.470000000000002416e+01 7.999831537194128259e+02 6.021524140670586611e-03
1.485000000000002451e+01 7.999831537194128259e+02 6.021524140670586611e-03
1.500000000000002487e+01 7.999831537194128259e+02 6.021524140670586611e-03
1.515000000000002522e+01 7.999831537194128259e+02 6.021524140670586611e-03
1.530000000000002558e+01 7.999831537194128259e+02 6.021524140670586611e-03
1.545000000000002593e+01 7.999831537194128259e+02 6.021524140670586611e-03
1.560000000000002629e+01 7.999831537194128259e+02 6.021524140670586611e-03
1.575000000000002665e+01 7.999831537194128259e+02 6.021524140670586611e-03
1.590000000000002700e+01 7.999831537194128259e+02 6.021524140670586611e-03
