1.499999999999999944e-01 7.996049988520765055e+02 5.903055821931957325e-13
2.999999999999999889e-01 7.996049988520765055e+02 5.903055821931957325e-13
4.499999999999999556e-01 7.996049988520765055e+02 5.903055821931957325e-13
5.999999999999999778e-01 7.996049988520765055e+02 5.903055821931957325e-13
7.500000000000000000e-01 7.996049988520765055e+02 5.903055821931957325e-13
9.000000000000000222e-01 7.996049988520765055e+02 5.903055821931957325e-13
1.050000000000000044e+00 7.996049988520765055e+02 5.903055821931957325e-13
1.199999999999999956e+00 7.996049988520765055e+02 5.903055821931957325e-13
1.349999999999999867e+00 7.996049988520765055e+02 5.903055821931957325e-13
1.499999999999999778e+00 7.996049988520765055e+02 5.903055821931957325e-13
1.649999999999999689e+00 7.996049988520765055e+02 5.903055821931957325e-13
1.799999999999999600e+00 7.996049988520765055e+02 5.903055821931957325e-13
1.949999999999999512e+00 7.996049988520765055e+02 5.903055821931957325e-13
2.099999999999999645e+00 7.997906981509489697e+02 5.935252289646086865e-13
2.249999999999999556e+00 7.997906981509489697e+02 5.935252289646086865e-13
2.399999999999999467e+00 7.997906981509489697e+02 5.935252289646086865e-13
2.549999999999999378e+00 7.997906981509489697e+02 5.935252289646086865e-13
2.699999999999999289e+00 7.997906981509489697e+02 5.935252289646086865e-13
2.849999999999999201e+00 7.997906981509489697e+02 5.935252289646086865e-13
2.999999999999999112e+00 7.997906981509489697e+02 5.935252289646086865e-13
3.149999999999999023e+00 7.997906981509489697e+02 5.935252289646086865e-13
3.299999999999998934e+00 7.997906981509489697e+02 5.935252289646086865e-13
3.449999999999998845e+00 7.997906981509489697e+02 5.935252289646086865e-13
3.599999999999998757e+00 7.997906981509489697e+02 5.935252289646086865e-13
3.749999999999998668e+00 7.997906981509489697e+02 5.935252289646086865e-13
3.899999999999998579e+00 7.997906981509489697e+02 5.935252289646086865e-13
4.049999999999998934e+00 4.332560783438776184e+02 5.908606937055083108e-13
4.199999999999999289e+00 2.030883162513006255e+02 6.756817327868702705e-13
4.349999999999999645e+00 6.519940829269728511e+01 8.021361352916756005e-13
4.500000000000000000e+00 2.406937642473580752e+01 8.371081605673680315e-13
4.650000000000000355e+00 8.495069424694655424e+00 5.406786129924512352e-13
4.800000000000000711e+00 3.098747003027213509e+00 4.574118861455644947e-13
4.950000000000001066e+00 1.169825276761628174e+00 4.255484853388225019e-13
5.100000000000001421e+00 4.881778581250273419e-01 1.115774139748282323e-13
5.250000000000001776e+00 2.462836495237752388e-01 1.213473765915296099e-13
5.400000000000002132e+00 1.605751885922472866e-01 3.885780586188047891e-14
5.550000000000002487e+00 1.301896771187784907e-01 2.341460358934455144e-13
5.700000000000002842e+00 1.194195766552184068e-01 8.801848139228241052e-13
5.850000000000003197e+00 1.156018412289085973e-01 2.653433028854124132e-12
6.000000000000003553e+00 1.142485867599134508e-01 7.992273509671576903e-12
6.150000000000003908e+00 1.137689013035014796e-01 2.271671739606517804e-11
6.300000000000004263e+00 1.135988731316501799e-01 6.392852913705837636e-11
6.450000000000004619e+00 1.135386166652097018e-01 1.801769844433920298e-10
6.600000000000004974e+00 1.135172944636906323e-01 5.077180897927746628e-10
6.750000000000005329e+00 1.135098406734869059e-01 1.431147644836983090e-09
6.900000000000005684e+00 1.135074935154989362e-01 4.038312351184458748e-09
7.050000000000006040e+00 1.135074942235405615e-01 1.138253979959813478e-08
7.200000000000006395e+00 1.135098411455146561e-01 3.208206666993618228e-08
7.350000000000006750e+00 1.135172942276767571e-01 9.052503180395632398e-08
7.500000000000007105e+00 1.135386166652097018e-01 2.551065391154239137e-07
7.650000000000007461e+00 1.135988726596224296e-01 7.186633624867155845e-07
7.800000000000007816e+00 1.137689008314737293e-01 2.024930463195850905e-06
7.950000000000008171e+00 1.142485853438302001e-01 5.683521915877953745e-06
8.100000000000008527e+00 1.156018376887004706e-01 1.583205861865888409e-05
8.250000000000008882e+00 1.194195665066217771e-01 4.324766816610203790e-05
8.400000000000009237e+00 1.301896478530579770e-01 1.118127071233487868e-04
8.550000000000009592e+00 1.605751074034742487e-01 2.555274051456724038e-04
8.700000000000009948e+00 2.462834195282539440e-01 4.700861750451812426e-04
8.850000000000010303e+00 4.881772090868707892e-01 6.686076742602464762e-04
9.000000000000010658e+00 1.169823448509646369e+00 7.859323978636201247e-04
9.150000000000011013e+00 3.098741824676281453e+00 8.387116461415766722e-04
9.300000000000011369e+00 8.495054974096113654e+00 8.582145312761024769e-04
9.450000000000011724e+00 2.406933443452819787e+01 8.649298405750682761e-04
9.600000000000012079e+00 6.519929960747622033e+01 8.678064965814691334e-04
9.750000000000012434e+00 2.030879330481228635e+02 8.679203417782943575e-04
9.900000000000012790e+00 4.332555373056392796e+02 8.676607525823776257e-04
1.005000000000001315e+01 7.997883376893272498e+02 8.678183856116739037e-04
1.020000000000001350e+01 7.997883376893272498e+02 8.678183856116739037e-04
1.035000000000001386e+01 7.997883376893272498e+02 8.678183856116739037e-04
1.050000000000001421e+01 7.997883376893272498e+02 8.678183856116739037e-04
1.065000000000001457e+01 7.997883376893272498e+02 8.678183856116739037e-04
1.080000000000001492e+01 7.997883376893272498e+02 8.678183856116739037e-04
1.095000000000001528e+01 7.997883376893272498e+02 8.678183856116739037e-04
1.110000000000001563e+01 7.997883376893272498e+02 8.678183856116739037e-04
1.125000000000001599e+01 7.997883376893272498e+02 8.678183856116739037e-04
1.140000000000001634e+01 7.997883376893272498e+02 8.678183856116739037e-04
1.155000000000001670e+01 7.997883376893272498e+02 8.678183856116739037e-04
1.170000000000001705e+01 7.997883376893272498e+02 8.678183856116739037e-04
1.185000000000001741e+01 7.997883376893272498e+02 8.678183856116739037e-04
1.200000000000001776e+01 7.997883376893272498e+02 8.678183856116739037e-04
1.215000000000001812e+01 7.997883376893272498e+02 8.678183856116739037e-04
1.230000000000001847e+01 7.997883376893272498e+02 8.678183856116739037e-04
1.245000000000001883e+01 7.997883376893272498e+02 8.678183856116739037e-04
1.260000000000001918e+01 7.997883376893272498e+02 8.678183856116739037e-04
1.275000000000001954e+01 7.997883376893272498e+02 8.678183856116739037e-04
1.290000000000001990e+01 7.997883376893272498e+02 8.678183856116739037e-04
1.305000000000002025e+01 7.996005439946139859e+02 8.672609696435129578e-04
1.320000000000002061e+01 7.996005439946139859e+02 8.672609696435129578e-04
1.335000000000002096e+01 7.996005439946139859e+02 8.672609696435129578e-04
1.350000000000002132e+01 7.996005439946139859e+02 8.672609696435129578e-04
1.365000000000002167e+01 7.996005439946139859e+02 8.672609696435129578e-04
1.380000000000002203e+01 7.996005439946139859e+02 8.672609696435129578e-04
1.395000000000002238e+01 7.996005439946139859e+02 8.672609696435129578e-04
1.410000000000002274e+01 7.996005439946139859e+02 8.672609696435129578e-04
1.425000000000002309e+01 7.996005439946139859e+02 8.672609696435129578e-04
1.440000000000002345e+01 7.996005439946139859e+02 8.672609696435129578e-04
1.455000000000002380e+01 7.996005439946139859e+02 8.672609696435129578e-04
1.470000000000002416e+01 7.996005439946139859e+02 8.672609696435129578e-04
1.485000000000002451e+01 7.996005439946139859e+02 8.672609696435129578e-04
1.500000000000002487e+01 7.996005439946139859e+02 8.672609696435129578e-04
1.515000000000002522e+01 7.996005439946139859e+02 8.672609696435129578e-04
1.530000000000002558e+01 7.996005439946139859e+02 8.672609696435129578e-04
1.545000000000002593e+01 7.996005439946139859e+02 8.672609696435129578e-04
1.560000000000002629e+01 7.996005439946139859e+02 8.672609696435129578e-04
1.575000000000002665e+01 7.996005439946139859e+02 8.672609696435129578e-04
1.590000000000002700e+01 7.996005439946139859e+02 8.672609696435129578e-04
