1.499999999999999944e-01 7.999999997663180693e+02 2.037615074057530506e-04
2.999999999999999889e-01 7.999999997663180693e+02 2.037615074057530506e-04
4.499999999999999556e-01 7.999999997663180693e+02 2.037615074057530506e-04
5.999999999999999778e-01 7.999999997663180693e+02 2.037615074057530506e-04
7.500000000000000000e-01 7.999999997663180693e+02 2.037615074057530506e-04
9.000000000000000222e-01 7.999999997663180693e+02 2.037615074057530506e-04
1.050000000000000044e+00 7.999999997663180693e+02 2.037615074057530506e-04
1.199999999999999956e+00 7.999999997663180693e+02 2.037615074057530506e-04
1.349999999999999867e+00 7.999999997663180693e+02 2.037615074057530506e-04
1.499999999999999778e+00 7.999999997663180693e+02 2.037615074057530506e-04
1.649999999999999689e+00 7.999999997663180693e+02 2.037615074057530506e-04
1.799999999999999600e+00 7.999999997663180693e+02 2.037615074057530506e-04
1.949999999999999512e+00 7.999999997663180693e+02 2.037615074057530506e-04
2.099999999999999645e+00 7.999999999794845280e+02 2.040506785931928135e-04
2.249999999999999556e+00 7.999999999794845280e+02 2.040506785931928135e-04
2.399999999999999467e+00 7.999999999794845280e+02 2.040506785931928135e-04
2.549999999999999378e+00 7.999999999794845280e+02 2.040506785931928135e-04
2.699999999999999289e+00 7.999999999794845280e+02 2.040506785931928135e-04
2.849999999999999201e+00 7.999999999794845280e+02 2.040506785931928135e-04
2.999999999999999112e+00 7.999999999794845280e+02 2.040506785931928135e-04
3.149999999999999023e+00 7.999999999794845280e+02 2.040506785931928135e-04
3.299999999999998934e+00 7.999999999794845280e+02 2.040506785931928135e-04
3.449999999999998845e+00 7.999999999794845280e+02 2.040506785931928135e-04
3.599999999999998757e+00 7.999999999794845280e+02 2.040506785931928135e-04
3.749999999999998668e+00 7.999999999794845280e+02 2.040506785931928135e-04
3.899999999999998579e+00 7.999999999794845280e+02 2.040506785931928135e-04
4.049999999999998934e+00 5.178399887184986028e+02 2.061481331988579413e-04
4.199999999999999289e+00 4.910762280967629181e+02 2.152438963297642616e-04
4.349999999999999645e+00 4.580623676433046967e+02 2.314887856130765087e-04
4.500000000000000000e+00 4.538480324655684512e+02 2.478349354951836503e-04
4.650000000000000355e+00 4.525705145312250011e+02 2.649159258649724791e-04
4.800000000000000711e+00 4.523172991877437426e+02 2.814745193461254402e-04
4.950000000000001066e+00 4.522568467023104972e+02 2.978612256323565077e-04
5.100000000000001421e+00 4.522436658454079179e+02 3.145066739044244386e-04
5.250000000000001776e+00 4.522406638965675825e+02 3.305026382155462628e-04
5.400000000000002132e+00 4.522399944784063450e+02 3.462752311197414556e-04
5.550000000000002487e+00 4.522398436742904551e+02 3.623451514781494964e-04
5.700000000000002842e+00 4.522398098684268462e+02 3.776647010292899509e-04
5.850000000000003197e+00 4.522398022721170037e+02 3.927321887632340136e-04
6.000000000000003553e+00 4.522398005671543615e+02 4.081358935075218852e-04
6.150000000000003908e+00 4.522398001842701660e+02 4.226934794165915221e-04
6.300000000000004263e+00 4.522398000983087059e+02 4.369718618573159574e-04
6.450000000000004619e+00 4.522398000790074093e+02 4.516234926265072502e-04
6.600000000000004974e+00 4.522398000746745197e+02 4.653380385432059896e-04
6.750000000000005329e+00 4.522398000737040888e+02 4.787478146840440374e-04
6.900000000000005684e+00 4.522398000734967809e+02 4.925657662124827141e-04
7.050000000000006040e+00 4.522398000734971220e+02 5.053609489354959905e-04
7.200000000000006395e+00 4.522398000737046004e+02 5.178275113049135570e-04
7.350000000000006750e+00 4.522398000746755429e+02 5.307348778307297010e-04
7.500000000000007105e+00 4.522398000790090009e+02 5.425395502376417767e-04
7.650000000000007461e+00 4.522398000983108659e+02 5.539936005698464783e-04
7.800000000000007816e+00 4.522398001842727808e+02 5.659186040229968739e-04
7.950000000000008171e+00 4.522398005671576584e+02 5.766671901907827191e-04
8.100000000000008527e+00 4.522398022721204711e+02 5.870451234213369673e-04
8.250000000000008882e+00 4.522398098684304841e+02 5.979215112766889106e-04
8.400000000000009237e+00 4.522398436742947183e+02 6.075543704485708574e-04
8.550000000000009592e+00 4.522399944784110630e+02 6.167986229227429007e-04
8.700000000000009948e+00 4.522406638965725847e+02 6.265660085644775279e-04
8.850000000000010303e+00 4.522436658454136023e+02 6.350296615582617932e-04
9.000000000000010658e+00 4.522568467023165226e+02 6.430884872249409412e-04
9.150000000000011013e+00 4.523172991877499953e+02 6.516910111969975716e-04
9.300000000000011369e+00 4.525705145312311970e+02 6.589275732060695390e-04
9.450000000000011724e+00 4.538480324655739082e+02 6.657310161741758492e-04
9.600000000000012079e+00 4.580623676433068567e+02 6.729003860094229239e-04
9.750000000000012434e+00 4.910762280967431934e+02 6.784863332635060473e-04
9.900000000000012790e+00 5.178399887184857562e+02 6.811775171011724694e-04
1.005000000000001315e+01 7.999999999788154810e+02 6.819818781507169803e-04
1.020000000000001350e+01 7.999999999788154810e+02 6.819818781507169803e-04
1.035000000000001386e+01 7.999999999788154810e+02 6.819818781507169803e-04
1.050000000000001421e+01 7.999999999788154810e+02 6.819818781507169803e-04
1.065000000000001457e+01 7.999999999788154810e+02 6.819818781507169803e-04
1.080000000000001492e+01 7.999999999788154810e+02 6.819818781507169803e-04
1.095000000000001528e+01 7.999999999788154810e+02 6.819818781507169803e-04
1.110000000000001563e+01 7.999999999788154810e+02 6.819818781507169803e-04
1.125000000000001599e+01 7.999999999788154810e+02 6.819818781507169803e-04
1.140000000000001634e+01 7.999999999788154810e+02 6.819818781507169803e-04
1.155000000000001670e+01 7.999999999788154810e+02 6.819818781507169803e-04
1.170000000000001705e+01 7.999999999788154810e+02 6.819818781507169803e-04
1.185000000000001741e+01 7.999999999788154810e+02 6.819818781507169803e-04
1.200000000000001776e+01 7.999999999788154810e+02 6.819818781507169803e-04
1.215000000000001812e+01 7.999999999788154810e+02 6.819818781507169803e-04
1.230000000000001847e+01 7.999999999788154810e+02 6.819818781507169803e-04
1.245000000000001883e+01 7.999999999788154810e+02 6.819818781507169803e-04
1.260000000000001918e+01 7.999999999788154810e+02 6.819818781507169803e-04
1.275000000000001954e+01 7.999999999788154810e+02 6.819818781507169803e-04
1.290000000000001990e+01 7.999999999788154810e+02 6.819818781507169803e-04
1.305000000000002025e+01 7.999999997586970721e+02 6.815312234776937927e-04
1.320000000000002061e+01 7.999999997586970721e+02 6.815312234776937927e-04
1.335000000000002096e+01 7.999999997586970721e+02 6.815312234776937927e-04
1.350000000000002132e+01 7.999999997586970721e+02 6.815312234776937927e-04
1.365000000000002167e+01 7.999999997586970721e+02 6.815312234776937927e-04
1.380000000000002203e+01 7.999999997586970721e+02 6.815312234776937927e-04
1.395000000000002238e+01 7.999999997586970721e+02 6.815312234776937927e-04
1.410000000000002274e+01 7.999999997586970721e+02 6.815312234776937927e-04
1.425000000000002309e+01 7.999999997586970721e+02 6.815312234776937927e-04
1.440000000000002345e+01 7.999999997586970721e+02 6.815312234776937927e-04
1.455000000000002380e+01 7.999999997586970721e+02 6.815312234776937927e-04
1.470000000000002416e+01 7.999999997586970721e+02 6.815312234776937927e-04
1.485000000000002451e+01 7.999999997586970721e+02 6.815312234776937927e-04
1.500000000000002487e+01 7.999999997586970721e+02 6.815312234776937927e-04
1.515000000000002522e+01 7.999999997586970721e+02 6.815312234776937927e-04
1.530000000000002558e+01 7.999999997586970721e+02 6.815312234776937927e-04
1.545000000000002593e+01 7.999999997586970721e+02 6.815312234776937927e-04
1.560000000000002629e+01 7.999999997586970721e+02 6.815312234776937927e-04
1.575000000000002665e+01 7.999999997586970721e+02 6.815312234776937927e-04
1.590000000000002700e+01 7.999999997586970721e+02 6.815312234776937927e-04
