1.499999999999999944e-01 7.999999991173367562e+02 1.616216022966021626e-04
2.999999999999999889e-01 7.999999991173367562e+02 1.616216022966021626e-04
4.499999999999999556e-01 7.999999991173367562e+02 1.616216022966021626e-04
5.999999999999999778e-01 7.999999991173367562e+02 1.616216022966021626e-04
7.500000000000000000e-01 7.999999991173367562e+02 1.616216022966021626e-04
9.000000000000000222e-01 7.999999991173367562e+02 1.616216022966021626e-04
1.050000000000000044e+00 7.999999991173367562e+02 1.616216022966021626e-04
1.199999999999999956e+00 7.999999991173367562e+02 1.616216022966021626e-04
1.349999999999999867e+00 7.999999991173367562e+02 1.616216022966021626e-04
1.499999999999999778e+00 7.999999991173367562e+02 1.616216022966021626e-04
1.649999999999999689e+00 7.999999991173367562e+02 1.616216022966021626e-04
1.799999999999999600e+00 7.999999991173367562e+02 1.616216022966021626e-04
1.949999999999999512e+00 7.999999991173367562e+02 1.616216022966021626e-04
2.099999999999999645e+00 7.999999999094333134e+02 1.618217295514812193e-04
2.249999999999999556e+00 7.999999999094333134e+02 1.618217295514812193e-04
2.399999999999999467e+00 7.999999999094333134e+02 1.618217295514812193e-04
2.549999999999999378e+00 7.999999999094333134e+02 1.618217295514812193e-04
2.699999999999999289e+00 7.999999999094333134e+02 1.618217295514812193e-04
2.849999999999999201e+00 7.999999999094333134e+02 1.618217295514812193e-04
2.999999999999999112e+00 7.999999999094333134e+02 1.618217295514812193e-04
3.149999999999999023e+00 7.999999999094333134e+02 1.618217295514812193e-04
3.299999999999998934e+00 7.999999999094333134e+02 1.618217295514812193e-04
3.449999999999998845e+00 7.999999999094333134e+02 1.618217295514812193e-04
3.599999999999998757e+00 7.999999999094333134e+02 1.618217295514812193e-04
3.749999999999998668e+00 7.999999999094333134e+02 1.618217295514812193e-04
3.899999999999998579e+00 7.999999999094333134e+02 1.618217295514812193e-04
4.049999999999998934e+00 5.172959033787763019e+02 1.634618689159150762e-04
4.199999999999999289e+00 4.842258294135952497e+02 1.706943524488746533e-04
4.349999999999999645e+00 4.449173509922077301e+02 1.838199577918198102e-04
4.500000000000000000e+00 4.389799206887312266e+02 1.972736504067817975e-04
4.650000000000000355e+00 4.370531560177249730e+02 2.114859897089926832e-04
4.800000000000000711e+00 4.366123553833936057e+02 2.252168075088656352e-04
4.950000000000001066e+00 4.364955374815647815e+02 2.387971457729065605e-04
5.100000000000001421e+00 4.364665694884652112e+02 2.526574916961177308e-04
5.250000000000001776e+00 4.364591667787775577e+02 2.658831657080806821e-04
5.400000000000002132e+00 4.364573005332990192e+02 2.789027401473020973e-04
5.550000000000002487e+00 4.364568271487958100e+02 2.922431816442250252e-04
5.700000000000002842e+00 4.364567074044805963e+02 3.048466263568805346e-04
5.850000000000003197e+00 4.364566770767168009e+02 3.172170332698120987e-04
6.000000000000003553e+00 4.364566693999242375e+02 3.299512520005265515e-04
6.150000000000003908e+00 4.364566674562188382e+02 3.418523690081887167e-04
6.300000000000004263e+00 4.364566669641449721e+02 3.534953029060705632e-04
6.450000000000004619e+00 4.364566668395657416e+02 3.655427449104076132e-04
6.600000000000004974e+00 4.364566668080337877e+02 3.766663442131834572e-04
6.750000000000005329e+00 4.364566668000816776e+02 3.875082737440083136e-04
6.900000000000005684e+00 4.364566667981898149e+02 3.987928171700350077e-04
7.050000000000006040e+00 4.364566667981899855e+02 4.090686955975364469e-04
7.200000000000006395e+00 4.364566668000820755e+02 4.190412196941606382e-04
7.350000000000006750e+00 4.364566668080346972e+02 4.294916310735308329e-04
7.500000000000007105e+00 4.364566668395669353e+02 4.388550081190212282e-04
7.650000000000007461e+00 4.364566669641466774e+02 4.478952848777639772e-04
7.800000000000007816e+00 4.364566674562209414e+02 4.574456678174687596e-04
7.950000000000008171e+00 4.364566693999266249e+02 4.658375946329229578e-04
8.100000000000008527e+00 4.364566770767195294e+02 4.738887377937484047e-04
8.250000000000008882e+00 4.364567074044836090e+02 4.824789475799118321e-04
8.400000000000009237e+00 4.364568271487993911e+02 4.898466731531048168e-04
8.550000000000009592e+00 4.364573005333029982e+02 4.968580940973854609e-04
8.700000000000009948e+00 4.364591667787815936e+02 5.044340560106386206e-04
8.850000000000010303e+00 4.364665694884695313e+02 5.107311434942030104e-04
9.000000000000010658e+00 4.364955374815693858e+02 5.166579848137065056e-04
9.150000000000011013e+00 4.366123553833982101e+02 5.231691807283667117e-04
9.300000000000011369e+00 4.370531560177287815e+02 5.283425737396818533e-04
9.450000000000011724e+00 4.389799206887310561e+02 5.331116447504502531e-04
9.600000000000012079e+00 4.449173509921968162e+02 5.383128773889245267e-04
9.750000000000012434e+00 4.842258294134947505e+02 5.419118565341829452e-04
9.900000000000012790e+00 5.172959033787128647e+02 5.435014470338561665e-04
1.005000000000001315e+01 7.999999999067661065e+02 5.440517042205605946e-04
1.020000000000001350e+01 7.999999999067661065e+02 5.440517042205605946e-04
1.035000000000001386e+01 7.999999999067661065e+02 5.440517042205605946e-04
1.050000000000001421e+01 7.999999999067661065e+02 5.440517042205605946e-04
1.065000000000001457e+01 7.999999999067661065e+02 5.440517042205605946e-04
1.080000000000001492e+01 7.999999999067661065e+02 5.440517042205605946e-04
1.095000000000001528e+01 7.999999999067661065e+02 5.440517042205605946e-04
1.110000000000001563e+01 7.999999999067661065e+02 5.440517042205605946e-04
1.125000000000001599e+01 7.999999999067661065e+02 5.440517042205605946e-04
1.140000000000001634e+01 7.999999999067661065e+02 5.440517042205605946e-04
1.155000000000001670e+01 7.999999999067661065e+02 5.440517042205605946e-04
1.170000000000001705e+01 7.999999999067661065e+02 5.440517042205605946e-04
1.185000000000001741e+01 7.999999999067661065e+02 5.440517042205605946e-04
1.200000000000001776e+01 7.999999999067661065e+02 5.440517042205605946e-04
1.215000000000001812e+01 7.999999999067661065e+02 5.440517042205605946e-04
1.230000000000001847e+01 7.999999999067661065e+02 5.440517042205605946e-04
1.245000000000001883e+01 7.999999999067661065e+02 5.440517042205605946e-04
1.260000000000001918e+01 7.999999999067661065e+02 5.440517042205605946e-04
1.275000000000001954e+01 7.999999999067661065e+02 5.440517042205605946e-04
1.290000000000001990e+01 7.999999999067661065e+02 5.440517042205605946e-04
1.305000000000002025e+01 7.999999990913415786e+02 5.435510061889692324e-04
1.320000000000002061e+01 7.999999990913415786e+02 5.435510061889692324e-04
1.335000000000002096e+01 7.999999990913415786e+02 5.435510061889692324e-04
1.350000000000002132e+01 7.999999990913415786e+02 5.435510061889692324e-04
1.365000000000002167e+01 7.999999990913415786e+02 5.435510061889692324e-04
1.380000000000002203e+01 7.999999990913415786e+02 5.435510061889692324e-04
1.395000000000002238e+01 7.999999990913415786e+02 5.435510061889692324e-04
1.410000000000002274e+01 7.999999990913415786e+02 5.435510061889692324e-04
1.425000000000002309e+01 7.999999990913415786e+02 5.435510061889692324e-04
1.440000000000002345e+01 7.999999990913415786e+02 5.435510061889692324e-04
1.455000000000002380e+01 7.999999990913415786e+02 5.435510061889692324e-04
1.470000000000002416e+01 7.999999990913415786e+02 5.435510061889692324e-04
1.485000000000002451e+01 7.999999990913415786e+02 5.435510061889692324e-04
1.500000000000002487e+01 7.999999990913415786e+02 5.435510061889692324e-04
1.515000000000002522e+01 7.999999990913415786e+02 5.435510061889692324e-04
1.530000000000002558e+01 7.999999990913415786e+02 5.435510061889692324e-04
1.545000000000002593e+01 7.999999990913415786e+02 5.435510061889692324e-04
1.560000000000002629e+01 7.999999990913415786e+02 5.435510061889692324e-04
1.575000000000002665e+01 7.999999990913415786e+02 5.435510061889692324e-04
1.590000000000002700e+01 7.999999990913415786e+02 5.435510061889692324e-04
