1.499999999999999944e-01 7.999683778951753084e+02 5.651701329156821885e-12
2.999999999999999889e-01 7.999683778951753084e+02 5.651701329156821885e-12
4.499999999999999556e-01 7.999683778951753084e+02 5.651701329156821885e-12
5.999999999999999778e-01 7.999683778951753084e+02 5.651701329156821885e-12
7.500000000000000000e-01 7.999683778951753084e+02 5.651701329156821885e-12
9.000000000000000222e-01 7.999683778951753084e+02 5.651701329156821885e-12
1.050000000000000044e+00 7.999683778951753084e+02 5.651701329156821885e-12
1.199999999999999956e+00 7.999683778951753084e+02 5.651701329156821885e-12
1.349999999999999867e+00 7.999683778951753084e+02 5.651701329156821885e-12
1.499999999999999778e+00 7.999683778951753084e+02 5.651701329156821885e-12
1.649999999999999689e+00 7.999683778951753084e+02 5.651701329156821885e-12
1.799999999999999600e+00 7.999683778951753084e+02 5.651701329156821885e-12
1.949999999999999512e+00 7.999683778951753084e+02 5.651701329156821885e-12
2.099999999999999645e+00 7.999879266030050076e+02 5.642375455749970570e-12
2.249999999999999556e+00 7.999879266030050076e+02 5.642375455749970570e-12
2.399999999999999467e+00 7.999879266030050076e+02 5.642375455749970570e-12
2.549999999999999378e+00 7.999879266030050076e+02 5.642375455749970570e-12
2.699999999999999289e+00 7.999879266030050076e+02 5.642375455749970570e-12
2.849999999999999201e+00 7.999879266030050076e+02 5.642375455749970570e-12
2.999999999999999112e+00 7.999879266030050076e+02 5.642375455749970570e-12
3.149999999999999023e+00 7.999879266030050076e+02 5.642375455749970570e-12
3.299999999999998934e+00 7.999879266030050076e+02 5.642375455749970570e-12
3.449999999999998845e+00 7.999879266030050076e+02 5.642375455749970570e-12
3.599999999999998757e+00 7.999879266030050076e+02 5.642375455749970570e-12
3.749999999999998668e+00 7.999879266030050076e+02 5.642375455749970570e-12
3.899999999999998579e+00 7.999879266030050076e+02 5.642375455749970570e-12
4.049999999999998934e+00 4.789006230973259335e+02 5.680012016284763376e-12
4.199999999999999289e+00 2.889184359394341186e+02 5.624722909658430581e-12
4.349999999999999645e+00 1.290402483668452760e+02 5.660694135656285653e-12
4.500000000000000000e+00 6.438934473820897608e+01 5.708100658807779837e-12
4.650000000000000355e+00 3.134771035311983667e+01 5.919598144998872158e-12
4.800000000000000711e+00 1.545202329456544277e+01 6.501243987599991669e-12
4.950000000000001066e+00 7.654684755475486213e+00 9.911516052341085015e-12
5.100000000000001421e+00 3.849062883976088756e+00 2.353472972060899338e-11
5.250000000000001776e+00 1.988657214431697184e+00 7.749978436777382740e-11
5.400000000000002132e+00 1.079576508230218224e+00 2.768807405573170399e-10
5.550000000000002487e+00 6.352973693863077642e-01 9.508152043480322391e-10
5.700000000000002842e+00 4.181808153110750936e-01 2.945118704467120097e-09
5.850000000000003197e+00 3.120766853337499924e-01 8.063085088494403863e-09
6.000000000000003553e+00 2.602254418011398229e-01 1.978491126486403573e-08
6.150000000000003908e+00 2.348893392093032162e-01 4.481445214921109255e-08
6.300000000000004263e+00 2.225149235730441433e-01 9.672272105465395953e-08
6.450000000000004619e+00 2.164825399129313155e-01 2.034497901259868513e-07
6.600000000000004974e+00 2.135651840853824979e-01 4.216574266413530836e-07
6.750000000000005329e+00 2.122022277940232016e-01 8.676621107150950252e-07
6.900000000000005684e+00 2.116645611629337509e-01 1.780109746829516837e-06
7.050000000000006040e+00 2.116645611629337509e-01 3.639628885054868590e-06
7.200000000000006395e+00 2.122022279120301391e-01 7.422763961817402389e-06
7.350000000000006750e+00 2.135651840853824979e-01 1.509313571834702827e-05
7.500000000000007105e+00 2.164825393228966277e-01 3.044369699567450738e-05
7.650000000000007461e+00 2.225149225109817053e-01 6.055799054083266242e-05
7.800000000000007816e+00 2.348893373211922153e-01 1.173982532534090240e-04
7.950000000000008171e+00 2.602254370808623207e-01 2.166633935105632958e-04
8.100000000000008527e+00 3.120766763652227382e-01 3.693892741665205648e-04
8.250000000000008882e+00 4.181807967249824287e-01 5.641258693919182221e-04
8.400000000000009237e+00 6.352973315060808090e-01 7.592293549972817246e-04
8.550000000000009592e+00 1.079576430699660250e+00 9.135004915606925735e-04
8.700000000000009948e+00 1.988657055859874845e+00 1.014825704277244611e-03
8.850000000000010303e+00 3.849062559538140249e+00 1.072081947322334194e-03
9.000000000000010658e+00 7.654684091922476341e+00 1.102058852737508587e-03
9.150000000000011013e+00 1.545202193426075254e+01 1.117885099978010999e-03
9.300000000000011369e+00 3.134770758415065828e+01 1.124821184296909138e-03
9.450000000000011724e+00 6.438933894135971059e+01 1.127793430478640779e-03
9.600000000000012079e+00 1.290402372294994109e+02 1.129781668455120958e-03
9.750000000000012434e+00 2.889184060307853201e+02 1.129731520259524835e-03
9.900000000000012790e+00 4.789005948924136078e+02 1.129439923411745816e-03
1.005000000000001315e+01 7.999877425496119940e+02 1.129589365751471064e-03
1.020000000000001350e+01 7.999877425496119940e+02 1.129589365751471064e-03
1.035000000000001386e+01 7.999877425496119940e+02 1.129589365751471064e-03
1.050000000000001421e+01 7.999877425496119940e+02 1.129589365751471064e-03
1.065000000000001457e+01 7.999877425496119940e+02 1.129589365751471064e-03
1.080000000000001492e+01 7.999877425496119940e+02 1.129589365751471064e-03
1.095000000000001528e+01 7.999877425496119940e+02 1.129589365751471064e-03
1.110000000000001563e+01 7.999877425496119940e+02 1.129589365751471064e-03
1.125000000000001599e+01 7.999877425496119940e+02 1.129589365751471064e-03
1.140000000000001634e+01 7.999877425496119940e+02 1.129589365751471064e-03
1.155000000000001670e+01 7.999877425496119940e+02 1.129589365751471064e-03
1.170000000000001705e+01 7.999877425496119940e+02 1.129589365751471064e-03
1.185000000000001741e+01 7.999877425496119940e+02 1.129589365751471064e-03
1.200000000000001776e+01 7.999877425496119940e+02 1.129589365751471064e-03
1.215000000000001812e+01 7.999877425496119940e+02 1.129589365751471064e-03
1.230000000000001847e+01 7.999877425496119940e+02 1.129589365751471064e-03
1.245000000000001883e+01 7.999877425496119940e+02 1.129589365751471064e-03
1.260000000000001918e+01 7.999877425496119940e+02 1.129589365751471064e-03
1.275000000000001954e+01 7.999877425496119940e+02 1.129589365751471064e-03
1.290000000000001990e+01 7.999877425496119940e+02 1.129589365751471064e-03
1.305000000000002025e+01 7.999678958296753990e+02 1.129021592210621705e-03
1.320000000000002061e+01 7.999678958296753990e+02 1.129021592210621705e-03
1.335000000000002096e+01 7.999678958296753990e+02 1.129021592210621705e-03
1.350000000000002132e+01 7.999678958296753990e+02 1.129021592210621705e-03
1.365000000000002167e+01 7.999678958296753990e+02 1.129021592210621705e-03
1.380000000000002203e+01 7.999678958296753990e+02 1.129021592210621705e-03
1.395000000000002238e+01 7.999678958296753990e+02 1.129021592210621705e-03
1.410000000000002274e+01 7.999678958296753990e+02 1.129021592210621705e-03
1.425000000000002309e+01 7.999678958296753990e+02 1.129021592210621705e-03
1.440000000000002345e+01 7.999678958296753990e+02 1.129021592210621705e-03
1.455000000000002380e+01 7.999678958296753990e+02 1.129021592210621705e-03
1.470000000000002416e+01 7.999678958296753990e+02 1.129021592210621705e-03
1.485000000000002451e+01 7.999678958296753990e+02 1.129021592210621705e-03
1.500000000000002487e+01 7.999678958296753990e+02 1.129021592210621705e-03
1.515000000000002522e+01 7.999678958296753990e+02 1.129021592210621705e-03
1.530000000000002558e+01 7.999678958296753990e+02 1.129021592210621705e-03
1.545000000000002593e+01 7.999678958296753990e+02 1.129021592210621705e-03
1.560000000000002629e+01 7.999678958296753990e+02 1.129021592210621705e-03
1.575000000000002665e+01 7.999678958296753990e+02 1.129021592210621705e-03
1.590000000000002700e+01 7.999678958296753990e+02 1.129021592210621705e-03
