1.499999999999999944e-01 7.996701882692522076e+02 4.429134836669845754e-11
2.999999999999999889e-01 7.996701882692522076e+02 4.429134836669845754e-11
4.499999999999999556e-01 7.996701882692522076e+02 4.429134836669845754e-11
5.999999999999999778e-01 7.996701882692522076e+02 4.429134836669845754e-11
7.500000000000000000e-01 7.996701882692522076e+02 4.429134836669845754e-11
9.000000000000000222e-01 7.996701882692522076e+02 4.429134836669845754e-11
1.050000000000000044e+00 7.996701882692522076e+02 4.429134836669845754e-11
1.199999999999999956e+00 7.996701882692522076e+02 4.429134836669845754e-11
1.349999999999999867e+00 7.996701882692522076e+02 4.429134836669845754e-11
1.499999999999999778e+00 7.996701882692522076e+02 4.429134836669845754e-11
1.649999999999999689e+00 7.996701882692522076e+02 4.429134836669845754e-11
1.799999999999999600e+00 7.996701882692522076e+02 4.429134836669845754e-11
1.949999999999999512e+00 7.996701882692522076e+02 4.429134836669845754e-11
2.099999999999999645e+00 7.998291630648401451e+02 4.424083321907801292e-11
2.249999999999999556e+00 7.998291630648401451e+02 4.424083321907801292e-11
2.399999999999999467e+00 7.998291630648401451e+02 4.424083321907801292e-11
2.549999999999999378e+00 7.998291630648401451e+02 4.424083321907801292e-11
2.699999999999999289e+00 7.998291630648401451e+02 4.424083321907801292e-11
2.849999999999999201e+00 7.998291630648401451e+02 4.424083321907801292e-11
2.999999999999999112e+00 7.998291630648401451e+02 4.424083321907801292e-11
3.149999999999999023e+00 7.998291630648401451e+02 4.424083321907801292e-11
3.299999999999998934e+00 7.998291630648401451e+02 4.424083321907801292e-11
3.449999999999998845e+00 7.998291630648401451e+02 4.424083321907801292e-11
3.599999999999998757e+00 7.998291630648401451e+02 4.424083321907801292e-11
3.749999999999998668e+00 7.998291630648401451e+02 4.424083321907801292e-11
3.899999999999998579e+00 7.998291630648401451e+02 4.424083321907801292e-11
4.049999999999998934e+00 4.376673709971672679e+02 4.441202960947521206e-11
4.199999999999999289e+00 2.092939478945924350e+02 4.459987934524178854e-11
4.349999999999999645e+00 6.896706797158731206e+01 4.453382107527659173e-11
4.500000000000000000e+00 2.613201703923193975e+01 4.418532206784675509e-11
4.650000000000000355e+00 9.564619309125035329e+00 4.335265479937788768e-11
4.800000000000000711e+00 3.688074592590908196e+00 4.093914096614525988e-11
4.950000000000001066e+00 1.540215873323234064e+00 3.559530448171699391e-11
5.100000000000001421e+00 7.636404626175590238e-01 2.608602223119760311e-11
5.250000000000001776e+00 4.817635128546271517e-01 1.503586144480095754e-11
5.400000000000002132e+00 3.795936685635297181e-01 6.987188605478422687e-12
5.550000000000002487e+00 3.425420528099039075e-01 2.858935310712240607e-12
5.700000000000002842e+00 3.291078546296830609e-01 1.275202166084454802e-12
5.850000000000003197e+00 3.242365518487986265e-01 1.065036947522912669e-12
6.000000000000003553e+00 3.224702379322934576e-01 2.186251180091858259e-12
6.150000000000003908e+00 3.218297768739830644e-01 5.496159083406837453e-12
6.300000000000004263e+00 3.215975547977905080e-01 1.487698852997709764e-11
6.450000000000004619e+00 3.215133733688162465e-01 4.106093243194663955e-11
6.600000000000004974e+00 3.214829094058586634e-01 1.133451110746364066e-10
6.750000000000005329e+00 3.214720296382438391e-01 3.112018420736717417e-10
6.900000000000005684e+00 3.214685428872599005e-01 8.588524336161640349e-10
7.050000000000006040e+00 3.214685428872599005e-01 2.362351314566524252e-09
7.200000000000006395e+00 3.214720296382438391e-01 6.499523586001032527e-09
7.350000000000006750e+00 3.214829094058586634e-01 1.793607673494790333e-08
7.500000000000007105e+00 3.215133732508093090e-01 4.934148700730389692e-08
7.650000000000007461e+00 3.215975545617766329e-01 1.357144949754029994e-07
7.800000000000007816e+00 3.218297764019553142e-01 3.742622362024050631e-07
7.950000000000008171e+00 3.224702365162102069e-01 1.027635758266143284e-06
8.100000000000008527e+00 3.242365484265974374e-01 2.811851573913948243e-06
8.250000000000008882e+00 3.291078455431488692e-01 7.645066670614042437e-06
8.400000000000009237e+00 3.425420273794088644e-01 2.020819440251564458e-05
8.550000000000009592e+00 3.795935988804330918e-01 5.017187357048147334e-05
8.700000000000009948e+00 4.817633205033189370e-01 1.090878861673694189e-04
8.850000000000010303e+00 7.636399322058764483e-01 1.893817509052153625e-04
9.000000000000010658e+00 1.540214412353094531e+00 2.581790534211814148e-04
9.150000000000011013e+00 3.688070548212891708e+00 2.980319160229560893e-04
9.300000000000011369e+00 9.564608270966296288e+00 3.147684208556489338e-04
9.450000000000011724e+00 2.613198570716385305e+01 3.209032718624049707e-04
9.600000000000012079e+00 6.896698859411290528e+01 3.236680704140626474e-04
9.750000000000012434e+00 2.092936738807123049e+02 3.237646841566244049e-04
9.900000000000012790e+00 4.376669963524564650e+02 3.235026144809971527e-04
1.005000000000001315e+01 7.998274875356703433e+02 3.236594230044964604e-04
1.020000000000001350e+01 7.998274875356703433e+02 3.236594230044964604e-04
1.035000000000001386e+01 7.998274875356703433e+02 3.236594230044964604e-04
1.050000000000001421e+01 7.998274875356703433e+02 3.236594230044964604e-04
1.065000000000001457e+01 7.998274875356703433e+02 3.236594230044964604e-04
1.080000000000001492e+01 7.998274875356703433e+02 3.236594230044964604e-04
1.095000000000001528e+01 7.998274875356703433e+02 3.236594230044964604e-04
1.110000000000001563e+01 7.998274875356703433e+02 3.236594230044964604e-04
1.125000000000001599e+01 7.998274875356703433e+02 3.236594230044964604e-04
1.140000000000001634e+01 7.998274875356703433e+02 3.236594230044964604e-04
1.155000000000001670e+01 7.998274875356703433e+02 3.236594230044964604e-04
1.170000000000001705e+01 7.998274875356703433e+02 3.236594230044964604e-04
1.185000000000001741e+01 7.998274875356703433e+02 3.236594230044964604e-04
1.200000000000001776e+01 7.998274875356703433e+02 3.236594230044964604e-04
1.215000000000001812e+01 7.998274875356703433e+02 3.236594230044964604e-04
1.230000000000001847e+01 7.998274875356703433e+02 3.236594230044964604e-04
1.245000000000001883e+01 7.998274875356703433e+02 3.236594230044964604e-04
1.260000000000001918e+01 7.998274875356703433e+02 3.236594230044964604e-04
1.275000000000001954e+01 7.998274875356703433e+02 3.236594230044964604e-04
1.290000000000001990e+01 7.998274875356703433e+02 3.236594230044964604e-04
1.305000000000002025e+01 7.996669534770586552e+02 3.231025365378892289e-04
1.320000000000002061e+01 7.996669534770586552e+02 3.231025365378892289e-04
1.335000000000002096e+01 7.996669534770586552e+02 3.231025365378892289e-04
1.350000000000002132e+01 7.996669534770586552e+02 3.231025365378892289e-04
1.365000000000002167e+01 7.996669534770586552e+02 3.231025365378892289e-04
1.380000000000002203e+01 7.996669534770586552e+02 3.231025365378892289e-04
1.395000000000002238e+01 7.996669534770586552e+02 3.231025365378892289e-04
1.410000000000002274e+01 7.996669534770586552e+02 3.231025365378892289e-04
1.425000000000002309e+01 7.996669534770586552e+02 3.231025365378892289e-04
1.440000000000002345e+01 7.996669534770586552e+02 3.231025365378892289e-04
1.455000000000002380e+01 7.996669534770586552e+02 3.231025365378892289e-04
1.470000000000002416e+01 7.996669534770586552e+02 3.231025365378892289e-04
1.485000000000002451e+01 7.996669534770586552e+02 3.231025365378892289e-04
1.500000000000002487e+01 7.996669534770586552e+02 3.231025365378892289e-04
1.515000000000002522e+01 7.996669534770586552e+02 3.231025365378892289e-04
1.530000000000002558e+01 7.996669534770586552e+02 3.231025365378892289e-04
1.545000000000002593e+01 7.996669534770586552e+02 3.231025365378892289e-04
1.560000000000002629e+01 7.996669534770586552e+02 3.231025365378892289e-04
1.575000000000002665e+01 7.996669534770586552e+02 3.231025365378892289e-04
1.590000000000002700e+01 7.996669534770586552e+02 3.231025365378892289e-04
