1.499999999999999944e-01 7.999978535140726308e+02 1.110820010443713812e-04
2.999999999999999889e-01 7.999978535140726308e+02 1.110820010443713812e-04
4.499999999999999556e-01 7.999978535140726308e+02 1.110820010443713812e-04
5.999999999999999778e-01 7.999978535140726308e+02 1.110820010443713812e-04
7.500000000000000000e-01 7.999978535140726308e+02 1.110820010443713812e-04
9.000000000000000222e-01 7.999978535140726308e+02 1.110820010443713812e-04
1.050000000000000044e+00 7.999978535140726308e+02 1.110820010443713812e-04
1.199999999999999956e+00 7.999978535140726308e+02 1.110820010443713812e-04
1.349999999999999867e+00 7.999978535140726308e+02 1.110820010443713812e-04
1.499999999999999778e+00 7.999978535140726308e+02 1.110820010443713812e-04
1.649999999999999689e+00 7.999978535140726308e+02 1.110820010443713812e-04
1.799999999999999600e+00 7.999978535140726308e+02 1.110820010443713812e-04
1.949999999999999512e+00 7.999978535140726308e+02 1.110820010443713812e-04
2.099999999999999645e+00 7.999994243979139128e+02 1.113336242385409847e-04
2.249999999999999556e+00 7.999994243979139128e+02 1.113336242385409847e-04
2.399999999999999467e+00 7.999994243979139128e+02 1.113336242385409847e-04
2.549999999999999378e+00 7.999994243979139128e+02 1.113336242385409847e-04
2.699999999999999289e+00 7.999994243979139128e+02 1.113336242385409847e-04
2.849999999999999201e+00 7.999994243979139128e+02 1.113336242385409847e-04
2.999999999999999112e+00 7.999994243979139128e+02 1.113336242385409847e-04
3.149999999999999023e+00 7.999994243979139128e+02 1.113336242385409847e-04
3.299999999999998934e+00 7.999994243979139128e+02 1.113336242385409847e-04
3.449999999999998845e+00 7.999994243979139128e+02 1.113336242385409847e-04
3.599999999999998757e+00 7.999994243979139128e+02 1.113336242385409847e-04
3.749999999999998668e+00 7.999994243979139128e+02 1.113336242385409847e-04
3.899999999999998579e+00 7.999994243979139128e+02 1.113336242385409847e-04
4.049999999999998934e+00 5.014796781120352875e+02 1.127284289083041458e-04
4.199999999999999289e+00 3.721458680218730706e+02 1.205376779949141053e-04
4.349999999999999645e+00 2.338177654141808262e+02 1.470216707809557377e-04
4.500000000000000000e+00 1.670668148208762886e+02 2.023128186833256237e-04
4.650000000000000355e+00 1.213775105143496091e+02 3.126393806438532152e-04
4.800000000000000711e+00 8.994859345759159908e+01 5.175207106680179692e-04
4.950000000000001066e+00 6.725168053986365635e+01 8.888093256811391285e-04
5.100000000000001421e+00 5.057153262789313430e+01 1.550515107605177079e-03
5.250000000000001776e+00 3.816616745371092634e+01 2.717873586064012414e-03
5.400000000000002132e+00 2.888362539700136722e+01 4.764354993161412644e-03
5.550000000000002487e+00 2.191610582725337153e+01 8.334791976144839687e-03
5.700000000000002842e+00 1.668122641951099894e+01 1.452662951826788618e-02
5.850000000000003197e+00 1.275153111864281641e+01 2.519350567926237350e-02
6.000000000000003553e+00 9.810494605148335268e+00 4.339508891472554364e-02
6.150000000000003908e+00 7.623089989412498824e+00 7.396157053215279831e-02
6.300000000000004263e+00 6.015313320014442411e+00 1.240907838250828732e-01
6.450000000000004619e+00 4.859608094619545682e+00 2.033443609929798113e-01
6.600000000000004974e+00 4.064427139029618274e+00 3.217560094292970518e-01
6.750000000000005329e+00 3.566842060765424094e+00 4.851672844701632181e-01
6.900000000000005684e+00 3.327500644520384299e+00 6.882653197834439629e-01
7.050000000000006040e+00 3.327483434359109538e+00 9.106801020674519798e-01
7.200000000000006395e+00 3.566792706812435654e+00 1.124095096673564775e+00
7.350000000000006750e+00 4.064351453753502597e+00 1.305449339144994836e+00
7.500000000000007105e+00 4.859513173674201880e+00 1.444615192219321331e+00
7.650000000000007461e+00 6.015205685267162039e+00 1.544158465696134463e+00
7.800000000000007816e+00 7.622974849575186340e+00 1.612508647320096689e+00
7.950000000000008171e+00 9.810375844544722668e+00 1.657953112649834804e+00
8.100000000000008527e+00 1.275141162587437904e+01 1.688003089095970077e+00
8.250000000000008882e+00 1.668110849225762848e+01 1.708170075457452031e+00
8.400000000000009237e+00 2.191599146009321686e+01 1.721376123160992311e+00
8.550000000000009592e+00 2.888351648766668944e+01 1.730210204582318001e+00
8.700000000000009948e+00 3.816606594751197434e+01 1.736453524601377030e+00
8.850000000000010303e+00 5.057144054728166083e+01 1.740453498771984187e+00
9.000000000000010658e+00 6.725159992845708246e+01 1.743128367022149572e+00
9.150000000000011013e+00 8.994852623701027028e+01 1.745186850603999584e+00
9.300000000000011369e+00 1.213774581925442675e+02 1.746288275811848090e+00
9.450000000000011724e+00 1.670667781277806796e+02 1.746920455419424423e+00
9.600000000000012079e+00 2.338177436721196045e+02 1.747512921676094066e+00
9.750000000000012434e+00 3.721458592446402918e+02 1.747538162400973372e+00
9.900000000000012790e+00 5.014796765169753030e+02 1.747460082476738785e+00
1.005000000000001315e+01 7.999994126708928661e+02 1.747505360868779611e+00
1.020000000000001350e+01 7.999994126708928661e+02 1.747505360868779611e+00
1.035000000000001386e+01 7.999994126708928661e+02 1.747505360868779611e+00
1.050000000000001421e+01 7.999994126708928661e+02 1.747505360868779611e+00
1.065000000000001457e+01 7.999994126708928661e+02 1.747505360868779611e+00
1.080000000000001492e+01 7.999994126708928661e+02 1.747505360868779611e+00
1.095000000000001528e+01 7.999994126708928661e+02 1.747505360868779611e+00
1.110000000000001563e+01 7.999994126708928661e+02 1.747505360868779611e+00
1.125000000000001599e+01 7.999994126708928661e+02 1.747505360868779611e+00
1.140000000000001634e+01 7.999994126708928661e+02 1.747505360868779611e+00
1.155000000000001670e+01 7.999994126708928661e+02 1.747505360868779611e+00
1.170000000000001705e+01 7.999994126708928661e+02 1.747505360868779611e+00
1.185000000000001741e+01 7.999994126708928661e+02 1.747505360868779611e+00
1.200000000000001776e+01 7.999994126708928661e+02 1.747505360868779611e+00
1.215000000000001812e+01 7.999994126708928661e+02 1.747505360868779611e+00
1.230000000000001847e+01 7.999994126708928661e+02 1.747505360868779611e+00
1.245000000000001883e+01 7.999994126708928661e+02 1.747505360868779611e+00
1.260000000000001918e+01 7.999994126708928661e+02 1.747505360868779611e+00
1.275000000000001954e+01 7.999994126708928661e+02 1.747505360868779611e+00
1.290000000000001990e+01 7.999994126708928661e+02 1.747505360868779611e+00
1.305000000000002025e+01 7.999978097826859766e+02 1.747330334083436965e+00
1.320000000000002061e+01 7.999978097826859766e+02 1.747330334083436965e+00
1.335000000000002096e+01 7.999978097826859766e+02 1.747330334083436965e+00
1.350000000000002132e+01 7.999978097826859766e+02 1.747330334083436965e+00
1.365000000000002167e+01 7.999978097826859766e+02 1.747330334083436965e+00
1.380000000000002203e+01 7.999978097826859766e+02 1.747330334083436965e+00
1.395000000000002238e+01 7.999978097826859766e+02 1.747330334083436965e+00
1.410000000000002274e+01 7.999978097826859766e+02 1.747330334083436965e+00
1.425000000000002309e+01 7.999978097826859766e+02 1.747330334083436965e+00
1.440000000000002345e+01 7.999978097826859766e+02 1.747330334083436965e+00
1.455000000000002380e+01 7.999978097826859766e+02 1.747330334083436965e+00
1.470000000000002416e+01 7.999978097826859766e+02 1.747330334083436965e+00
1.485000000000002451e+01 7.999978097826859766e+02 1.747330334083436965e+00
1.500000000000002487e+01 7.999978097826859766e+02 1.747330334083436965e+00
1.515000000000002522e+01 7.999978097826859766e+02 1.747330334083436965e+00
1.530000000000002558e+01 7.999978097826859766e+02 1.747330334083436965e+00
1.545000000000002593e+01 7.999978097826859766e+02 1.747330334083436965e+00
1.560000000000002629e+01 7.999978097826859766e+02 1.747330334083436965e+00
1.575000000000002665e+01 7.999978097826859766e+02 1.747330334083436965e+00
1.590000000000002700e+01 7.999978097826859766e+02 1.747330334083436965e+00
