1.499999999999999944e-01 7.999437304858671496e+02 4.693467836602849275e-12
2.999999999999999889e-01 7.999437304858671496e+02 4.693467836602849275e-12
4.499999999999999556e-01 7.999437304858671496e+02 4.693467836602849275e-12
5.999999999999999778e-01 7.999437304858671496e+02 4.693467836602849275e-12
7.500000000000000000e-01 7.999437304858671496e+02 4.693467836602849275e-12
9.000000000000000222e-01 7.999437304858671496e+02 4.693467836602849275e-12
1.050000000000000044e+00 7.999437304858671496e+02 4.693467836602849275e-12
1.199999999999999956e+00 7.999437304858671496e+02 4.693467836602849275e-12
1.349999999999999867e+00 7.999437304858671496e+02 4.693467836602849275e-12
1.499999999999999778e+00 7.999437304858671496e+02 4.693467836602849275e-12
1.649999999999999689e+00 7.999437304858671496e+02 4.693467836602849275e-12
1.799999999999999600e+00 7.999437304858671496e+02 4.693467836602849275e-12
1.949999999999999512e+00 7.999437304858671496e+02 4.693467836602849275e-12
2.099999999999999645e+00 7.999768358465789788e+02 4.813816012472216244e-12
2.249999999999999556e+00 7.999768358465789788e+02 4.813816012472216244e-12
2.399999999999999467e+00 7.999768358465789788e+02 4.813816012472216244e-12
2.549999999999999378e+00 7.999768358465789788e+02 4.813816012472216244e-12
2.699999999999999289e+00 7.999768358465789788e+02 4.813816012472216244e-12
2.849999999999999201e+00 7.999768358465789788e+02 4.813816012472216244e-12
2.999999999999999112e+00 7.999768358465789788e+02 4.813816012472216244e-12
3.149999999999999023e+00 7.999768358465789788e+02 4.813816012472216244e-12
3.299999999999998934e+00 7.999768358465789788e+02 4.813816012472216244e-12
3.449999999999998845e+00 7.999768358465789788e+02 4.813816012472216244e-12
3.599999999999998757e+00 7.999768358465789788e+02 4.813816012472216244e-12
3.749999999999998668e+00 7.999768358465789788e+02 4.813816012472216244e-12
3.899999999999998579e+00 7.999768358465789788e+02 4.813816012472216244e-12
4.049999999999998934e+00 4.712309676809937855e+02 5.037859018841572833e-12
4.199999999999999289e+00 2.696869609007855502e+02 5.005662551127443294e-12
4.349999999999999645e+00 1.118614528802778807e+02 6.329159418783092406e-12
4.500000000000000000e+00 5.199590932338364979e+01 1.230271440277874717e-11
4.650000000000000355e+00 2.342547786368329810e+01 4.174993684102901170e-11
4.800000000000000711e+00 1.067177182009825032e+01 1.841716779082958055e-10
4.950000000000001066e+00 4.857399867866007526e+00 8.731118050775421580e-10
5.100000000000001421e+00 2.223053269389623665e+00 4.186803459482746348e-09
5.250000000000001776e+00 1.027146848943402802e+00 1.994849208042381861e-08
5.400000000000002132e+00 4.845662041731202407e-01 9.315716942293050806e-08
5.550000000000002487e+00 2.383528668999588263e-01 4.173637822013631649e-07
5.700000000000002842e+00 1.266320065615218482e-01 1.730983247738571151e-06
5.850000000000003197e+00 7.593717968393320916e-02 6.360418405182421964e-06
6.000000000000003553e+00 5.293407790577475680e-02 2.010880527336667001e-05
6.150000000000003908e+00 4.249675700611987850e-02 5.519124866304458976e-05
6.300000000000004263e+00 3.776208218550891615e-02 1.368593500227222037e-04
6.450000000000004619e+00 3.561673022159084212e-02 3.197848974111350273e-04
6.600000000000004974e+00 3.465000700452947058e-02 7.242909723020884982e-04
6.750000000000005329e+00 3.422623748338082805e-02 1.615703489778241853e-03
6.900000000000005684e+00 3.406676385202445090e-02 3.577433040348965143e-03
7.050000000000006040e+00 3.406672986602643505e-02 7.882725175935911821e-03
7.200000000000006395e+00 3.422610720372176729e-02 1.728835764426195354e-02
7.350000000000006750e+00 3.464970018649182748e-02 3.763512413857783567e-02
7.500000000000007105e+00 3.561606466246303171e-02 8.067731657165622128e-02
7.650000000000007461e+00 3.776069347986776847e-02 1.676726759797164679e-01
7.800000000000007816e+00 4.249403482208435889e-02 3.283655828440765756e-01
7.950000000000008171e+00 5.292926227866701083e-02 5.808971627228879386e-01
8.100000000000008527e+00 7.592978017692075809e-02 8.922722345414525469e-01
8.250000000000008882e+00 1.266222249664679111e-01 1.179219218244041745e+00
8.400000000000009237e+00 2.383414020539476041e-01 1.380447557446239593e+00
8.550000000000009592e+00 4.845537437025768668e-01 1.496208008091389985e+00
8.700000000000009948e+00 1.027133818794368381e+00 1.555548625081696112e+00
8.850000000000010303e+00 2.223039826452321677e+00 1.583796273797630993e+00
9.000000000000010658e+00 4.857385921518485361e+00 1.596819920079196820e+00
9.150000000000011013e+00 1.067175694772447514e+01 1.602956814768748961e+00
9.300000000000011369e+00 2.342546105850523475e+01 1.605485700857928411e+00
9.450000000000011724e+00 5.199588799830663532e+01 1.606506012175231923e+00
9.600000000000012079e+00 1.118614231006408488e+02 1.607117672029445554e+00
9.750000000000012434e+00 2.696868973561228700e+02 1.607111013945541345e+00
9.900000000000012790e+00 4.712309073504334833e+02 1.607029340116623572e+00
1.005000000000001315e+01 7.999764842842987491e+02 1.607072697133173911e+00
1.020000000000001350e+01 7.999764842842987491e+02 1.607072697133173911e+00
1.035000000000001386e+01 7.999764842842987491e+02 1.607072697133173911e+00
1.050000000000001421e+01 7.999764842842987491e+02 1.607072697133173911e+00
1.065000000000001457e+01 7.999764842842987491e+02 1.607072697133173911e+00
1.080000000000001492e+01 7.999764842842987491e+02 1.607072697133173911e+00
1.095000000000001528e+01 7.999764842842987491e+02 1.607072697133173911e+00
1.110000000000001563e+01 7.999764842842987491e+02 1.607072697133173911e+00
1.125000000000001599e+01 7.999764842842987491e+02 1.607072697133173911e+00
1.140000000000001634e+01 7.999764842842987491e+02 1.607072697133173911e+00
1.155000000000001670e+01 7.999764842842987491e+02 1.607072697133173911e+00
1.170000000000001705e+01 7.999764842842987491e+02 1.607072697133173911e+00
1.185000000000001741e+01 7.999764842842987491e+02 1.607072697133173911e+00
1.200000000000001776e+01 7.999764842842987491e+02 1.607072697133173911e+00
1.215000000000001812e+01 7.999764842842987491e+02 1.607072697133173911e+00
1.230000000000001847e+01 7.999764842842987491e+02 1.607072697133173911e+00
1.245000000000001883e+01 7.999764842842987491e+02 1.607072697133173911e+00
1.260000000000001918e+01 7.999764842842987491e+02 1.607072697133173911e+00
1.275000000000001954e+01 7.999764842842987491e+02 1.607072697133173911e+00
1.290000000000001990e+01 7.999764842842987491e+02 1.607072697133173911e+00
1.305000000000002025e+01 7.999428764802300975e+02 1.606910852866519246e+00
1.320000000000002061e+01 7.999428764802300975e+02 1.606910852866519246e+00
1.335000000000002096e+01 7.999428764802300975e+02 1.606910852866519246e+00
1.350000000000002132e+01 7.999428764802300975e+02 1.606910852866519246e+00
1.365000000000002167e+01 7.999428764802300975e+02 1.606910852866519246e+00
1.380000000000002203e+01 7.999428764802300975e+02 1.606910852866519246e+00
1.395000000000002238e+01 7.999428764802300975e+02 1.606910852866519246e+00
1.410000000000002274e+01 7.999428764802300975e+02 1.606910852866519246e+00
1.425000000000002309e+01 7.999428764802300975e+02 1.606910852866519246e+00
1.440000000000002345e+01 7.999428764802300975e+02 1.606910852866519246e+00
1.455000000000002380e+01 7.999428764802300975e+02 1.606910852866519246e+00
1.470000000000002416e+01 7.999428764802300975e+02 1.606910852866519246e+00
1.485000000000002451e+01 7.999428764802300975e+02 1.606910852866519246e+00
1.500000000000002487e+01 7.999428764802300975e+02 1.606910852866519246e+00
1.515000000000002522e+01 7.999428764802300975e+02 1.606910852866519246e+00
1.530000000000002558e+01 7.999428764802300975e+02 1.606910852866519246e+00
1.545000000000002593e+01 7.999428764802300975e+02 1.606910852866519246e+00
1.560000000000002629e+01 7.999428764802300975e+02 1.606910852866519246e+00
1.575000000000002665e+01 7.999428764802300975e+02 1.606910852866519246e+00
1.590000000000002700e+01 7.999428764802300975e+02 1.606910852866519246e+00
