1.499999999999999944e-01 7.999947151435003434e+02 1.826843121222054833e-10
2.999999999999999889e-01 7.999947151435003434e+02 1.826843121222054833e-10
4.499999999999999556e-01 7.999947151435003434e+02 1.826843121222054833e-10
5.999999999999999778e-01 7.999947151435003434e+02 1.826843121222054833e-10
7.500000000000000000e-01 7.999947151435003434e+02 1.826843121222054833e-10
9.000000000000000222e-01 7.999947151435003434e+02 1.826843121222054833e-10
1.050000000000000044e+00 7.999947151435003434e+02 1.826843121222054833e-10
1.199999999999999956e+00 7.999947151435003434e+02 1.826843121222054833e-10
1.349999999999999867e+00 7.999947151435003434e+02 1.826843121222054833e-10
1.499999999999999778e+00 7.999947151435003434e+02 1.826843121222054833e-10
1.649999999999999689e+00 7.999947151435003434e+02 1.826843121222054833e-10
1.799999999999999600e+00 7.999947151435003434e+02 1.826843121222054833e-10
1.949999999999999512e+00 7.999947151435003434e+02 1.826843121222054833e-10
2.099999999999999645e+00 7.999984045253404474e+02 1.830969820204586540e-10
2.249999999999999556e+00 7.999984045253404474e+02 1.830969820204586540e-10
2.399999999999999467e+00 7.999984045253404474e+02 1.830969820204586540e-10
2.549999999999999378e+00 7.999984045253404474e+02 1.830969820204586540e-10
2.699999999999999289e+00 7.999984045253404474e+02 1.830969820204586540e-10
2.849999999999999201e+00 7.999984045253404474e+02 1.830969820204586540e-10
2.999999999999999112e+00 7.999984045253404474e+02 1.830969820204586540e-10
3.149999999999999023e+00 7.999984045253404474e+02 1.830969820204586540e-10
3.299999999999998934e+00 7.999984045253404474e+02 1.830969820204586540e-10
3.449999999999998845e+00 7.999984045253404474e+02 1.830969820204586540e-10
3.599999999999998757e+00 7.999984045253404474e+02 1.830969820204586540e-10
3.749999999999998668e+00 7.999984045253404474e+02 1.830969820204586540e-10
3.899999999999998579e+00 7.999984045253404474e+02 1.830969820204586540e-10
4.049999999999998934e+00 4.958342426494630217e+02 1.853671660612121741e-10
4.199999999999999289e+00 3.457225519840725383e+02 1.981723674049362671e-10
4.349999999999999645e+00 1.937309566933327005e+02 2.500760709622795730e-10
4.500000000000000000e+00 1.217096382572197086e+02 3.875865184355120618e-10
4.650000000000000355e+00 7.620572293233608718e+01 7.503855314894281037e-10
4.800000000000000711e+00 4.828752315226125802e+01 1.662456616813301480e-09
4.950000000000001066e+00 3.072854295110857237e+01 3.935029191382000135e-09
5.100000000000001421e+00 1.966964726403893593e+01 9.547561741207744035e-09
5.250000000000001776e+00 1.268634252281187003e+01 2.322911862862042653e-08
5.400000000000002132e+00 8.274121438371260240e+00 5.612828612999720690e-08
5.550000000000002487e+00 5.485478058060913042e+00 1.337770143550187640e-07
5.700000000000002842e+00 3.722927230738747539e+00 3.112927562387568514e-07
5.850000000000003197e+00 2.609108535413980690e+00 7.016247665081465357e-07
6.000000000000003553e+00 1.905642771462822793e+00 1.519176642150732448e-06
6.150000000000003908e+00 1.461997234066700457e+00 3.128132772256542182e-06
6.300000000000004263e+00 1.183244416312561498e+00 6.105790141042177765e-06
6.450000000000004619e+00 1.009741243251085052e+00 1.131544230270620233e-05
6.600000000000004974e+00 9.043649468751482345e-01 1.995827319067888794e-05
6.750000000000005329e+00 8.445694114910224926e-01 3.376107059960276047e-05
6.900000000000005684e+00 8.175609607208684793e-01 5.515644985309986481e-05
7.050000000000006040e+00 8.175609604553528698e-01 8.713265140836146116e-05
7.200000000000006395e+00 8.445694107239773984e-01 1.332448128380514518e-04
7.350000000000006750e+00 9.043649454295632495e-01 1.967916675960079687e-04
7.500000000000007105e+00 1.009741240713935895e+00 2.784357515405178063e-04
7.650000000000007461e+00 1.183244412300325621e+00 3.753578103234955776e-04
7.800000000000007816e+00 1.461997227709076697e+00 4.804394677794254775e-04
7.950000000000008171e+00 1.905642761284724429e+00 5.822767701352260517e-04
8.100000000000008527e+00 2.609108519379788049e+00 6.718397684065680053e-04
8.250000000000008882e+00 3.722927205389382266e+00 7.446339384246103421e-04
8.400000000000009237e+00 5.485478017971743725e+00 7.983759581151606000e-04
8.550000000000009592e+00 8.274121374986783906e+00 8.361936674582404194e-04
8.700000000000009948e+00 1.268634242257235201e+01 8.625928468604104893e-04
8.850000000000010303e+00 1.966964710540073469e+01 8.791266768696237577e-04
9.000000000000010658e+00 3.072854269980727082e+01 8.895056185416194694e-04
9.150000000000011013e+00 4.828752275258973725e+01 8.967683698852813023e-04
9.300000000000011369e+00 7.620572229547062193e+01 9.003462596237632454e-04
9.450000000000011724e+00 1.217096372041649914e+02 9.021780569181681031e-04
9.600000000000012079e+00 1.937309550312294277e+02 9.038798813835180468e-04
9.750000000000012434e+00 3.457225480077586326e+02 9.037960347311191356e-04
9.900000000000012790e+00 4.958342395396051643e+02 9.034933902563047070e-04
1.005000000000001315e+01 7.999983764323662854e+02 9.036364543407726657e-04
1.020000000000001350e+01 7.999983764323662854e+02 9.036364543407726657e-04
1.035000000000001386e+01 7.999983764323662854e+02 9.036364543407726657e-04
1.050000000000001421e+01 7.999983764323662854e+02 9.036364543407726657e-04
1.065000000000001457e+01 7.999983764323662854e+02 9.036364543407726657e-04
1.080000000000001492e+01 7.999983764323662854e+02 9.036364543407726657e-04
1.095000000000001528e+01 7.999983764323662854e+02 9.036364543407726657e-04
1.110000000000001563e+01 7.999983764323662854e+02 9.036364543407726657e-04
1.125000000000001599e+01 7.999983764323662854e+02 9.036364543407726657e-04
1.140000000000001634e+01 7.999983764323662854e+02 9.036364543407726657e-04
1.155000000000001670e+01 7.999983764323662854e+02 9.036364543407726657e-04
1.170000000000001705e+01 7.999983764323662854e+02 9.036364543407726657e-04
1.185000000000001741e+01 7.999983764323662854e+02 9.036364543407726657e-04
1.200000000000001776e+01 7.999983764323662854e+02 9.036364543407726657e-04
1.215000000000001812e+01 7.999983764323662854e+02 9.036364543407726657e-04
1.230000000000001847e+01 7.999983764323662854e+02 9.036364543407726657e-04
1.245000000000001883e+01 7.999983764323662854e+02 9.036364543407726657e-04
1.260000000000001918e+01 7.999983764323662854e+02 9.036364543407726657e-04
1.275000000000001954e+01 7.999983764323662854e+02 9.036364543407726657e-04
1.290000000000001990e+01 7.999983764323662854e+02 9.036364543407726657e-04
1.305000000000002025e+01 7.999946220882145553e+02 9.030631011966994137e-04
1.320000000000002061e+01 7.999946220882145553e+02 9.030631011966994137e-04
1.335000000000002096e+01 7.999946220882145553e+02 9.030631011966994137e-04
1.350000000000002132e+01 7.999946220882145553e+02 9.030631011966994137e-04
1.365000000000002167e+01 7.999946220882145553e+02 9.030631011966994137e-04
1.380000000000002203e+01 7.999946220882145553e+02 9.030631011966994137e-04
1.395000000000002238e+01 7.999946220882145553e+02 9.030631011966994137e-04
1.410000000000002274e+01 7.999946220882145553e+02 9.030631011966994137e-04
1.425000000000002309e+01 7.999946220882145553e+02 9.030631011966994137e-04
1.440000000000002345e+01 7.999946220882145553e+02 9.030631011966994137e-04
1.455000000000002380e+01 7.999946220882145553e+02 9.030631011966994137e-04
1.470000000000002416e+01 7.999946220882145553e+02 9.030631011966994137e-04
1.485000000000002451e+01 7.999946220882145553e+02 9.030631011966994137e-04
1.500000000000002487e+01 7.999946220882145553e+02 9.030631011966994137e-04
1.515000000000002522e+01 7.999946220882145553e+02 9.030631011966994137e-04
1.530000000000002558e+01 7.999946220882145553e+02 9.030631011966994137e-04
1.545000000000002593e+01 7.999946220882145553e+02 9.030631011966994137e-04
1.560000000000002629e+01 7.999946220882145553e+02 9.030631011966994137e-04
1.575000000000002665e+01 7.999946220882145553e+02 9.030631011966994137e-04
1.590000000000002700e+01 7.999946220882145553e+02 9.030631011966994137e-04
