1.499999999999999944e-01 7.999884469427744307e+02 1.731159660067760342e-11
2.999999999999999889e-01 7.999884469427744307e+02 1.731159660067760342e-11
4.499999999999999556e-01 7.999884469427744307e+02 1.731159660067760342e-11
5.999999999999999778e-01 7.999884469427744307e+02 1.731159660067760342e-11
7.500000000000000000e-01 7.999884469427744307e+02 1.731159660067760342e-11
9.000000000000000222e-01 7.999884469427744307e+02 1.731159660067760342e-11
1.050000000000000044e+00 7.999884469427744307e+02 1.731159660067760342e-11
1.199999999999999956e+00 7.999884469427744307e+02 1.731159660067760342e-11
1.349999999999999867e+00 7.999884469427744307e+02 1.731159660067760342e-11
1.499999999999999778e+00 7.999884469427744307e+02 1.731159660067760342e-11
1.649999999999999689e+00 7.999884469427744307e+02 1.731159660067760342e-11
1.799999999999999600e+00 7.999884469427744307e+02 1.731159660067760342e-11
1.949999999999999512e+00 7.999884469427744307e+02 1.731159660067760342e-11
2.099999999999999645e+00 7.999961334726107225e+02 1.729094645241957551e-11
2.249999999999999556e+00 7.999961334726107225e+02 1.729094645241957551e-11
2.399999999999999467e+00 7.999961334726107225e+02 1.729094645241957551e-11
2.549999999999999378e+00 7.999961334726107225e+02 1.729094645241957551e-11
2.699999999999999289e+00 7.999961334726107225e+02 1.729094645241957551e-11
2.849999999999999201e+00 7.999961334726107225e+02 1.729094645241957551e-11
2.999999999999999112e+00 7.999961334726107225e+02 1.729094645241957551e-11
3.149999999999999023e+00 7.999961334726107225e+02 1.729094645241957551e-11
3.299999999999998934e+00 7.999961334726107225e+02 1.729094645241957551e-11
3.449999999999998845e+00 7.999961334726107225e+02 1.729094645241957551e-11
3.599999999999998757e+00 7.999961334726107225e+02 1.729094645241957551e-11
3.749999999999998668e+00 7.999961334726107225e+02 1.729094645241957551e-11
3.899999999999998579e+00 7.999961334726107225e+02 1.729094645241957551e-11
4.049999999999998934e+00 4.895109784093699545e+02 1.734845600509515862e-11
4.199999999999999289e+00 3.215286753070826080e+02 1.710609431881948694e-11
4.349999999999999645e+00 1.633024978759158614e+02 1.755573464379267534e-11
4.500000000000000000e+00 9.264056790228387683e+01 1.906996782707892635e-11
4.650000000000000355e+00 5.191503421734474699e+01 2.367483986631668813e-11
4.800000000000000711e+00 2.951153307170924478e+01 3.727473885106746820e-11
4.950000000000001066e+00 1.694509722658247597e+01 8.030054399199570980e-11
5.100000000000001421e+00 9.914612508875457308e+00 2.104434404515131973e-10
5.250000000000001776e+00 5.975414661026839269e+00 5.908339373306148445e-10
5.400000000000002132e+00 3.768525027772597014e+00 1.640088176380061213e-09
5.550000000000002487e+00 2.531989342308207824e+00 4.333427949809731672e-09
5.700000000000002842e+00 1.839157033852586665e+00 1.060248977502453727e-08
5.850000000000003197e+00 1.450974188889176730e+00 2.391148601343928703e-08
6.000000000000003553e+00 1.233511719425791853e+00 5.018871718220907496e-08
6.150000000000003908e+00 1.111742542776539722e+00 9.912548326607151239e-08
6.300000000000004263e+00 1.043655317867603571e+00 1.879692670403443344e-07
6.450000000000004619e+00 1.005759499806345048e+00 3.480976712433303533e-07
6.600000000000004974e+00 9.849808115130826991e-01 6.327445043474710928e-07
6.750000000000005329e+00 9.741504938498906085e-01 1.138914669573942717e-06
6.900000000000005684e+00 9.695320313763318154e-01 2.042246056377372554e-06
7.050000000000006040e+00 9.695320312583248779e-01 3.635543359248316619e-06
7.200000000000006395e+00 9.741504935843749990e-01 6.441199325246671492e-06
7.350000000000006750e+00 9.849808109230480113e-01 1.136888973030103500e-05
7.500000000000007105e+00 1.005759498803286078e+00 1.982042687276308612e-05
7.650000000000007461e+00 1.043655316038496039e+00 3.400254350005571524e-05
7.800000000000007816e+00 1.111742539413342001e+00 5.696621848982896807e-05
7.950000000000008171e+00 1.233511713466441506e+00 9.139866395713180935e-05
8.100000000000008527e+00 1.450974178165296280e+00 1.383200492446334806e-04
8.250000000000008882e+00 1.839157014764964515e+00 1.947510753798065153e-04
8.400000000000009237e+00 2.531989308233704605e+00 2.518254184049606437e-04
8.550000000000009592e+00 3.768524966969522438e+00 3.012003331197554701e-04
8.700000000000009948e+00 5.975414552530523338e+00 3.390139509017453534e-04
8.850000000000010303e+00 9.914612315222385064e+00 3.637481626017624592e-04
9.000000000000010658e+00 1.694509688097150146e+01 3.788909529879314064e-04
9.150000000000011013e+00 2.951153245349117782e+01 3.885210764336122224e-04
9.300000000000011369e+00 5.191503311553378808e+01 3.931273660452427876e-04
9.450000000000011724e+00 9.264056588064319442e+01 3.953207686574478075e-04
9.600000000000012079e+00 1.633024944107635861e+02 3.971052558491283691e-04
9.750000000000012434e+00 3.215286667013603505e+02 3.970232804260120929e-04
9.900000000000012790e+00 4.895109711902226763e+02 3.967232900069506130e-04
1.005000000000001315e+01 7.999960770374461845e+02 3.968686626663053829e-04
1.020000000000001350e+01 7.999960770374461845e+02 3.968686626663053829e-04
1.035000000000001386e+01 7.999960770374461845e+02 3.968686626663053829e-04
1.050000000000001421e+01 7.999960770374461845e+02 3.968686626663053829e-04
1.065000000000001457e+01 7.999960770374461845e+02 3.968686626663053829e-04
1.080000000000001492e+01 7.999960770374461845e+02 3.968686626663053829e-04
1.095000000000001528e+01 7.999960770374461845e+02 3.968686626663053829e-04
1.110000000000001563e+01 7.999960770374461845e+02 3.968686626663053829e-04
1.125000000000001599e+01 7.999960770374461845e+02 3.968686626663053829e-04
1.140000000000001634e+01 7.999960770374461845e+02 3.968686626663053829e-04
1.155000000000001670e+01 7.999960770374461845e+02 3.968686626663053829e-04
1.170000000000001705e+01 7.999960770374461845e+02 3.968686626663053829e-04
1.185000000000001741e+01 7.999960770374461845e+02 3.968686626663053829e-04
1.200000000000001776e+01 7.999960770374461845e+02 3.968686626663053829e-04
1.215000000000001812e+01 7.999960770374461845e+02 3.968686626663053829e-04
1.230000000000001847e+01 7.999960770374461845e+02 3.968686626663053829e-04
1.245000000000001883e+01 7.999960770374461845e+02 3.968686626663053829e-04
1.260000000000001918e+01 7.999960770374461845e+02 3.968686626663053829e-04
1.275000000000001954e+01 7.999960770374461845e+02 3.968686626663053829e-04
1.290000000000001990e+01 7.999960770374461845e+02 3.968686626663053829e-04
1.305000000000002025e+01 7.999882783162651094e+02 3.962985722345546691e-04
1.320000000000002061e+01 7.999882783162651094e+02 3.962985722345546691e-04
1.335000000000002096e+01 7.999882783162651094e+02 3.962985722345546691e-04
1.350000000000002132e+01 7.999882783162651094e+02 3.962985722345546691e-04
1.365000000000002167e+01 7.999882783162651094e+02 3.962985722345546691e-04
1.380000000000002203e+01 7.999882783162651094e+02 3.962985722345546691e-04
1.395000000000002238e+01 7.999882783162651094e+02 3.962985722345546691e-04
1.410000000000002274e+01 7.999882783162651094e+02 3.962985722345546691e-04
1.425000000000002309e+01 7.999882783162651094e+02 3.962985722345546691e-04
1.440000000000002345e+01 7.999882783162651094e+02 3.962985722345546691e-04
1.455000000000002380e+01 7.999882783162651094e+02 3.962985722345546691e-04
1.470000000000002416e+01 7.999882783162651094e+02 3.962985722345546691e-04
1.485000000000002451e+01 7.999882783162651094e+02 3.962985722345546691e-04
1.500000000000002487e+01 7.999882783162651094e+02 3.962985722345546691e-04
1.515000000000002522e+01 7.999882783162651094e+02 3.962985722345546691e-04
1.530000000000002558e+01 7.999882783162651094e+02 3.962985722345546691e-04
1.545000000000002593e+01 7.999882783162651094e+02 3.962985722345546691e-04
1.560000000000002629e+01 7.999882783162651094e+02 3.962985722345546691e-04
1.575000000000002665e+01 7.999882783162651094e+02 3.962985722345546691e-04
1.590000000000002700e+01 7.999882783162651094e+02 3.962985722345546691e-04
