1.499999999999999944e-01 7.999061603779450706e+02 3.041678020565541374e-11
2.999999999999999889e-01 7.999061603779450706e+02 3.041678020565541374e-11
4.499999999999999556e-01 7.999061603779450706e+02 3.041678020565541374e-11
5.999999999999999778e-01 7.999061603779450706e+02 3.041678020565541374e-11
7.500000000000000000e-01 7.999061603779450706e+02 3.041678020565541374e-11
9.000000000000000222e-01 7.999061603779450706e+02 3.041678020565541374e-11
1.050000000000000044e+00 7.999061603779450706e+02 3.041678020565541374e-11
1.199999999999999956e+00 7.999061603779450706e+02 3.041678020565541374e-11
1.349999999999999867e+00 7.999061603779450706e+02 3.041678020565541374e-11
1.499999999999999778e+00 7.999061603779450706e+02 3.041678020565541374e-11
1.649999999999999689e+00 7.999061603779450706e+02 3.041678020565541374e-11
1.799999999999999600e+00 7.999061603779450706e+02 3.041678020565541374e-11
1.949999999999999512e+00 7.999061603779450706e+02 3.041678020565541374e-11
2.099999999999999645e+00 7.999586926556963817e+02 3.055278252617199541e-11
2.249999999999999556e+00 7.999586926556963817e+02 3.055278252617199541e-11
2.399999999999999467e+00 7.999586926556963817e+02 3.055278252617199541e-11
2.549999999999999378e+00 7.999586926556963817e+02 3.055278252617199541e-11
2.699999999999999289e+00 7.999586926556963817e+02 3.055278252617199541e-11
2.849999999999999201e+00 7.999586926556963817e+02 3.055278252617199541e-11
2.999999999999999112e+00 7.999586926556963817e+02 3.055278252617199541e-11
3.149999999999999023e+00 7.999586926556963817e+02 3.055278252617199541e-11
3.299999999999998934e+00 7.999586926556963817e+02 3.055278252617199541e-11
3.449999999999998845e+00 7.999586926556963817e+02 3.055278252617199541e-11
3.599999999999998757e+00 7.999586926556963817e+02 3.055278252617199541e-11
3.749999999999998668e+00 7.999586926556963817e+02 3.055278252617199541e-11
3.899999999999998579e+00 7.999586926556963817e+02 3.055278252617199541e-11
4.049999999999998934e+00 4.632083581824350063e+02 3.049871466487275029e-11
4.199999999999999289e+00 2.523783927081506135e+02 3.055589115064094585e-11
4.349999999999999645e+00 9.808390099649520266e+01 3.055655728445572095e-11
4.500000000000000000e+00 4.297991751703783336e+01 3.029321238301463382e-11
4.650000000000000355e+00 1.823566912170344168e+01 3.027833539448465672e-11
4.800000000000000711e+00 7.898861350638085810e+00 2.981059843421007827e-11
4.950000000000001066e+00 3.479778664208566852e+00 2.886402228341466980e-11
5.100000000000001421e+00 1.604375404177460496e+00 2.675382138050963476e-11
5.250000000000001776e+00 8.065724034838694934e-01 2.392919196125831149e-11
5.400000000000002132e+00 4.674439588338827889e-01 2.266664633765458348e-11
5.550000000000002487e+00 3.232521377397006290e-01 3.171696238979393456e-11
5.700000000000002842e+00 2.619490490069438238e-01 6.758871240464259245e-11
5.850000000000003197e+00 2.358854141739357146e-01 1.652880055047489805e-10
6.000000000000003553e+00 2.248043319159478415e-01 4.026228239695228694e-10
6.150000000000003908e+00 2.200932531725356966e-01 9.641281106809174162e-10
6.300000000000004263e+00 2.180906176188273093e-01 2.284829769827467771e-09
6.450000000000004619e+00 2.172399259031863039e-01 5.395902391569507017e-09
6.600000000000004974e+00 2.168799994333312497e-01 1.269777549772754810e-08
6.750000000000005329e+00 2.167310945033023017e-01 2.985242097963691776e-08
6.900000000000005684e+00 2.166774776972033578e-01 7.024791426335497135e-08
7.050000000000006040e+00 2.166774779332172329e-01 1.650381570295067490e-07
7.200000000000006395e+00 2.167310942672884266e-01 3.876396869051390581e-07
7.350000000000006750e+00 2.168799991973173746e-01 9.113304477725847619e-07
7.500000000000007105e+00 2.172399256671724288e-01 2.137504484411856254e-06
7.650000000000007461e+00 2.180906172648064967e-01 5.002199287229558422e-06
7.800000000000007816e+00 2.200932522284801962e-01 1.166103932837003754e-05
7.950000000000008171e+00 2.248043295558090904e-01 2.682196936676373156e-05
8.100000000000008527e+00 2.358854079195680242e-01 6.005448135515401020e-05
8.250000000000008882e+00 2.619490344920905045e-01 1.272260862601459763e-04
8.400000000000009237e+00 3.232521038717095507e-01 2.422152906971231090e-04
8.550000000000009592e+00 4.674438784711583139e-01 3.935219949460222466e-04
8.700000000000009948e+00 8.065722144367555302e-01 5.365227806045647085e-04
8.850000000000010303e+00 1.604374959586323257e+00 6.337499150089742628e-04
9.000000000000010658e+00 3.479777619345640005e+00 6.862743252582514941e-04
9.150000000000011013e+00 7.898858886955622438e+00 7.119142384365284570e-04
9.300000000000011369e+00 1.823566337065746623e+01 7.224709814115382045e-04
9.450000000000011724e+00 4.297990365689530279e+01 7.266099969382988633e-04
9.600000000000012079e+00 9.808387076028355978e+01 7.288940947637323475e-04
9.750000000000012434e+00 2.523783022211328273e+02 7.288989320316519027e-04
9.900000000000012790e+00 4.632082582603112542e+02 7.286194000905021895e-04
1.005000000000001315e+01 7.999581509396124375e+02 7.287726022850993246e-04
1.020000000000001350e+01 7.999581509396124375e+02 7.287726022850993246e-04
1.035000000000001386e+01 7.999581509396124375e+02 7.287726022850993246e-04
1.050000000000001421e+01 7.999581509396124375e+02 7.287726022850993246e-04
1.065000000000001457e+01 7.999581509396124375e+02 7.287726022850993246e-04
1.080000000000001492e+01 7.999581509396124375e+02 7.287726022850993246e-04
1.095000000000001528e+01 7.999581509396124375e+02 7.287726022850993246e-04
1.110000000000001563e+01 7.999581509396124375e+02 7.287726022850993246e-04
1.125000000000001599e+01 7.999581509396124375e+02 7.287726022850993246e-04
1.140000000000001634e+01 7.999581509396124375e+02 7.287726022850993246e-04
1.155000000000001670e+01 7.999581509396124375e+02 7.287726022850993246e-04
1.170000000000001705e+01 7.999581509396124375e+02 7.287726022850993246e-04
1.185000000000001741e+01 7.999581509396124375e+02 7.287726022850993246e-04
1.200000000000001776e+01 7.999581509396124375e+02 7.287726022850993246e-04
1.215000000000001812e+01 7.999581509396124375e+02 7.287726022850993246e-04
1.230000000000001847e+01 7.999581509396124375e+02 7.287726022850993246e-04
1.245000000000001883e+01 7.999581509396124375e+02 7.287726022850993246e-04
1.260000000000001918e+01 7.999581509396124375e+02 7.287726022850993246e-04
1.275000000000001954e+01 7.999581509396124375e+02 7.287726022850993246e-04
1.290000000000001990e+01 7.999581509396124375e+02 7.287726022850993246e-04
1.305000000000002025e+01 7.999049297298246302e+02 7.282093788537613577e-04
1.320000000000002061e+01 7.999049297298246302e+02 7.282093788537613577e-04
1.335000000000002096e+01 7.999049297298246302e+02 7.282093788537613577e-04
1.350000000000002132e+01 7.999049297298246302e+02 7.282093788537613577e-04
1.365000000000002167e+01 7.999049297298246302e+02 7.282093788537613577e-04
1.380000000000002203e+01 7.999049297298246302e+02 7.282093788537613577e-04
1.395000000000002238e+01 7.999049297298246302e+02 7.282093788537613577e-04
1.410000000000002274e+01 7.999049297298246302e+02 7.282093788537613577e-04
1.425000000000002309e+01 7.999049297298246302e+02 7.282093788537613577e-04
1.440000000000002345e+01 7.999049297298246302e+02 7.282093788537613577e-04
1.455000000000002380e+01 7.999049297298246302e+02 7.282093788537613577e-04
1.470000000000002416e+01 7.999049297298246302e+02 7.282093788537613577e-04
1.485000000000002451e+01 7.999049297298246302e+02 7.282093788537613577e-04
1.500000000000002487e+01 7.999049297298246302e+02 7.282093788537613577e-04
1.515000000000002522e+01 7.999049297298246302e+02 7.282093788537613577e-04
1.530000000000002558e+01 7.999049297298246302e+02 7.282093788537613577e-04
1.545000000000002593e+01 7.999049297298246302e+02 7.282093788537613577e-04
1.560000000000002629e+01 7.999049297298246302e+02 7.282093788537613577e-04
1.575000000000002665e+01 7.999049297298246302e+02 7.282093788537613577e-04
1.590000000000002700e+01 7.999049297298246302e+02 7.282093788537613577e-04
