1.499999999999999944e-01 7.999947183348674571e+02 1.540930716359412145e-10
2.999999999999999889e-01 7.999947183348674571e+02 1.540930716359412145e-10
4.499999999999999556e-01 7.999947183348674571e+02 1.540930716359412145e-10
5.999999999999999778e-01 7.999947183348674571e+02 1.540930716359412145e-10
7.500000000000000000e-01 7.999947183348674571e+02 1.540930716359412145e-10
9.000000000000000222e-01 7.999947183348674571e+02 1.540930716359412145e-10
1.050000000000000044e+00 7.999947183348674571e+02 1.540930716359412145e-10
1.199999999999999956e+00 7.999947183348674571e+02 1.540930716359412145e-10
1.349999999999999867e+00 7.999947183348674571e+02 1.540930716359412145e-10
1.499999999999999778e+00 7.999947183348674571e+02 1.540930716359412145e-10
1.649999999999999689e+00 7.999947183348674571e+02 1.540930716359412145e-10
1.799999999999999600e+00 7.999947183348674571e+02 1.540930716359412145e-10
1.949999999999999512e+00 7.999947183348674571e+02 1.540930716359412145e-10
2.099999999999999645e+00 7.999984055124768929e+02 1.544182559598539228e-10
2.249999999999999556e+00 7.999984055124768929e+02 1.544182559598539228e-10
2.399999999999999467e+00 7.999984055124768929e+02 1.544182559598539228e-10
2.549999999999999378e+00 7.999984055124768929e+02 1.544182559598539228e-10
2.699999999999999289e+00 7.999984055124768929e+02 1.544182559598539228e-10
2.849999999999999201e+00 7.999984055124768929e+02 1.544182559598539228e-10
2.999999999999999112e+00 7.999984055124768929e+02 1.544182559598539228e-10
3.149999999999999023e+00 7.999984055124768929e+02 1.544182559598539228e-10
3.299999999999998934e+00 7.999984055124768929e+02 1.544182559598539228e-10
3.449999999999998845e+00 7.999984055124768929e+02 1.544182559598539228e-10
3.599999999999998757e+00 7.999984055124768929e+02 1.544182559598539228e-10
3.749999999999998668e+00 7.999984055124768929e+02 1.544182559598539228e-10
3.899999999999998579e+00 7.999984055124768929e+02 1.544182559598539228e-10
4.049999999999998934e+00 4.958359685562557502e+02 1.562139306798826510e-10
4.199999999999999289e+00 3.457429661081763470e+02 1.669717697438954929e-10
4.349999999999999645e+00 1.937816259179762142e+02 2.101964158285341000e-10
4.500000000000000000e+00 1.217866208894413234e+02 3.243976198774589648e-10
4.650000000000000355e+00 7.630400426847012341e+01 6.251794637535112997e-10
4.800000000000000711e+00 4.840140830997495414e+01 1.379475089713366742e-09
4.950000000000001066e+00 3.085329666487223221e+01 3.255291702863871706e-09
5.100000000000001421e+00 1.980171078181011879e+01 7.873724339191312538e-09
5.250000000000001776e+00 1.282321708752625256e+01 1.907046587312777319e-08
5.400000000000002132e+00 8.414118729056525581e+00 4.578612611272347976e-08
5.550000000000002487e+00 5.627484451518903086e+00 1.081674523284448242e-07
5.700000000000002842e+00 3.866218950634660700e+00 2.485776089411473322e-07
5.850000000000003197e+00 2.753219460635719429e+00 5.512321150646926071e-07
6.000000000000003553e+00 2.050274344200232690e+00 1.170581506504397851e-06
6.150000000000003908e+00 1.606958741678027991e+00 2.358716153505469038e-06
6.300000000000004263e+00 1.328414029114014738e+00 4.506261206738138014e-06
6.450000000000004619e+00 1.155040794642047786e+00 8.196031184626306754e-06
6.600000000000004974e+00 1.049743617462979728e+00 1.424253965187638471e-05
6.750000000000005329e+00 9.899930652318857938e-01 2.385108014490988637e-05
6.900000000000005684e+00 9.630049575006864870e-01 3.877593163714720959e-05
7.050000000000006040e+00 9.630049572351708775e-01 6.123947732195045290e-05
7.200000000000006395e+00 9.899930644058372309e-01 9.407993992760488311e-05
7.350000000000006750e+00 1.049743616076398212e+00 1.403124968890612223e-04
7.500000000000007105e+00 1.155040792193403831e+00 2.013963311525701627e-04
7.650000000000007461e+00 1.328414025190284065e+00 2.765571498254404403e-04
7.800000000000007816e+00 1.606958735438411168e+00 3.615469076281296879e-04
7.950000000000008171e+00 2.050274334287649936e+00 4.475359049060934069e-04
8.100000000000008527e+00 2.753219444940796734e+00 5.263453580791610520e-04
8.250000000000008882e+00 3.866218925816326646e+00 5.927626044370803982e-04
8.400000000000009237e+00 5.627484412237343747e+00 6.431804512923022799e-04
8.550000000000009592e+00 8.414118666959062409e+00 6.794087297991024954e-04
8.700000000000009948e+00 1.282321698930944720e+01 7.050887997480659308e-04
8.850000000000010303e+00 1.980171062636548029e+01 7.213256952584012893e-04
9.000000000000010658e+00 3.085329641861295968e+01 7.315843599484672666e-04
9.150000000000011013e+00 4.840140791829425382e+01 7.387970425806189567e-04
9.300000000000011369e+00 7.630400364428902549e+01 7.423577960973259948e-04
9.450000000000011724e+00 1.217866198572406375e+02 7.441834484059883792e-04
9.600000000000012079e+00 1.937816242886023304e+02 7.458820877956906514e-04
9.750000000000012434e+00 3.457429622094953174e+02 7.457980921309337319e-04
9.900000000000012790e+00 4.958359655068728671e+02 7.454957430435005250e-04
1.005000000000001315e+01 7.999983779637084353e+02 7.456386160152872478e-04
1.020000000000001350e+01 7.999983779637084353e+02 7.456386160152872478e-04
1.035000000000001386e+01 7.999983779637084353e+02 7.456386160152872478e-04
1.050000000000001421e+01 7.999983779637084353e+02 7.456386160152872478e-04
1.065000000000001457e+01 7.999983779637084353e+02 7.456386160152872478e-04
1.080000000000001492e+01 7.999983779637084353e+02 7.456386160152872478e-04
1.095000000000001528e+01 7.999983779637084353e+02 7.456386160152872478e-04
1.110000000000001563e+01 7.999983779637084353e+02 7.456386160152872478e-04
1.125000000000001599e+01 7.999983779637084353e+02 7.456386160152872478e-04
1.140000000000001634e+01 7.999983779637084353e+02 7.456386160152872478e-04
1.155000000000001670e+01 7.999983779637084353e+02 7.456386160152872478e-04
1.170000000000001705e+01 7.999983779637084353e+02 7.456386160152872478e-04
1.185000000000001741e+01 7.999983779637084353e+02 7.456386160152872478e-04
1.200000000000001776e+01 7.999983779637084353e+02 7.456386160152872478e-04
1.215000000000001812e+01 7.999983779637084353e+02 7.456386160152872478e-04
1.230000000000001847e+01 7.999983779637084353e+02 7.456386160152872478e-04
1.245000000000001883e+01 7.999983779637084353e+02 7.456386160152872478e-04
1.260000000000001918e+01 7.999983779637084353e+02 7.456386160152872478e-04
1.275000000000001954e+01 7.999983779637084353e+02 7.456386160152872478e-04
1.290000000000001990e+01 7.999983779637084353e+02 7.456386160152872478e-04
1.305000000000002025e+01 7.999946270808553663e+02 7.450659936867332078e-04
1.320000000000002061e+01 7.999946270808553663e+02 7.450659936867332078e-04
1.335000000000002096e+01 7.999946270808553663e+02 7.450659936867332078e-04
1.350000000000002132e+01 7.999946270808553663e+02 7.450659936867332078e-04
1.365000000000002167e+01 7.999946270808553663e+02 7.450659936867332078e-04
1.380000000000002203e+01 7.999946270808553663e+02 7.450659936867332078e-04
1.395000000000002238e+01 7.999946270808553663e+02 7.450659936867332078e-04
1.410000000000002274e+01 7.999946270808553663e+02 7.450659936867332078e-04
1.425000000000002309e+01 7.999946270808553663e+02 7.450659936867332078e-04
1.440000000000002345e+01 7.999946270808553663e+02 7.450659936867332078e-04
1.455000000000002380e+01 7.999946270808553663e+02 7.450659936867332078e-04
1.470000000000002416e+01 7.999946270808553663e+02 7.450659936867332078e-04
1.485000000000002451e+01 7.999946270808553663e+02 7.450659936867332078e-04
1.500000000000002487e+01 7.999946270808553663e+02 7.450659936867332078e-04
1.515000000000002522e+01 7.999946270808553663e+02 7.450659936867332078e-04
1.530000000000002558e+01 7.999946270808553663e+02 7.450659936867332078e-04
1.545000000000002593e+01 7.999946270808553663e+02 7.450659936867332078e-04
1.560000000000002629e+01 7.999946270808553663e+02 7.450659936867332078e-04
1.575000000000002665e+01 7.999946270808553663e+02 7.450659936867332078e-04
1.590000000000002700e+01 7.999946270808553663e+02 7.450659936867332078e-04
