1.499999999999999944e-01 7.996703193530648832e+02 1.925969383975711935e-10
2.999999999999999889e-01 7.996703193530648832e+02 1.925969383975711935e-10
4.499999999999999556e-01 7.996703193530648832e+02 1.925969383975711935e-10
5.999999999999999778e-01 7.996703193530648832e+02 1.925969383975711935e-10
7.500000000000000000e-01 7.996703193530648832e+02 1.925969383975711935e-10
9.000000000000000222e-01 7.996703193530648832e+02 1.925969383975711935e-10
1.050000000000000044e+00 7.996703193530648832e+02 1.925969383975711935e-10
1.199999999999999956e+00 7.996703193530648832e+02 1.925969383975711935e-10
1.349999999999999867e+00 7.996703193530648832e+02 1.925969383975711935e-10
1.499999999999999778e+00 7.996703193530648832e+02 1.925969383975711935e-10
1.649999999999999689e+00 7.996703193530648832e+02 1.925969383975711935e-10
1.799999999999999600e+00 7.996703193530648832e+02 1.925969383975711935e-10
1.949999999999999512e+00 7.996703193530648832e+02 1.925969383975711935e-10
2.099999999999999645e+00 7.998292327064425535e+02 1.919494563296098022e-10
2.249999999999999556e+00 7.998292327064425535e+02 1.919494563296098022e-10
2.399999999999999467e+00 7.998292327064425535e+02 1.919494563296098022e-10
2.549999999999999378e+00 7.998292327064425535e+02 1.919494563296098022e-10
2.699999999999999289e+00 7.998292327064425535e+02 1.919494563296098022e-10
2.849999999999999201e+00 7.998292327064425535e+02 1.919494563296098022e-10
2.999999999999999112e+00 7.998292327064425535e+02 1.919494563296098022e-10
3.149999999999999023e+00 7.998292327064425535e+02 1.919494563296098022e-10
3.299999999999998934e+00 7.998292327064425535e+02 1.919494563296098022e-10
3.449999999999998845e+00 7.998292327064425535e+02 1.919494563296098022e-10
3.599999999999998757e+00 7.998292327064425535e+02 1.919494563296098022e-10
3.749999999999998668e+00 7.998292327064425535e+02 1.919494563296098022e-10
3.899999999999998579e+00 7.998292327064425535e+02 1.919494563296098022e-10
4.049999999999998934e+00 4.376710140202948196e+02 1.920251735398892379e-10
4.199999999999999289e+00 2.093087651486021059e+02 1.932345394806134209e-10
4.349999999999999645e+00 6.898829212038229741e+01 1.928635029457836936e-10
4.500000000000000000e+00 2.615572492828528084e+01 1.912013880556173717e-10
4.650000000000000355e+00 9.589282015663521008e+00 1.880162692202702601e-10
4.800000000000000711e+00 3.713086774967550241e+00 1.768679647184967507e-10
4.950000000000001066e+00 1.565355875231432492e+00 1.517844738785356640e-10
5.100000000000001421e+00 7.888269164226358043e-01 1.100344260152041898e-10
5.250000000000001776e+00 5.069668463720518048e-01 6.203304536711584660e-11
5.400000000000002132e+00 4.048031306532493545e-01 2.814137811668615541e-11
5.550000000000002487e+00 3.677537401564450192e-01 1.134103921884843658e-11
5.700000000000002842e+00 3.543203498517186745e-01 4.417355370378572843e-12
5.850000000000003197e+00 3.494493401410636579e-01 2.044253655242300738e-12
6.000000000000003553e+00 3.476831325488092261e-01 2.291722367431248131e-12
6.150000000000003908e+00 3.470427101377708823e-01 4.991895785622091353e-12
6.300000000000004263e+00 3.468105022814143013e-01 1.310407338195318516e-11
6.450000000000004619e+00 3.467263259857418234e-01 3.561106964866667113e-11
6.600000000000004974e+00 3.466958640289021787e-01 9.765654951365831948e-11
6.750000000000005329e+00 3.466849847333151047e-01 2.684010791398350193e-10
6.900000000000005684e+00 3.466814983363519787e-01 7.406709690016555214e-10
7.050000000000006040e+00 3.466814983953554474e-01 2.037499613471993598e-09
7.200000000000006395e+00 3.466849847333151047e-01 5.604532282710295021e-09
7.350000000000006750e+00 3.466958640289021787e-01 1.546728778389905301e-08
7.500000000000007105e+00 3.467263257497279483e-01 4.254251761981464597e-08
7.650000000000007461e+00 3.468105022224108325e-01 1.169936975076169006e-07
7.800000000000007816e+00 3.470427098427535384e-01 3.226695957092573508e-07
7.950000000000008171e+00 3.476831314277433194e-01 8.859336740885126460e-07
8.100000000000008527e+00 3.494493369548763440e-01 2.424622100649642675e-06
8.250000000000008882e+00 3.543203407651844827e-01 6.599636071968895124e-06
8.400000000000009237e+00 3.677537154339916015e-01 1.749036005760373769e-05
8.550000000000009592e+00 4.048030625632463853e-01 4.370868198966260110e-05
8.700000000000009948e+00 5.069666584460037484e-01 9.631321134306869425e-05
8.850000000000010303e+00 7.888263977526435156e-01 1.703013559688493217e-04
9.000000000000010658e+00 1.565354447037719865e+00 2.359284881631174002e-04
9.150000000000011013e+00 3.713082821292616131e+00 2.749415601084326255e-04
9.300000000000011369e+00 9.589271225072273808e+00 2.915445904970725977e-04
9.450000000000011724e+00 2.615569429886092223e+01 2.976649747171711269e-04
9.600000000000012079e+00 6.898821452297524104e+01 3.004300619873223610e-04
9.750000000000012434e+00 2.093084972754969044e+02 3.005266410556206580e-04
9.900000000000012790e+00 4.376706477703289693e+02 3.002643114543568359e-04
1.005000000000001315e+01 7.998275946462828188e+02 3.004212579970078068e-04
1.020000000000001350e+01 7.998275946462828188e+02 3.004212579970078068e-04
1.035000000000001386e+01 7.998275946462828188e+02 3.004212579970078068e-04
1.050000000000001421e+01 7.998275946462828188e+02 3.004212579970078068e-04
1.065000000000001457e+01 7.998275946462828188e+02 3.004212579970078068e-04
1.080000000000001492e+01 7.998275946462828188e+02 3.004212579970078068e-04
1.095000000000001528e+01 7.998275946462828188e+02 3.004212579970078068e-04
1.110000000000001563e+01 7.998275946462828188e+02 3.004212579970078068e-04
1.125000000000001599e+01 7.998275946462828188e+02 3.004212579970078068e-04
1.140000000000001634e+01 7.998275946462828188e+02 3.004212579970078068e-04
1.155000000000001670e+01 7.998275946462828188e+02 3.004212579970078068e-04
1.170000000000001705e+01 7.998275946462828188e+02 3.004212579970078068e-04
1.185000000000001741e+01 7.998275946462828188e+02 3.004212579970078068e-04
1.200000000000001776e+01 7.998275946462828188e+02 3.004212579970078068e-04
1.215000000000001812e+01 7.998275946462828188e+02 3.004212579970078068e-04
1.230000000000001847e+01 7.998275946462828188e+02 3.004212579970078068e-04
1.245000000000001883e+01 7.998275946462828188e+02 3.004212579970078068e-04
1.260000000000001918e+01 7.998275946462828188e+02 3.004212579970078068e-04
1.275000000000001954e+01 7.998275946462828188e+02 3.004212579970078068e-04
1.290000000000001990e+01 7.998275946462828188e+02 3.004212579970078068e-04
1.305000000000002025e+01 7.996671568666524763e+02 2.998638945616027840e-04
1.320000000000002061e+01 7.996671568666524763e+02 2.998638945616027840e-04
1.335000000000002096e+01 7.996671568666524763e+02 2.998638945616027840e-04
1.350000000000002132e+01 7.996671568666524763e+02 2.998638945616027840e-04
1.365000000000002167e+01 7.996671568666524763e+02 2.998638945616027840e-04
1.380000000000002203e+01 7.996671568666524763e+02 2.998638945616027840e-04
1.395000000000002238e+01 7.996671568666524763e+02 2.998638945616027840e-04
1.410000000000002274e+01 7.996671568666524763e+02 2.998638945616027840e-04
1.425000000000002309e+01 7.996671568666524763e+02 2.998638945616027840e-04
1.440000000000002345e+01 7.996671568666524763e+02 2.998638945616027840e-04
1.455000000000002380e+01 7.996671568666524763e+02 2.998638945616027840e-04
1.470000000000002416e+01 7.996671568666524763e+02 2.998638945616027840e-04
1.485000000000002451e+01 7.996671568666524763e+02 2.998638945616027840e-04
1.500000000000002487e+01 7.996671568666524763e+02 2.998638945616027840e-04
1.515000000000002522e+01 7.996671568666524763e+02 2.998638945616027840e-04
1.530000000000002558e+01 7.996671568666524763e+02 2.998638945616027840e-04
1.545000000000002593e+01 7.996671568666524763e+02 2.998638945616027840e-04
1.560000000000002629e+01 7.996671568666524763e+02 2.998638945616027840e-04
1.575000000000002665e+01 7.996671568666524763e+02 2.998638945616027840e-04
1.590000000000002700e+01 7.996671568666524763e+02 2.998638945616027840e-04
