1.499999999999999944e-01 7.999995864546602888e+02 4.693458403626227238e-05
2.999999999999999889e-01 7.999995864546602888e+02 4.693458403626227238e-05
4.499999999999999556e-01 7.999995864546602888e+02 4.693458403626227238e-05
5.999999999999999778e-01 7.999995864546602888e+02 4.693458403626227238e-05
7.500000000000000000e-01 7.999995864546602888e+02 4.693458403626227238e-05
9.000000000000000222e-01 7.999995864546602888e+02 4.693458403626227238e-05
1.050000000000000044e+00 7.999995864546602888e+02 4.693458403626227238e-05
1.199999999999999956e+00 7.999995864546602888e+02 4.693458403626227238e-05
1.349999999999999867e+00 7.999995864546602888e+02 4.693458403626227238e-05
1.499999999999999778e+00 7.999995864546602888e+02 4.693458403626227238e-05
1.649999999999999689e+00 7.999995864546602888e+02 4.693458403626227238e-05
1.799999999999999600e+00 7.999995864546602888e+02 4.693458403626227238e-05
1.949999999999999512e+00 7.999995864546602888e+02 4.693458403626227238e-05
2.099999999999999645e+00 7.999999103952025052e+02 4.699477731384682500e-05
2.249999999999999556e+00 7.999999103952025052e+02 4.699477731384682500e-05
2.399999999999999467e+00 7.999999103952025052e+02 4.699477731384682500e-05
2.549999999999999378e+00 7.999999103952025052e+02 4.699477731384682500e-05
2.699999999999999289e+00 7.999999103952025052e+02 4.699477731384682500e-05
2.849999999999999201e+00 7.999999103952025052e+02 4.699477731384682500e-05
2.999999999999999112e+00 7.999999103952025052e+02 4.699477731384682500e-05
3.149999999999999023e+00 7.999999103952025052e+02 4.699477731384682500e-05
3.299999999999998934e+00 7.999999103952025052e+02 4.699477731384682500e-05
3.449999999999998845e+00 7.999999103952025052e+02 4.699477731384682500e-05
3.599999999999998757e+00 7.999999103952025052e+02 4.699477731384682500e-05
3.749999999999998668e+00 7.999999103952025052e+02 4.699477731384682500e-05
3.899999999999998579e+00 7.999999103952025052e+02 4.699477731384682500e-05
4.049999999999998934e+00 5.084674542931303449e+02 4.749070346199424364e-05
4.199999999999999289e+00 4.136518634868569961e+02 5.002510342555499534e-05
4.349999999999999645e+00 3.115487226996822301e+02 5.642520340432000125e-05
4.500000000000000000e+00 2.732710127778265701e+02 6.550781666270211190e-05
4.650000000000000355e+00 2.516363802244444230e+02 7.722769570595033883e-05
4.800000000000000711e+00 2.399516845294245115e+02 9.041859259462103893e-05
4.950000000000001066e+00 2.333022479648817864e+02 1.046580114577588816e-04
5.100000000000001421e+00 2.294830484783657027e+02 1.197375139175838044e-04
5.250000000000001776e+00 2.272658571930417679e+02 1.349929325964449589e-04
5.400000000000002132e+00 2.259724739913885116e+02 1.504433683209294159e-04
5.550000000000002487e+00 2.252156030319274862e+02 1.662826102607484202e-04
5.700000000000002842e+00 2.247719234401211281e+02 1.818831888577010503e-04
5.850000000000003197e+00 2.245115850748531443e+02 1.974752626160425351e-04
6.000000000000003553e+00 2.243587705952234899e+02 2.134152238049136230e-04
6.150000000000003908e+00 2.242691038003738981e+02 2.289547612153164380e-04
6.300000000000004263e+00 2.242165901716745111e+02 2.444361231119795974e-04
6.450000000000004619e+00 2.241860210283438448e+02 2.603159027613211052e-04
6.600000000000004974e+00 2.241685482548022605e+02 2.756881066086069865e-04
6.750000000000005329e+00 2.241591161233621392e+02 2.909845652946385641e-04
6.900000000000005684e+00 2.241549959701021635e+02 3.067479548510831933e-04
7.050000000000006040e+00 2.241549959700991792e+02 3.219082994051492008e-04
7.200000000000006395e+00 2.241591161233531579e+02 3.369815098862583014e-04
7.350000000000006750e+00 2.241685482547848380e+02 3.525923007842157730e-04
7.500000000000007105e+00 2.241860210283144568e+02 3.675066434969398443e-04
7.650000000000007461e+00 2.242165901716250573e+02 3.823217229395048378e-04
7.800000000000007816e+00 2.242691038002922994e+02 3.977409885830285319e-04
7.950000000000008171e+00 2.243587705950877478e+02 4.123658683791164847e-04
8.100000000000008527e+00 2.245115850746254296e+02 4.268691019755355143e-04
8.250000000000008882e+00 2.247719234397380887e+02 4.420238682030230848e-04
8.400000000000009237e+00 2.252156030312807502e+02 4.562575294508874890e-04
8.550000000000009592e+00 2.259724739902911779e+02 4.702962072010707928e-04
8.700000000000009948e+00 2.272658571911719605e+02 4.849459400134703557e-04
8.850000000000010303e+00 2.294830484751620929e+02 4.984078617573661774e-04
9.000000000000010658e+00 2.333022479593552703e+02 5.113685534386958054e-04
9.150000000000011013e+00 2.399516845197526891e+02 5.245234891900762975e-04
9.300000000000011369e+00 2.516363802073231568e+02 5.356484738171518600e-04
9.450000000000011724e+00 2.732710127453362929e+02 5.451777612306418774e-04
9.600000000000012079e+00 3.115487226422388858e+02 5.533447230408050643e-04
9.750000000000012434e+00 4.136518633112034422e+02 5.579542775122625642e-04
9.900000000000012790e+00 5.084674541666071264e+02 5.594160347198728900e-04
1.005000000000001315e+01 7.999999085503429797e+02 5.598912487055907050e-04
1.020000000000001350e+01 7.999999085503429797e+02 5.598912487055907050e-04
1.035000000000001386e+01 7.999999085503429797e+02 5.598912487055907050e-04
1.050000000000001421e+01 7.999999085503429797e+02 5.598912487055907050e-04
1.065000000000001457e+01 7.999999085503429797e+02 5.598912487055907050e-04
1.080000000000001492e+01 7.999999085503429797e+02 5.598912487055907050e-04
1.095000000000001528e+01 7.999999085503429797e+02 5.598912487055907050e-04
1.110000000000001563e+01 7.999999085503429797e+02 5.598912487055907050e-04
1.125000000000001599e+01 7.999999085503429797e+02 5.598912487055907050e-04
1.140000000000001634e+01 7.999999085503429797e+02 5.598912487055907050e-04
1.155000000000001670e+01 7.999999085503429797e+02 5.598912487055907050e-04
1.170000000000001705e+01 7.999999085503429797e+02 5.598912487055907050e-04
1.185000000000001741e+01 7.999999085503429797e+02 5.598912487055907050e-04
1.200000000000001776e+01 7.999999085503429797e+02 5.598912487055907050e-04
1.215000000000001812e+01 7.999999085503429797e+02 5.598912487055907050e-04
1.230000000000001847e+01 7.999999085503429797e+02 5.598912487055907050e-04
1.245000000000001883e+01 7.999999085503429797e+02 5.598912487055907050e-04
1.260000000000001918e+01 7.999999085503429797e+02 5.598912487055907050e-04
1.275000000000001954e+01 7.999999085503429797e+02 5.598912487055907050e-04
1.290000000000001990e+01 7.999999085503429797e+02 5.598912487055907050e-04
1.305000000000002025e+01 7.999995779402386233e+02 5.593779204096094304e-04
1.320000000000002061e+01 7.999995779402386233e+02 5.593779204096094304e-04
1.335000000000002096e+01 7.999995779402386233e+02 5.593779204096094304e-04
1.350000000000002132e+01 7.999995779402386233e+02 5.593779204096094304e-04
1.365000000000002167e+01 7.999995779402386233e+02 5.593779204096094304e-04
1.380000000000002203e+01 7.999995779402386233e+02 5.593779204096094304e-04
1.395000000000002238e+01 7.999995779402386233e+02 5.593779204096094304e-04
1.410000000000002274e+01 7.999995779402386233e+02 5.593779204096094304e-04
1.425000000000002309e+01 7.999995779402386233e+02 5.593779204096094304e-04
1.440000000000002345e+01 7.999995779402386233e+02 5.593779204096094304e-04
1.455000000000002380e+01 7.999995779402386233e+02 5.593779204096094304e-04
1.470000000000002416e+01 7.999995779402386233e+02 5.593779204096094304e-04
1.485000000000002451e+01 7.999995779402386233e+02 5.593779204096094304e-04
1.500000000000002487e+01 7.999995779402386233e+02 5.593779204096094304e-04
1.515000000000002522e+01 7.999995779402386233e+02 5.593779204096094304e-04
1.530000000000002558e+01 7.999995779402386233e+02 5.593779204096094304e-04
1.545000000000002593e+01 7.999995779402386233e+02 5.593779204096094304e-04
1.560000000000002629e+01 7.999995779402386233e+02 5.593779204096094304e-04
1.575000000000002665e+01 7.999995779402386233e+02 5.593779204096094304e-04
1.590000000000002700e+01 7.999995779402386233e+02 5.593779204096094304e-04
