1.499999999999999944e-01 7.999998922725956163e+02 1.774826618773372999e-04
2.999999999999999889e-01 7.999998922725956163e+02 1.774826618773372999e-04
4.499999999999999556e-01 7.999998922725956163e+02 1.774826618773372999e-04
5.999999999999999778e-01 7.999998922725956163e+02 1.774826618773372999e-04
7.500000000000000000e-01 7.999998922725956163e+02 1.774826618773372999e-04
9.000000000000000222e-01 7.999998922725956163e+02 1.774826618773372999e-04
1.050000000000000044e+00 7.999998922725956163e+02 1.774826618773372999e-04
1.199999999999999956e+00 7.999998922725956163e+02 1.774826618773372999e-04
1.349999999999999867e+00 7.999998922725956163e+02 1.774826618773372999e-04
1.499999999999999778e+00 7.999998922725956163e+02 1.774826618773372999e-04
1.649999999999999689e+00 7.999998922725956163e+02 1.774826618773372999e-04
1.799999999999999600e+00 7.999998922725956163e+02 1.774826618773372999e-04
1.949999999999999512e+00 7.999998922725956163e+02 1.774826618773372999e-04
2.099999999999999645e+00 7.999999802983802510e+02 1.778000768615228822e-04
2.249999999999999556e+00 7.999999802983802510e+02 1.778000768615228822e-04
2.399999999999999467e+00 7.999999802983802510e+02 1.778000768615228822e-04
2.549999999999999378e+00 7.999999802983802510e+02 1.778000768615228822e-04
2.699999999999999289e+00 7.999999802983802510e+02 1.778000768615228822e-04
2.849999999999999201e+00 7.999999802983802510e+02 1.778000768615228822e-04
2.999999999999999112e+00 7.999999802983802510e+02 1.778000768615228822e-04
3.149999999999999023e+00 7.999999802983802510e+02 1.778000768615228822e-04
3.299999999999998934e+00 7.999999802983802510e+02 1.778000768615228822e-04
3.449999999999998845e+00 7.999999802983802510e+02 1.778000768615228822e-04
3.599999999999998757e+00 7.999999802983802510e+02 1.778000768615228822e-04
3.749999999999998668e+00 7.999999802983802510e+02 1.778000768615228822e-04
3.899999999999998579e+00 7.999999802983802510e+02 1.778000768615228822e-04
4.049999999999998934e+00 5.119989302184855546e+02 1.797582341529491146e-04
4.199999999999999289e+00 4.377902257811671802e+02 1.891738549505417311e-04
4.349999999999999645e+00 3.572397754987474059e+02 2.106064789750838884e-04
4.500000000000000000e+00 3.330919637331732019e+02 2.370365312037714389e-04
4.650000000000000355e+00 3.215740038660281357e+02 2.673811065828646250e-04
4.800000000000000711e+00 3.166547071450669932e+02 2.989930094621229273e-04
4.950000000000001066e+00 3.144368644975175471e+02 3.312782921613965925e-04
5.100000000000001421e+00 3.134443758396388944e+02 3.640704841271213965e-04
5.250000000000001776e+00 3.129973022296431395e+02 3.966164898787649662e-04
5.400000000000002132e+00 3.127959384087546937e+02 4.290796615523673196e-04
5.550000000000002487e+00 3.127051615480116311e+02 4.617761972536271742e-04
5.700000000000002842e+00 3.126642338787821132e+02 4.939691433195614323e-04
5.850000000000003197e+00 3.126457786504388991e+02 5.259807260189486300e-04
6.000000000000003553e+00 3.126374565431549968e+02 5.582400105627050024e-04
6.150000000000003908e+00 3.126337038898724927e+02 5.898728501141370373e-04
6.300000000000004263e+00 3.126320120807741318e+02 6.212860457526225844e-04
6.450000000000004619e+00 3.126312501872256462e+02 6.529874437550819977e-04
6.600000000000004974e+00 3.126309089112074275e+02 6.839535428677656625e-04
6.750000000000005329e+00 3.126307601234065601e+02 7.146678230680603150e-04
6.900000000000005684e+00 3.126307043654236963e+02 7.457123460024028816e-04
7.050000000000006040e+00 3.126307043654255153e+02 7.759160797227160344e-04
7.200000000000006395e+00 3.126307601234113918e+02 8.058370798383895917e-04
7.350000000000006750e+00 3.126309089112148172e+02 8.361295398257029277e-04
7.500000000000007105e+00 3.126312501872366170e+02 8.654783791680609184e-04
7.650000000000007461e+00 3.126320120807877743e+02 8.945143969145696872e-04
7.800000000000007816e+00 3.126337038898888636e+02 9.239617606237038316e-04
7.950000000000008171e+00 3.126374565431734140e+02 9.523651550773504226e-04
8.100000000000008527e+00 3.126457786504583396e+02 9.804256379279951972e-04
8.250000000000008882e+00 3.126642338788002462e+02 1.008933952325818950e-03
8.400000000000009237e+00 3.127051615480235114e+02 1.036296514884238462e-03
8.550000000000009592e+00 3.127959384087485546e+02 1.063276939816892863e-03
8.700000000000009948e+00 3.129973022295943110e+02 1.090717935286145135e-03
8.850000000000010303e+00 3.134443758394911583e+02 1.116866366879243344e-03
9.000000000000010658e+00 3.144368644971465869e+02 1.142488167166111346e-03
9.150000000000011013e+00 3.166547071441900130e+02 1.168354822255412984e-03
9.300000000000011369e+00 3.215740038640344665e+02 1.192281795055261107e-03
9.450000000000011724e+00 3.330919637283764132e+02 1.214585835701331717e-03
9.600000000000012079e+00 3.572397754888276040e+02 1.234627502258001108e-03
9.750000000000012434e+00 4.377902257439111509e+02 1.249465059337429018e-03
9.900000000000012790e+00 5.119989301922944378e+02 1.255514283944436649e-03
1.005000000000001315e+01 7.999999798111888367e+02 1.256936663143304322e-03
1.020000000000001350e+01 7.999999798111888367e+02 1.256936663143304322e-03
1.035000000000001386e+01 7.999999798111888367e+02 1.256936663143304322e-03
1.050000000000001421e+01 7.999999798111888367e+02 1.256936663143304322e-03
1.065000000000001457e+01 7.999999798111888367e+02 1.256936663143304322e-03
1.080000000000001492e+01 7.999999798111888367e+02 1.256936663143304322e-03
1.095000000000001528e+01 7.999999798111888367e+02 1.256936663143304322e-03
1.110000000000001563e+01 7.999999798111888367e+02 1.256936663143304322e-03
1.125000000000001599e+01 7.999999798111888367e+02 1.256936663143304322e-03
1.140000000000001634e+01 7.999999798111888367e+02 1.256936663143304322e-03
1.155000000000001670e+01 7.999999798111888367e+02 1.256936663143304322e-03
1.170000000000001705e+01 7.999999798111888367e+02 1.256936663143304322e-03
1.185000000000001741e+01 7.999999798111888367e+02 1.256936663143304322e-03
1.200000000000001776e+01 7.999999798111888367e+02 1.256936663143304322e-03
1.215000000000001812e+01 7.999999798111888367e+02 1.256936663143304322e-03
1.230000000000001847e+01 7.999999798111888367e+02 1.256936663143304322e-03
1.245000000000001883e+01 7.999999798111888367e+02 1.256936663143304322e-03
1.260000000000001918e+01 7.999999798111888367e+02 1.256936663143304322e-03
1.275000000000001954e+01 7.999999798111888367e+02 1.256936663143304322e-03
1.290000000000001990e+01 7.999999798111888367e+02 1.256936663143304322e-03
1.305000000000002025e+01 7.999998896086589184e+02 1.256606019412132014e-03
1.320000000000002061e+01 7.999998896086589184e+02 1.256606019412132014e-03
1.335000000000002096e+01 7.999998896086589184e+02 1.256606019412132014e-03
1.350000000000002132e+01 7.999998896086589184e+02 1.256606019412132014e-03
1.365000000000002167e+01 7.999998896086589184e+02 1.256606019412132014e-03
1.380000000000002203e+01 7.999998896086589184e+02 1.256606019412132014e-03
1.395000000000002238e+01 7.999998896086589184e+02 1.256606019412132014e-03
1.410000000000002274e+01 7.999998896086589184e+02 1.256606019412132014e-03
1.425000000000002309e+01 7.999998896086589184e+02 1.256606019412132014e-03
1.440000000000002345e+01 7.999998896086589184e+02 1.256606019412132014e-03
1.455000000000002380e+01 7.999998896086589184e+02 1.256606019412132014e-03
1.470000000000002416e+01 7.999998896086589184e+02 1.256606019412132014e-03
1.485000000000002451e+01 7.999998896086589184e+02 1.256606019412132014e-03
1.500000000000002487e+01 7.999998896086589184e+02 1.256606019412132014e-03
1.515000000000002522e+01 7.999998896086589184e+02 1.256606019412132014e-03
1.530000000000002558e+01 7.999998896086589184e+02 1.256606019412132014e-03
1.545000000000002593e+01 7.999998896086589184e+02 1.256606019412132014e-03
1.560000000000002629e+01 7.999998896086589184e+02 1.256606019412132014e-03
1.575000000000002665e+01 7.999998896086589184e+02 1.256606019412132014e-03
1.590000000000002700e+01 7.999998896086589184e+02 1.256606019412132014e-03
