1.499999999999999944e-01 7.999835226573491127e+02 1.084576872756315424e-11
2.999999999999999889e-01 7.999835226573491127e+02 1.084576872756315424e-11
4.499999999999999556e-01 7.999835226573491127e+02 1.084576872756315424e-11
5.999999999999999778e-01 7.999835226573491127e+02 1.084576872756315424e-11
7.500000000000000000e-01 7.999835226573491127e+02 1.084576872756315424e-11
9.000000000000000222e-01 7.999835226573491127e+02 1.084576872756315424e-11
1.050000000000000044e+00 7.999835226573491127e+02 1.084576872756315424e-11
1.199999999999999956e+00 7.999835226573491127e+02 1.084576872756315424e-11
1.349999999999999867e+00 7.999835226573491127e+02 1.084576872756315424e-11
1.499999999999999778e+00 7.999835226573491127e+02 1.084576872756315424e-11
1.649999999999999689e+00 7.999835226573491127e+02 1.084576872756315424e-11
1.799999999999999600e+00 7.999835226573491127e+02 1.084576872756315424e-11
1.949999999999999512e+00 7.999835226573491127e+02 1.084576872756315424e-11
2.099999999999999645e+00 7.999942219648045239e+02 1.084698997289024192e-11
2.249999999999999556e+00 7.999942219648045239e+02 1.084698997289024192e-11
2.399999999999999467e+00 7.999942219648045239e+02 1.084698997289024192e-11
2.549999999999999378e+00 7.999942219648045239e+02 1.084698997289024192e-11
2.699999999999999289e+00 7.999942219648045239e+02 1.084698997289024192e-11
2.849999999999999201e+00 7.999942219648045239e+02 1.084698997289024192e-11
2.999999999999999112e+00 7.999942219648045239e+02 1.084698997289024192e-11
3.149999999999999023e+00 7.999942219648045239e+02 1.084698997289024192e-11
3.299999999999998934e+00 7.999942219648045239e+02 1.084698997289024192e-11
3.449999999999998845e+00 7.999942219648045239e+02 1.084698997289024192e-11
3.599999999999998757e+00 7.999942219648045239e+02 1.084698997289024192e-11
3.749999999999998668e+00 7.999942219648045239e+02 1.084698997289024192e-11
3.899999999999998579e+00 7.999942219648045239e+02 1.084698997289024192e-11
4.049999999999998934e+00 4.861165696249613006e+02 1.085398437794538040e-11
4.199999999999999289e+00 3.102023810407669089e+02 1.080646683249142370e-11
4.349999999999999645e+00 1.506504103984190692e+02 1.079292211159099679e-11
4.500000000000000000e+00 8.171652807771607741e+01 1.092081980402781483e-11
4.650000000000000355e+00 4.364582987405239578e+01 1.181299502661659062e-11
4.800000000000000711e+00 2.368892845928107960e+01 1.464739440848461527e-11
4.950000000000001066e+00 1.302760826845040043e+01 2.504019214200070564e-11
5.100000000000001421e+00 7.352555612186094436e+00 5.955458348694264714e-11
5.250000000000001776e+00 4.327345040917450092e+00 1.670814597787284583e-10
5.400000000000002132e+00 2.715086647080767079e+00 4.800291275586232587e-10
5.550000000000002487e+00 1.855750799813847607e+00 1.302892127519328369e-09
5.700000000000002842e+00 1.397732762209557222e+00 3.227156430973820989e-09
5.850000000000003197e+00 1.153616095527866037e+00 7.309977623215502263e-09
6.000000000000003553e+00 1.023515556955487682e+00 1.545574379591130310e-08
6.150000000000003908e+00 9.541978331142786374e-01 3.101947643191493853e-08
6.300000000000004263e+00 9.173003189621908859e-01 6.037662236835217300e-08
6.450000000000004619e+00 8.977257441350161571e-01 1.157567544041171459e-07
6.600000000000004974e+00 8.874648341959527897e-01 2.191061284628759154e-07
6.750000000000005329e+00 8.823191626595985326e-01 4.123789919541209770e-07
6.900000000000005684e+00 8.801832909010158801e-01 7.756436358752338833e-07
7.050000000000006040e+00 8.801832908125106769e-01 1.451372894423208493e-06
7.200000000000006395e+00 8.823191624825881263e-01 2.709213052010106537e-06
7.350000000000006750e+00 8.874648337534267739e-01 5.053947426447713553e-06
7.500000000000007105e+00 8.977257433974727974e-01 9.348779975604237791e-06
7.650000000000007461e+00 9.173003175166059009e-01 1.712000363351950938e-05
7.800000000000007816e+00 9.541978304001190736e-01 3.088090712022317774e-05
7.950000000000008171e+00 1.023515551969694570e+00 5.387048310356856717e-05
8.100000000000008527e+00 1.153616086146314501e+00 8.943364303015677308e-05
8.250000000000008882e+00 1.397732744656025261e+00 1.385005625915702865e-04
8.400000000000009237e+00 1.855750766889912029e+00 1.951970607422248705e-04
8.550000000000009592e+00 2.715086585363138738e+00 2.496482190170734583e-04
8.700000000000009948e+00 4.327344925152644350e+00 2.939031120576807155e-04
8.850000000000010303e+00 7.352555394968511848e+00 3.236875277176087806e-04
9.000000000000010658e+00 1.302760786099641521e+01 3.418217194985917473e-04
9.150000000000011013e+00 2.368892769334322423e+01 3.529244909167283950e-04
9.300000000000011369e+00 4.364582844153851937e+01 3.581558548405583409e-04
9.450000000000011724e+00 8.171652532248641876e+01 3.605720495178932339e-04
9.600000000000012079e+00 1.506504054834918804e+02 3.624153803553076258e-04
9.750000000000012434e+00 3.102023685282434258e+02 3.623416986245908689e-04
9.900000000000012790e+00 4.861165587197568243e+02 3.620443064505929343e-04
1.005000000000001315e+01 7.999941420434838619e+02 3.621910237211478645e-04
1.020000000000001350e+01 7.999941420434838619e+02 3.621910237211478645e-04
1.035000000000001386e+01 7.999941420434838619e+02 3.621910237211478645e-04
1.050000000000001421e+01 7.999941420434838619e+02 3.621910237211478645e-04
1.065000000000001457e+01 7.999941420434838619e+02 3.621910237211478645e-04
1.080000000000001492e+01 7.999941420434838619e+02 3.621910237211478645e-04
1.095000000000001528e+01 7.999941420434838619e+02 3.621910237211478645e-04
1.110000000000001563e+01 7.999941420434838619e+02 3.621910237211478645e-04
1.125000000000001599e+01 7.999941420434838619e+02 3.621910237211478645e-04
1.140000000000001634e+01 7.999941420434838619e+02 3.621910237211478645e-04
1.155000000000001670e+01 7.999941420434838619e+02 3.621910237211478645e-04
1.170000000000001705e+01 7.999941420434838619e+02 3.621910237211478645e-04
1.185000000000001741e+01 7.999941420434838619e+02 3.621910237211478645e-04
1.200000000000001776e+01 7.999941420434838619e+02 3.621910237211478645e-04
1.215000000000001812e+01 7.999941420434838619e+02 3.621910237211478645e-04
1.230000000000001847e+01 7.999941420434838619e+02 3.621910237211478645e-04
1.245000000000001883e+01 7.999941420434838619e+02 3.621910237211478645e-04
1.260000000000001918e+01 7.999941420434838619e+02 3.621910237211478645e-04
1.275000000000001954e+01 7.999941420434838619e+02 3.621910237211478645e-04
1.290000000000001990e+01 7.999941420434838619e+02 3.621910237211478645e-04
1.305000000000002025e+01 7.999832947438605970e+02 3.616220547520976325e-04
1.320000000000002061e+01 7.999832947438605970e+02 3.616220547520976325e-04
1.335000000000002096e+01 7.999832947438605970e+02 3.616220547520976325e-04
1.350000000000002132e+01 7.999832947438605970e+02 3.616220547520976325e-04
1.365000000000002167e+01 7.999832947438605970e+02 3.616220547520976325e-04
1.380000000000002203e+01 7.999832947438605970e+02 3.616220547520976325e-04
1.395000000000002238e+01 7.999832947438605970e+02 3.616220547520976325e-04
1.410000000000002274e+01 7.999832947438605970e+02 3.616220547520976325e-04
1.425000000000002309e+01 7.999832947438605970e+02 3.616220547520976325e-04
1.440000000000002345e+01 7.999832947438605970e+02 3.616220547520976325e-04
1.455000000000002380e+01 7.999832947438605970e+02 3.616220547520976325e-04
1.470000000000002416e+01 7.999832947438605970e+02 3.616220547520976325e-04
1.485000000000002451e+01 7.999832947438605970e+02 3.616220547520976325e-04
1.500000000000002487e+01 7.999832947438605970e+02 3.616220547520976325e-04
1.515000000000002522e+01 7.999832947438605970e+02 3.616220547520976325e-04
1.530000000000002558e+01 7.999832947438605970e+02 3.616220547520976325e-04
1.545000000000002593e+01 7.999832947438605970e+02 3.616220547520976325e-04
1.560000000000002629e+01 7.999832947438605970e+02 3.616220547520976325e-04
1.575000000000002665e+01 7.999832947438605970e+02 3.616220547520976325e-04
1.590000000000002700e+01 7.999832947438605970e+02 3.616220547520976325e-04
