1.499999999999999944e-01 7.999061172042275984e+02 3.169264850555464363e-11
2.999999999999999889e-01 7.999061172042275984e+02 3.169264850555464363e-11
4.499999999999999556e-01 7.999061172042275984e+02 3.169264850555464363e-11
5.999999999999999778e-01 7.999061172042275984e+02 3.169264850555464363e-11
7.500000000000000000e-01 7.999061172042275984e+02 3.169264850555464363e-11
9.000000000000000222e-01 7.999061172042275984e+02 3.169264850555464363e-11
1.050000000000000044e+00 7.999061172042275984e+02 3.169264850555464363e-11
1.199999999999999956e+00 7.999061172042275984e+02 3.169264850555464363e-11
1.349999999999999867e+00 7.999061172042275984e+02 3.169264850555464363e-11
1.499999999999999778e+00 7.999061172042275984e+02 3.169264850555464363e-11
1.649999999999999689e+00 7.999061172042275984e+02 3.169264850555464363e-11
1.799999999999999600e+00 7.999061172042275984e+02 3.169264850555464363e-11
1.949999999999999512e+00 7.999061172042275984e+02 3.169264850555464363e-11
2.099999999999999645e+00 7.999586731641228425e+02 3.176869878274146686e-11
2.249999999999999556e+00 7.999586731641228425e+02 3.176869878274146686e-11
2.399999999999999467e+00 7.999586731641228425e+02 3.176869878274146686e-11
2.549999999999999378e+00 7.999586731641228425e+02 3.176869878274146686e-11
2.699999999999999289e+00 7.999586731641228425e+02 3.176869878274146686e-11
2.849999999999999201e+00 7.999586731641228425e+02 3.176869878274146686e-11
2.999999999999999112e+00 7.999586731641228425e+02 3.176869878274146686e-11
3.149999999999999023e+00 7.999586731641228425e+02 3.176869878274146686e-11
3.299999999999998934e+00 7.999586731641228425e+02 3.176869878274146686e-11
3.449999999999998845e+00 7.999586731641228425e+02 3.176869878274146686e-11
3.599999999999998757e+00 7.999586731641228425e+02 3.176869878274146686e-11
3.749999999999998668e+00 7.999586731641228425e+02 3.176869878274146686e-11
3.899999999999998579e+00 7.999586731641228425e+02 3.176869878274146686e-11
4.049999999999998934e+00 4.632053740692591646e+02 3.168953988108569320e-11
4.199999999999999289e+00 2.523613656775405047e+02 3.170097517823933231e-11
4.349999999999999645e+00 9.805585197651518570e+01 3.166689133138334000e-11
4.500000000000000000e+00 4.294658385996039129e+01 3.143385551851451964e-11
4.650000000000000355e+00 1.819987790963782714e+01 3.129752013109055042e-11
4.800000000000000711e+00 7.861998036319960192e+00 3.100708578784860947e-11
4.950000000000001066e+00 3.442452498285931028e+00 3.011091376237118311e-11
5.100000000000001421e+00 1.566851347501824421e+00 2.849154245865292978e-11
5.250000000000001776e+00 7.689639435852200222e-01 2.621547423586889636e-11
5.400000000000002132e+00 4.297995566477084139e-01 2.677358335034796255e-11
5.550000000000002487e+00 2.855924371931450878e-01 4.117106655598945508e-11
5.700000000000002842e+00 2.242828387256849965e-01 9.435685566216989173e-11
5.850000000000003197e+00 1.982164342698524706e-01 2.369200391427739305e-10
6.000000000000003553e+00 1.871341738306000479e-01 5.841582773058462408e-10
6.150000000000003908e+00 1.824225937937171693e-01 1.405072280746821889e-09
6.300000000000004263e+00 1.804197448834656825e-01 3.337336407227553536e-09
6.450000000000004619e+00 1.795689624204896973e-01 7.887388298044584189e-09
6.600000000000004974e+00 1.792089977163868753e-01 1.857122455817261653e-08
6.750000000000005329e+00 1.790600766194074822e-01 4.367532768778659147e-08
6.900000000000005684e+00 1.790064542669824732e-01 1.027772056350073626e-07
7.050000000000006040e+00 1.790064542669824732e-01 2.415096750363332490e-07
7.200000000000006395e+00 1.790600763833936071e-01 5.673392353688910816e-07
7.350000000000006750e+00 1.792089977163868753e-01 1.333555141869169347e-06
7.500000000000007105e+00 1.795689621844758221e-01 3.127356433929584512e-06
7.650000000000007461e+00 1.804197444114379323e-01 7.314127453583729732e-06
7.800000000000007816e+00 1.824225927316547313e-01 1.701755741467803063e-05
7.950000000000008171e+00 1.871341711164404842e-01 3.898169624161340607e-05
8.100000000000008527e+00 1.982164278974778426e-01 8.647926372196135247e-05
8.250000000000008882e+00 2.242828240928247396e-01 1.797981952809113437e-04
8.400000000000009237e+00 2.855924024991054466e-01 3.317960953436172034e-04
8.550000000000009592e+00 4.297994746918902820e-01 5.180769250223704603e-04
8.700000000000009948e+00 7.689637509388944636e-01 6.811933726237340281e-04
8.850000000000010303e+00 1.566850894222426405e+00 7.856473259885143889e-04
9.000000000000010658e+00 3.442451432889797047e+00 8.400388980871476008e-04
9.150000000000011013e+00 7.861995524144020919e+00 8.660853205336715988e-04
9.300000000000011369e+00 1.819987204540844772e+01 8.767192838872173155e-04
9.450000000000011724e+00 4.294656972713424636e+01 8.808732525028561966e-04
9.600000000000012079e+00 9.805582114560989737e+01 8.831612449522463493e-04
9.750000000000012434e+00 2.523612734135907374e+02 8.831662060928557878e-04
9.900000000000012790e+00 4.632052721865480294e+02 8.828864080019371841e-04
1.005000000000001315e+01 7.999581208494442990e+02 8.830397766090847256e-04
1.020000000000001350e+01 7.999581208494442990e+02 8.830397766090847256e-04
1.035000000000001386e+01 7.999581208494442990e+02 8.830397766090847256e-04
1.050000000000001421e+01 7.999581208494442990e+02 8.830397766090847256e-04
1.065000000000001457e+01 7.999581208494442990e+02 8.830397766090847256e-04
1.080000000000001492e+01 7.999581208494442990e+02 8.830397766090847256e-04
1.095000000000001528e+01 7.999581208494442990e+02 8.830397766090847256e-04
1.110000000000001563e+01 7.999581208494442990e+02 8.830397766090847256e-04
1.125000000000001599e+01 7.999581208494442990e+02 8.830397766090847256e-04
1.140000000000001634e+01 7.999581208494442990e+02 8.830397766090847256e-04
1.155000000000001670e+01 7.999581208494442990e+02 8.830397766090847256e-04
1.170000000000001705e+01 7.999581208494442990e+02 8.830397766090847256e-04
1.185000000000001741e+01 7.999581208494442990e+02 8.830397766090847256e-04
1.200000000000001776e+01 7.999581208494442990e+02 8.830397766090847256e-04
1.215000000000001812e+01 7.999581208494442990e+02 8.830397766090847256e-04
1.230000000000001847e+01 7.999581208494442990e+02 8.830397766090847256e-04
1.245000000000001883e+01 7.999581208494442990e+02 8.830397766090847256e-04
1.260000000000001918e+01 7.999581208494442990e+02 8.830397766090847256e-04
1.275000000000001954e+01 7.999581208494442990e+02 8.830397766090847256e-04
1.290000000000001990e+01 7.999581208494442990e+02 8.830397766090847256e-04
1.305000000000002025e+01 7.999048624934382588e+02 8.824759344617794099e-04
1.320000000000002061e+01 7.999048624934382588e+02 8.824759344617794099e-04
1.335000000000002096e+01 7.999048624934382588e+02 8.824759344617794099e-04
1.350000000000002132e+01 7.999048624934382588e+02 8.824759344617794099e-04
1.365000000000002167e+01 7.999048624934382588e+02 8.824759344617794099e-04
1.380000000000002203e+01 7.999048624934382588e+02 8.824759344617794099e-04
1.395000000000002238e+01 7.999048624934382588e+02 8.824759344617794099e-04
1.410000000000002274e+01 7.999048624934382588e+02 8.824759344617794099e-04
1.425000000000002309e+01 7.999048624934382588e+02 8.824759344617794099e-04
1.440000000000002345e+01 7.999048624934382588e+02 8.824759344617794099e-04
1.455000000000002380e+01 7.999048624934382588e+02 8.824759344617794099e-04
1.470000000000002416e+01 7.999048624934382588e+02 8.824759344617794099e-04
1.485000000000002451e+01 7.999048624934382588e+02 8.824759344617794099e-04
1.500000000000002487e+01 7.999048624934382588e+02 8.824759344617794099e-04
1.515000000000002522e+01 7.999048624934382588e+02 8.824759344617794099e-04
1.530000000000002558e+01 7.999048624934382588e+02 8.824759344617794099e-04
1.545000000000002593e+01 7.999048624934382588e+02 8.824759344617794099e-04
1.560000000000002629e+01 7.999048624934382588e+02 8.824759344617794099e-04
1.575000000000002665e+01 7.999048624934382588e+02 8.824759344617794099e-04
1.590000000000002700e+01 7.999048624934382588e+02 8.824759344617794099e-04
