1.499999999999999944e-01 7.994518441183115556e+02 1.516758163511155999e-09
2.999999999999999889e-01 7.994518441183115556e+02 1.516758163511155999e-09
4.499999999999999556e-01 7.994518441183115556e+02 1.516758163511155999e-09
5.999999999999999778e-01 7.994518441183115556e+02 1.516758163511155999e-09
7.500000000000000000e-01 7.994518441183115556e+02 1.516758163511155999e-09
9.000000000000000222e-01 7.994518441183115556e+02 1.516758163511155999e-09
1.050000000000000044e+00 7.994518441183115556e+02 1.516758163511155999e-09
1.199999999999999956e+00 7.994518441183115556e+02 1.516758163511155999e-09
1.349999999999999867e+00 7.994518441183115556e+02 1.516758163511155999e-09
1.499999999999999778e+00 7.994518441183115556e+02 1.516758163511155999e-09
1.649999999999999689e+00 7.994518441183115556e+02 1.516758163511155999e-09
1.799999999999999600e+00 7.994518441183115556e+02 1.516758163511155999e-09
1.949999999999999512e+00 7.994518441183115556e+02 1.516758163511155999e-09
2.099999999999999645e+00 7.996970920180770008e+02 1.512147407289887724e-09
2.249999999999999556e+00 7.996970920180770008e+02 1.512147407289887724e-09
2.399999999999999467e+00 7.996970920180770008e+02 1.512147407289887724e-09
2.549999999999999378e+00 7.996970920180770008e+02 1.512147407289887724e-09
2.699999999999999289e+00 7.996970920180770008e+02 1.512147407289887724e-09
2.849999999999999201e+00 7.996970920180770008e+02 1.512147407289887724e-09
2.999999999999999112e+00 7.996970920180770008e+02 1.512147407289887724e-09
3.149999999999999023e+00 7.996970920180770008e+02 1.512147407289887724e-09
3.299999999999998934e+00 7.996970920180770008e+02 1.512147407289887724e-09
3.449999999999998845e+00 7.996970920180770008e+02 1.512147407289887724e-09
3.599999999999998757e+00 7.996970920180770008e+02 1.512147407289887724e-09
3.749999999999998668e+00 7.996970920180770008e+02 1.512147407289887724e-09
3.899999999999998579e+00 7.996970920180770008e+02 1.512147407289887724e-09
4.049999999999998934e+00 4.244978404200002160e+02 1.513265845964895107e-09
4.199999999999999289e+00 1.918665869973386577e+02 1.522800330278073488e-09
4.349999999999999645e+00 5.899232302878560574e+01 1.517732495237567036e-09
4.500000000000000000e+00 2.107814882532970202e+01 1.502305502221190636e-09
4.650000000000000355e+00 7.283320326121788924e+00 1.466901378144314094e-09
4.800000000000000711e+00 2.711231274610298669e+00 1.346048050798742679e-09
4.950000000000001066e+00 1.144139687301674257e+00 1.081280842640808260e-09
5.100000000000001421e+00 6.137981937480390116e-01 6.906889504776358990e-10
5.250000000000001776e+00 4.334567108295459548e-01 3.321619646001749970e-10
5.400000000000002132e+00 3.722426274723602546e-01 1.313116282375403898e-10
5.550000000000002487e+00 3.514503111479143627e-01 4.760269955994544944e-11
5.700000000000002842e+00 3.443896911484216616e-01 1.648892133943036242e-11
5.850000000000003197e+00 3.419918254023741611e-01 5.743183706385934784e-12
6.000000000000003553e+00 3.411775131604599665e-01 2.297384504856836429e-12
6.150000000000003908e+00 3.409009704516847705e-01 1.514899317101026099e-12
6.300000000000004263e+00 3.408070578166189080e-01 2.528310893978868990e-12
6.450000000000004619e+00 3.407751698049423794e-01 6.910583216779286886e-12
6.600000000000004974e+00 3.407643550591501480e-01 1.994449050357616215e-11
6.750000000000005329e+00 3.407607258147891116e-01 5.847766715305624530e-11
6.900000000000005684e+00 3.407596206798189087e-01 1.724401732516867014e-10
7.050000000000006040e+00 3.407596206798189087e-01 5.060308838622518124e-10
7.200000000000006395e+00 3.407607258147891116e-01 1.485515044308272081e-09
7.350000000000006750e+00 3.407643551181536168e-01 4.378401530225062288e-09
7.500000000000007105e+00 3.407751698049423794e-01 1.285438211429124067e-08
7.650000000000007461e+00 3.408070577576154392e-01 3.773712231591730415e-08
7.800000000000007816e+00 3.409009701566674266e-01 1.111899117223202893e-07
7.950000000000008171e+00 3.411775123934148723e-01 3.261890542116674396e-07
8.100000000000008527e+00 3.419918228652250036e-01 9.554074519302346857e-07
8.250000000000008882e+00 3.443896838319915332e-01 2.796249282233098654e-06
8.400000000000009237e+00 3.514502899066656028e-01 8.044723262656816587e-06
8.550000000000009592e+00 3.722425647516729441e-01 2.230088519428186089e-05
8.700000000000009948e+00 4.334565259716782748e-01 5.643847229364062912e-05
8.850000000000010303e+00 6.137976489690117887e-01 1.170509362887761640e-04
9.000000000000010658e+00 1.144138086213047245e+00 1.842250243322407499e-04
9.150000000000011013e+00 2.711226538962392851e+00 2.295902150056816637e-04
9.300000000000011369e+00 7.283306544965540752e+00 2.495893714165031696e-04
9.450000000000011724e+00 2.107810696431756270e+01 2.568198282369982266e-04
9.600000000000012079e+00 5.899221019367357144e+01 2.598366465466073194e-04
9.750000000000012434e+00 1.918661726267679057e+02 2.599810054091378220e-04
9.900000000000012790e+00 4.244972183785136508e+02 2.597277096220151904e-04
1.005000000000001315e+01 7.996944923302183952e+02 2.598855938691357892e-04
1.020000000000001350e+01 7.996944923302183952e+02 2.598855938691357892e-04
1.035000000000001386e+01 7.996944923302183952e+02 2.598855938691357892e-04
1.050000000000001421e+01 7.996944923302183952e+02 2.598855938691357892e-04
1.065000000000001457e+01 7.996944923302183952e+02 2.598855938691357892e-04
1.080000000000001492e+01 7.996944923302183952e+02 2.598855938691357892e-04
1.095000000000001528e+01 7.996944923302183952e+02 2.598855938691357892e-04
1.110000000000001563e+01 7.996944923302183952e+02 2.598855938691357892e-04
1.125000000000001599e+01 7.996944923302183952e+02 2.598855938691357892e-04
1.140000000000001634e+01 7.996944923302183952e+02 2.598855938691357892e-04
1.155000000000001670e+01 7.996944923302183952e+02 2.598855938691357892e-04
1.170000000000001705e+01 7.996944923302183952e+02 2.598855938691357892e-04
1.185000000000001741e+01 7.996944923302183952e+02 2.598855938691357892e-04
1.200000000000001776e+01 7.996944923302183952e+02 2.598855938691357892e-04
1.215000000000001812e+01 7.996944923302183952e+02 2.598855938691357892e-04
1.230000000000001847e+01 7.996944923302183952e+02 2.598855938691357892e-04
1.245000000000001883e+01 7.996944923302183952e+02 2.598855938691357892e-04
1.260000000000001918e+01 7.996944923302183952e+02 2.598855938691357892e-04
1.275000000000001954e+01 7.996944923302183952e+02 2.598855938691357892e-04
1.290000000000001990e+01 7.996944923302183952e+02 2.598855938691357892e-04
1.305000000000002025e+01 7.994471394485609608e+02 2.593319819698125528e-04
1.320000000000002061e+01 7.994471394485609608e+02 2.593319819698125528e-04
1.335000000000002096e+01 7.994471394485609608e+02 2.593319819698125528e-04
1.350000000000002132e+01 7.994471394485609608e+02 2.593319819698125528e-04
1.365000000000002167e+01 7.994471394485609608e+02 2.593319819698125528e-04
1.380000000000002203e+01 7.994471394485609608e+02 2.593319819698125528e-04
1.395000000000002238e+01 7.994471394485609608e+02 2.593319819698125528e-04
1.410000000000002274e+01 7.994471394485609608e+02 2.593319819698125528e-04
1.425000000000002309e+01 7.994471394485609608e+02 2.593319819698125528e-04
1.440000000000002345e+01 7.994471394485609608e+02 2.593319819698125528e-04
1.455000000000002380e+01 7.994471394485609608e+02 2.593319819698125528e-04
1.470000000000002416e+01 7.994471394485609608e+02 2.593319819698125528e-04
1.485000000000002451e+01 7.994471394485609608e+02 2.593319819698125528e-04
1.500000000000002487e+01 7.994471394485609608e+02 2.593319819698125528e-04
1.515000000000002522e+01 7.994471394485609608e+02 2.593319819698125528e-04
1.530000000000002558e+01 7.994471394485609608e+02 2.593319819698125528e-04
1.545000000000002593e+01 7.994471394485609608e+02 2.593319819698125528e-04
1.560000000000002629e+01 7.994471394485609608e+02 2.593319819698125528e-04
1.575000000000002665e+01 7.994471394485609608e+02 2.593319819698125528e-04
1.590000000000002700e+01 7.994471394485609608e+02 2.593319819698125528e-04
