1.499999999999999944e-01 7.999921191472459441e+02 2.014694189256260870e-09
2.999999999999999889e-01 7.999921191472459441e+02 2.014694189256260870e-09
4.499999999999999556e-01 7.999921191472459441e+02 2.014694189256260870e-09
5.999999999999999778e-01 7.999921191472459441e+02 2.014694189256260870e-09
7.500000000000000000e-01 7.999921191472459441e+02 2.014694189256260870e-09
9.000000000000000222e-01 7.999921191472459441e+02 2.014694189256260870e-09
1.050000000000000044e+00 7.999921191472459441e+02 2.014694189256260870e-09
1.199999999999999956e+00 7.999921191472459441e+02 2.014694189256260870e-09
1.349999999999999867e+00 7.999921191472459441e+02 2.014694189256260870e-09
1.499999999999999778e+00 7.999921191472459441e+02 2.014694189256260870e-09
1.649999999999999689e+00 7.999921191472459441e+02 2.014694189256260870e-09
1.799999999999999600e+00 7.999921191472459441e+02 2.014694189256260870e-09
1.949999999999999512e+00 7.999921191472459441e+02 2.014694189256260870e-09
2.099999999999999645e+00 7.999974908996383647e+02 2.009032273875277497e-09
2.249999999999999556e+00 7.999974908996383647e+02 2.009032273875277497e-09
2.399999999999999467e+00 7.999974908996383647e+02 2.009032273875277497e-09
2.549999999999999378e+00 7.999974908996383647e+02 2.009032273875277497e-09
2.699999999999999289e+00 7.999974908996383647e+02 2.009032273875277497e-09
2.849999999999999201e+00 7.999974908996383647e+02 2.009032273875277497e-09
2.999999999999999112e+00 7.999974908996383647e+02 2.009032273875277497e-09
3.149999999999999023e+00 7.999974908996383647e+02 2.009032273875277497e-09
3.299999999999998934e+00 7.999974908996383647e+02 2.009032273875277497e-09
3.449999999999998845e+00 7.999974908996383647e+02 2.009032273875277497e-09
3.599999999999998757e+00 7.999974908996383647e+02 2.009032273875277497e-09
3.749999999999998668e+00 7.999974908996383647e+02 2.009032273875277497e-09
3.899999999999998579e+00 7.999974908996383647e+02 2.009032273875277497e-09
4.049999999999998934e+00 4.927674176488457078e+02 2.010974720079161671e-09
4.199999999999999289e+00 3.335132999444262509e+02 2.024909795395046785e-09
4.349999999999999645e+00 1.779055627200052641e+02 2.023841538800752460e-09
4.500000000000000000e+00 1.062494248688348364e+02 2.020765665911028464e-09
4.650000000000000355e+00 6.306563693920988101e+01 2.033739288087588193e-09
4.800000000000000711e+00 3.804234026213918440e+01 2.047562897011800942e-09
4.950000000000001066e+00 2.323078609038329034e+01 2.119760922347779797e-09
5.100000000000001421e+00 1.447271864146936693e+01 2.387141817550286760e-09
5.250000000000001776e+00 9.284534053565387524e+00 3.135663506625974151e-09
5.400000000000002132e+00 6.210681759730015017e+00 5.110237011329843426e-09
5.550000000000002487e+00 4.389163960343950066e+00 9.868035832916177696e-09
5.700000000000002842e+00 3.309744129430569615e+00 2.015006406175245957e-08
5.850000000000003197e+00 2.670128564106562408e+00 4.062138658778025047e-08
6.000000000000003553e+00 2.291221443192995366e+00 7.891511610846890790e-08
6.150000000000003908e+00 2.066933501832579623e+00 1.464035207510150371e-07
6.300000000000004263e+00 1.934469238440527761e+00 2.625169525094506184e-07
6.450000000000004619e+00 1.856742380203996845e+00 4.611315265190540913e-07
6.600000000000004974e+00 1.811991822415819797e+00 7.940198393230346596e-07
6.750000000000005329e+00 1.787688873674710521e+00 1.352569347079501938e-06
6.900000000000005684e+00 1.777029526099994428e+00 2.295271322116931856e-06
7.050000000000006040e+00 1.777029526011489224e+00 3.857651409644446971e-06
7.200000000000006395e+00 1.787688873335440576e+00 6.444911628156191341e-06
7.350000000000006750e+00 1.811991821707778172e+00 1.072604309715341486e-05
7.500000000000007105e+00 1.856742378905920532e+00 1.759286503244528177e-05
7.650000000000007461e+00 1.934469236198395947e+00 2.838043705311044107e-05
7.800000000000007816e+00 2.066933498012105019e+00 4.480661097028271200e-05
7.950000000000008171e+00 2.291221436791119004e+00 6.793520729186930396e-05
8.100000000000008527e+00 2.670128553308927621e+00 9.797694774382748051e-05
8.250000000000008882e+00 3.309744111198497762e+00 1.333373873041443503e-04
8.400000000000009237e+00 4.389163929566265665e+00 1.689906666545448743e-04
8.550000000000009592e+00 6.210681707806962493e+00 2.007288052990885419e-04
8.700000000000009948e+00 9.284533965963674973e+00 2.265160544525635089e-04
8.850000000000010303e+00 1.447271849360298646e+01 2.442664094742807990e-04
9.000000000000010658e+00 2.323078584074053765e+01 2.558291337868556781e-04
9.150000000000011013e+00 3.804233983949088582e+01 2.638053231459602799e-04
9.300000000000011369e+00 6.306563622470599739e+01 2.677446062994137677e-04
9.450000000000011724e+00 1.062494236217979022e+02 2.697064942946969524e-04
9.600000000000012079e+00 1.779055606677806054e+02 2.714302413874269959e-04
9.750000000000012434e+00 3.335132949516738563e+02 2.713425384888168423e-04
9.900000000000012790e+00 4.927674136083705321e+02 2.710407891965971316e-04
1.005000000000001315e+01 7.999974570201151209e+02 2.711844512223171577e-04
1.020000000000001350e+01 7.999974570201151209e+02 2.711844512223171577e-04
1.035000000000001386e+01 7.999974570201151209e+02 2.711844512223171577e-04
1.050000000000001421e+01 7.999974570201151209e+02 2.711844512223171577e-04
1.065000000000001457e+01 7.999974570201151209e+02 2.711844512223171577e-04
1.080000000000001492e+01 7.999974570201151209e+02 2.711844512223171577e-04
1.095000000000001528e+01 7.999974570201151209e+02 2.711844512223171577e-04
1.110000000000001563e+01 7.999974570201151209e+02 2.711844512223171577e-04
1.125000000000001599e+01 7.999974570201151209e+02 2.711844512223171577e-04
1.140000000000001634e+01 7.999974570201151209e+02 2.711844512223171577e-04
1.155000000000001670e+01 7.999974570201151209e+02 2.711844512223171577e-04
1.170000000000001705e+01 7.999974570201151209e+02 2.711844512223171577e-04
1.185000000000001741e+01 7.999974570201151209e+02 2.711844512223171577e-04
1.200000000000001776e+01 7.999974570201151209e+02 2.711844512223171577e-04
1.215000000000001812e+01 7.999974570201151209e+02 2.711844512223171577e-04
1.230000000000001847e+01 7.999974570201151209e+02 2.711844512223171577e-04
1.245000000000001883e+01 7.999974570201151209e+02 2.711844512223171577e-04
1.260000000000001918e+01 7.999974570201151209e+02 2.711844512223171577e-04
1.275000000000001954e+01 7.999974570201151209e+02 2.711844512223171577e-04
1.290000000000001990e+01 7.999974570201151209e+02 2.711844512223171577e-04
1.305000000000002025e+01 7.999920127347621701e+02 2.706144888396933013e-04
1.320000000000002061e+01 7.999920127347621701e+02 2.706144888396933013e-04
1.335000000000002096e+01 7.999920127347621701e+02 2.706144888396933013e-04
1.350000000000002132e+01 7.999920127347621701e+02 2.706144888396933013e-04
1.365000000000002167e+01 7.999920127347621701e+02 2.706144888396933013e-04
1.380000000000002203e+01 7.999920127347621701e+02 2.706144888396933013e-04
1.395000000000002238e+01 7.999920127347621701e+02 2.706144888396933013e-04
1.410000000000002274e+01 7.999920127347621701e+02 2.706144888396933013e-04
1.425000000000002309e+01 7.999920127347621701e+02 2.706144888396933013e-04
1.440000000000002345e+01 7.999920127347621701e+02 2.706144888396933013e-04
1.455000000000002380e+01 7.999920127347621701e+02 2.706144888396933013e-04
1.470000000000002416e+01 7.999920127347621701e+02 2.706144888396933013e-04
1.485000000000002451e+01 7.999920127347621701e+02 2.706144888396933013e-04
1.500000000000002487e+01 7.999920127347621701e+02 2.706144888396933013e-04
1.515000000000002522e+01 7.999920127347621701e+02 2.706144888396933013e-04
1.530000000000002558e+01 7.999920127347621701e+02 2.706144888396933013e-04
1.545000000000002593e+01 7.999920127347621701e+02 2.706144888396933013e-04
1.560000000000002629e+01 7.999920127347621701e+02 2.706144888396933013e-04
1.575000000000002665e+01 7.999920127347621701e+02 2.706144888396933013e-04
1.590000000000002700e+01 7.999920127347621701e+02 2.706144888396933013e-04
