1.499999999999999944e-01 7.998813809352902808e+02 2.236366647423437826e-11
2.999999999999999889e-01 7.998813809352902808e+02 2.236366647423437826e-11
4.499999999999999556e-01 7.998813809352902808e+02 2.236366647423437826e-11
5.999999999999999778e-01 7.998813809352902808e+02 2.236366647423437826e-11
7.500000000000000000e-01 7.998813809352902808e+02 2.236366647423437826e-11
9.000000000000000222e-01 7.998813809352902808e+02 2.236366647423437826e-11
1.050000000000000044e+00 7.998813809352902808e+02 2.236366647423437826e-11
1.199999999999999956e+00 7.998813809352902808e+02 2.236366647423437826e-11
1.349999999999999867e+00 7.998813809352902808e+02 2.236366647423437826e-11
1.499999999999999778e+00 7.998813809352902808e+02 2.236366647423437826e-11
1.649999999999999689e+00 7.998813809352902808e+02 2.236366647423437826e-11
1.799999999999999600e+00 7.998813809352902808e+02 2.236366647423437826e-11
1.949999999999999512e+00 7.998813809352902808e+02 2.236366647423437826e-11
2.099999999999999645e+00 7.999461535209528620e+02 2.225386541709895027e-11
2.249999999999999556e+00 7.999461535209528620e+02 2.225386541709895027e-11
2.399999999999999467e+00 7.999461535209528620e+02 2.225386541709895027e-11
2.549999999999999378e+00 7.999461535209528620e+02 2.225386541709895027e-11
2.699999999999999289e+00 7.999461535209528620e+02 2.225386541709895027e-11
2.849999999999999201e+00 7.999461535209528620e+02 2.225386541709895027e-11
2.999999999999999112e+00 7.999461535209528620e+02 2.225386541709895027e-11
3.149999999999999023e+00 7.999461535209528620e+02 2.225386541709895027e-11
3.299999999999998934e+00 7.999461535209528620e+02 2.225386541709895027e-11
3.449999999999998845e+00 7.999461535209528620e+02 2.225386541709895027e-11
3.599999999999998757e+00 7.999461535209528620e+02 2.225386541709895027e-11
3.749999999999998668e+00 7.999461535209528620e+02 2.225386541709895027e-11
3.899999999999998579e+00 7.999461535209528620e+02 2.225386541709895027e-11
4.049999999999998934e+00 4.590942065609412452e+02 2.231304030431147112e-11
4.199999999999999289e+00 2.443933987525164184e+02 2.242761532045278727e-11
4.349999999999999645e+00 9.222193851121330965e+01 2.252742437036658885e-11
4.500000000000000000e+00 3.940980136985086801e+01 2.249733732639924710e-11
4.650000000000000355e+00 1.635023371208885834e+01 2.216526961973386278e-11
4.800000000000000711e+00 7.007190594609646439e+00 2.141065102989614388e-11
4.950000000000001066e+00 3.128919260689997373e+00 1.972555452312008129e-11
5.100000000000001421e+00 1.531718201966128845e+00 1.687627815272207954e-11
5.250000000000001776e+00 8.722105723583126746e-01 1.242472791318505188e-11
5.400000000000002132e+00 6.001242302521632155e-01 8.400613538128709479e-12
5.550000000000002487e+00 4.878403736835252857e-01 6.888711823194171302e-12
5.700000000000002842e+00 4.415077074156670278e-01 9.791500943379105593e-12
5.850000000000003197e+00 4.223884728596658533e-01 2.094835416244222870e-11
6.000000000000003553e+00 4.144989985053371129e-01 5.009237469266736298e-11
6.150000000000003908e+00 4.112434827055722053e-01 1.213400491195670838e-10
6.300000000000004263e+00 4.099002592982969873e-01 2.939770649135198255e-10
6.450000000000004619e+00 4.093463668313006565e-01 7.136683466413273891e-10
6.600000000000004974e+00 4.091187412433328063e-01 1.726454756934003854e-09
6.750000000000005329e+00 4.090270828357915889e-01 4.175055079436162941e-09
6.900000000000005684e+00 4.089947633907513591e-01 1.012360106855680897e-08
7.050000000000006040e+00 4.089947633907513591e-01 2.447647073910985682e-08
7.200000000000006395e+00 4.090270827177846513e-01 5.917345380357375006e-08
7.350000000000006750e+00 4.091187412433328063e-01 1.434367269403935552e-07
7.500000000000007105e+00 4.093463667722971877e-01 3.466027530540927160e-07
7.650000000000007461e+00 4.099002589442761746e-01 8.368700273875262496e-07
7.800000000000007816e+00 4.112434819385271112e-01 2.022405379165093109e-06
7.950000000000008171e+00 4.144989964992191744e-01 4.851288699425637674e-06
8.100000000000008527e+00 4.223884677853675385e-01 1.151016762623857659e-05
8.250000000000008882e+00 4.415076952019489909e-01 2.669851199965656008e-05
8.400000000000009237e+00 4.878403441817908970e-01 5.841968918662843180e-05
8.550000000000009592e+00 6.001241587399590571e-01 1.148191416869837056e-04
8.700000000000009948e+00 8.722103988881144687e-01 1.915356976245341514e-04
8.850000000000010303e+00 1.531717781581164672e+00 2.637260788872497486e-04
9.000000000000010658e+00 3.128918242924413562e+00 3.120383025537742938e-04
9.150000000000011013e+00 7.007188121490315780e+00 3.381653762983827249e-04
9.300000000000011369e+00 1.635022776692515833e+01 3.493403904001324278e-04
9.450000000000011724e+00 3.940978659691637631e+01 3.537364906636142337e-04
9.600000000000012079e+00 9.222190537269641197e+01 3.560909496055364443e-04
9.750000000000012434e+00 2.443932969888770401e+02 3.561099836131287333e-04
9.900000000000012790e+00 4.590940898340060699e+02 3.558331840819439762e-04
1.005000000000001315e+01 7.999455443566820350e+02 3.559871564996486271e-04
1.020000000000001350e+01 7.999455443566820350e+02 3.559871564996486271e-04
1.035000000000001386e+01 7.999455443566820350e+02 3.559871564996486271e-04
1.050000000000001421e+01 7.999455443566820350e+02 3.559871564996486271e-04
1.065000000000001457e+01 7.999455443566820350e+02 3.559871564996486271e-04
1.080000000000001492e+01 7.999455443566820350e+02 3.559871564996486271e-04
1.095000000000001528e+01 7.999455443566820350e+02 3.559871564996486271e-04
1.110000000000001563e+01 7.999455443566820350e+02 3.559871564996486271e-04
1.125000000000001599e+01 7.999455443566820350e+02 3.559871564996486271e-04
1.140000000000001634e+01 7.999455443566820350e+02 3.559871564996486271e-04
1.155000000000001670e+01 7.999455443566820350e+02 3.559871564996486271e-04
1.170000000000001705e+01 7.999455443566820350e+02 3.559871564996486271e-04
1.185000000000001741e+01 7.999455443566820350e+02 3.559871564996486271e-04
1.200000000000001776e+01 7.999455443566820350e+02 3.559871564996486271e-04
1.215000000000001812e+01 7.999455443566820350e+02 3.559871564996486271e-04
1.230000000000001847e+01 7.999455443566820350e+02 3.559871564996486271e-04
1.245000000000001883e+01 7.999455443566820350e+02 3.559871564996486271e-04
1.260000000000001918e+01 7.999455443566820350e+02 3.559871564996486271e-04
1.275000000000001954e+01 7.999455443566820350e+02 3.559871564996486271e-04
1.290000000000001990e+01 7.999455443566820350e+02 3.559871564996486271e-04
1.305000000000002025e+01 7.998800389874282928e+02 3.554249899080375030e-04
1.320000000000002061e+01 7.998800389874282928e+02 3.554249899080375030e-04
1.335000000000002096e+01 7.998800389874282928e+02 3.554249899080375030e-04
1.350000000000002132e+01 7.998800389874282928e+02 3.554249899080375030e-04
1.365000000000002167e+01 7.998800389874282928e+02 3.554249899080375030e-04
1.380000000000002203e+01 7.998800389874282928e+02 3.554249899080375030e-04
1.395000000000002238e+01 7.998800389874282928e+02 3.554249899080375030e-04
1.410000000000002274e+01 7.998800389874282928e+02 3.554249899080375030e-04
1.425000000000002309e+01 7.998800389874282928e+02 3.554249899080375030e-04
1.440000000000002345e+01 7.998800389874282928e+02 3.554249899080375030e-04
1.455000000000002380e+01 7.998800389874282928e+02 3.554249899080375030e-04
1.470000000000002416e+01 7.998800389874282928e+02 3.554249899080375030e-04
1.485000000000002451e+01 7.998800389874282928e+02 3.554249899080375030e-04
1.500000000000002487e+01 7.998800389874282928e+02 3.554249899080375030e-04
1.515000000000002522e+01 7.998800389874282928e+02 3.554249899080375030e-04
1.530000000000002558e+01 7.998800389874282928e+02 3.554249899080375030e-04
1.545000000000002593e+01 7.998800389874282928e+02 3.554249899080375030e-04
1.560000000000002629e+01 7.998800389874282928e+02 3.554249899080375030e-04
1.575000000000002665e+01 7.998800389874282928e+02 3.554249899080375030e-04
1.590000000000002700e+01 7.998800389874282928e+02 3.554249899080375030e-04
