1.499999999999999944e-01 7.997259204211929955e+02 3.674083259852523042e-11
2.999999999999999889e-01 7.997259204211929955e+02 3.674083259852523042e-11
4.499999999999999556e-01 7.997259204211929955e+02 3.674083259852523042e-11
5.999999999999999778e-01 7.997259204211929955e+02 3.674083259852523042e-11
7.500000000000000000e-01 7.997259204211929955e+02 3.674083259852523042e-11
9.000000000000000222e-01 7.997259204211929955e+02 3.674083259852523042e-11
1.050000000000000044e+00 7.997259204211929955e+02 3.674083259852523042e-11
1.199999999999999956e+00 7.997259204211929955e+02 3.674083259852523042e-11
1.349999999999999867e+00 7.997259204211929955e+02 3.674083259852523042e-11
1.499999999999999778e+00 7.997259204211929955e+02 3.674083259852523042e-11
1.649999999999999689e+00 7.997259204211929955e+02 3.674083259852523042e-11
1.799999999999999600e+00 7.997259204211929955e+02 3.674083259852523042e-11
1.949999999999999512e+00 7.997259204211929955e+02 3.674083259852523042e-11
2.099999999999999645e+00 7.998613643097277190e+02 3.681277505052094057e-11
2.249999999999999556e+00 7.998613643097277190e+02 3.681277505052094057e-11
2.399999999999999467e+00 7.998613643097277190e+02 3.681277505052094057e-11
2.549999999999999378e+00 7.998613643097277190e+02 3.681277505052094057e-11
2.699999999999999289e+00 7.998613643097277190e+02 3.681277505052094057e-11
2.849999999999999201e+00 7.998613643097277190e+02 3.681277505052094057e-11
2.999999999999999112e+00 7.998613643097277190e+02 3.681277505052094057e-11
3.149999999999999023e+00 7.998613643097277190e+02 3.681277505052094057e-11
3.299999999999998934e+00 7.998613643097277190e+02 3.681277505052094057e-11
3.449999999999998845e+00 7.998613643097277190e+02 3.681277505052094057e-11
3.599999999999998757e+00 7.998613643097277190e+02 3.681277505052094057e-11
3.749999999999998668e+00 7.998613643097277190e+02 3.681277505052094057e-11
3.899999999999998579e+00 7.998613643097277190e+02 3.681277505052094057e-11
4.049999999999998934e+00 4.420237867511368677e+02 3.678568560872008675e-11
4.199999999999999289e+00 2.156562602940367412e+02 3.680034055264513881e-11
4.349999999999999645e+00 7.284901461342110451e+01 3.663114256369226496e-11
4.500000000000000000e+00 2.819975497443309820e+01 3.640665546811305830e-11
4.650000000000000355e+00 1.054480175828091859e+01 3.599065490078601215e-11
4.800000000000000711e+00 4.127946716314369269e+00 3.437994333665983504e-11
4.950000000000001066e+00 1.727568072390653242e+00 3.059885678169393941e-11
5.100000000000001421e+00 8.387875725492790480e-01 2.316991043471716694e-11
5.250000000000001776e+00 5.085035433925213511e-01 1.433686502849695898e-11
5.400000000000002132e+00 3.859233249751241601e-01 7.163936110998747608e-12
5.550000000000002487e+00 3.404085603661997084e-01 3.086864097667785245e-12
5.700000000000002842e+00 3.235114071239877376e-01 1.742717081754108222e-12
5.850000000000003197e+00 3.172380523533320229e-01 1.883604383579040586e-12
6.000000000000003553e+00 3.149090122064990283e-01 4.242051154790260625e-12
6.150000000000003908e+00 3.140443330105426867e-01 1.101230218125692772e-11
6.300000000000004263e+00 3.137233251106863463e-01 2.950362176790122248e-11
6.450000000000004619e+00 3.136041842444683425e-01 7.941536317446207249e-11
6.600000000000004974e+00 3.135600516559406969e-01 2.130295939650750370e-10
6.750000000000005329e+00 3.135439360385134933e-01 5.725330209926937641e-10
6.900000000000005684e+00 3.135386776493760408e-01 1.542696526080078456e-09
7.050000000000006040e+00 3.135386777673829783e-01 4.146124665815875687e-09
7.200000000000006395e+00 3.135439359205065557e-01 1.114262060397663845e-08
7.350000000000006750e+00 3.135600517739476345e-01 3.002861803658163353e-08
7.500000000000007105e+00 3.136041841264614050e-01 8.069061696591717237e-08
7.650000000000007461e+00 3.137233247566655336e-01 2.167732356950224926e-07
7.800000000000007816e+00 3.140443325385149365e-01 5.836315821738935483e-07
7.950000000000008171e+00 3.149090109084227151e-01 1.564202094739286508e-06
8.100000000000008527e+00 3.172380484591030836e-01 4.172921152290065550e-06
8.250000000000008882e+00 3.235113973294119205e-01 1.102845847567035520e-05
8.400000000000009237e+00 3.404085336376283522e-01 2.816749911671578843e-05
8.550000000000009592e+00 3.859232532269061267e-01 6.677376164387904822e-05
8.700000000000009948e+00 5.085033500381541671e-01 1.365721373591810561e-04
8.850000000000010303e+00 8.387870516961584144e-01 2.225526337039651636e-04
9.000000000000010658e+00 1.727566671161525846e+00 2.902489059036783559e-04
9.150000000000011013e+00 4.127942928741575201e+00 3.278615175763555101e-04
9.300000000000011369e+00 1.054479165751397574e+01 3.435028543679052859e-04
9.450000000000011724e+00 2.819972699356198120e+01 3.492809358502935169e-04
9.600000000000012079e+00 7.284894528973073591e+01 3.519615278834153926e-04
9.750000000000012434e+00 2.156560261835341237e+02 3.520423653952109433e-04
9.900000000000012790e+00 4.420234771016481545e+02 3.517775332939621080e-04
1.005000000000001315e+01 7.998599424952459458e+02 3.519337973576508460e-04
1.020000000000001350e+01 7.998599424952459458e+02 3.519337973576508460e-04
1.035000000000001386e+01 7.998599424952459458e+02 3.519337973576508460e-04
1.050000000000001421e+01 7.998599424952459458e+02 3.519337973576508460e-04
1.065000000000001457e+01 7.998599424952459458e+02 3.519337973576508460e-04
1.080000000000001492e+01 7.998599424952459458e+02 3.519337973576508460e-04
1.095000000000001528e+01 7.998599424952459458e+02 3.519337973576508460e-04
1.110000000000001563e+01 7.998599424952459458e+02 3.519337973576508460e-04
1.125000000000001599e+01 7.998599424952459458e+02 3.519337973576508460e-04
1.140000000000001634e+01 7.998599424952459458e+02 3.519337973576508460e-04
1.155000000000001670e+01 7.998599424952459458e+02 3.519337973576508460e-04
1.170000000000001705e+01 7.998599424952459458e+02 3.519337973576508460e-04
1.185000000000001741e+01 7.998599424952459458e+02 3.519337973576508460e-04
1.200000000000001776e+01 7.998599424952459458e+02 3.519337973576508460e-04
1.215000000000001812e+01 7.998599424952459458e+02 3.519337973576508460e-04
1.230000000000001847e+01 7.998599424952459458e+02 3.519337973576508460e-04
1.245000000000001883e+01 7.998599424952459458e+02 3.519337973576508460e-04
1.260000000000001918e+01 7.998599424952459458e+02 3.519337973576508460e-04
1.275000000000001954e+01 7.998599424952459458e+02 3.519337973576508460e-04
1.290000000000001990e+01 7.998599424952459458e+02 3.519337973576508460e-04
1.305000000000002025e+01 7.997231094705232408e+02 3.513761603448628534e-04
1.320000000000002061e+01 7.997231094705232408e+02 3.513761603448628534e-04
1.335000000000002096e+01 7.997231094705232408e+02 3.513761603448628534e-04
1.350000000000002132e+01 7.997231094705232408e+02 3.513761603448628534e-04
1.365000000000002167e+01 7.997231094705232408e+02 3.513761603448628534e-04
1.380000000000002203e+01 7.997231094705232408e+02 3.513761603448628534e-04
1.395000000000002238e+01 7.997231094705232408e+02 3.513761603448628534e-04
1.410000000000002274e+01 7.997231094705232408e+02 3.513761603448628534e-04
1.425000000000002309e+01 7.997231094705232408e+02 3.513761603448628534e-04
1.440000000000002345e+01 7.997231094705232408e+02 3.513761603448628534e-04
1.455000000000002380e+01 7.997231094705232408e+02 3.513761603448628534e-04
1.470000000000002416e+01 7.997231094705232408e+02 3.513761603448628534e-04
1.485000000000002451e+01 7.997231094705232408e+02 3.513761603448628534e-04
1.500000000000002487e+01 7.997231094705232408e+02 3.513761603448628534e-04
1.515000000000002522e+01 7.997231094705232408e+02 3.513761603448628534e-04
1.530000000000002558e+01 7.997231094705232408e+02 3.513761603448628534e-04
1.545000000000002593e+01 7.997231094705232408e+02 3.513761603448628534e-04
1.560000000000002629e+01 7.997231094705232408e+02 3.513761603448628534e-04
1.575000000000002665e+01 7.997231094705232408e+02 3.513761603448628534e-04
1.590000000000002700e+01 7.997231094705232408e+02 3.513761603448628534e-04
