1.499999999999999944e-01 7.999947023587260446e+02 3.199148724819522727e-07
2.999999999999999889e-01 7.999947023587260446e+02 3.199148724819522727e-07
4.499999999999999556e-01 7.999947023587260446e+02 3.199148724819522727e-07
5.999999999999999778e-01 7.999947023587260446e+02 3.199148724819522727e-07
7.500000000000000000e-01 7.999947023587260446e+02 3.199148724819522727e-07
9.000000000000000222e-01 7.999947023587260446e+02 3.199148724819522727e-07
1.050000000000000044e+00 7.999947023587260446e+02 3.199148724819522727e-07
1.199999999999999956e+00 7.999947023587260446e+02 3.199148724819522727e-07
1.349999999999999867e+00 7.999947023587260446e+02 3.199148724819522727e-07
1.499999999999999778e+00 7.999947023587260446e+02 3.199148724819522727e-07
1.649999999999999689e+00 7.999947023587260446e+02 3.199148724819522727e-07
1.799999999999999600e+00 7.999947023587260446e+02 3.199148724819522727e-07
1.949999999999999512e+00 7.999947023587260446e+02 3.199148724819522727e-07
2.099999999999999645e+00 7.999984005706107837e+02 3.206393671684182323e-07
2.249999999999999556e+00 7.999984005706107837e+02 3.206393671684182323e-07
2.399999999999999467e+00 7.999984005706107837e+02 3.206393671684182323e-07
2.549999999999999378e+00 7.999984005706107837e+02 3.206393671684182323e-07
2.699999999999999289e+00 7.999984005706107837e+02 3.206393671684182323e-07
2.849999999999999201e+00 7.999984005706107837e+02 3.206393671684182323e-07
2.999999999999999112e+00 7.999984005706107837e+02 3.206393671684182323e-07
3.149999999999999023e+00 7.999984005706107837e+02 3.206393671684182323e-07
3.299999999999998934e+00 7.999984005706107837e+02 3.206393671684182323e-07
3.449999999999998845e+00 7.999984005706107837e+02 3.206393671684182323e-07
3.599999999999998757e+00 7.999984005706107837e+02 3.206393671684182323e-07
3.749999999999998668e+00 7.999984005706107837e+02 3.206393671684182323e-07
3.899999999999998579e+00 7.999984005706107837e+02 3.206393671684182323e-07
4.049999999999998934e+00 4.958273358060429814e+02 3.247122311034189579e-07
4.199999999999999289e+00 3.456408340122335403e+02 3.491079855200140969e-07
4.349999999999999645e+00 1.935281075368555719e+02 4.468510771404865523e-07
4.500000000000000000e+00 1.214014425734877989e+02 7.059342113091560122e-07
4.650000000000000355e+00 7.581228508671131294e+01 1.390212422180958640e-06
4.800000000000000711e+00 4.783166849837457590e+01 3.121459314470165225e-06
4.950000000000001066e+00 3.022924354682613313e+01 7.476267009809411945e-06
5.100000000000001421e+00 1.914115273238961379e+01 1.836971466528947161e-05
5.250000000000001776e+00 1.213865060349375469e+01 4.553186250932927948e-05
5.400000000000002132e+00 7.713981364187645795e+00 1.130587867544941005e-04
5.550000000000002487e+00 4.917337379063553726e+00 2.803097645258656456e-04
5.700000000000002842e+00 3.149673556558369114e+00 6.918818876885390878e-04
5.850000000000003197e+00 2.032599471738137709e+00 1.695323401895154625e-03
6.000000000000003553e+00 1.327066718713467708e+00 4.106965967156650521e-03
6.150000000000003908e+00 8.821122787675221844e-01 9.770857835531554514e-03
6.300000000000004263e+00 6.025339957587902973e-01 2.262145846846219666e-02
6.450000000000004619e+00 4.285147643165601039e-01 5.031050286681559847e-02
6.600000000000004974e+00 3.228228000612034521e-01 1.056104971622227051e-01
6.750000000000005329e+00 2.628454832797615381e-01 2.051247771871276271e-01
6.900000000000005684e+00 2.357514405437086680e-01 3.617334853012559304e-01
7.050000000000006040e+00 2.357453756951599644e-01 5.720722078296793800e-01
7.200000000000006395e+00 2.628280035021361982e-01 8.114771953625864453e-01
7.350000000000006750e+00 3.227957311578393274e-01 1.045086368795127729e+00
7.500000000000007105e+00 4.284803580958396196e-01 1.245104475705058000e+00
7.650000000000007461e+00 6.024943562844100597e-01 1.400359339070675002e+00
7.800000000000007816e+00 8.820691002945864057e-01 1.512933211616805718e+00
7.950000000000008171e+00 1.327021255360705254e+00 1.590365460541589560e+00
8.100000000000008527e+00 2.032552620874554350e+00 1.642043137918375972e+00
8.250000000000008882e+00 3.149625975578487669e+00 1.676082006460736018e+00
8.400000000000009237e+00 4.917289585516300576e+00 1.697789044659008706e+00
8.550000000000009592e+00 7.713933828880136900e+00 1.711586160931317435e+00
8.700000000000009948e+00 1.213860384491528421e+01 1.720561695104715128e+00
8.850000000000010303e+00 1.914110740194400861e+01 1.725950209744258501e+00
9.000000000000010658e+00 3.022920052395548396e+01 1.729238883346565059e+00
9.150000000000011013e+00 4.783162898613610281e+01 1.731493768389365862e+00
9.300000000000011369e+00 7.581225064390706336e+01 1.732594776857401264e+00
9.450000000000011724e+00 1.214014149818505928e+02 1.733155052227576043e+00
9.600000000000012079e+00 1.935280883256895947e+02 1.733672209121861041e+00
9.750000000000012434e+00 3.456408227071094075e+02 1.733647180230998064e+00
9.900000000000012790e+00 4.958273318602670088e+02 1.733555591456139799e+00
1.005000000000001315e+01 7.999983702919291773e+02 1.733598959800353168e+00
1.020000000000001350e+01 7.999983702919291773e+02 1.733598959800353168e+00
1.035000000000001386e+01 7.999983702919291773e+02 1.733598959800353168e+00
1.050000000000001421e+01 7.999983702919291773e+02 1.733598959800353168e+00
1.065000000000001457e+01 7.999983702919291773e+02 1.733598959800353168e+00
1.080000000000001492e+01 7.999983702919291773e+02 1.733598959800353168e+00
1.095000000000001528e+01 7.999983702919291773e+02 1.733598959800353168e+00
1.110000000000001563e+01 7.999983702919291773e+02 1.733598959800353168e+00
1.125000000000001599e+01 7.999983702919291773e+02 1.733598959800353168e+00
1.140000000000001634e+01 7.999983702919291773e+02 1.733598959800353168e+00
1.155000000000001670e+01 7.999983702919291773e+02 1.733598959800353168e+00
1.170000000000001705e+01 7.999983702919291773e+02 1.733598959800353168e+00
1.185000000000001741e+01 7.999983702919291773e+02 1.733598959800353168e+00
1.200000000000001776e+01 7.999983702919291773e+02 1.733598959800353168e+00
1.215000000000001812e+01 7.999983702919291773e+02 1.733598959800353168e+00
1.230000000000001847e+01 7.999983702919291773e+02 1.733598959800353168e+00
1.245000000000001883e+01 7.999983702919291773e+02 1.733598959800353168e+00
1.260000000000001918e+01 7.999983702919291773e+02 1.733598959800353168e+00
1.275000000000001954e+01 7.999983702919291773e+02 1.733598959800353168e+00
1.290000000000001990e+01 7.999983702919291773e+02 1.733598959800353168e+00
1.305000000000002025e+01 7.999946020694824256e+02 1.733425207563212167e+00
1.320000000000002061e+01 7.999946020694824256e+02 1.733425207563212167e+00
1.335000000000002096e+01 7.999946020694824256e+02 1.733425207563212167e+00
1.350000000000002132e+01 7.999946020694824256e+02 1.733425207563212167e+00
1.365000000000002167e+01 7.999946020694824256e+02 1.733425207563212167e+00
1.380000000000002203e+01 7.999946020694824256e+02 1.733425207563212167e+00
1.395000000000002238e+01 7.999946020694824256e+02 1.733425207563212167e+00
1.410000000000002274e+01 7.999946020694824256e+02 1.733425207563212167e+00
1.425000000000002309e+01 7.999946020694824256e+02 1.733425207563212167e+00
1.440000000000002345e+01 7.999946020694824256e+02 1.733425207563212167e+00
1.455000000000002380e+01 7.999946020694824256e+02 1.733425207563212167e+00
1.470000000000002416e+01 7.999946020694824256e+02 1.733425207563212167e+00
1.485000000000002451e+01 7.999946020694824256e+02 1.733425207563212167e+00
1.500000000000002487e+01 7.999946020694824256e+02 1.733425207563212167e+00
1.515000000000002522e+01 7.999946020694824256e+02 1.733425207563212167e+00
1.530000000000002558e+01 7.999946020694824256e+02 1.733425207563212167e+00
1.545000000000002593e+01 7.999946020694824256e+02 1.733425207563212167e+00
1.560000000000002629e+01 7.999946020694824256e+02 1.733425207563212167e+00
1.575000000000002665e+01 7.999946020694824256e+02 1.733425207563212167e+00
1.590000000000002700e+01 7.999946020694824256e+02 1.733425207563212167e+00
