1.499999999999999944e-01 7.999995849384926032e+02 1.138341204041104504e-04
2.999999999999999889e-01 7.999995849384926032e+02 1.138341204041104504e-04
4.499999999999999556e-01 7.999995849384926032e+02 1.138341204041104504e-04
5.999999999999999778e-01 7.999995849384926032e+02 1.138341204041104504e-04
7.500000000000000000e-01 7.999995849384926032e+02 1.138341204041104504e-04
9.000000000000000222e-01 7.999995849384926032e+02 1.138341204041104504e-04
1.050000000000000044e+00 7.999995849384926032e+02 1.138341204041104504e-04
1.199999999999999956e+00 7.999995849384926032e+02 1.138341204041104504e-04
1.349999999999999867e+00 7.999995849384926032e+02 1.138341204041104504e-04
1.499999999999999778e+00 7.999995849384926032e+02 1.138341204041104504e-04
1.649999999999999689e+00 7.999995849384926032e+02 1.138341204041104504e-04
1.799999999999999600e+00 7.999995849384926032e+02 1.138341204041104504e-04
1.949999999999999512e+00 7.999995849384926032e+02 1.138341204041104504e-04
2.099999999999999645e+00 7.999999100621414527e+02 1.140511708987990147e-04
2.249999999999999556e+00 7.999999100621414527e+02 1.140511708987990147e-04
2.399999999999999467e+00 7.999999100621414527e+02 1.140511708987990147e-04
2.549999999999999378e+00 7.999999100621414527e+02 1.140511708987990147e-04
2.699999999999999289e+00 7.999999100621414527e+02 1.140511708987990147e-04
2.849999999999999201e+00 7.999999100621414527e+02 1.140511708987990147e-04
2.999999999999999112e+00 7.999999100621414527e+02 1.140511708987990147e-04
3.149999999999999023e+00 7.999999100621414527e+02 1.140511708987990147e-04
3.299999999999998934e+00 7.999999100621414527e+02 1.140511708987990147e-04
3.449999999999998845e+00 7.999999100621414527e+02 1.140511708987990147e-04
3.599999999999998757e+00 7.999999100621414527e+02 1.140511708987990147e-04
3.749999999999998668e+00 7.999999100621414527e+02 1.140511708987990147e-04
3.899999999999998579e+00 7.999999100621414527e+02 1.140511708987990147e-04
4.049999999999998934e+00 5.084634354400092775e+02 1.153581742797671339e-04
4.199999999999999289e+00 4.135915593302610773e+02 1.219892735946359608e-04
4.349999999999999645e+00 3.113867444818376384e+02 1.391483532565684911e-04
4.500000000000000000e+00 2.730221988799277710e+02 1.635669113486670767e-04
4.650000000000000355e+00 2.513121596458680074e+02 1.949032771084713289e-04
4.800000000000000711e+00 2.395676275716430439e+02 2.304771477177336436e-04
4.950000000000001066e+00 2.328726175801474767e+02 2.689476861049699963e-04
5.100000000000001421e+00 2.290200207015346621e+02 3.093809595375862642e-04
5.250000000000001776e+00 2.267790626709514754e+02 3.506780120182684257e-04
5.400000000000002132e+00 2.254691707112257859e+02 3.925610416621871934e-04
5.550000000000002487e+00 2.247010566201194592e+02 4.350382935081054114e-04
5.700000000000002842e+00 2.242498441184718274e+02 4.773916511668918616e-04
5.850000000000003197e+00 2.239845273271749875e+02 5.197760311009824719e-04
6.000000000000003553e+00 2.238284612225706383e+02 5.624981611570545326e-04
6.150000000000003908e+00 2.237366934927237025e+02 6.048006243116743619e-04
6.300000000000004263e+00 2.236828378594593119e+02 6.469996250708653918e-04
6.450000000000004619e+00 2.236514248293972571e+02 6.895316012326402344e-04
6.600000000000004974e+00 2.236334367207932416e+02 7.314979232987406377e-04
6.750000000000005329e+00 2.236237115095288743e+02 7.733148259374544864e-04
6.900000000000005684e+00 2.236194589072299834e+02 8.155112627495908484e-04
7.050000000000006040e+00 2.236194589072288181e+02 8.570269376055872357e-04
7.200000000000006395e+00 2.236237115095239290e+02 8.983643381099692959e-04
7.350000000000006750e+00 2.236334367207819582e+02 9.401357188050241120e-04
7.500000000000007105e+00 2.236514248293755998e+02 9.811150086938003057e-04
7.650000000000007461e+00 2.236828378594179298e+02 1.021885063181127151e-03
7.800000000000007816e+00 2.237366934926484419e+02 1.063134673400467634e-03
7.950000000000008171e+00 2.238284612224375394e+02 1.103466131976205133e-03
8.100000000000008527e+00 2.239845273269422137e+02 1.143529235010931622e-03
8.250000000000008882e+00 2.242498441180677844e+02 1.184067626816887042e-03
8.400000000000009237e+00 2.247010566194232695e+02 1.223480755564887446e-03
8.550000000000009592e+00 2.254691707100288909e+02 1.262427898286122563e-03
8.700000000000009948e+00 2.267790626688963584e+02 1.301612202794899531e-03
8.850000000000010303e+00 2.290200206979992856e+02 1.339082095957011553e-03
9.000000000000010658e+00 2.328726175740368092e+02 1.375259892338109857e-03
9.150000000000011013e+00 2.395676275609437198e+02 1.410433794298615595e-03
9.300000000000011369e+00 2.513121596269369888e+02 1.441749549045412415e-03
9.450000000000011724e+00 2.730221988440363248e+02 1.468841182942104417e-03
9.600000000000012079e+00 3.113867444184356259e+02 1.490615457683586165e-03
9.750000000000012434e+00 4.135915591365876480e+02 1.504669341128139770e-03
9.900000000000012790e+00 5.084634353005552043e+02 1.509691335212504093e-03
1.005000000000001315e+01 7.999999080295073099e+02 1.510851492599996071e-03
1.020000000000001350e+01 7.999999080295073099e+02 1.510851492599996071e-03
1.035000000000001386e+01 7.999999080295073099e+02 1.510851492599996071e-03
1.050000000000001421e+01 7.999999080295073099e+02 1.510851492599996071e-03
1.065000000000001457e+01 7.999999080295073099e+02 1.510851492599996071e-03
1.080000000000001492e+01 7.999999080295073099e+02 1.510851492599996071e-03
1.095000000000001528e+01 7.999999080295073099e+02 1.510851492599996071e-03
1.110000000000001563e+01 7.999999080295073099e+02 1.510851492599996071e-03
1.125000000000001599e+01 7.999999080295073099e+02 1.510851492599996071e-03
1.140000000000001634e+01 7.999999080295073099e+02 1.510851492599996071e-03
1.155000000000001670e+01 7.999999080295073099e+02 1.510851492599996071e-03
1.170000000000001705e+01 7.999999080295073099e+02 1.510851492599996071e-03
1.185000000000001741e+01 7.999999080295073099e+02 1.510851492599996071e-03
1.200000000000001776e+01 7.999999080295073099e+02 1.510851492599996071e-03
1.215000000000001812e+01 7.999999080295073099e+02 1.510851492599996071e-03
1.230000000000001847e+01 7.999999080295073099e+02 1.510851492599996071e-03
1.245000000000001883e+01 7.999999080295073099e+02 1.510851492599996071e-03
1.260000000000001918e+01 7.999999080295073099e+02 1.510851492599996071e-03
1.275000000000001954e+01 7.999999080295073099e+02 1.510851492599996071e-03
1.290000000000001990e+01 7.999999080295073099e+02 1.510851492599996071e-03
1.305000000000002025e+01 7.999995755579253682e+02 1.510469212891774049e-03
1.320000000000002061e+01 7.999995755579253682e+02 1.510469212891774049e-03
1.335000000000002096e+01 7.999995755579253682e+02 1.510469212891774049e-03
1.350000000000002132e+01 7.999995755579253682e+02 1.510469212891774049e-03
1.365000000000002167e+01 7.999995755579253682e+02 1.510469212891774049e-03
1.380000000000002203e+01 7.999995755579253682e+02 1.510469212891774049e-03
1.395000000000002238e+01 7.999995755579253682e+02 1.510469212891774049e-03
1.410000000000002274e+01 7.999995755579253682e+02 1.510469212891774049e-03
1.425000000000002309e+01 7.999995755579253682e+02 1.510469212891774049e-03
1.440000000000002345e+01 7.999995755579253682e+02 1.510469212891774049e-03
1.455000000000002380e+01 7.999995755579253682e+02 1.510469212891774049e-03
1.470000000000002416e+01 7.999995755579253682e+02 1.510469212891774049e-03
1.485000000000002451e+01 7.999995755579253682e+02 1.510469212891774049e-03
1.500000000000002487e+01 7.999995755579253682e+02 1.510469212891774049e-03
1.515000000000002522e+01 7.999995755579253682e+02 1.510469212891774049e-03
1.530000000000002558e+01 7.999995755579253682e+02 1.510469212891774049e-03
1.545000000000002593e+01 7.999995755579253682e+02 1.510469212891774049e-03
1.560000000000002629e+01 7.999995755579253682e+02 1.510469212891774049e-03
1.575000000000002665e+01 7.999995755579253682e+02 1.510469212891774049e-03
1.590000000000002700e+01 7.999995755579253682e+02 1.510469212891774049e-03
