1.499999999999999944e-01 7.996699259447319719e+02 3.557421024424911593e-11
2.999999999999999889e-01 7.996699259447319719e+02 3.557421024424911593e-11
4.499999999999999556e-01 7.996699259447319719e+02 3.557421024424911593e-11
5.999999999999999778e-01 7.996699259447319719e+02 3.557421024424911593e-11
7.500000000000000000e-01 7.996699259447319719e+02 3.557421024424911593e-11
9.000000000000000222e-01 7.996699259447319719e+02 3.557421024424911593e-11
1.050000000000000044e+00 7.996699259447319719e+02 3.557421024424911593e-11
1.199999999999999956e+00 7.996699259447319719e+02 3.557421024424911593e-11
1.349999999999999867e+00 7.996699259447319719e+02 3.557421024424911593e-11
1.499999999999999778e+00 7.996699259447319719e+02 3.557421024424911593e-11
1.649999999999999689e+00 7.996699259447319719e+02 3.557421024424911593e-11
1.799999999999999600e+00 7.996699259447319719e+02 3.557421024424911593e-11
1.949999999999999512e+00 7.996699259447319719e+02 3.557421024424911593e-11
2.099999999999999645e+00 7.998290236958928290e+02 3.561617667457994685e-11
2.249999999999999556e+00 7.998290236958928290e+02 3.561617667457994685e-11
2.399999999999999467e+00 7.998290236958928290e+02 3.561617667457994685e-11
2.549999999999999378e+00 7.998290236958928290e+02 3.561617667457994685e-11
2.699999999999999289e+00 7.998290236958928290e+02 3.561617667457994685e-11
2.849999999999999201e+00 7.998290236958928290e+02 3.561617667457994685e-11
2.999999999999999112e+00 7.998290236958928290e+02 3.561617667457994685e-11
3.149999999999999023e+00 7.998290236958928290e+02 3.561617667457994685e-11
3.299999999999998934e+00 7.998290236958928290e+02 3.561617667457994685e-11
3.449999999999998845e+00 7.998290236958928290e+02 3.561617667457994685e-11
3.599999999999998757e+00 7.998290236958928290e+02 3.561617667457994685e-11
3.749999999999998668e+00 7.998290236958928290e+02 3.561617667457994685e-11
3.899999999999998579e+00 7.998290236958928290e+02 3.561617667457994685e-11
4.049999999999998934e+00 4.376600843142193753e+02 3.558275896153872964e-11
4.199999999999999289e+00 2.092643114031491223e+02 3.565203687827533940e-11
4.349999999999999645e+00 6.892461808962514169e+01 3.553290994773306011e-11
4.500000000000000000e+00 2.608460029185038564e+01 3.518441094030322347e-11
4.650000000000000355e+00 9.515293394507516211e+00 3.487188315887124190e-11
4.800000000000000711e+00 3.638049984780209911e+00 3.311573237851916929e-11
4.950000000000001066e+00 1.489935754332066153e+00 2.931110909543122034e-11
5.100000000000001421e+00 7.132674986885945145e-01 2.195765791412895851e-11
5.250000000000001776e+00 4.313568150789706124e-01 1.305222596670319035e-11
5.400000000000002132e+00 3.291747245589249360e-01 6.227796056634815614e-12
5.550000000000002487e+00 2.921186630119336769e-01 2.615130334504556231e-12
5.700000000000002842e+00 2.786828510868417652e-01 1.272093541615504364e-12
5.850000000000003197e+00 2.738109625195193075e-01 1.312283615106935031e-12
6.000000000000003553e+00 2.720444361905265396e-01 2.983613356377645687e-12
6.150000000000003908e+00 2.714038978376720479e-01 7.517431122039397451e-12
6.300000000000004263e+00 2.711716476758283534e-01 2.075817295832393938e-11
6.450000000000004619e+00 2.710874562162643997e-01 5.756761733977100448e-11
6.600000000000004974e+00 2.710569885950917524e-01 1.586050180080178507e-10
6.750000000000005329e+00 2.710461075294006150e-01 4.362009642377984164e-10
6.900000000000005684e+00 2.710426203063889261e-01 1.203722455045408424e-09
7.050000000000006040e+00 2.710426204243958637e-01 3.313286089934308620e-09
7.200000000000006395e+00 2.710461075294006150e-01 9.118308774702654773e-09
7.350000000000006750e+00 2.710569885950917524e-01 2.516042973965681995e-08
7.500000000000007105e+00 2.710874560982574621e-01 6.924028705945772799e-08
7.650000000000007461e+00 2.711716476758283534e-01 1.905084232589615567e-07
7.800000000000007816e+00 2.714038972476373601e-01 5.252437729197367844e-07
7.950000000000008171e+00 2.720444347744432889e-01 1.442207327784217341e-06
8.100000000000008527e+00 2.738109590973181184e-01 3.943724413590921074e-06
8.250000000000008882e+00 2.786828417642936984e-01 1.069219651261832382e-05
8.400000000000009237e+00 2.921186365783796646e-01 2.807398264337290783e-05
8.550000000000009592e+00 3.291746516306375270e-01 6.857077357258489769e-05
8.700000000000009948e+00 4.313566141721594249e-01 1.443825152552813407e-04
8.850000000000010303e+00 7.132669443510053497e-01 2.403698165994727631e-04
9.000000000000010658e+00 1.489934227735318473e+00 3.165222014442914400e-04
9.150000000000011013e+00 3.638045758671509589e+00 3.582767407739329002e-04
9.300000000000011369e+00 9.515281860369306344e+00 3.753384547529048376e-04
9.450000000000011724e+00 2.608456755208399613e+01 3.815214463371852105e-04
9.600000000000012079e+00 6.892453514589395525e+01 3.842941803507970988e-04
9.750000000000012434e+00 2.092640250871425565e+02 3.843911604903826884e-04
9.900000000000012790e+00 4.376596928520484084e+02 3.841288045057789091e-04
1.005000000000001315e+01 7.998272731139226153e+02 3.842858190997722190e-04
1.020000000000001350e+01 7.998272731139226153e+02 3.842858190997722190e-04
1.035000000000001386e+01 7.998272731139226153e+02 3.842858190997722190e-04
1.050000000000001421e+01 7.998272731139226153e+02 3.842858190997722190e-04
1.065000000000001457e+01 7.998272731139226153e+02 3.842858190997722190e-04
1.080000000000001492e+01 7.998272731139226153e+02 3.842858190997722190e-04
1.095000000000001528e+01 7.998272731139226153e+02 3.842858190997722190e-04
1.110000000000001563e+01 7.998272731139226153e+02 3.842858190997722190e-04
1.125000000000001599e+01 7.998272731139226153e+02 3.842858190997722190e-04
1.140000000000001634e+01 7.998272731139226153e+02 3.842858190997722190e-04
1.155000000000001670e+01 7.998272731139226153e+02 3.842858190997722190e-04
1.170000000000001705e+01 7.998272731139226153e+02 3.842858190997722190e-04
1.185000000000001741e+01 7.998272731139226153e+02 3.842858190997722190e-04
1.200000000000001776e+01 7.998272731139226153e+02 3.842858190997722190e-04
1.215000000000001812e+01 7.998272731139226153e+02 3.842858190997722190e-04
1.230000000000001847e+01 7.998272731139226153e+02 3.842858190997722190e-04
1.245000000000001883e+01 7.998272731139226153e+02 3.842858190997722190e-04
1.260000000000001918e+01 7.998272731139226153e+02 3.842858190997722190e-04
1.275000000000001954e+01 7.998272731139226153e+02 3.842858190997722190e-04
1.290000000000001990e+01 7.998272731139226153e+02 3.842858190997722190e-04
1.305000000000002025e+01 7.996665463238134635e+02 3.837281747814946797e-04
1.320000000000002061e+01 7.996665463238134635e+02 3.837281747814946797e-04
1.335000000000002096e+01 7.996665463238134635e+02 3.837281747814946797e-04
1.350000000000002132e+01 7.996665463238134635e+02 3.837281747814946797e-04
1.365000000000002167e+01 7.996665463238134635e+02 3.837281747814946797e-04
1.380000000000002203e+01 7.996665463238134635e+02 3.837281747814946797e-04
1.395000000000002238e+01 7.996665463238134635e+02 3.837281747814946797e-04
1.410000000000002274e+01 7.996665463238134635e+02 3.837281747814946797e-04
1.425000000000002309e+01 7.996665463238134635e+02 3.837281747814946797e-04
1.440000000000002345e+01 7.996665463238134635e+02 3.837281747814946797e-04
1.455000000000002380e+01 7.996665463238134635e+02 3.837281747814946797e-04
1.470000000000002416e+01 7.996665463238134635e+02 3.837281747814946797e-04
1.485000000000002451e+01 7.996665463238134635e+02 3.837281747814946797e-04
1.500000000000002487e+01 7.996665463238134635e+02 3.837281747814946797e-04
1.515000000000002522e+01 7.996665463238134635e+02 3.837281747814946797e-04
1.530000000000002558e+01 7.996665463238134635e+02 3.837281747814946797e-04
1.545000000000002593e+01 7.996665463238134635e+02 3.837281747814946797e-04
1.560000000000002629e+01 7.996665463238134635e+02 3.837281747814946797e-04
1.575000000000002665e+01 7.996665463238134635e+02 3.837281747814946797e-04
1.590000000000002700e+01 7.996665463238134635e+02 3.837281747814946797e-04
