1.499999999999999944e-01 7.999995855456256777e+02 7.068488690664676000e-05
2.999999999999999889e-01 7.999995855456256777e+02 7.068488690664676000e-05
4.499999999999999556e-01 7.999995855456256777e+02 7.068488690664676000e-05
5.999999999999999778e-01 7.999995855456256777e+02 7.068488690664676000e-05
7.500000000000000000e-01 7.999995855456256777e+02 7.068488690664676000e-05
9.000000000000000222e-01 7.999995855456256777e+02 7.068488690664676000e-05
1.050000000000000044e+00 7.999995855456256777e+02 7.068488690664676000e-05
1.199999999999999956e+00 7.999995855456256777e+02 7.068488690664676000e-05
1.349999999999999867e+00 7.999995855456256777e+02 7.068488690664676000e-05
1.499999999999999778e+00 7.999995855456256777e+02 7.068488690664676000e-05
1.649999999999999689e+00 7.999995855456256777e+02 7.068488690664676000e-05
1.799999999999999600e+00 7.999995855456256777e+02 7.068488690664676000e-05
1.949999999999999512e+00 7.999995855456256777e+02 7.068488690664676000e-05
2.099999999999999645e+00 7.999999101955150991e+02 7.080199824072153092e-05
2.249999999999999556e+00 7.999999101955150991e+02 7.080199824072153092e-05
2.399999999999999467e+00 7.999999101955150991e+02 7.080199824072153092e-05
2.549999999999999378e+00 7.999999101955150991e+02 7.080199824072153092e-05
2.699999999999999289e+00 7.999999101955150991e+02 7.080199824072153092e-05
2.849999999999999201e+00 7.999999101955150991e+02 7.080199824072153092e-05
2.999999999999999112e+00 7.999999101955150991e+02 7.080199824072153092e-05
3.149999999999999023e+00 7.999999101955150991e+02 7.080199824072153092e-05
3.299999999999998934e+00 7.999999101955150991e+02 7.080199824072153092e-05
3.449999999999998845e+00 7.999999101955150991e+02 7.080199824072153092e-05
3.599999999999998757e+00 7.999999101955150991e+02 7.080199824072153092e-05
3.749999999999998668e+00 7.999999101955150991e+02 7.080199824072153092e-05
3.899999999999998579e+00 7.999999101955150991e+02 7.080199824072153092e-05
4.049999999999998934e+00 5.084650434290758199e+02 7.158765244952292051e-05
4.199999999999999289e+00 4.136156946229752975e+02 7.558473796054343552e-05
4.349999999999999645e+00 3.114515899761465221e+02 8.583218909008483166e-05
4.500000000000000000e+00 2.731218347798927653e+02 1.003992213843840631e-04
4.650000000000000355e+00 2.514420247656288439e+02 1.191322584952470010e-04
4.800000000000000711e+00 2.397214957798200317e+02 1.403281265874856132e-04
4.950000000000001066e+00 2.330447796218627730e+02 1.632336055918948148e-04
5.100000000000001421e+00 2.292055981847532848e+02 1.873785288376561553e-04
5.250000000000001776e+00 2.269741936991784996e+02 2.119477682589465672e-04
5.400000000000002132e+00 2.256709424235527024e+02 2.368519572515381810e-04
5.550000000000002487e+00 2.249073540618578875e+02 2.622163446732717063e-04
5.700000000000002842e+00 2.244591759061864309e+02 2.873854726712643526e-04
5.850000000000003197e+00 2.241958658619860785e+02 3.125603568182588887e-04
6.000000000000003553e+00 2.240411113392531490e+02 3.380775514461031861e-04
6.150000000000003908e+00 2.239501916100408323e+02 3.631897273486117683e-04
6.300000000000004263e+00 2.238968779986436743e+02 3.882276698076170263e-04
6.450000000000004619e+00 2.238658060124039366e+02 4.136388262234724777e-04
6.600000000000004974e+00 2.238480262816339064e+02 4.385238149433590138e-04
6.750000000000005329e+00 2.238384196306721492e+02 4.633068592557743060e-04
6.900000000000005684e+00 2.238342206239776431e+02 4.885239622728354547e-04
7.050000000000006040e+00 2.238342206239751135e+02 5.131122590947834183e-04
7.200000000000006395e+00 2.238384196306633953e+02 5.375809835946876447e-04
7.350000000000006750e+00 2.238480262816161712e+02 5.625488402799527776e-04
7.500000000000007105e+00 2.238658060123739801e+02 5.867878910953416849e-04
7.650000000000007461e+00 2.238968779985929700e+02 6.108885102645844611e-04
7.800000000000007816e+00 2.239501916099553114e+02 6.355476041733920667e-04
7.950000000000008171e+00 2.240411113391100173e+02 6.593696661462145059e-04
8.100000000000008527e+00 2.241958658617446645e+02 6.830177752251698209e-04
8.250000000000008882e+00 2.244591759057795173e+02 7.072535430266979617e-04
8.400000000000009237e+00 2.249073540611694284e+02 7.304965235394034195e-04
8.550000000000009592e+00 2.256709424223830069e+02 7.534477445231280157e-04
8.700000000000009948e+00 2.269741936971840062e+02 7.768757707398155077e-04
8.850000000000010303e+00 2.292055981813381322e+02 7.989285990238625956e-04
9.000000000000010658e+00 2.330447796159739369e+02 8.201973829010666961e-04
9.150000000000011013e+00 2.397214957695228748e+02 8.412315690272675894e-04
9.300000000000011369e+00 2.514420247474166104e+02 8.595822039425549121e-04
9.450000000000011724e+00 2.731218347453622641e+02 8.753966138037583278e-04
9.600000000000012079e+00 3.114515899151340363e+02 8.884334922051317918e-04
9.750000000000012434e+00 4.136156944365322374e+02 8.964230478654133805e-04
9.900000000000012790e+00 5.084650432948094476e+02 8.991588747269130266e-04
1.005000000000001315e+01 7.999999082381975768e+02 8.998793006673722061e-04
1.020000000000001350e+01 7.999999082381975768e+02 8.998793006673722061e-04
1.035000000000001386e+01 7.999999082381975768e+02 8.998793006673722061e-04
1.050000000000001421e+01 7.999999082381975768e+02 8.998793006673722061e-04
1.065000000000001457e+01 7.999999082381975768e+02 8.998793006673722061e-04
1.080000000000001492e+01 7.999999082381975768e+02 8.998793006673722061e-04
1.095000000000001528e+01 7.999999082381975768e+02 8.998793006673722061e-04
1.110000000000001563e+01 7.999999082381975768e+02 8.998793006673722061e-04
1.125000000000001599e+01 7.999999082381975768e+02 8.998793006673722061e-04
1.140000000000001634e+01 7.999999082381975768e+02 8.998793006673722061e-04
1.155000000000001670e+01 7.999999082381975768e+02 8.998793006673722061e-04
1.170000000000001705e+01 7.999999082381975768e+02 8.998793006673722061e-04
1.185000000000001741e+01 7.999999082381975768e+02 8.998793006673722061e-04
1.200000000000001776e+01 7.999999082381975768e+02 8.998793006673722061e-04
1.215000000000001812e+01 7.999999082381975768e+02 8.998793006673722061e-04
1.230000000000001847e+01 7.999999082381975768e+02 8.998793006673722061e-04
1.245000000000001883e+01 7.999999082381975768e+02 8.998793006673722061e-04
1.260000000000001918e+01 7.999999082381975768e+02 8.998793006673722061e-04
1.275000000000001954e+01 7.999999082381975768e+02 8.998793006673722061e-04
1.290000000000001990e+01 7.999999082381975768e+02 8.998793006673722061e-04
1.305000000000002025e+01 7.999995765124601803e+02 8.994125584264045514e-04
1.320000000000002061e+01 7.999995765124601803e+02 8.994125584264045514e-04
1.335000000000002096e+01 7.999995765124601803e+02 8.994125584264045514e-04
1.350000000000002132e+01 7.999995765124601803e+02 8.994125584264045514e-04
1.365000000000002167e+01 7.999995765124601803e+02 8.994125584264045514e-04
1.380000000000002203e+01 7.999995765124601803e+02 8.994125584264045514e-04
1.395000000000002238e+01 7.999995765124601803e+02 8.994125584264045514e-04
1.410000000000002274e+01 7.999995765124601803e+02 8.994125584264045514e-04
1.425000000000002309e+01 7.999995765124601803e+02 8.994125584264045514e-04
1.440000000000002345e+01 7.999995765124601803e+02 8.994125584264045514e-04
1.455000000000002380e+01 7.999995765124601803e+02 8.994125584264045514e-04
1.470000000000002416e+01 7.999995765124601803e+02 8.994125584264045514e-04
1.485000000000002451e+01 7.999995765124601803e+02 8.994125584264045514e-04
1.500000000000002487e+01 7.999995765124601803e+02 8.994125584264045514e-04
1.515000000000002522e+01 7.999995765124601803e+02 8.994125584264045514e-04
1.530000000000002558e+01 7.999995765124601803e+02 8.994125584264045514e-04
1.545000000000002593e+01 7.999995765124601803e+02 8.994125584264045514e-04
1.560000000000002629e+01 7.999995765124601803e+02 8.994125584264045514e-04
1.575000000000002665e+01 7.999995765124601803e+02 8.994125584264045514e-04
1.590000000000002700e+01 7.999995765124601803e+02 8.994125584264045514e-04
