1.499999999999999944e-01 7.999987085277177812e+02 3.641053802794225192e-06
2.999999999999999889e-01 7.999987085277177812e+02 3.641053802794225192e-06
4.499999999999999556e-01 7.999987085277177812e+02 3.641053802794225192e-06
5.999999999999999778e-01 7.999987085277177812e+02 3.641053802794225192e-06
7.500000000000000000e-01 7.999987085277177812e+02 3.641053802794225192e-06
9.000000000000000222e-01 7.999987085277177812e+02 3.641053802794225192e-06
1.050000000000000044e+00 7.999987085277177812e+02 3.641053802794225192e-06
1.199999999999999956e+00 7.999987085277177812e+02 3.641053802794225192e-06
1.349999999999999867e+00 7.999987085277177812e+02 3.641053802794225192e-06
1.499999999999999778e+00 7.999987085277177812e+02 3.641053802794225192e-06
1.649999999999999689e+00 7.999987085277177812e+02 3.641053802794225192e-06
1.799999999999999600e+00 7.999987085277177812e+02 3.641053802794225192e-06
1.949999999999999512e+00 7.999987085277177812e+02 3.641053802794225192e-06
2.099999999999999645e+00 7.999996758616937313e+02 3.646828551917558059e-06
2.249999999999999556e+00 7.999996758616937313e+02 3.646828551917558059e-06
2.399999999999999467e+00 7.999996758616937313e+02 3.646828551917558059e-06
2.549999999999999378e+00 7.999996758616937313e+02 3.646828551917558059e-06
2.699999999999999289e+00 7.999996758616937313e+02 3.646828551917558059e-06
2.849999999999999201e+00 7.999996758616937313e+02 3.646828551917558059e-06
2.999999999999999112e+00 7.999996758616937313e+02 3.646828551917558059e-06
3.149999999999999023e+00 7.999996758616937313e+02 3.646828551917558059e-06
3.299999999999998934e+00 7.999996758616937313e+02 3.646828551917558059e-06
3.449999999999998845e+00 7.999996758616937313e+02 3.646828551917558059e-06
3.599999999999998757e+00 7.999996758616937313e+02 3.646828551917558059e-06
3.749999999999998668e+00 7.999996758616937313e+02 3.646828551917558059e-06
3.899999999999998579e+00 7.999996758616937313e+02 3.646828551917558059e-06
4.049999999999998934e+00 5.040311614134656111e+02 3.688327622430875863e-06
4.199999999999999289e+00 3.863107627732584888e+02 3.914113697267573855e-06
4.349999999999999645e+00 2.592770996152299858e+02 4.597281416995890879e-06
4.500000000000000000e+00 2.008981288931237543e+02 5.830225063174765410e-06
4.650000000000000355e+00 1.615746411012956116e+02 7.889020335771768089e-06
4.800000000000000711e+00 1.346401044550017048e+02 1.095421405450380803e-05
4.950000000000001066e+00 1.148574511776791951e+02 1.528987726318042917e-05
5.100000000000001421e+00 9.979828303041182380e+01 2.118899153202846719e-05
5.250000000000001776e+00 8.800653294217683253e+01 2.889061587685315402e-05
5.400000000000002132e+00 7.859271769005759722e+01 3.871259002408145022e-05
5.550000000000002487e+00 7.097761159349796856e+01 5.102301978221479573e-05
5.700000000000002842e+00 6.476945178446341345e+01 6.598935850421483451e-05
5.850000000000003197e+00 5.969440760995537687e+01 8.391802640772549893e-05
6.000000000000003553e+00 5.555632636826452853e+01 1.051502720110786271e-04
6.150000000000003908e+00 5.221223009483225042e+01 1.295515795035617757e-04
6.300000000000004263e+00 4.955692063585073015e+01 1.572478204092675469e-04
6.450000000000004619e+00 4.751305186255238766e+01 1.883785041971730578e-04
6.600000000000004974e+00 4.602462447179813410e+01 2.222196036626433724e-04
6.750000000000005329e+00 4.505271242810344745e+01 2.585801403287568689e-04
6.900000000000005684e+00 4.457271474480677398e+01 2.973236400413137304e-04
7.050000000000006040e+00 4.457271474384842946e+01 3.370461187448547946e-04
7.200000000000006395e+00 4.505271242520536390e+01 3.773734686269847316e-04
7.350000000000006750e+00 4.602462446689577291e+01 4.181184933037540574e-04
7.500000000000007105e+00 4.751305185552959642e+01 4.574624648568947904e-04
7.650000000000007461e+00 4.955692062652818208e+01 4.952409305524207994e-04
7.800000000000007816e+00 5.221223008296471590e+01 5.315927750996207735e-04
7.950000000000008171e+00 5.555632635350951176e+01 5.646539096411107295e-04
8.100000000000008527e+00 5.969440759184453782e+01 5.947576432850931738e-04
8.250000000000008882e+00 6.476945176235693680e+01 6.225341573423692765e-04
8.400000000000009237e+00 7.097761156650665271e+01 6.462255236552305604e-04
8.550000000000009592e+00 7.859271765692346889e+01 6.666391960672424233e-04
8.700000000000009948e+00 8.800653290107054261e+01 6.847849152237239778e-04
8.850000000000010303e+00 9.979828297857659436e+01 6.989667103911578749e-04
9.000000000000010658e+00 1.148574511107865419e+02 7.102818754421980074e-04
9.150000000000011013e+00 1.346401043657356809e+02 7.199365335585072856e-04
9.300000000000011369e+00 1.615746409771990955e+02 7.262335410348486064e-04
9.450000000000011724e+00 2.008981287048053161e+02 7.304342119713869153e-04
9.600000000000012079e+00 2.592770993298516942e+02 7.338056153571859141e-04
9.750000000000012434e+00 3.863107620469950234e+02 7.347368679286869764e-04
9.900000000000012790e+00 5.040311608816552393e+02 7.347553692528263625e-04
1.005000000000001315e+01 7.999996695964612172e+02 7.349520281442201153e-04
1.020000000000001350e+01 7.999996695964612172e+02 7.349520281442201153e-04
1.035000000000001386e+01 7.999996695964612172e+02 7.349520281442201153e-04
1.050000000000001421e+01 7.999996695964612172e+02 7.349520281442201153e-04
1.065000000000001457e+01 7.999996695964612172e+02 7.349520281442201153e-04
1.080000000000001492e+01 7.999996695964612172e+02 7.349520281442201153e-04
1.095000000000001528e+01 7.999996695964612172e+02 7.349520281442201153e-04
1.110000000000001563e+01 7.999996695964612172e+02 7.349520281442201153e-04
1.125000000000001599e+01 7.999996695964612172e+02 7.349520281442201153e-04
1.140000000000001634e+01 7.999996695964612172e+02 7.349520281442201153e-04
1.155000000000001670e+01 7.999996695964612172e+02 7.349520281442201153e-04
1.170000000000001705e+01 7.999996695964612172e+02 7.349520281442201153e-04
1.185000000000001741e+01 7.999996695964612172e+02 7.349520281442201153e-04
1.200000000000001776e+01 7.999996695964612172e+02 7.349520281442201153e-04
1.215000000000001812e+01 7.999996695964612172e+02 7.349520281442201153e-04
1.230000000000001847e+01 7.999996695964612172e+02 7.349520281442201153e-04
1.245000000000001883e+01 7.999996695964612172e+02 7.349520281442201153e-04
1.260000000000001918e+01 7.999996695964612172e+02 7.349520281442201153e-04
1.275000000000001954e+01 7.999996695964612172e+02 7.349520281442201153e-04
1.290000000000001990e+01 7.999996695964612172e+02 7.349520281442201153e-04
1.305000000000002025e+01 7.999986835649978048e+02 7.343868236427963936e-04
1.320000000000002061e+01 7.999986835649978048e+02 7.343868236427963936e-04
1.335000000000002096e+01 7.999986835649978048e+02 7.343868236427963936e-04
1.350000000000002132e+01 7.999986835649978048e+02 7.343868236427963936e-04
1.365000000000002167e+01 7.999986835649978048e+02 7.343868236427963936e-04
1.380000000000002203e+01 7.999986835649978048e+02 7.343868236427963936e-04
1.395000000000002238e+01 7.999986835649978048e+02 7.343868236427963936e-04
1.410000000000002274e+01 7.999986835649978048e+02 7.343868236427963936e-04
1.425000000000002309e+01 7.999986835649978048e+02 7.343868236427963936e-04
1.440000000000002345e+01 7.999986835649978048e+02 7.343868236427963936e-04
1.455000000000002380e+01 7.999986835649978048e+02 7.343868236427963936e-04
1.470000000000002416e+01 7.999986835649978048e+02 7.343868236427963936e-04
1.485000000000002451e+01 7.999986835649978048e+02 7.343868236427963936e-04
1.500000000000002487e+01 7.999986835649978048e+02 7.343868236427963936e-04
1.515000000000002522e+01 7.999986835649978048e+02 7.343868236427963936e-04
1.530000000000002558e+01 7.999986835649978048e+02 7.343868236427963936e-04
1.545000000000002593e+01 7.999986835649978048e+02 7.343868236427963936e-04
1.560000000000002629e+01 7.999986835649978048e+02 7.343868236427963936e-04
1.575000000000002665e+01 7.999986835649978048e+02 7.343868236427963936e-04
1.590000000000002700e+01 7.999986835649978048e+02 7.343868236427963936e-04
