1.499999999999999944e-01 7.994504125570961151e+02 2.524580544616128464e-11
2.999999999999999889e-01 7.994504125570961151e+02 2.524580544616128464e-11
4.499999999999999556e-01 7.994504125570961151e+02 2.524580544616128464e-11
5.999999999999999778e-01 7.994504125570961151e+02 2.524580544616128464e-11
7.500000000000000000e-01 7.994504125570961151e+02 2.524580544616128464e-11
9.000000000000000222e-01 7.994504125570961151e+02 2.524580544616128464e-11
1.050000000000000044e+00 7.994504125570961151e+02 2.524580544616128464e-11
1.199999999999999956e+00 7.994504125570961151e+02 2.524580544616128464e-11
1.349999999999999867e+00 7.994504125570961151e+02 2.524580544616128464e-11
1.499999999999999778e+00 7.994504125570961151e+02 2.524580544616128464e-11
1.649999999999999689e+00 7.994504125570961151e+02 2.524580544616128464e-11
1.799999999999999600e+00 7.994504125570961151e+02 2.524580544616128464e-11
1.949999999999999512e+00 7.994504125570961151e+02 2.524580544616128464e-11
2.099999999999999645e+00 7.996962806920229241e+02 2.523325992598302037e-11
2.249999999999999556e+00 7.996962806920229241e+02 2.523325992598302037e-11
2.399999999999999467e+00 7.996962806920229241e+02 2.523325992598302037e-11
2.549999999999999378e+00 7.996962806920229241e+02 2.523325992598302037e-11
2.699999999999999289e+00 7.996962806920229241e+02 2.523325992598302037e-11
2.849999999999999201e+00 7.996962806920229241e+02 2.523325992598302037e-11
2.999999999999999112e+00 7.996962806920229241e+02 2.523325992598302037e-11
3.149999999999999023e+00 7.996962806920229241e+02 2.523325992598302037e-11
3.299999999999998934e+00 7.996962806920229241e+02 2.523325992598302037e-11
3.449999999999998845e+00 7.996962806920229241e+02 2.523325992598302037e-11
3.599999999999998757e+00 7.996962806920229241e+02 2.523325992598302037e-11
3.749999999999998668e+00 7.996962806920229241e+02 2.523325992598302037e-11
3.899999999999998579e+00 7.996962806920229241e+02 2.523325992598302037e-11
4.049999999999998934e+00 4.244704717975818085e+02 2.526845399586363783e-11
4.199999999999999289e+00 1.917696437546188974e+02 2.520561537266985397e-11
4.349999999999999645e+00 5.886024367248051448e+01 2.496391982020895739e-11
4.500000000000000000e+00 2.093350296502771002e+01 2.494315864964846696e-11
4.650000000000000355e+00 7.134194025742864653e+00 2.433409029833910608e-11
4.800000000000000711e+00 2.560575489853931686e+00 2.311861813097948470e-11
4.950000000000001066e+00 9.929608927151321041e-01 2.027233936274797088e-11
5.100000000000001421e+00 4.624415580158256489e-01 1.467859167547658217e-11
5.250000000000001776e+00 2.820395765986631886e-01 8.026801445737419272e-12
5.400000000000002132e+00 2.208049278774524282e-01 3.523403790950396797e-12
5.550000000000002487e+00 2.000056204090014944e-01 1.321942555421173893e-12
5.700000000000002842e+00 1.929426236317794974e-01 5.603295605283165060e-13
5.850000000000003197e+00 1.905439498332270887e-01 4.587441537751146825e-13
6.000000000000003553e+00 1.897293631661796098e-01 7.399636459126668342e-13
6.150000000000003908e+00 1.894527270549133391e-01 2.558953049458523310e-12
6.300000000000004263e+00 1.893587825579743367e-01 7.388645251182879292e-12
6.450000000000004619e+00 1.893268842206907721e-01 2.163791368303691343e-11
6.600000000000004974e+00 1.893160656986765389e-01 6.368561233927039211e-11
6.750000000000005329e+00 1.893124349792287830e-01 1.871000021580471184e-10
6.900000000000005684e+00 1.893113297262516426e-01 5.508203893000995777e-10
7.050000000000006040e+00 1.893113296082447050e-01 1.619550715759032755e-09
7.200000000000006395e+00 1.893124352152426582e-01 4.761304350786588202e-09
7.350000000000006750e+00 1.893160654626626638e-01 1.402759353119620300e-08
7.500000000000007105e+00 1.893268838666699594e-01 4.123651053955512680e-08
7.650000000000007461e+00 1.893587825579743367e-01 1.212076425893826581e-07
7.800000000000007816e+00 1.894527269369064015e-01 3.569118073309951455e-07
7.950000000000008171e+00 1.897293622221241094e-01 1.047728604430808730e-06
8.100000000000008527e+00 1.905439472370744625e-01 3.066963509490427953e-06
8.250000000000008882e+00 1.929426154893008061e-01 8.923274651961854431e-06
8.400000000000009237e+00 2.000055955095376703e-01 2.530608680340051819e-05
8.550000000000009592e+00 2.208048547131511441e-01 6.739033223590595867e-05
8.700000000000009948e+00 2.820393607639744005e-01 1.554159871277605021e-04
8.850000000000010303e+00 4.624409217814218209e-01 2.787373288045680297e-04
9.000000000000010658e+00 9.929590224231787943e-01 3.813386145676833650e-04
9.150000000000011013e+00 2.560569957968965582e+00 4.365450075958232645e-04
9.300000000000011369e+00 7.134177927383952067e+00 4.581549143893859366e-04
9.450000000000011724e+00 2.093345406601174830e+01 4.655951020728910095e-04
9.600000000000012079e+00 5.886011186609102452e+01 4.686386115586582690e-04
9.750000000000012434e+00 1.917691597546044875e+02 4.687842528012797771e-04
9.900000000000012790e+00 4.244697452299630527e+02 4.685304480068763766e-04
1.005000000000001315e+01 7.996932450493833358e+02 4.686887659098859515e-04
1.020000000000001350e+01 7.996932450493833358e+02 4.686887659098859515e-04
1.035000000000001386e+01 7.996932450493833358e+02 4.686887659098859515e-04
1.050000000000001421e+01 7.996932450493833358e+02 4.686887659098859515e-04
1.065000000000001457e+01 7.996932450493833358e+02 4.686887659098859515e-04
1.080000000000001492e+01 7.996932450493833358e+02 4.686887659098859515e-04
1.095000000000001528e+01 7.996932450493833358e+02 4.686887659098859515e-04
1.110000000000001563e+01 7.996932450493833358e+02 4.686887659098859515e-04
1.125000000000001599e+01 7.996932450493833358e+02 4.686887659098859515e-04
1.140000000000001634e+01 7.996932450493833358e+02 4.686887659098859515e-04
1.155000000000001670e+01 7.996932450493833358e+02 4.686887659098859515e-04
1.170000000000001705e+01 7.996932450493833358e+02 4.686887659098859515e-04
1.185000000000001741e+01 7.996932450493833358e+02 4.686887659098859515e-04
1.200000000000001776e+01 7.996932450493833358e+02 4.686887659098859515e-04
1.215000000000001812e+01 7.996932450493833358e+02 4.686887659098859515e-04
1.230000000000001847e+01 7.996932450493833358e+02 4.686887659098859515e-04
1.245000000000001883e+01 7.996932450493833358e+02 4.686887659098859515e-04
1.260000000000001918e+01 7.996932450493833358e+02 4.686887659098859515e-04
1.275000000000001954e+01 7.996932450493833358e+02 4.686887659098859515e-04
1.290000000000001990e+01 7.996932450493833358e+02 4.686887659098859515e-04
1.305000000000002025e+01 7.994449193034363361e+02 4.681335299846489661e-04
1.320000000000002061e+01 7.994449193034363361e+02 4.681335299846489661e-04
1.335000000000002096e+01 7.994449193034363361e+02 4.681335299846489661e-04
1.350000000000002132e+01 7.994449193034363361e+02 4.681335299846489661e-04
1.365000000000002167e+01 7.994449193034363361e+02 4.681335299846489661e-04
1.380000000000002203e+01 7.994449193034363361e+02 4.681335299846489661e-04
1.395000000000002238e+01 7.994449193034363361e+02 4.681335299846489661e-04
1.410000000000002274e+01 7.994449193034363361e+02 4.681335299846489661e-04
1.425000000000002309e+01 7.994449193034363361e+02 4.681335299846489661e-04
1.440000000000002345e+01 7.994449193034363361e+02 4.681335299846489661e-04
1.455000000000002380e+01 7.994449193034363361e+02 4.681335299846489661e-04
1.470000000000002416e+01 7.994449193034363361e+02 4.681335299846489661e-04
1.485000000000002451e+01 7.994449193034363361e+02 4.681335299846489661e-04
1.500000000000002487e+01 7.994449193034363361e+02 4.681335299846489661e-04
1.515000000000002522e+01 7.994449193034363361e+02 4.681335299846489661e-04
1.530000000000002558e+01 7.994449193034363361e+02 4.681335299846489661e-04
1.545000000000002593e+01 7.994449193034363361e+02 4.681335299846489661e-04
1.560000000000002629e+01 7.994449193034363361e+02 4.681335299846489661e-04
1.575000000000002665e+01 7.994449193034363361e+02 4.681335299846489661e-04
1.590000000000002700e+01 7.994449193034363361e+02 4.681335299846489661e-04
