1.499999999999999944e-01 7.999999917978426538e+02 1.190090177300984209e-04
2.999999999999999889e-01 7.999999917978426538e+02 1.190090177300984209e-04
4.499999999999999556e-01 7.999999917978426538e+02 1.190090177300984209e-04
5.999999999999999778e-01 7.999999917978426538e+02 1.190090177300984209e-04
7.500000000000000000e-01 7.999999917978426538e+02 1.190090177300984209e-04
9.000000000000000222e-01 7.999999917978426538e+02 1.190090177300984209e-04
1.050000000000000044e+00 7.999999917978426538e+02 1.190090177300984209e-04
1.199999999999999956e+00 7.999999917978426538e+02 1.190090177300984209e-04
1.349999999999999867e+00 7.999999917978426538e+02 1.190090177300984209e-04
1.499999999999999778e+00 7.999999917978426538e+02 1.190090177300984209e-04
1.649999999999999689e+00 7.999999917978426538e+02 1.190090177300984209e-04
1.799999999999999600e+00 7.999999917978426538e+02 1.190090177300984209e-04
1.949999999999999512e+00 7.999999917978426538e+02 1.190090177300984209e-04
2.099999999999999645e+00 7.999999989032270378e+02 1.191312545010259072e-04
2.249999999999999556e+00 7.999999989032270378e+02 1.191312545010259072e-04
2.399999999999999467e+00 7.999999989032270378e+02 1.191312545010259072e-04
2.549999999999999378e+00 7.999999989032270378e+02 1.191312545010259072e-04
2.699999999999999289e+00 7.999999989032270378e+02 1.191312545010259072e-04
2.849999999999999201e+00 7.999999989032270378e+02 1.191312545010259072e-04
2.999999999999999112e+00 7.999999989032270378e+02 1.191312545010259072e-04
3.149999999999999023e+00 7.999999989032270378e+02 1.191312545010259072e-04
3.299999999999998934e+00 7.999999989032270378e+02 1.191312545010259072e-04
3.449999999999998845e+00 7.999999989032270378e+02 1.191312545010259072e-04
3.599999999999998757e+00 7.999999989032270378e+02 1.191312545010259072e-04
3.749999999999998668e+00 7.999999989032270378e+02 1.191312545010259072e-04
3.899999999999998579e+00 7.999999989032270378e+02 1.191312545010259072e-04
4.049999999999998934e+00 5.157346927813065349e+02 1.203157844172908497e-04
4.199999999999999289e+00 4.680991669950858522e+02 1.257270782902830675e-04
4.349999999999999645e+00 4.143609065147929300e+02 1.360890512110968231e-04
4.500000000000000000e+00 4.034019790724212839e+02 1.472709662947435660e-04
4.650000000000000355e+00 3.992872946596789347e+02 1.593813753679729217e-04
4.800000000000000711e+00 3.980632458971659844e+02 1.711613079065088527e-04
4.950000000000001066e+00 3.976637695236903483e+02 1.828524347339266498e-04
5.100000000000001421e+00 3.975378015271302274e+02 1.948367053155042328e-04
5.250000000000001776e+00 3.974975091695791320e+02 2.062481188412901290e-04
5.400000000000002132e+00 3.974846900758264496e+02 2.174844623665794785e-04
5.550000000000002487e+00 3.974806027234375279e+02 2.290490214720275475e-04
5.700000000000002842e+00 3.974793005627792013e+02 2.399322697897998680e-04
5.850000000000003197e+00 3.974788855771377030e+02 2.506140404184842296e-04
6.000000000000003553e+00 3.974787533424847084e+02 2.616722303441232356e-04
6.150000000000003908e+00 3.974787112039350632e+02 2.719507663700992950e-04
6.300000000000004263e+00 3.974786977762426545e+02 2.820044195012139099e-04
6.450000000000004619e+00 3.974786934977641977e+02 2.924806031385784877e-04
6.600000000000004974e+00 3.974786921356653124e+02 3.020843573323661602e-04
6.750000000000005329e+00 3.974786917056432571e+02 3.114414310643187633e-04
6.900000000000005684e+00 3.974786915812443340e+02 3.212642358012551824e-04
7.050000000000006040e+00 3.974786915812443340e+02 3.301278810615704273e-04
7.200000000000006395e+00 3.974786917056436550e+02 3.387247538443327599e-04
7.350000000000006750e+00 3.974786921356661082e+02 3.478273390619124328e-04
7.500000000000007105e+00 3.974786934977655619e+02 3.558906638931880195e-04
7.650000000000007461e+00 3.974786977762444167e+02 3.636689671326909234e-04
7.800000000000007816e+00 3.974787112039368822e+02 3.719894709952598078e-04
7.950000000000008171e+00 3.974787533424870958e+02 3.791977878477847952e-04
8.100000000000008527e+00 3.974788855771401472e+02 3.861047939721640176e-04
8.250000000000008882e+00 3.974793005627817593e+02 3.935867402584669605e-04
8.400000000000009237e+00 3.974806027234405406e+02 3.998912090671380426e-04
8.550000000000009592e+00 3.974846900758300308e+02 4.058800586380639785e-04
8.700000000000009948e+00 3.974975091695828269e+02 4.124723378697847664e-04
8.850000000000010303e+00 3.975378015271333538e+02 4.178291193273064863e-04
9.000000000000010658e+00 3.976637695236912577e+02 4.228555584672166745e-04
9.150000000000011013e+00 3.980632458971602432e+02 4.285025782427842600e-04
9.300000000000011369e+00 3.992872946596525026e+02 4.328408442404452217e-04
9.450000000000011724e+00 4.034019790723207848e+02 4.367814305262784913e-04
9.600000000000012079e+00 4.143609065145274144e+02 4.411353180115984429e-04
9.750000000000012434e+00 4.680991669936516359e+02 4.437763551095041947e-04
9.900000000000012790e+00 5.157346927803548624e+02 4.447873566243432109e-04
1.005000000000001315e+01 7.999999988755889717e+02 4.452008072227675584e-04
1.020000000000001350e+01 7.999999988755889717e+02 4.452008072227675584e-04
1.035000000000001386e+01 7.999999988755889717e+02 4.452008072227675584e-04
1.050000000000001421e+01 7.999999988755889717e+02 4.452008072227675584e-04
1.065000000000001457e+01 7.999999988755889717e+02 4.452008072227675584e-04
1.080000000000001492e+01 7.999999988755889717e+02 4.452008072227675584e-04
1.095000000000001528e+01 7.999999988755889717e+02 4.452008072227675584e-04
1.110000000000001563e+01 7.999999988755889717e+02 4.452008072227675584e-04
1.125000000000001599e+01 7.999999988755889717e+02 4.452008072227675584e-04
1.140000000000001634e+01 7.999999988755889717e+02 4.452008072227675584e-04
1.155000000000001670e+01 7.999999988755889717e+02 4.452008072227675584e-04
1.170000000000001705e+01 7.999999988755889717e+02 4.452008072227675584e-04
1.185000000000001741e+01 7.999999988755889717e+02 4.452008072227675584e-04
1.200000000000001776e+01 7.999999988755889717e+02 4.452008072227675584e-04
1.215000000000001812e+01 7.999999988755889717e+02 4.452008072227675584e-04
1.230000000000001847e+01 7.999999988755889717e+02 4.452008072227675584e-04
1.245000000000001883e+01 7.999999988755889717e+02 4.452008072227675584e-04
1.260000000000001918e+01 7.999999988755889717e+02 4.452008072227675584e-04
1.275000000000001954e+01 7.999999988755889717e+02 4.452008072227675584e-04
1.290000000000001990e+01 7.999999988755889717e+02 4.452008072227675584e-04
1.305000000000002025e+01 7.999999915911525932e+02 4.446744703117122555e-04
1.320000000000002061e+01 7.999999915911525932e+02 4.446744703117122555e-04
1.335000000000002096e+01 7.999999915911525932e+02 4.446744703117122555e-04
1.350000000000002132e+01 7.999999915911525932e+02 4.446744703117122555e-04
1.365000000000002167e+01 7.999999915911525932e+02 4.446744703117122555e-04
1.380000000000002203e+01 7.999999915911525932e+02 4.446744703117122555e-04
1.395000000000002238e+01 7.999999915911525932e+02 4.446744703117122555e-04
1.410000000000002274e+01 7.999999915911525932e+02 4.446744703117122555e-04
1.425000000000002309e+01 7.999999915911525932e+02 4.446744703117122555e-04
1.440000000000002345e+01 7.999999915911525932e+02 4.446744703117122555e-04
1.455000000000002380e+01 7.999999915911525932e+02 4.446744703117122555e-04
1.470000000000002416e+01 7.999999915911525932e+02 4.446744703117122555e-04
1.485000000000002451e+01 7.999999915911525932e+02 4.446744703117122555e-04
1.500000000000002487e+01 7.999999915911525932e+02 4.446744703117122555e-04
1.515000000000002522e+01 7.999999915911525932e+02 4.446744703117122555e-04
1.530000000000002558e+01 7.999999915911525932e+02 4.446744703117122555e-04
1.545000000000002593e+01 7.999999915911525932e+02 4.446744703117122555e-04
1.560000000000002629e+01 7.999999915911525932e+02 4.446744703117122555e-04
1.575000000000002665e+01 7.999999915911525932e+02 4.446744703117122555e-04
1.590000000000002700e+01 7.999999915911525932e+02 4.446744703117122555e-04
