1.499999999999999944e-01 7.999992565148961603e+02 1.350450218529086754e-05
2.999999999999999889e-01 7.999992565148961603e+02 1.350450218529086754e-05
4.499999999999999556e-01 7.999992565148961603e+02 1.350450218529086754e-05
5.999999999999999778e-01 7.999992565148961603e+02 1.350450218529086754e-05
7.500000000000000000e-01 7.999992565148961603e+02 1.350450218529086754e-05
9.000000000000000222e-01 7.999992565148961603e+02 1.350450218529086754e-05
1.050000000000000044e+00 7.999992565148961603e+02 1.350450218529086754e-05
1.199999999999999956e+00 7.999992565148961603e+02 1.350450218529086754e-05
1.349999999999999867e+00 7.999992565148961603e+02 1.350450218529086754e-05
1.499999999999999778e+00 7.999992565148961603e+02 1.350450218529086754e-05
1.649999999999999689e+00 7.999992565148961603e+02 1.350450218529086754e-05
1.799999999999999600e+00 7.999992565148961603e+02 1.350450218529086754e-05
1.949999999999999512e+00 7.999992565148961603e+02 1.350450218529086754e-05
2.099999999999999645e+00 7.999998262065448671e+02 1.350879518602354779e-05
2.249999999999999556e+00 7.999998262065448671e+02 1.350879518602354779e-05
2.399999999999999467e+00 7.999998262065448671e+02 1.350879518602354779e-05
2.549999999999999378e+00 7.999998262065448671e+02 1.350879518602354779e-05
2.699999999999999289e+00 7.999998262065448671e+02 1.350879518602354779e-05
2.849999999999999201e+00 7.999998262065448671e+02 1.350879518602354779e-05
2.999999999999999112e+00 7.999998262065448671e+02 1.350879518602354779e-05
3.149999999999999023e+00 7.999998262065448671e+02 1.350879518602354779e-05
3.299999999999998934e+00 7.999998262065448671e+02 1.350879518602354779e-05
3.449999999999998845e+00 7.999998262065448671e+02 1.350879518602354779e-05
3.599999999999998757e+00 7.999998262065448671e+02 1.350879518602354779e-05
3.749999999999998668e+00 7.999998262065448671e+02 1.350879518602354779e-05
3.899999999999998579e+00 7.999998262065448671e+02 1.350879518602354779e-05
4.049999999999998934e+00 5.063727069081962782e+02 1.363384119434929431e-05
4.199999999999999289e+00 4.004866154653359445e+02 1.430181725536883164e-05
4.349999999999999645e+00 2.865340162866237392e+02 1.604697914536767911e-05
4.500000000000000000e+00 2.392065843803159453e+02 1.878145185241208992e-05
4.650000000000000355e+00 2.100569893752862356e+02 2.270955031724586348e-05
4.800000000000000711e+00 1.923587641343801238e+02 2.750915508642481910e-05
4.950000000000001066e+00 1.809592636944176149e+02 3.309808291340754494e-05
5.100000000000001421e+00 1.734584829947336004e+02 3.944387633536550197e-05
5.250000000000001776e+00 1.684334231570431371e+02 4.614545171299777593e-05
5.400000000000002132e+00 1.650294902440255953e+02 5.320107685213848470e-05
5.550000000000002487e+00 1.627061467157962511e+02 6.073481429702543011e-05
5.700000000000002842e+00 1.611126052098146033e+02 6.827760510386138293e-05
5.850000000000003197e+00 1.600165225202751458e+02 7.597094700773077136e-05
6.000000000000003553e+00 1.592619597053258360e+02 8.407951833899751648e-05
6.150000000000003908e+00 1.587433830500066279e+02 9.201532094571529541e-05
6.300000000000004263e+00 1.583891190265083821e+02 1.000338885964735525e-04
6.450000000000004619e+00 1.581506029525634744e+02 1.085103342869375709e-04
6.600000000000004974e+00 1.579953195011475771e+02 1.167019480329267722e-04
6.750000000000005329e+00 1.579021784425396788e+02 1.249615122920211263e-04
6.900000000000005684e+00 1.578585592647488056e+02 1.337613700447271015e-04
7.050000000000006040e+00 1.578585592647100668e+02 1.421861361994292139e-04
7.200000000000006395e+00 1.579021784424161297e+02 1.506796202502824755e-04
7.350000000000006750e+00 1.579953195009235571e+02 1.598067149901627459e-04
7.500000000000007105e+00 1.581506029522103631e+02 1.684671460239206553e-04
7.650000000000007461e+00 1.583891190259801078e+02 1.771919479834904720e-04
7.800000000000007816e+00 1.587433830492324205e+02 1.866338653983001805e-04
7.950000000000008171e+00 1.592619597042020132e+02 1.954927712796150630e-04
8.100000000000008527e+00 1.600165225186493387e+02 2.043773475056687161e-04
8.250000000000008882e+00 1.611126052074600068e+02 2.140131941447132036e-04
8.400000000000009237e+00 1.627061467123791374e+02 2.228723869902582422e-04
8.550000000000009592e+00 1.650294902390446339e+02 2.316116975293880387e-04
8.700000000000009948e+00 1.684334231497357166e+02 2.409856516327746334e-04
8.850000000000010303e+00 1.734584829839103861e+02 2.491851558433788583e-04
9.000000000000010658e+00 1.809592636781686110e+02 2.568514809931921050e-04
9.150000000000011013e+00 1.923587641094385958e+02 2.646939859418662166e-04
9.300000000000011369e+00 2.100569893360377307e+02 2.705926295732963283e-04
9.450000000000011724e+00 2.392065843136317937e+02 2.752042345375294019e-04
9.600000000000012079e+00 2.865340161773313525e+02 2.792564584567225339e-04
9.750000000000012434e+00 4.004866151606867106e+02 2.808099562665589133e-04
9.900000000000012790e+00 5.063727066866325117e+02 2.810759496306713956e-04
1.005000000000001315e+01 7.999998233105543477e+02 2.813187531717220580e-04
1.020000000000001350e+01 7.999998233105543477e+02 2.813187531717220580e-04
1.035000000000001386e+01 7.999998233105543477e+02 2.813187531717220580e-04
1.050000000000001421e+01 7.999998233105543477e+02 2.813187531717220580e-04
1.065000000000001457e+01 7.999998233105543477e+02 2.813187531717220580e-04
1.080000000000001492e+01 7.999998233105543477e+02 2.813187531717220580e-04
1.095000000000001528e+01 7.999998233105543477e+02 2.813187531717220580e-04
1.110000000000001563e+01 7.999998233105543477e+02 2.813187531717220580e-04
1.125000000000001599e+01 7.999998233105543477e+02 2.813187531717220580e-04
1.140000000000001634e+01 7.999998233105543477e+02 2.813187531717220580e-04
1.155000000000001670e+01 7.999998233105543477e+02 2.813187531717220580e-04
1.170000000000001705e+01 7.999998233105543477e+02 2.813187531717220580e-04
1.185000000000001741e+01 7.999998233105543477e+02 2.813187531717220580e-04
1.200000000000001776e+01 7.999998233105543477e+02 2.813187531717220580e-04
1.215000000000001812e+01 7.999998233105543477e+02 2.813187531717220580e-04
1.230000000000001847e+01 7.999998233105543477e+02 2.813187531717220580e-04
1.245000000000001883e+01 7.999998233105543477e+02 2.813187531717220580e-04
1.260000000000001918e+01 7.999998233105543477e+02 2.813187531717220580e-04
1.275000000000001954e+01 7.999998233105543477e+02 2.813187531717220580e-04
1.290000000000001990e+01 7.999998233105543477e+02 2.813187531717220580e-04
1.305000000000002025e+01 7.999992441259047382e+02 2.807633201397097267e-04
1.320000000000002061e+01 7.999992441259047382e+02 2.807633201397097267e-04
1.335000000000002096e+01 7.999992441259047382e+02 2.807633201397097267e-04
1.350000000000002132e+01 7.999992441259047382e+02 2.807633201397097267e-04
1.365000000000002167e+01 7.999992441259047382e+02 2.807633201397097267e-04
1.380000000000002203e+01 7.999992441259047382e+02 2.807633201397097267e-04
1.395000000000002238e+01 7.999992441259047382e+02 2.807633201397097267e-04
1.410000000000002274e+01 7.999992441259047382e+02 2.807633201397097267e-04
1.425000000000002309e+01 7.999992441259047382e+02 2.807633201397097267e-04
1.440000000000002345e+01 7.999992441259047382e+02 2.807633201397097267e-04
1.455000000000002380e+01 7.999992441259047382e+02 2.807633201397097267e-04
1.470000000000002416e+01 7.999992441259047382e+02 2.807633201397097267e-04
1.485000000000002451e+01 7.999992441259047382e+02 2.807633201397097267e-04
1.500000000000002487e+01 7.999992441259047382e+02 2.807633201397097267e-04
1.515000000000002522e+01 7.999992441259047382e+02 2.807633201397097267e-04
1.530000000000002558e+01 7.999992441259047382e+02 2.807633201397097267e-04
1.545000000000002593e+01 7.999992441259047382e+02 2.807633201397097267e-04
1.560000000000002629e+01 7.999992441259047382e+02 2.807633201397097267e-04
1.575000000000002665e+01 7.999992441259047382e+02 2.807633201397097267e-04
1.590000000000002700e+01 7.999992441259047382e+02 2.807633201397097267e-04
