1.499999999999999944e-01 7.994500028498994197e+02 1.344668820735250847e-11
2.999999999999999889e-01 7.994500028498994197e+02 1.344668820735250847e-11
4.499999999999999556e-01 7.994500028498994197e+02 1.344668820735250847e-11
5.999999999999999778e-01 7.994500028498994197e+02 1.344668820735250847e-11
7.500000000000000000e-01 7.994500028498994197e+02 1.344668820735250847e-11
9.000000000000000222e-01 7.994500028498994197e+02 1.344668820735250847e-11
1.050000000000000044e+00 7.994500028498994197e+02 1.344668820735250847e-11
1.199999999999999956e+00 7.994500028498994197e+02 1.344668820735250847e-11
1.349999999999999867e+00 7.994500028498994197e+02 1.344668820735250847e-11
1.499999999999999778e+00 7.994500028498994197e+02 1.344668820735250847e-11
1.649999999999999689e+00 7.994500028498994197e+02 1.344668820735250847e-11
1.799999999999999600e+00 7.994500028498994197e+02 1.344668820735250847e-11
1.949999999999999512e+00 7.994500028498994197e+02 1.344668820735250847e-11
2.099999999999999645e+00 7.996960484826651054e+02 1.341893263173687956e-11
2.249999999999999556e+00 7.996960484826651054e+02 1.341893263173687956e-11
2.399999999999999467e+00 7.996960484826651054e+02 1.341893263173687956e-11
2.549999999999999378e+00 7.996960484826651054e+02 1.341893263173687956e-11
2.699999999999999289e+00 7.996960484826651054e+02 1.341893263173687956e-11
2.849999999999999201e+00 7.996960484826651054e+02 1.341893263173687956e-11
2.999999999999999112e+00 7.996960484826651054e+02 1.341893263173687956e-11
3.149999999999999023e+00 7.996960484826651054e+02 1.341893263173687956e-11
3.299999999999998934e+00 7.996960484826651054e+02 1.341893263173687956e-11
3.449999999999998845e+00 7.996960484826651054e+02 1.341893263173687956e-11
3.599999999999998757e+00 7.996960484826651054e+02 1.341893263173687956e-11
3.749999999999998668e+00 7.996960484826651054e+02 1.341893263173687956e-11
3.899999999999998579e+00 7.996960484826651054e+02 1.341893263173687956e-11
4.049999999999998934e+00 4.244626503289038055e+02 1.342082001087874232e-11
4.199999999999999289e+00 1.917419411326689556e+02 1.341882160943441704e-11
4.349999999999999645e+00 5.882250354503860024e+01 1.345812350450614758e-11
4.500000000000000000e+00 2.089217381326838208e+01 1.344091504762445766e-11
4.650000000000000355e+00 7.091585674089664337e+00 1.325228815574064356e-11
4.800000000000000711e+00 2.517530604060908672e+00 1.273980920757367130e-11
4.950000000000001066e+00 9.497667852467088778e-01 1.156730267126704348e-11
5.100000000000001421e+00 4.191967276549348753e-01 8.704925669178464886e-12
5.250000000000001776e+00 2.387774975177308079e-01 5.343059328311028366e-12
5.400000000000002132e+00 1.775369873919316888e-01 2.502442697505102842e-12
5.550000000000002487e+00 1.567356874943470757e-01 8.900657988419879985e-13
5.700000000000002842e+00 1.496720143013590132e-01 4.615197113366775739e-13
5.850000000000003197e+00 1.472731105072853097e-01 5.710987238671805244e-13
6.000000000000003553e+00 1.464584456016382319e-01 1.309286012940447108e-12
6.150000000000003908e+00 1.461817828208040737e-01 4.280020782232440979e-12
6.300000000000004263e+00 1.460878294733447547e-01 1.237587810010154499e-11
6.450000000000004619e+00 1.460559277138600009e-01 3.634148537656756162e-11
6.600000000000004974e+00 1.460451083657972049e-01 1.065714183567934015e-10
6.750000000000005329e+00 1.460414775283425115e-01 3.132261117144707896e-10
6.900000000000005684e+00 1.460403720393514959e-01 9.222153041221758940e-10
7.050000000000006040e+00 1.460403718033376208e-01 2.712219115963421245e-09
7.200000000000006395e+00 1.460414775283425115e-01 7.976447835567057609e-09
7.350000000000006750e+00 1.460451086018110800e-01 2.349611882834778953e-08
7.500000000000007105e+00 1.460559277138600009e-01 6.909530148035969432e-08
7.650000000000007461e+00 1.460878290013170044e-01 2.031593292484146218e-07
7.800000000000007816e+00 1.461817825847901986e-01 5.980730168886339015e-07
7.950000000000008171e+00 1.464584441855549812e-01 1.755563896477241315e-06
8.100000000000008527e+00 1.472731076751188084e-01 5.134401278250599887e-06
8.250000000000008882e+00 1.496720050968178839e-01 1.488236035784851197e-05
8.400000000000009237e+00 1.567356617688346887e-01 4.179468141873865505e-05
8.550000000000009592e+00 1.775369110414430907e-01 1.085178146775778174e-04
8.700000000000009948e+00 2.387772725965078280e-01 2.376546320562722414e-04
8.850000000000010303e+00 4.191960652229909101e-01 3.982263909553251935e-04
9.000000000000010658e+00 9.497648376012080007e-01 5.165150990485978255e-04
9.150000000000011013e+00 2.517524843567002790e+00 5.751759082447405191e-04
9.300000000000011369e+00 7.091568910488767585e+00 5.972847358221011760e-04
9.450000000000011724e+00 2.089212289376898113e+01 6.047865805731689193e-04
9.600000000000012079e+00 5.882236629232194502e+01 6.078377730922568389e-04
9.750000000000012434e+00 1.917414371452852606e+02 6.079837815401445411e-04
9.900000000000012790e+00 4.244618937566751811e+02 6.077298326436775255e-04
1.005000000000001315e+01 7.996928877436081393e+02 6.078882736707535983e-04
1.020000000000001350e+01 7.996928877436081393e+02 6.078882736707535983e-04
1.035000000000001386e+01 7.996928877436081393e+02 6.078882736707535983e-04
1.050000000000001421e+01 7.996928877436081393e+02 6.078882736707535983e-04
1.065000000000001457e+01 7.996928877436081393e+02 6.078882736707535983e-04
1.080000000000001492e+01 7.996928877436081393e+02 6.078882736707535983e-04
1.095000000000001528e+01 7.996928877436081393e+02 6.078882736707535983e-04
1.110000000000001563e+01 7.996928877436081393e+02 6.078882736707535983e-04
1.125000000000001599e+01 7.996928877436081393e+02 6.078882736707535983e-04
1.140000000000001634e+01 7.996928877436081393e+02 6.078882736707535983e-04
1.155000000000001670e+01 7.996928877436081393e+02 6.078882736707535983e-04
1.170000000000001705e+01 7.996928877436081393e+02 6.078882736707535983e-04
1.185000000000001741e+01 7.996928877436081393e+02 6.078882736707535983e-04
1.200000000000001776e+01 7.996928877436081393e+02 6.078882736707535983e-04
1.215000000000001812e+01 7.996928877436081393e+02 6.078882736707535983e-04
1.230000000000001847e+01 7.996928877436081393e+02 6.078882736707535983e-04
1.245000000000001883e+01 7.996928877436081393e+02 6.078882736707535983e-04
1.260000000000001918e+01 7.996928877436081393e+02 6.078882736707535983e-04
1.275000000000001954e+01 7.996928877436081393e+02 6.078882736707535983e-04
1.290000000000001990e+01 7.996928877436081393e+02 6.078882736707535983e-04
1.305000000000002025e+01 7.994442833324995945e+02 6.073325753056524334e-04
1.320000000000002061e+01 7.994442833324995945e+02 6.073325753056524334e-04
1.335000000000002096e+01 7.994442833324995945e+02 6.073325753056524334e-04
1.350000000000002132e+01 7.994442833324995945e+02 6.073325753056524334e-04
1.365000000000002167e+01 7.994442833324995945e+02 6.073325753056524334e-04
1.380000000000002203e+01 7.994442833324995945e+02 6.073325753056524334e-04
1.395000000000002238e+01 7.994442833324995945e+02 6.073325753056524334e-04
1.410000000000002274e+01 7.994442833324995945e+02 6.073325753056524334e-04
1.425000000000002309e+01 7.994442833324995945e+02 6.073325753056524334e-04
1.440000000000002345e+01 7.994442833324995945e+02 6.073325753056524334e-04
1.455000000000002380e+01 7.994442833324995945e+02 6.073325753056524334e-04
1.470000000000002416e+01 7.994442833324995945e+02 6.073325753056524334e-04
1.485000000000002451e+01 7.994442833324995945e+02 6.073325753056524334e-04
1.500000000000002487e+01 7.994442833324995945e+02 6.073325753056524334e-04
1.515000000000002522e+01 7.994442833324995945e+02 6.073325753056524334e-04
1.530000000000002558e+01 7.994442833324995945e+02 6.073325753056524334e-04
1.545000000000002593e+01 7.994442833324995945e+02 6.073325753056524334e-04
1.560000000000002629e+01 7.994442833324995945e+02 6.073325753056524334e-04
1.575000000000002665e+01 7.994442833324995945e+02 6.073325753056524334e-04
1.590000000000002700e+01 7.994442833324995945e+02 6.073325753056524334e-04
