1.499999999999999944e-01 7.999987111395125794e+02 2.522790792269802296e-06
2.999999999999999889e-01 7.999987111395125794e+02 2.522790792269802296e-06
4.499999999999999556e-01 7.999987111395125794e+02 2.522790792269802296e-06
5.999999999999999778e-01 7.999987111395125794e+02 2.522790792269802296e-06
7.500000000000000000e-01 7.999987111395125794e+02 2.522790792269802296e-06
9.000000000000000222e-01 7.999987111395125794e+02 2.522790792269802296e-06
1.050000000000000044e+00 7.999987111395125794e+02 2.522790792269802296e-06
1.199999999999999956e+00 7.999987111395125794e+02 2.522790792269802296e-06
1.349999999999999867e+00 7.999987111395125794e+02 2.522790792269802296e-06
1.499999999999999778e+00 7.999987111395125794e+02 2.522790792269802296e-06
1.649999999999999689e+00 7.999987111395125794e+02 2.522790792269802296e-06
1.799999999999999600e+00 7.999987111395125794e+02 2.522790792269802296e-06
1.949999999999999512e+00 7.999987111395125794e+02 2.522790792269802296e-06
2.099999999999999645e+00 7.999996765318862799e+02 2.525793790009167594e-06
2.249999999999999556e+00 7.999996765318862799e+02 2.525793790009167594e-06
2.399999999999999467e+00 7.999996765318862799e+02 2.525793790009167594e-06
2.549999999999999378e+00 7.999996765318862799e+02 2.525793790009167594e-06
2.699999999999999289e+00 7.999996765318862799e+02 2.525793790009167594e-06
2.849999999999999201e+00 7.999996765318862799e+02 2.525793790009167594e-06
2.999999999999999112e+00 7.999996765318862799e+02 2.525793790009167594e-06
3.149999999999999023e+00 7.999996765318862799e+02 2.525793790009167594e-06
3.299999999999998934e+00 7.999996765318862799e+02 2.525793790009167594e-06
3.449999999999998845e+00 7.999996765318862799e+02 2.525793790009167594e-06
3.599999999999998757e+00 7.999996765318862799e+02 2.525793790009167594e-06
3.749999999999998668e+00 7.999996765318862799e+02 2.525793790009167594e-06
3.899999999999998579e+00 7.999996765318862799e+02 2.525793790009167594e-06
4.049999999999998934e+00 5.040349076645158561e+02 2.553002254268577076e-06
4.199999999999999289e+00 3.863700918067716543e+02 2.701665010151899082e-06
4.349999999999999645e+00 2.594590170617759100e+02 3.144999612847421133e-06
4.500000000000000000e+00 2.012270203709253451e+02 3.943549635510024132e-06
4.650000000000000355e+00 1.620766420954208229e+02 5.277618160937080916e-06
4.800000000000000711e+00 1.353330669911629229e+02 7.252815985014926525e-06
4.950000000000001066e+00 1.157536259830451257e+02 1.003499952523245753e-05
5.100000000000001421e+00 1.009042291572031900e+02 1.381129014732529470e-05
5.250000000000001776e+00 8.932365827725763552e+01 1.870306050821834987e-05
5.400000000000002132e+00 8.011775732311375009e+01 2.490112500352914537e-05
5.550000000000002487e+00 7.270315195042326195e+01 3.263939043751662439e-05
5.700000000000002842e+00 6.668445407670751024e+01 4.195859546674007845e-05
5.850000000000003197e+00 6.178471724917451269e+01 5.304536060535269826e-05
6.000000000000003553e+00 5.780515472543968514e+01 6.613978789271612868e-05
6.150000000000003908e+00 5.460060076094502080e+01 8.106318275724611055e-05
6.300000000000004263e+00 5.206407647988977772e+01 9.793444955441543698e-05
6.450000000000004619e+00 5.011682281223240665e+01 1.169420052214986683e-04
6.600000000000004974e+00 4.870175881445435806e+01 1.375287931889568327e-04
6.750000000000005329e+00 4.777917663201365883e+01 1.597073394367098942e-04
6.900000000000005684e+00 4.732396841133247278e+01 1.835987205949241030e-04
7.050000000000006040e+00 4.732396841048660718e+01 2.081843330683508242e-04
7.200000000000006395e+00 4.777917662945392152e+01 2.334298543610335841e-04
7.350000000000006750e+00 4.870175881011299879e+01 2.594739810537483038e-04
7.500000000000007105e+00 5.011682280599601569e+01 2.848963882388089175e-04
7.650000000000007461e+00 5.206407647158642504e+01 3.097752195931890995e-04
7.800000000000007816e+00 5.460060075033223370e+01 3.344182920496097111e-04
7.950000000000008171e+00 5.780515471218787837e+01 3.571585258399512242e-04
8.100000000000008527e+00 6.178471723283377770e+01 3.783418158189721936e-04
8.250000000000008882e+00 6.668445405666521708e+01 3.985521891636256697e-04
8.400000000000009237e+00 7.270315192582803832e+01 4.160152003491734973e-04
8.550000000000009592e+00 8.011775729276844515e+01 4.313958664883266181e-04
8.700000000000009948e+00 8.932365823942581073e+01 4.455535031590018846e-04
8.850000000000010303e+00 1.009042291092737003e+02 4.566794395592932432e-04
9.000000000000010658e+00 1.157536259209280729e+02 4.657072576532694796e-04
9.150000000000011013e+00 1.353330669079567201e+02 4.737008913566764789e-04
9.300000000000011369e+00 1.620766419793884268e+02 4.788509415039055028e-04
9.450000000000011724e+00 2.012270201944003247e+02 4.822976701789327691e-04
9.600000000000012079e+00 2.594590167938367813e+02 4.852223975709835102e-04
9.750000000000012434e+00 3.863700911240318874e+02 4.859098899587799281e-04
9.900000000000012790e+00 5.040349071643872776e+02 4.858504583352685202e-04
1.005000000000001315e+01 7.999996706384071103e+02 4.860331783250737558e-04
1.020000000000001350e+01 7.999996706384071103e+02 4.860331783250737558e-04
1.035000000000001386e+01 7.999996706384071103e+02 4.860331783250737558e-04
1.050000000000001421e+01 7.999996706384071103e+02 4.860331783250737558e-04
1.065000000000001457e+01 7.999996706384071103e+02 4.860331783250737558e-04
1.080000000000001492e+01 7.999996706384071103e+02 4.860331783250737558e-04
1.095000000000001528e+01 7.999996706384071103e+02 4.860331783250737558e-04
1.110000000000001563e+01 7.999996706384071103e+02 4.860331783250737558e-04
1.125000000000001599e+01 7.999996706384071103e+02 4.860331783250737558e-04
1.140000000000001634e+01 7.999996706384071103e+02 4.860331783250737558e-04
1.155000000000001670e+01 7.999996706384071103e+02 4.860331783250737558e-04
1.170000000000001705e+01 7.999996706384071103e+02 4.860331783250737558e-04
1.185000000000001741e+01 7.999996706384071103e+02 4.860331783250737558e-04
1.200000000000001776e+01 7.999996706384071103e+02 4.860331783250737558e-04
1.215000000000001812e+01 7.999996706384071103e+02 4.860331783250737558e-04
1.230000000000001847e+01 7.999996706384071103e+02 4.860331783250737558e-04
1.245000000000001883e+01 7.999996706384071103e+02 4.860331783250737558e-04
1.260000000000001918e+01 7.999996706384071103e+02 4.860331783250737558e-04
1.275000000000001954e+01 7.999996706384071103e+02 4.860331783250737558e-04
1.290000000000001990e+01 7.999996706384071103e+02 4.860331783250737558e-04
1.305000000000002025e+01 7.999986876569130345e+02 4.854650491438183835e-04
1.320000000000002061e+01 7.999986876569130345e+02 4.854650491438183835e-04
1.335000000000002096e+01 7.999986876569130345e+02 4.854650491438183835e-04
1.350000000000002132e+01 7.999986876569130345e+02 4.854650491438183835e-04
1.365000000000002167e+01 7.999986876569130345e+02 4.854650491438183835e-04
1.380000000000002203e+01 7.999986876569130345e+02 4.854650491438183835e-04
1.395000000000002238e+01 7.999986876569130345e+02 4.854650491438183835e-04
1.410000000000002274e+01 7.999986876569130345e+02 4.854650491438183835e-04
1.425000000000002309e+01 7.999986876569130345e+02 4.854650491438183835e-04
1.440000000000002345e+01 7.999986876569130345e+02 4.854650491438183835e-04
1.455000000000002380e+01 7.999986876569130345e+02 4.854650491438183835e-04
1.470000000000002416e+01 7.999986876569130345e+02 4.854650491438183835e-04
1.485000000000002451e+01 7.999986876569130345e+02 4.854650491438183835e-04
1.500000000000002487e+01 7.999986876569130345e+02 4.854650491438183835e-04
1.515000000000002522e+01 7.999986876569130345e+02 4.854650491438183835e-04
1.530000000000002558e+01 7.999986876569130345e+02 4.854650491438183835e-04
1.545000000000002593e+01 7.999986876569130345e+02 4.854650491438183835e-04
1.560000000000002629e+01 7.999986876569130345e+02 4.854650491438183835e-04
1.575000000000002665e+01 7.999986876569130345e+02 4.854650491438183835e-04
1.590000000000002700e+01 7.999986876569130345e+02 4.854650491438183835e-04
