1.499999999999999944e-01 7.998516217037862361e+02 6.154049492224089590e-10
2.999999999999999889e-01 7.998516217037862361e+02 6.154049492224089590e-10
4.499999999999999556e-01 7.998516217037862361e+02 6.154049492224089590e-10
5.999999999999999778e-01 7.998516217037862361e+02 6.154049492224089590e-10
7.500000000000000000e-01 7.998516217037862361e+02 6.154049492224089590e-10
9.000000000000000222e-01 7.998516217037862361e+02 6.154049492224089590e-10
1.050000000000000044e+00 7.998516217037862361e+02 6.154049492224089590e-10
1.199999999999999956e+00 7.998516217037862361e+02 6.154049492224089590e-10
1.349999999999999867e+00 7.998516217037862361e+02 6.154049492224089590e-10
1.499999999999999778e+00 7.998516217037862361e+02 6.154049492224089590e-10
1.649999999999999689e+00 7.998516217037862361e+02 6.154049492224089590e-10
1.799999999999999600e+00 7.998516217037862361e+02 6.154049492224089590e-10
1.949999999999999512e+00 7.998516217037862361e+02 6.154049492224089590e-10
2.099999999999999645e+00 7.999306500574664369e+02 6.135378871618968333e-10
2.249999999999999556e+00 7.999306500574664369e+02 6.135378871618968333e-10
2.399999999999999467e+00 7.999306500574664369e+02 6.135378871618968333e-10
2.549999999999999378e+00 7.999306500574664369e+02 6.135378871618968333e-10
2.699999999999999289e+00 7.999306500574664369e+02 6.135378871618968333e-10
2.849999999999999201e+00 7.999306500574664369e+02 6.135378871618968333e-10
2.999999999999999112e+00 7.999306500574664369e+02 6.135378871618968333e-10
3.149999999999999023e+00 7.999306500574664369e+02 6.135378871618968333e-10
3.299999999999998934e+00 7.999306500574664369e+02 6.135378871618968333e-10
3.449999999999998845e+00 7.999306500574664369e+02 6.135378871618968333e-10
3.599999999999998757e+00 7.999306500574664369e+02 6.135378871618968333e-10
3.749999999999998668e+00 7.999306500574664369e+02 6.135378871618968333e-10
3.899999999999998579e+00 7.999306500574664369e+02 6.135378871618968333e-10
4.049999999999998934e+00 4.549085057917724271e+02 6.139337926924781641e-10
4.199999999999999289e+00 2.367361470406011676e+02 6.177921507699579706e-10
4.349999999999999645e+00 8.679948390920519330e+01 6.161740007115668050e-10
4.500000000000000000e+00 3.617649502931819683e+01 6.117056861043579374e-10
4.650000000000000355e+00 1.465314615667267617e+01 6.044552636197408901e-10
4.800000000000000711e+00 6.182301020808949943e+00 5.768285848972709573e-10
4.950000000000001066e+00 2.762948084846158281e+00 5.174726203094337507e-10
5.100000000000001421e+00 1.394323979766340926e+00 4.146858412212850453e-10
5.250000000000001776e+00 8.449508444597313428e-01 2.746900484851266810e-10
5.400000000000002132e+00 6.246409214633104057e-01 1.494943058233388911e-10
5.550000000000002487e+00 5.362634999262354540e-01 7.117617606411386078e-11
5.700000000000002842e+00 5.008147090356942499e-01 3.278965987618676081e-11
5.850000000000003197e+00 4.865954386675639398e-01 1.909028490842956671e-11
6.000000000000003553e+00 4.808918658210359354e-01 2.149069810997161767e-11
6.150000000000003908e+00 4.786040912841826866e-01 4.285638510737044271e-11
6.300000000000004263e+00 4.776865072769851395e-01 1.023586770898532450e-10
6.450000000000004619e+00 4.773186548121657324e-01 2.539971566406507009e-10
6.600000000000004974e+00 4.771716186399999060e-01 6.310268974019095367e-10
6.750000000000005329e+00 4.771139263463055613e-01 1.568587482125849419e-09
6.900000000000005684e+00 4.770939922603929517e-01 3.913116719544973421e-09
7.050000000000006040e+00 4.770939922013894829e-01 9.727977312579128011e-09
7.200000000000006395e+00 4.771139263463055613e-01 2.418122901914898648e-08
7.350000000000006750e+00 4.771716186990033748e-01 6.031632693304089798e-08
7.500000000000007105e+00 4.773186548121657324e-01 1.498918553721750868e-07
7.650000000000007461e+00 4.776865070999747331e-01 3.723237983477289959e-07
7.800000000000007816e+00 4.786040905761410613e-01 9.270366760905091041e-07
7.950000000000008171e+00 4.808918639919284033e-01 2.293524193675011702e-06
8.100000000000008527e+00 4.865954344783176566e-01 5.634558454148397288e-06
8.250000000000008882e+00 5.008146982380594636e-01 1.365718063361942569e-05
8.400000000000009237e+00 5.362634728436432852e-01 3.170554471731978907e-05
8.550000000000009592e+00 6.246408542583594681e-01 6.766538964575463666e-05
8.700000000000009948e+00 8.449506769488834834e-01 1.247834201903996743e-04
8.850000000000010303e+00 1.394323561948027645e+00 1.879995186029326248e-04
9.000000000000010658e+00 2.762947044120849682e+00 2.357563365000814315e-04
9.150000000000011013e+00 6.182298418719099686e+00 2.631364942529135220e-04
9.300000000000011369e+00 1.465313972478014293e+01 2.750727661157137405e-04
9.450000000000011724e+00 3.617647857535551736e+01 2.797463177280912205e-04
9.600000000000012079e+00 8.679944600683280953e+01 2.821687107917858484e-04
9.750000000000012434e+00 2.367360277073972270e+02 2.822024654888233286e-04
9.900000000000012790e+00 4.549083637417171531e+02 2.819293473800277283e-04
1.005000000000001315e+01 7.999299346133506106e+02 2.820835465059401415e-04
1.020000000000001350e+01 7.999299346133506106e+02 2.820835465059401415e-04
1.035000000000001386e+01 7.999299346133506106e+02 2.820835465059401415e-04
1.050000000000001421e+01 7.999299346133506106e+02 2.820835465059401415e-04
1.065000000000001457e+01 7.999299346133506106e+02 2.820835465059401415e-04
1.080000000000001492e+01 7.999299346133506106e+02 2.820835465059401415e-04
1.095000000000001528e+01 7.999299346133506106e+02 2.820835465059401415e-04
1.110000000000001563e+01 7.999299346133506106e+02 2.820835465059401415e-04
1.125000000000001599e+01 7.999299346133506106e+02 2.820835465059401415e-04
1.140000000000001634e+01 7.999299346133506106e+02 2.820835465059401415e-04
1.155000000000001670e+01 7.999299346133506106e+02 2.820835465059401415e-04
1.170000000000001705e+01 7.999299346133506106e+02 2.820835465059401415e-04
1.185000000000001741e+01 7.999299346133506106e+02 2.820835465059401415e-04
1.200000000000001776e+01 7.999299346133506106e+02 2.820835465059401415e-04
1.215000000000001812e+01 7.999299346133506106e+02 2.820835465059401415e-04
1.230000000000001847e+01 7.999299346133506106e+02 2.820835465059401415e-04
1.245000000000001883e+01 7.999299346133506106e+02 2.820835465059401415e-04
1.260000000000001918e+01 7.999299346133506106e+02 2.820835465059401415e-04
1.275000000000001954e+01 7.999299346133506106e+02 2.820835465059401415e-04
1.290000000000001990e+01 7.999299346133506106e+02 2.820835465059401415e-04
1.305000000000002025e+01 7.998500909512040380e+02 2.815241371084686861e-04
1.320000000000002061e+01 7.998500909512040380e+02 2.815241371084686861e-04
1.335000000000002096e+01 7.998500909512040380e+02 2.815241371084686861e-04
1.350000000000002132e+01 7.998500909512040380e+02 2.815241371084686861e-04
1.365000000000002167e+01 7.998500909512040380e+02 2.815241371084686861e-04
1.380000000000002203e+01 7.998500909512040380e+02 2.815241371084686861e-04
1.395000000000002238e+01 7.998500909512040380e+02 2.815241371084686861e-04
1.410000000000002274e+01 7.998500909512040380e+02 2.815241371084686861e-04
1.425000000000002309e+01 7.998500909512040380e+02 2.815241371084686861e-04
1.440000000000002345e+01 7.998500909512040380e+02 2.815241371084686861e-04
1.455000000000002380e+01 7.998500909512040380e+02 2.815241371084686861e-04
1.470000000000002416e+01 7.998500909512040380e+02 2.815241371084686861e-04
1.485000000000002451e+01 7.998500909512040380e+02 2.815241371084686861e-04
1.500000000000002487e+01 7.998500909512040380e+02 2.815241371084686861e-04
1.515000000000002522e+01 7.998500909512040380e+02 2.815241371084686861e-04
1.530000000000002558e+01 7.998500909512040380e+02 2.815241371084686861e-04
1.545000000000002593e+01 7.998500909512040380e+02 2.815241371084686861e-04
1.560000000000002629e+01 7.998500909512040380e+02 2.815241371084686861e-04
1.575000000000002665e+01 7.998500909512040380e+02 2.815241371084686861e-04
1.590000000000002700e+01 7.998500909512040380e+02 2.815241371084686861e-04
