1.499999999999999944e-01 7.999999788018834579e+02 1.893071044357652610e-04
2.999999999999999889e-01 7.999999788018834579e+02 1.893071044357652610e-04
4.499999999999999556e-01 7.999999788018834579e+02 1.893071044357652610e-04
5.999999999999999778e-01 7.999999788018834579e+02 1.893071044357652610e-04
7.500000000000000000e-01 7.999999788018834579e+02 1.893071044357652610e-04
9.000000000000000222e-01 7.999999788018834579e+02 1.893071044357652610e-04
1.050000000000000044e+00 7.999999788018834579e+02 1.893071044357652610e-04
1.199999999999999956e+00 7.999999788018834579e+02 1.893071044357652610e-04
1.349999999999999867e+00 7.999999788018834579e+02 1.893071044357652610e-04
1.499999999999999778e+00 7.999999788018834579e+02 1.893071044357652610e-04
1.649999999999999689e+00 7.999999788018834579e+02 1.893071044357652610e-04
1.799999999999999600e+00 7.999999788018834579e+02 1.893071044357652610e-04
1.949999999999999512e+00 7.999999788018834579e+02 1.893071044357652610e-04
2.099999999999999645e+00 7.999999968236138557e+02 1.896142269992573404e-04
2.249999999999999556e+00 7.999999968236138557e+02 1.896142269992573404e-04
2.399999999999999467e+00 7.999999968236138557e+02 1.896142269992573404e-04
2.549999999999999378e+00 7.999999968236138557e+02 1.896142269992573404e-04
2.699999999999999289e+00 7.999999968236138557e+02 1.896142269992573404e-04
2.849999999999999201e+00 7.999999968236138557e+02 1.896142269992573404e-04
2.999999999999999112e+00 7.999999968236138557e+02 1.896142269992573404e-04
3.149999999999999023e+00 7.999999968236138557e+02 1.896142269992573404e-04
3.299999999999998934e+00 7.999999968236138557e+02 1.896142269992573404e-04
3.449999999999998845e+00 7.999999968236138557e+02 1.896142269992573404e-04
3.599999999999998757e+00 7.999999968236138557e+02 1.896142269992573404e-04
3.749999999999998668e+00 7.999999968236138557e+02 1.896142269992573404e-04
3.899999999999998579e+00 7.999999968236138557e+02 1.896142269992573404e-04
4.049999999999998934e+00 5.146858106250167566e+02 1.916295262315292902e-04
4.199999999999999289e+00 4.587841306664926719e+02 2.009163072214104062e-04
4.349999999999999645e+00 3.967931838826076500e+02 2.200097591392724539e-04
4.500000000000000000e+00 3.823017466040122940e+02 2.414511569707178396e-04
4.650000000000000355e+00 3.764210461824558251e+02 2.647925322307731477e-04
4.800000000000000711e+00 3.744408048297794949e+02 2.881970328475480514e-04
4.950000000000001066e+00 3.737222491959334434e+02 3.116531686755408259e-04
5.100000000000001421e+00 3.734676008185759315e+02 3.353693493240994528e-04
5.250000000000001776e+00 3.733764481232828416e+02 3.586037426149824014e-04
5.400000000000002132e+00 3.733439221981809624e+02 3.816621138782450018e-04
5.550000000000002487e+00 3.733323005665467917e+02 4.049600434803402038e-04
5.700000000000002842e+00 3.733281498599900488e+02 4.276462402470482260e-04
5.850000000000003197e+00 3.733266671592763828e+02 4.501168578224801209e-04
6.000000000000003553e+00 3.733261375440795291e+02 4.728653628225387706e-04
6.150000000000003908e+00 3.733259483636942377e+02 4.948972480653957007e-04
6.300000000000004263e+00 3.733258807900487000e+02 5.166826861213724698e-04
6.450000000000004619e+00 3.733258566581046125e+02 5.387859696998065218e-04
6.600000000000004974e+00 3.733258480537302262e+02 5.600717385103592960e-04
6.750000000000005329e+00 3.733258450239655986e+02 5.810815753134468409e-04
6.900000000000005684e+00 3.733258440641871516e+02 6.024480071562532402e-04
7.050000000000006040e+00 3.733258440641883453e+02 6.228995006154480762e-04
7.200000000000006395e+00 3.733258450239680428e+02 6.430467476900014745e-04
7.350000000000006750e+00 3.733258480537341484e+02 6.635878503817860263e-04
7.500000000000007105e+00 3.733258566581102968e+02 6.831204227029097353e-04
7.650000000000007461e+00 3.733258807900554643e+02 7.023217061866704469e-04
7.800000000000007816e+00 3.733259483637021958e+02 7.219524542648736443e-04
7.950000000000008171e+00 3.733261375440894767e+02 7.404852850959597887e-04
8.100000000000008527e+00 3.733266671592873536e+02 7.586611317891289730e-04
8.250000000000008882e+00 3.733281498600022701e+02 7.773001567751292029e-04
8.400000000000009237e+00 3.733323005665602068e+02 7.947561898516974921e-04
8.550000000000009592e+00 3.733439221981954006e+02 8.118302792726739270e-04
8.700000000000009948e+00 3.733764481232969388e+02 8.293972426669515841e-04
8.850000000000010303e+00 3.734676008185870160e+02 8.456954492602752893e-04
9.000000000000010658e+00 3.737222491959327044e+02 8.615726032846771076e-04
9.150000000000011013e+00 3.744408048297442519e+02 8.779293151441880383e-04
9.300000000000011369e+00 3.764210461823246874e+02 8.928145506844620272e-04
9.450000000000011724e+00 3.823017466035780672e+02 9.069726338559735979e-04
9.600000000000012079e+00 3.967931838815420065e+02 9.206179331342490002e-04
9.750000000000012434e+00 4.587841306614169525e+02 9.312917328544445539e-04
9.900000000000012790e+00 5.146858106215701127e+02 9.360096192031486240e-04
1.005000000000001315e+01 7.999999967384499087e+02 9.372055018509461988e-04
1.020000000000001350e+01 7.999999967384499087e+02 9.372055018509461988e-04
1.035000000000001386e+01 7.999999967384499087e+02 9.372055018509461988e-04
1.050000000000001421e+01 7.999999967384499087e+02 9.372055018509461988e-04
1.065000000000001457e+01 7.999999967384499087e+02 9.372055018509461988e-04
1.080000000000001492e+01 7.999999967384499087e+02 9.372055018509461988e-04
1.095000000000001528e+01 7.999999967384499087e+02 9.372055018509461988e-04
1.110000000000001563e+01 7.999999967384499087e+02 9.372055018509461988e-04
1.125000000000001599e+01 7.999999967384499087e+02 9.372055018509461988e-04
1.140000000000001634e+01 7.999999967384499087e+02 9.372055018509461988e-04
1.155000000000001670e+01 7.999999967384499087e+02 9.372055018509461988e-04
1.170000000000001705e+01 7.999999967384499087e+02 9.372055018509461988e-04
1.185000000000001741e+01 7.999999967384499087e+02 9.372055018509461988e-04
1.200000000000001776e+01 7.999999967384499087e+02 9.372055018509461988e-04
1.215000000000001812e+01 7.999999967384499087e+02 9.372055018509461988e-04
1.230000000000001847e+01 7.999999967384499087e+02 9.372055018509461988e-04
1.245000000000001883e+01 7.999999967384499087e+02 9.372055018509461988e-04
1.260000000000001918e+01 7.999999967384499087e+02 9.372055018509461988e-04
1.275000000000001954e+01 7.999999967384499087e+02 9.372055018509461988e-04
1.290000000000001990e+01 7.999999967384499087e+02 9.372055018509461988e-04
1.305000000000002025e+01 7.999999782335278269e+02 9.368312729982619658e-04
1.320000000000002061e+01 7.999999782335278269e+02 9.368312729982619658e-04
1.335000000000002096e+01 7.999999782335278269e+02 9.368312729982619658e-04
1.350000000000002132e+01 7.999999782335278269e+02 9.368312729982619658e-04
1.365000000000002167e+01 7.999999782335278269e+02 9.368312729982619658e-04
1.380000000000002203e+01 7.999999782335278269e+02 9.368312729982619658e-04
1.395000000000002238e+01 7.999999782335278269e+02 9.368312729982619658e-04
1.410000000000002274e+01 7.999999782335278269e+02 9.368312729982619658e-04
1.425000000000002309e+01 7.999999782335278269e+02 9.368312729982619658e-04
1.440000000000002345e+01 7.999999782335278269e+02 9.368312729982619658e-04
1.455000000000002380e+01 7.999999782335278269e+02 9.368312729982619658e-04
1.470000000000002416e+01 7.999999782335278269e+02 9.368312729982619658e-04
1.485000000000002451e+01 7.999999782335278269e+02 9.368312729982619658e-04
1.500000000000002487e+01 7.999999782335278269e+02 9.368312729982619658e-04
1.515000000000002522e+01 7.999999782335278269e+02 9.368312729982619658e-04
1.530000000000002558e+01 7.999999782335278269e+02 9.368312729982619658e-04
1.545000000000002593e+01 7.999999782335278269e+02 9.368312729982619658e-04
1.560000000000002629e+01 7.999999782335278269e+02 9.368312729982619658e-04
1.575000000000002665e+01 7.999999782335278269e+02 9.368312729982619658e-04
1.590000000000002700e+01 7.999999782335278269e+02 9.368312729982619658e-04
