1.499999999999999944e-01 7.999576667838128969e+02 3.688216398956001285e-11
2.999999999999999889e-01 7.999576667838128969e+02 3.688216398956001285e-11
4.499999999999999556e-01 7.999576667838128969e+02 3.688216398956001285e-11
5.999999999999999778e-01 7.999576667838128969e+02 3.688216398956001285e-11
7.500000000000000000e-01 7.999576667838128969e+02 3.688216398956001285e-11
9.000000000000000222e-01 7.999576667838128969e+02 3.688216398956001285e-11
1.050000000000000044e+00 7.999576667838128969e+02 3.688216398956001285e-11
1.199999999999999956e+00 7.999576667838128969e+02 3.688216398956001285e-11
1.349999999999999867e+00 7.999576667838128969e+02 3.688216398956001285e-11
1.499999999999999778e+00 7.999576667838128969e+02 3.688216398956001285e-11
1.649999999999999689e+00 7.999576667838128969e+02 3.688216398956001285e-11
1.799999999999999600e+00 7.999576667838128969e+02 3.688216398956001285e-11
1.949999999999999512e+00 7.999576667838128969e+02 3.688216398956001285e-11
2.099999999999999645e+00 7.999832002613713939e+02 3.701616790863226925e-11
2.249999999999999556e+00 7.999832002613713939e+02 3.701616790863226925e-11
2.399999999999999467e+00 7.999832002613713939e+02 3.701616790863226925e-11
2.549999999999999378e+00 7.999832002613713939e+02 3.701616790863226925e-11
2.699999999999999289e+00 7.999832002613713939e+02 3.701616790863226925e-11
2.849999999999999201e+00 7.999832002613713939e+02 3.701616790863226925e-11
2.999999999999999112e+00 7.999832002613713939e+02 3.701616790863226925e-11
3.149999999999999023e+00 7.999832002613713939e+02 3.701616790863226925e-11
3.299999999999998934e+00 7.999832002613713939e+02 3.701616790863226925e-11
3.449999999999998845e+00 7.999832002613713939e+02 3.701616790863226925e-11
3.599999999999998757e+00 7.999832002613713939e+02 3.701616790863226925e-11
3.749999999999998668e+00 7.999832002613713939e+02 3.701616790863226925e-11
3.899999999999998579e+00 7.999832002613713939e+02 3.701616790863226925e-11
4.049999999999998934e+00 4.751429180723451964e+02 3.687350424996793663e-11
4.199999999999999289e+00 2.792415946028993972e+02 3.684141880455626961e-11
4.349999999999999645e+00 1.203120083802008509e+02 3.672084858408197761e-11
4.500000000000000000e+00 5.811930443326647122e+01 3.653999325337053961e-11
4.650000000000000355e+00 2.743923697075054946e+01 3.630418188294015636e-11
4.800000000000000711e+00 1.324005020412020173e+01 3.545463922449698657e-11
4.950000000000001066e+00 6.534107868987206302e+00 3.419142746707848346e-11
5.100000000000001421e+00 3.384812918954381189e+00 3.279654325893943678e-11
5.250000000000001776e+00 1.903166515404507209e+00 3.339706289295918396e-11
5.400000000000002132e+00 1.206451159653681771e+00 4.457367808186063485e-11
5.550000000000002487e+00 8.787819352406813778e-01 8.659828409918191028e-11
5.700000000000002842e+00 7.246842953135228527e-01 1.975546393140348300e-10
5.850000000000003197e+00 6.522138158777579520e-01 4.529983055334696473e-10
6.000000000000003553e+00 6.181323896637422877e-01 1.010067363083066994e-09
6.150000000000003908e+00 6.021056884578683821e-01 2.196614223848314396e-09
6.300000000000004263e+00 5.945715965392537328e-01 4.716985135821971653e-09
6.450000000000004619e+00 5.910349941735830726e-01 1.009239469773604014e-08
6.600000000000004974e+00 5.893858133532603460e-01 2.146664612734383581e-08
6.750000000000005329e+00 5.886400916997445165e-01 4.559094979317279694e-08
6.900000000000005684e+00 5.883529042341706372e-01 9.702032321978748541e-08
7.050000000000006040e+00 5.883529042931741060e-01 2.057928515375451184e-07
7.200000000000006395e+00 5.886400916407410477e-01 4.363003204277404734e-07
7.350000000000006750e+00 5.893858131172464709e-01 9.268477870749691760e-07
7.500000000000007105e+00 5.910349937605587911e-01 1.960478664964071527e-06
7.650000000000007461e+00 5.945715958902155762e-01 4.133694844088431353e-06
7.800000000000007816e+00 6.021056869237781939e-01 8.682456821507145150e-06
7.950000000000008171e+00 6.181323864185515049e-01 1.793911840164419402e-05
8.100000000000008527e+00 6.522138089743521050e-01 3.606282838886087916e-05
8.250000000000008882e+00 7.246842803856452520e-01 6.903573554573050330e-05
8.400000000000009237e+00 8.787819035853203786e-01 1.207559030010907364e-04
8.550000000000009592e+00 1.206451092301222161e+00 1.865732234236361364e-04
8.700000000000009948e+00 1.903166372173586751e+00 2.515640023312837315e-04
8.850000000000010303e+00 3.384812614304721023e+00 3.000427604604727350e-04
9.000000000000010658e+00 6.534107221527392539e+00 3.296276573716561131e-04
9.150000000000011013e+00 1.324004882466888589e+01 3.462398422270362985e-04
9.300000000000011369e+00 2.743923405476040500e+01 3.536991220870477903e-04
9.450000000000011724e+00 5.811929808884888615e+01 3.568814789485230676e-04
9.600000000000012079e+00 1.203119957633946200e+02 3.589254785911766277e-04
9.750000000000012434e+00 2.792415597597166084e+02 3.588873293436378731e-04
9.900000000000012790e+00 4.751428838656173639e+02 3.585993501226125701e-04
1.005000000000001315e+01 7.999829881718744673e+02 3.587493747974068725e-04
1.020000000000001350e+01 7.999829881718744673e+02 3.587493747974068725e-04
1.035000000000001386e+01 7.999829881718744673e+02 3.587493747974068725e-04
1.050000000000001421e+01 7.999829881718744673e+02 3.587493747974068725e-04
1.065000000000001457e+01 7.999829881718744673e+02 3.587493747974068725e-04
1.080000000000001492e+01 7.999829881718744673e+02 3.587493747974068725e-04
1.095000000000001528e+01 7.999829881718744673e+02 3.587493747974068725e-04
1.110000000000001563e+01 7.999829881718744673e+02 3.587493747974068725e-04
1.125000000000001599e+01 7.999829881718744673e+02 3.587493747974068725e-04
1.140000000000001634e+01 7.999829881718744673e+02 3.587493747974068725e-04
1.155000000000001670e+01 7.999829881718744673e+02 3.587493747974068725e-04
1.170000000000001705e+01 7.999829881718744673e+02 3.587493747974068725e-04
1.185000000000001741e+01 7.999829881718744673e+02 3.587493747974068725e-04
1.200000000000001776e+01 7.999829881718744673e+02 3.587493747974068725e-04
1.215000000000001812e+01 7.999829881718744673e+02 3.587493747974068725e-04
1.230000000000001847e+01 7.999829881718744673e+02 3.587493747974068725e-04
1.245000000000001883e+01 7.999829881718744673e+02 3.587493747974068725e-04
1.260000000000001918e+01 7.999829881718744673e+02 3.587493747974068725e-04
1.275000000000001954e+01 7.999829881718744673e+02 3.587493747974068725e-04
1.290000000000001990e+01 7.999829881718744673e+02 3.587493747974068725e-04
1.305000000000002025e+01 7.999571323434793158e+02 3.581846097066021528e-04
1.320000000000002061e+01 7.999571323434793158e+02 3.581846097066021528e-04
1.335000000000002096e+01 7.999571323434793158e+02 3.581846097066021528e-04
1.350000000000002132e+01 7.999571323434793158e+02 3.581846097066021528e-04
1.365000000000002167e+01 7.999571323434793158e+02 3.581846097066021528e-04
1.380000000000002203e+01 7.999571323434793158e+02 3.581846097066021528e-04
1.395000000000002238e+01 7.999571323434793158e+02 3.581846097066021528e-04
1.410000000000002274e+01 7.999571323434793158e+02 3.581846097066021528e-04
1.425000000000002309e+01 7.999571323434793158e+02 3.581846097066021528e-04
1.440000000000002345e+01 7.999571323434793158e+02 3.581846097066021528e-04
1.455000000000002380e+01 7.999571323434793158e+02 3.581846097066021528e-04
1.470000000000002416e+01 7.999571323434793158e+02 3.581846097066021528e-04
1.485000000000002451e+01 7.999571323434793158e+02 3.581846097066021528e-04
1.500000000000002487e+01 7.999571323434793158e+02 3.581846097066021528e-04
1.515000000000002522e+01 7.999571323434793158e+02 3.581846097066021528e-04
1.530000000000002558e+01 7.999571323434793158e+02 3.581846097066021528e-04
1.545000000000002593e+01 7.999571323434793158e+02 3.581846097066021528e-04
1.560000000000002629e+01 7.999571323434793158e+02 3.581846097066021528e-04
1.575000000000002665e+01 7.999571323434793158e+02 3.581846097066021528e-04
1.590000000000002700e+01 7.999571323434793158e+02 3.581846097066021528e-04
