1.499999999999999944e-01 7.999999991237502854e+02 1.152613357595644317e-04
2.999999999999999889e-01 7.999999991237502854e+02 1.152613357595644317e-04
4.499999999999999556e-01 7.999999991237502854e+02 1.152613357595644317e-04
5.999999999999999778e-01 7.999999991237502854e+02 1.152613357595644317e-04
7.500000000000000000e-01 7.999999991237502854e+02 1.152613357595644317e-04
9.000000000000000222e-01 7.999999991237502854e+02 1.152613357595644317e-04
1.050000000000000044e+00 7.999999991237502854e+02 1.152613357595644317e-04
1.199999999999999956e+00 7.999999991237502854e+02 1.152613357595644317e-04
1.349999999999999867e+00 7.999999991237502854e+02 1.152613357595644317e-04
1.499999999999999778e+00 7.999999991237502854e+02 1.152613357595644317e-04
1.649999999999999689e+00 7.999999991237502854e+02 1.152613357595644317e-04
1.799999999999999600e+00 7.999999991237502854e+02 1.152613357595644317e-04
1.949999999999999512e+00 7.999999991237502854e+02 1.152613357595644317e-04
2.099999999999999645e+00 7.999999999100939476e+02 1.153349350907495463e-04
2.249999999999999556e+00 7.999999999100939476e+02 1.153349350907495463e-04
2.399999999999999467e+00 7.999999999100939476e+02 1.153349350907495463e-04
2.549999999999999378e+00 7.999999999100939476e+02 1.153349350907495463e-04
2.699999999999999289e+00 7.999999999100939476e+02 1.153349350907495463e-04
2.849999999999999201e+00 7.999999999100939476e+02 1.153349350907495463e-04
2.999999999999999112e+00 7.999999999100939476e+02 1.153349350907495463e-04
3.149999999999999023e+00 7.999999999100939476e+02 1.153349350907495463e-04
3.299999999999998934e+00 7.999999999100939476e+02 1.153349350907495463e-04
3.449999999999998845e+00 7.999999999100939476e+02 1.153349350907495463e-04
3.599999999999998757e+00 7.999999999100939476e+02 1.153349350907495463e-04
3.749999999999998668e+00 7.999999999100939476e+02 1.153349350907495463e-04
3.899999999999998579e+00 7.999999999100939476e+02 1.153349350907495463e-04
4.049999999999998934e+00 5.172969533710371479e+02 1.164470803709516389e-04
4.199999999999999289e+00 4.842511690790447574e+02 1.214135171133667868e-04
4.349999999999999645e+00 4.449795756761964753e+02 1.300925612830461375e-04
4.500000000000000000e+00 4.390537398931521125e+02 1.389272421593590323e-04
4.650000000000000355e+00 4.371317271145971404e+02 1.484062779389949682e-04
4.800000000000000711e+00 4.366924197903480263e+02 1.573130369380004723e-04
4.950000000000001066e+00 4.365760804677734654e+02 1.660561474310373598e-04
5.100000000000001421e+00 4.365472554840221733e+02 1.751537981262707433e-04
5.250000000000001776e+00 4.365398950062991048e+02 1.835376847196812378e-04
5.400000000000002132e+00 4.365380409124720131e+02 1.917144784688851189e-04
5.550000000000002487e+00 4.365375709821633450e+02 2.002961003491066094e-04
5.700000000000002842e+00 4.365374522068327678e+02 2.080590963500217327e-04
5.850000000000003197e+00 4.365374221484257191e+02 2.155912599511866645e-04
6.000000000000003553e+00 4.365374145458902717e+02 2.235774171497340035e-04
6.150000000000003908e+00 4.365374126225207192e+02 2.306486406621344187e-04
6.300000000000004263e+00 4.365374121359835726e+02 2.374676190403102183e-04
6.450000000000004619e+00 4.365374120129041557e+02 2.447855988019220774e-04
6.600000000000004974e+00 4.365374119817768133e+02 2.511008338644815652e-04
6.750000000000005329e+00 4.365374119739325351e+02 2.571447488567413231e-04
6.900000000000005684e+00 4.365374119720675594e+02 2.637280531501140501e-04
7.050000000000006040e+00 4.365374119720676731e+02 2.692300842080941337e-04
7.200000000000006395e+00 4.365374119739325920e+02 2.744442277406999864e-04
7.350000000000006750e+00 4.365374119817770406e+02 2.802331620187503702e-04
7.500000000000007105e+00 4.365374120129045536e+02 2.848722880699483540e-04
7.650000000000007461e+00 4.365374121359840842e+02 2.892096154701873090e-04
7.800000000000007816e+00 4.365374126225216855e+02 2.941518286309063868e-04
7.950000000000008171e+00 4.365374145458911244e+02 2.978863118892061124e-04
8.100000000000008527e+00 4.365374221484269128e+02 3.013078671215696502e-04
8.250000000000008882e+00 4.365374522068340184e+02 3.053588248241867475e-04
8.400000000000009237e+00 4.365375709821647661e+02 3.081552641917006952e-04
8.550000000000009592e+00 4.365380409124733774e+02 3.106305224913619156e-04
8.700000000000009948e+00 4.365398950063006964e+02 3.137538855753074785e-04
8.850000000000010303e+00 4.365472554840238786e+02 3.155874337893438408e-04
9.000000000000010658e+00 4.365760804677751139e+02 3.170942913164331856e-04
9.150000000000011013e+00 4.366924197903497884e+02 3.192612901538049996e-04
9.300000000000011369e+00 4.371317271145981636e+02 3.201127856594654375e-04
9.450000000000011724e+00 4.390537398931496114e+02 3.206274680809251265e-04
9.600000000000012079e+00 4.449795756761852203e+02 3.217941132438451035e-04
9.750000000000012434e+00 4.842511690789582985e+02 3.215460003083148166e-04
9.900000000000012790e+00 5.172969533709829193e+02 3.211487775446331128e-04
1.005000000000001315e+01 7.999999999078087285e+02 3.212548984332652680e-04
1.020000000000001350e+01 7.999999999078087285e+02 3.212548984332652680e-04
1.035000000000001386e+01 7.999999999078087285e+02 3.212548984332652680e-04
1.050000000000001421e+01 7.999999999078087285e+02 3.212548984332652680e-04
1.065000000000001457e+01 7.999999999078087285e+02 3.212548984332652680e-04
1.080000000000001492e+01 7.999999999078087285e+02 3.212548984332652680e-04
1.095000000000001528e+01 7.999999999078087285e+02 3.212548984332652680e-04
1.110000000000001563e+01 7.999999999078087285e+02 3.212548984332652680e-04
1.125000000000001599e+01 7.999999999078087285e+02 3.212548984332652680e-04
1.140000000000001634e+01 7.999999999078087285e+02 3.212548984332652680e-04
1.155000000000001670e+01 7.999999999078087285e+02 3.212548984332652680e-04
1.170000000000001705e+01 7.999999999078087285e+02 3.212548984332652680e-04
1.185000000000001741e+01 7.999999999078087285e+02 3.212548984332652680e-04
1.200000000000001776e+01 7.999999999078087285e+02 3.212548984332652680e-04
1.215000000000001812e+01 7.999999999078087285e+02 3.212548984332652680e-04
1.230000000000001847e+01 7.999999999078087285e+02 3.212548984332652680e-04
1.245000000000001883e+01 7.999999999078087285e+02 3.212548984332652680e-04
1.260000000000001918e+01 7.999999999078087285e+02 3.212548984332652680e-04
1.275000000000001954e+01 7.999999999078087285e+02 3.212548984332652680e-04
1.290000000000001990e+01 7.999999999078087285e+02 3.212548984332652680e-04
1.305000000000002025e+01 7.999999991014785792e+02 3.206687081332981748e-04
1.320000000000002061e+01 7.999999991014785792e+02 3.206687081332981748e-04
1.335000000000002096e+01 7.999999991014785792e+02 3.206687081332981748e-04
1.350000000000002132e+01 7.999999991014785792e+02 3.206687081332981748e-04
1.365000000000002167e+01 7.999999991014785792e+02 3.206687081332981748e-04
1.380000000000002203e+01 7.999999991014785792e+02 3.206687081332981748e-04
1.395000000000002238e+01 7.999999991014785792e+02 3.206687081332981748e-04
1.410000000000002274e+01 7.999999991014785792e+02 3.206687081332981748e-04
1.425000000000002309e+01 7.999999991014785792e+02 3.206687081332981748e-04
1.440000000000002345e+01 7.999999991014785792e+02 3.206687081332981748e-04
1.455000000000002380e+01 7.999999991014785792e+02 3.206687081332981748e-04
1.470000000000002416e+01 7.999999991014785792e+02 3.206687081332981748e-04
1.485000000000002451e+01 7.999999991014785792e+02 3.206687081332981748e-04
1.500000000000002487e+01 7.999999991014785792e+02 3.206687081332981748e-04
1.515000000000002522e+01 7.999999991014785792e+02 3.206687081332981748e-04
1.530000000000002558e+01 7.999999991014785792e+02 3.206687081332981748e-04
1.545000000000002593e+01 7.999999991014785792e+02 3.206687081332981748e-04
1.560000000000002629e+01 7.999999991014785792e+02 3.206687081332981748e-04
1.575000000000002665e+01 7.999999991014785792e+02 3.206687081332981748e-04
1.590000000000002700e+01 7.999999991014785792e+02 3.206687081332981748e-04
