1.499999999999999944e-01 7.999267742258916769e+02 1.193856125070169583e-11
2.999999999999999889e-01 7.999267742258916769e+02 1.193856125070169583e-11
4.499999999999999556e-01 7.999267742258916769e+02 1.193856125070169583e-11
5.999999999999999778e-01 7.999267742258916769e+02 1.193856125070169583e-11
7.500000000000000000e-01 7.999267742258916769e+02 1.193856125070169583e-11
9.000000000000000222e-01 7.999267742258916769e+02 1.193856125070169583e-11
1.050000000000000044e+00 7.999267742258916769e+02 1.193856125070169583e-11
1.199999999999999956e+00 7.999267742258916769e+02 1.193856125070169583e-11
1.349999999999999867e+00 7.999267742258916769e+02 1.193856125070169583e-11
1.499999999999999778e+00 7.999267742258916769e+02 1.193856125070169583e-11
1.649999999999999689e+00 7.999267742258916769e+02 1.193856125070169583e-11
1.799999999999999600e+00 7.999267742258916769e+02 1.193856125070169583e-11
1.949999999999999512e+00 7.999267742258916769e+02 1.193856125070169583e-11
2.099999999999999645e+00 7.999687985901141474e+02 1.192312915065940615e-11
2.249999999999999556e+00 7.999687985901141474e+02 1.192312915065940615e-11
2.399999999999999467e+00 7.999687985901141474e+02 1.192312915065940615e-11
2.549999999999999378e+00 7.999687985901141474e+02 1.192312915065940615e-11
2.699999999999999289e+00 7.999687985901141474e+02 1.192312915065940615e-11
2.849999999999999201e+00 7.999687985901141474e+02 1.192312915065940615e-11
2.999999999999999112e+00 7.999687985901141474e+02 1.192312915065940615e-11
3.149999999999999023e+00 7.999687985901141474e+02 1.192312915065940615e-11
3.299999999999998934e+00 7.999687985901141474e+02 1.192312915065940615e-11
3.449999999999998845e+00 7.999687985901141474e+02 1.192312915065940615e-11
3.599999999999998757e+00 7.999687985901141474e+02 1.192312915065940615e-11
3.749999999999998668e+00 7.999687985901141474e+02 1.192312915065940615e-11
3.899999999999998579e+00 7.999687985901141474e+02 1.192312915065940615e-11
4.049999999999998934e+00 4.672566591609398188e+02 1.190114673477182805e-11
4.199999999999999289e+00 2.607956698907626105e+02 1.188760201387140114e-11
4.349999999999999645e+00 1.045895617770592878e+02 1.185973541595330971e-11
4.500000000000000000e+00 4.712469004918388293e+01 1.186206688430502254e-11
4.650000000000000355e+00 2.054527385720162869e+01 1.175881614301488298e-11
4.800000000000000711e+00 9.078104645866957867e+00 1.210642697202501950e-11
4.950000000000001066e+00 4.020539868766832114e+00 1.276634353786221254e-11
5.100000000000001421e+00 1.804963445422373525e+00 1.726330189910640911e-11
5.250000000000001776e+00 8.322718380192668519e-01 3.970856976565073637e-11
5.400000000000002132e+00 4.055255420423691248e-01 1.448861031150272538e-10
5.550000000000002487e+00 2.182600836056280968e-01 5.796021440573895234e-10
5.700000000000002842e+00 1.360895241191428795e-01 2.094349804693251826e-09
5.850000000000003197e+00 1.000330261758790584e-01 6.477486547140642870e-09
6.000000000000003553e+00 8.421161750902683707e-02 1.752916911623714213e-08
6.150000000000003908e+00 7.726947989704058273e-02 4.351814408831700121e-08
6.300000000000004263e+00 7.422392664284416242e-02 1.032067078465814802e-07
6.450000000000004619e+00 7.288902461277757538e-02 2.395241242014733984e-07
6.600000000000004974e+00 7.230665140741621144e-02 5.500643671663141276e-07
6.750000000000005329e+00 7.205881134905212093e-02 1.257433976054045388e-06
6.900000000000005684e+00 7.196761794784833910e-02 2.869434420182948031e-06
7.050000000000006040e+00 7.196761889190383954e-02 6.536975080795315307e-06
7.200000000000006395e+00 7.205881134905212093e-02 1.487330207605719323e-05
7.350000000000006750e+00 7.230665187944396166e-02 3.378137963039318237e-05
7.500000000000007105e+00 7.288902461277757538e-02 7.634384510779579358e-05
7.650000000000007461e+00 7.422392711487191264e-02 1.707940670107044312e-04
7.800000000000007816e+00 7.726947895298508229e-02 3.739123890799112004e-04
7.950000000000008171e+00 8.421161514888808597e-02 7.816033470864347521e-04
8.100000000000008527e+00 1.000330195674905553e-01 1.498978683327711892e-03
8.250000000000008882e+00 1.360895073621577467e-01 2.511167478210341031e-03
8.400000000000009237e+00 2.182600458434080792e-01 3.567019896432710446e-03
8.550000000000009592e+00 4.055254562513255223e-01 4.373666465953940374e-03
8.700000000000009948e+00 8.322716426587817296e-01 4.856785442088673577e-03
8.850000000000010303e+00 1.804963000521468075e+00 5.102244747180240125e-03
9.000000000000010658e+00 4.020538856009167716e+00 5.216947589680054342e-03
9.150000000000011013e+00 9.078102332908855487e+00 5.270143579983677107e-03
9.300000000000011369e+00 2.054526862354600780e+01 5.291749176830617962e-03
9.450000000000011724e+00 4.712467783639192476e+01 5.300287011785642655e-03
9.600000000000012079e+00 1.045895359044434088e+02 5.305176446506743027e-03
9.750000000000012434e+00 2.607955944849143748e+02 5.305156005660727203e-03
9.900000000000012790e+00 4.672565790588162145e+02 5.304531796172518021e-03
1.005000000000001315e+01 7.999683460863172968e+02 5.304868640444659889e-03
1.020000000000001350e+01 7.999683460863172968e+02 5.304868640444659889e-03
1.035000000000001386e+01 7.999683460863172968e+02 5.304868640444659889e-03
1.050000000000001421e+01 7.999683460863172968e+02 5.304868640444659889e-03
1.065000000000001457e+01 7.999683460863172968e+02 5.304868640444659889e-03
1.080000000000001492e+01 7.999683460863172968e+02 5.304868640444659889e-03
1.095000000000001528e+01 7.999683460863172968e+02 5.304868640444659889e-03
1.110000000000001563e+01 7.999683460863172968e+02 5.304868640444659889e-03
1.125000000000001599e+01 7.999683460863172968e+02 5.304868640444659889e-03
1.140000000000001634e+01 7.999683460863172968e+02 5.304868640444659889e-03
1.155000000000001670e+01 7.999683460863172968e+02 5.304868640444659889e-03
1.170000000000001705e+01 7.999683460863172968e+02 5.304868640444659889e-03
1.185000000000001741e+01 7.999683460863172968e+02 5.304868640444659889e-03
1.200000000000001776e+01 7.999683460863172968e+02 5.304868640444659889e-03
1.215000000000001812e+01 7.999683460863172968e+02 5.304868640444659889e-03
1.230000000000001847e+01 7.999683460863172968e+02 5.304868640444659889e-03
1.245000000000001883e+01 7.999683460863172968e+02 5.304868640444659889e-03
1.260000000000001918e+01 7.999683460863172968e+02 5.304868640444659889e-03
1.275000000000001954e+01 7.999683460863172968e+02 5.304868640444659889e-03
1.290000000000001990e+01 7.999683460863172968e+02 5.304868640444659889e-03
1.305000000000002025e+01 7.999257122505414372e+02 5.303621134935432302e-03
1.320000000000002061e+01 7.999257122505414372e+02 5.303621134935432302e-03
1.335000000000002096e+01 7.999257122505414372e+02 5.303621134935432302e-03
1.350000000000002132e+01 7.999257122505414372e+02 5.303621134935432302e-03
1.365000000000002167e+01 7.999257122505414372e+02 5.303621134935432302e-03
1.380000000000002203e+01 7.999257122505414372e+02 5.303621134935432302e-03
1.395000000000002238e+01 7.999257122505414372e+02 5.303621134935432302e-03
1.410000000000002274e+01 7.999257122505414372e+02 5.303621134935432302e-03
1.425000000000002309e+01 7.999257122505414372e+02 5.303621134935432302e-03
1.440000000000002345e+01 7.999257122505414372e+02 5.303621134935432302e-03
1.455000000000002380e+01 7.999257122505414372e+02 5.303621134935432302e-03
1.470000000000002416e+01 7.999257122505414372e+02 5.303621134935432302e-03
1.485000000000002451e+01 7.999257122505414372e+02 5.303621134935432302e-03
1.500000000000002487e+01 7.999257122505414372e+02 5.303621134935432302e-03
1.515000000000002522e+01 7.999257122505414372e+02 5.303621134935432302e-03
1.530000000000002558e+01 7.999257122505414372e+02 5.303621134935432302e-03
1.545000000000002593e+01 7.999257122505414372e+02 5.303621134935432302e-03
1.560000000000002629e+01 7.999257122505414372e+02 5.303621134935432302e-03
1.575000000000002665e+01 7.999257122505414372e+02 5.303621134935432302e-03
1.590000000000002700e+01 7.999257122505414372e+02 5.303621134935432302e-03
