1.499999999999999944e-01 7.999576456302411316e+02 1.709099528568458481e-11
2.999999999999999889e-01 7.999576456302411316e+02 1.709099528568458481e-11
4.499999999999999556e-01 7.999576456302411316e+02 1.709099528568458481e-11
5.999999999999999778e-01 7.999576456302411316e+02 1.709099528568458481e-11
7.500000000000000000e-01 7.999576456302411316e+02 1.709099528568458481e-11
9.000000000000000222e-01 7.999576456302411316e+02 1.709099528568458481e-11
1.050000000000000044e+00 7.999576456302411316e+02 1.709099528568458481e-11
1.199999999999999956e+00 7.999576456302411316e+02 1.709099528568458481e-11
1.349999999999999867e+00 7.999576456302411316e+02 1.709099528568458481e-11
1.499999999999999778e+00 7.999576456302411316e+02 1.709099528568458481e-11
1.649999999999999689e+00 7.999576456302411316e+02 1.709099528568458481e-11
1.799999999999999600e+00 7.999576456302411316e+02 1.709099528568458481e-11
1.949999999999999512e+00 7.999576456302411316e+02 1.709099528568458481e-11
2.099999999999999645e+00 7.999831916532519926e+02 1.715205755203896842e-11
2.249999999999999556e+00 7.999831916532519926e+02 1.715205755203896842e-11
2.399999999999999467e+00 7.999831916532519926e+02 1.715205755203896842e-11
2.549999999999999378e+00 7.999831916532519926e+02 1.715205755203896842e-11
2.699999999999999289e+00 7.999831916532519926e+02 1.715205755203896842e-11
2.849999999999999201e+00 7.999831916532519926e+02 1.715205755203896842e-11
2.999999999999999112e+00 7.999831916532519926e+02 1.715205755203896842e-11
3.149999999999999023e+00 7.999831916532519926e+02 1.715205755203896842e-11
3.299999999999998934e+00 7.999831916532519926e+02 1.715205755203896842e-11
3.449999999999998845e+00 7.999831916532519926e+02 1.715205755203896842e-11
3.599999999999998757e+00 7.999831916532519926e+02 1.715205755203896842e-11
3.749999999999998668e+00 7.999831916532519926e+02 1.715205755203896842e-11
3.899999999999998579e+00 7.999831916532519926e+02 1.715205755203896842e-11
4.049999999999998934e+00 4.751403268763880874e+02 1.714550723619368000e-11
4.199999999999999289e+00 2.792233854370221025e+02 1.715927400169903194e-11
4.349999999999999645e+00 1.202788410648749249e+02 1.712863184621937762e-11
4.500000000000000000e+00 5.807782832543034601e+01 1.696043305798866641e-11
4.650000000000000355e+00 2.739335835919182216e+01 1.700473095667121015e-11
4.800000000000000711e+00 1.319200636728336917e+01 1.680933170433718260e-11
4.950000000000001066e+00 6.485019405871689457e+00 1.644040459325424308e-11
5.100000000000001421e+00 3.335227280622177659e+00 1.653710501869909422e-11
5.250000000000001776e+00 1.853345438444137017e+00 2.055289272107074794e-11
5.400000000000002132e+00 1.156518897972830473e+00 3.799149883576546927e-11
5.550000000000002487e+00 8.287972290346488080e-01 9.155520785952830920e-11
5.700000000000002842e+00 6.746748663000516899e-01 2.266397070016523685e-10
5.850000000000003197e+00 6.021927353313003550e-01 5.323438356796827975e-10
6.000000000000003553e+00 5.681058189625218802e-01 1.196938548275738867e-09
6.150000000000003908e+00 5.520765309855732994e-01 2.611792560003323160e-09
6.300000000000004263e+00 5.445412208223388006e-01 5.616857645662776122e-09
6.450000000000004619e+00 5.410040454149793732e-01 1.202435528924183927e-08
6.600000000000004974e+00 5.393545969549222718e-01 2.558841905031528086e-08
6.750000000000005329e+00 5.386087541082815733e-01 5.436277106252163094e-08
6.900000000000005684e+00 5.383215199119604222e-01 1.156895250709055745e-07
7.050000000000006040e+00 5.383215199119604222e-01 2.454436207610655174e-07
7.200000000000006395e+00 5.386087540492781045e-01 5.204488144894270363e-07
7.350000000000006750e+00 5.393545967189083967e-01 1.105446921223496304e-06
7.500000000000007105e+00 5.410040450609585605e-01 2.338135462132129305e-06
7.650000000000007461e+00 5.445412200552937065e-01 4.928302023365915829e-06
7.800000000000007816e+00 5.520765293334761736e-01 1.033926686111463766e-05
7.950000000000008171e+00 5.681058155993241598e-01 2.131658907078559650e-05
8.100000000000008527e+00 6.021927283098875705e-01 4.266475897052313115e-05
8.250000000000008882e+00 6.746748510181532765e-01 8.099747175027705026e-05
8.400000000000009237e+00 8.287971966712461835e-01 1.398862587350668818e-04
8.550000000000009592e+00 1.156518829086280675e+00 2.126820538326246179e-04
8.700000000000009948e+00 1.853345291982776644e+00 2.822809336429088489e-04
8.850000000000010303e+00 3.335226969194494018e+00 3.328094549274185354e-04
9.000000000000010658e+00 6.485018744037155614e+00 3.630716762486052573e-04
9.150000000000011013e+00 1.319200495717053201e+01 3.798722799125409111e-04
9.300000000000011369e+00 2.739335537841494173e+01 3.873752116010376056e-04
9.450000000000011724e+00 5.807782184013874627e+01 3.905675972126765316e-04
9.600000000000012079e+00 1.202788281680930851e+02 3.926146591720636181e-04
9.750000000000012434e+00 2.792233498223355355e+02 3.925766016974474582e-04
9.900000000000012790e+00 4.751402919132202101e+02 3.922883952156563936e-04
1.005000000000001315e+01 7.999829748868829711e+02 3.924385621268955404e-04
1.020000000000001350e+01 7.999829748868829711e+02 3.924385621268955404e-04
1.035000000000001386e+01 7.999829748868829711e+02 3.924385621268955404e-04
1.050000000000001421e+01 7.999829748868829711e+02 3.924385621268955404e-04
1.065000000000001457e+01 7.999829748868829711e+02 3.924385621268955404e-04
1.080000000000001492e+01 7.999829748868829711e+02 3.924385621268955404e-04
1.095000000000001528e+01 7.999829748868829711e+02 3.924385621268955404e-04
1.110000000000001563e+01 7.999829748868829711e+02 3.924385621268955404e-04
1.125000000000001599e+01 7.999829748868829711e+02 3.924385621268955404e-04
1.140000000000001634e+01 7.999829748868829711e+02 3.924385621268955404e-04
1.155000000000001670e+01 7.999829748868829711e+02 3.924385621268955404e-04
1.170000000000001705e+01 7.999829748868829711e+02 3.924385621268955404e-04
1.185000000000001741e+01 7.999829748868829711e+02 3.924385621268955404e-04
1.200000000000001776e+01 7.999829748868829711e+02 3.924385621268955404e-04
1.215000000000001812e+01 7.999829748868829711e+02 3.924385621268955404e-04
1.230000000000001847e+01 7.999829748868829711e+02 3.924385621268955404e-04
1.245000000000001883e+01 7.999829748868829711e+02 3.924385621268955404e-04
1.260000000000001918e+01 7.999829748868829711e+02 3.924385621268955404e-04
1.275000000000001954e+01 7.999829748868829711e+02 3.924385621268955404e-04
1.290000000000001990e+01 7.999829748868829711e+02 3.924385621268955404e-04
1.305000000000002025e+01 7.999570994116800193e+02 3.918732585688200487e-04
1.320000000000002061e+01 7.999570994116800193e+02 3.918732585688200487e-04
1.335000000000002096e+01 7.999570994116800193e+02 3.918732585688200487e-04
1.350000000000002132e+01 7.999570994116800193e+02 3.918732585688200487e-04
1.365000000000002167e+01 7.999570994116800193e+02 3.918732585688200487e-04
1.380000000000002203e+01 7.999570994116800193e+02 3.918732585688200487e-04
1.395000000000002238e+01 7.999570994116800193e+02 3.918732585688200487e-04
1.410000000000002274e+01 7.999570994116800193e+02 3.918732585688200487e-04
1.425000000000002309e+01 7.999570994116800193e+02 3.918732585688200487e-04
1.440000000000002345e+01 7.999570994116800193e+02 3.918732585688200487e-04
1.455000000000002380e+01 7.999570994116800193e+02 3.918732585688200487e-04
1.470000000000002416e+01 7.999570994116800193e+02 3.918732585688200487e-04
1.485000000000002451e+01 7.999570994116800193e+02 3.918732585688200487e-04
1.500000000000002487e+01 7.999570994116800193e+02 3.918732585688200487e-04
1.515000000000002522e+01 7.999570994116800193e+02 3.918732585688200487e-04
1.530000000000002558e+01 7.999570994116800193e+02 3.918732585688200487e-04
1.545000000000002593e+01 7.999570994116800193e+02 3.918732585688200487e-04
1.560000000000002629e+01 7.999570994116800193e+02 3.918732585688200487e-04
1.575000000000002665e+01 7.999570994116800193e+02 3.918732585688200487e-04
1.590000000000002700e+01 7.999570994116800193e+02 3.918732585688200487e-04
