1.499999999999999944e-01 7.998154030221609219e+02 4.594102875898897764e-13
2.999999999999999889e-01 7.998154030221609219e+02 4.594102875898897764e-13
4.499999999999999556e-01 7.998154030221609219e+02 4.594102875898897764e-13
5.999999999999999778e-01 7.998154030221609219e+02 4.594102875898897764e-13
7.500000000000000000e-01 7.998154030221609219e+02 4.594102875898897764e-13
9.000000000000000222e-01 7.998154030221609219e+02 4.594102875898897764e-13
1.050000000000000044e+00 7.998154030221609219e+02 4.594102875898897764e-13
1.199999999999999956e+00 7.998154030221609219e+02 4.594102875898897764e-13
1.349999999999999867e+00 7.998154030221609219e+02 4.594102875898897764e-13
1.499999999999999778e+00 7.998154030221609219e+02 4.594102875898897764e-13
1.649999999999999689e+00 7.998154030221609219e+02 4.594102875898897764e-13
1.799999999999999600e+00 7.998154030221609219e+02 4.594102875898897764e-13
1.949999999999999512e+00 7.998154030221609219e+02 4.594102875898897764e-13
2.099999999999999645e+00 7.999112883666037987e+02 4.822808818971680012e-13
2.249999999999999556e+00 7.999112883666037987e+02 4.822808818971680012e-13
2.399999999999999467e+00 7.999112883666037987e+02 4.822808818971680012e-13
2.549999999999999378e+00 7.999112883666037987e+02 4.822808818971680012e-13
2.699999999999999289e+00 7.999112883666037987e+02 4.822808818971680012e-13
2.849999999999999201e+00 7.999112883666037987e+02 4.822808818971680012e-13
2.999999999999999112e+00 7.999112883666037987e+02 4.822808818971680012e-13
3.149999999999999023e+00 7.999112883666037987e+02 4.822808818971680012e-13
3.299999999999998934e+00 7.999112883666037987e+02 4.822808818971680012e-13
3.449999999999998845e+00 7.999112883666037987e+02 4.822808818971680012e-13
3.599999999999998757e+00 7.999112883666037987e+02 4.822808818971680012e-13
3.749999999999998668e+00 7.999112883666037987e+02 4.822808818971680012e-13
3.899999999999998579e+00 7.999112883666037987e+02 4.822808818971680012e-13
4.049999999999998934e+00 4.506261408298216224e+02 4.438671652451375849e-13
4.199999999999999289e+00 2.292309608221561348e+02 4.802824804528427194e-13
4.349999999999999645e+00 8.152610662152022769e+01 4.518607710224387120e-13
4.500000000000000000e+00 3.295376913044707834e+01 4.704014955336788262e-13
4.650000000000000355e+00 1.281846001452792905e+01 4.577449530529520416e-13
4.800000000000000711e+00 5.110244670953576929e+00 4.402034292638745683e-13
4.950000000000001066e+00 2.080307138926201560e+00 3.735900477863651759e-13
5.100000000000001421e+00 9.000264431751929806e-01 4.082290061546700599e-13
5.250000000000001776e+00 4.388294819674456448e-01 6.191713808334498026e-13
5.400000000000002132e+00 2.588075644910077244e-01 1.184607967275042029e-12
5.550000000000002487e+00 1.885128019152944034e-01 3.774758283725532237e-12
5.700000000000002842e+00 1.610676162017625757e-01 1.124633719484791072e-11
5.850000000000003197e+00 1.503517326095789031e-01 3.044542395969074278e-11
6.000000000000003553e+00 1.461678188238693110e-01 7.998346429616276509e-11
6.150000000000003908e+00 1.445342561037250562e-01 2.067952475925949329e-10
6.300000000000004263e+00 1.438964885537643568e-01 5.313547379870442455e-10
6.450000000000004619e+00 1.436475909172258980e-01 1.363462454051500572e-09
6.600000000000004974e+00 1.435507025012157101e-01 3.491246958198246375e-09
6.750000000000005329e+00 1.435136211812277907e-01 8.936103412793272582e-09
6.900000000000005684e+00 1.435010581626556814e-01 2.289423239876242633e-08
7.050000000000006040e+00 1.435010581626556814e-01 5.858273866010677011e-08
7.200000000000006395e+00 1.435136209452139155e-01 1.498913334563312105e-07
7.350000000000006750e+00 1.435507027372295852e-01 3.838868249950166955e-07
7.500000000000007105e+00 1.436475911532397731e-01 9.816438029108809360e-07
7.650000000000007461e+00 1.438964883177504817e-01 2.507527520623220596e-06
7.800000000000007816e+00 1.445342551596695557e-01 6.395341633269602255e-06
7.950000000000008171e+00 1.461678169357583101e-01 1.618178888218579914e-05
8.100000000000008527e+00 1.503517281253152760e-01 4.025438805255188157e-05
8.250000000000008882e+00 1.610676032209994446e-01 9.626157716757788307e-05
8.400000000000009237e+00 1.885127695813935134e-01 2.104560962348234199e-04
8.550000000000009592e+00 2.588074810601028730e-01 3.922622678955711706e-04
8.700000000000009948e+00 4.388292687289094829e-01 5.926179454700530869e-04
8.850000000000010303e+00 9.000258965965599600e-01 7.394728431157071569e-04
9.000000000000010658e+00 2.080305740529240666e+00 8.182946163810544959e-04
9.150000000000011013e+00 5.110241078276615667e+00 8.544225584750098079e-04
9.300000000000011369e+00 1.281845089575018548e+01 8.684777038382440750e-04
9.450000000000011724e+00 3.295374514804743171e+01 8.736534081239533123e-04
9.600000000000012079e+00 8.152604996035687179e+01 8.761844989106926107e-04
9.750000000000012434e+00 2.292307781101673925e+02 8.762349687849724234e-04
9.900000000000012790e+00 4.506259153572403875e+02 8.759639982983680184e-04
1.005000000000001315e+01 7.999101903078002351e+02 8.761194660853455218e-04
1.020000000000001350e+01 7.999101903078002351e+02 8.761194660853455218e-04
1.035000000000001386e+01 7.999101903078002351e+02 8.761194660853455218e-04
1.050000000000001421e+01 7.999101903078002351e+02 8.761194660853455218e-04
1.065000000000001457e+01 7.999101903078002351e+02 8.761194660853455218e-04
1.080000000000001492e+01 7.999101903078002351e+02 8.761194660853455218e-04
1.095000000000001528e+01 7.999101903078002351e+02 8.761194660853455218e-04
1.110000000000001563e+01 7.999101903078002351e+02 8.761194660853455218e-04
1.125000000000001599e+01 7.999101903078002351e+02 8.761194660853455218e-04
1.140000000000001634e+01 7.999101903078002351e+02 8.761194660853455218e-04
1.155000000000001670e+01 7.999101903078002351e+02 8.761194660853455218e-04
1.170000000000001705e+01 7.999101903078002351e+02 8.761194660853455218e-04
1.185000000000001741e+01 7.999101903078002351e+02 8.761194660853455218e-04
1.200000000000001776e+01 7.999101903078002351e+02 8.761194660853455218e-04
1.215000000000001812e+01 7.999101903078002351e+02 8.761194660853455218e-04
1.230000000000001847e+01 7.999101903078002351e+02 8.761194660853455218e-04
1.245000000000001883e+01 7.999101903078002351e+02 8.761194660853455218e-04
1.260000000000001918e+01 7.999101903078002351e+02 8.761194660853455218e-04
1.275000000000001954e+01 7.999101903078002351e+02 8.761194660853455218e-04
1.290000000000001990e+01 7.999101903078002351e+02 8.761194660853455218e-04
1.305000000000002025e+01 7.998131180771623576e+02 8.755586644036972288e-04
1.320000000000002061e+01 7.998131180771623576e+02 8.755586644036972288e-04
1.335000000000002096e+01 7.998131180771623576e+02 8.755586644036972288e-04
1.350000000000002132e+01 7.998131180771623576e+02 8.755586644036972288e-04
1.365000000000002167e+01 7.998131180771623576e+02 8.755586644036972288e-04
1.380000000000002203e+01 7.998131180771623576e+02 8.755586644036972288e-04
1.395000000000002238e+01 7.998131180771623576e+02 8.755586644036972288e-04
1.410000000000002274e+01 7.998131180771623576e+02 8.755586644036972288e-04
1.425000000000002309e+01 7.998131180771623576e+02 8.755586644036972288e-04
1.440000000000002345e+01 7.998131180771623576e+02 8.755586644036972288e-04
1.455000000000002380e+01 7.998131180771623576e+02 8.755586644036972288e-04
1.470000000000002416e+01 7.998131180771623576e+02 8.755586644036972288e-04
1.485000000000002451e+01 7.998131180771623576e+02 8.755586644036972288e-04
1.500000000000002487e+01 7.998131180771623576e+02 8.755586644036972288e-04
1.515000000000002522e+01 7.998131180771623576e+02 8.755586644036972288e-04
1.530000000000002558e+01 7.998131180771623576e+02 8.755586644036972288e-04
1.545000000000002593e+01 7.998131180771623576e+02 8.755586644036972288e-04
1.560000000000002629e+01 7.998131180771623576e+02 8.755586644036972288e-04
1.575000000000002665e+01 7.998131180771623576e+02 8.755586644036972288e-04
1.590000000000002700e+01 7.998131180771623576e+02 8.755586644036972288e-04
