1.499999999999999944e-01 7.998815403124906425e+02 6.282760978137957864e-10
2.999999999999999889e-01 7.998815403124906425e+02 6.282760978137957864e-10
4.499999999999999556e-01 7.998815403124906425e+02 6.282760978137957864e-10
5.999999999999999778e-01 7.998815403124906425e+02 6.282760978137957864e-10
7.500000000000000000e-01 7.998815403124906425e+02 6.282760978137957864e-10
9.000000000000000222e-01 7.998815403124906425e+02 6.282760978137957864e-10
1.050000000000000044e+00 7.998815403124906425e+02 6.282760978137957864e-10
1.199999999999999956e+00 7.998815403124906425e+02 6.282760978137957864e-10
1.349999999999999867e+00 7.998815403124906425e+02 6.282760978137957864e-10
1.499999999999999778e+00 7.998815403124906425e+02 6.282760978137957864e-10
1.649999999999999689e+00 7.998815403124906425e+02 6.282760978137957864e-10
1.799999999999999600e+00 7.998815403124906425e+02 6.282760978137957864e-10
1.949999999999999512e+00 7.998815403124906425e+02 6.282760978137957864e-10
2.099999999999999645e+00 7.999462277228487892e+02 6.264897489671739095e-10
2.249999999999999556e+00 7.999462277228487892e+02 6.264897489671739095e-10
2.399999999999999467e+00 7.999462277228487892e+02 6.264897489671739095e-10
2.549999999999999378e+00 7.999462277228487892e+02 6.264897489671739095e-10
2.699999999999999289e+00 7.999462277228487892e+02 6.264897489671739095e-10
2.849999999999999201e+00 7.999462277228487892e+02 6.264897489671739095e-10
2.999999999999999112e+00 7.999462277228487892e+02 6.264897489671739095e-10
3.149999999999999023e+00 7.999462277228487892e+02 6.264897489671739095e-10
3.299999999999998934e+00 7.999462277228487892e+02 6.264897489671739095e-10
3.449999999999998845e+00 7.999462277228487892e+02 6.264897489671739095e-10
3.599999999999998757e+00 7.999462277228487892e+02 6.264897489671739095e-10
3.749999999999998668e+00 7.999462277228487892e+02 6.264897489671739095e-10
3.899999999999998579e+00 7.999462277228487892e+02 6.264897489671739095e-10
4.049999999999998934e+00 4.591035191945848055e+02 6.268053853730748415e-10
4.199999999999999289e+00 2.444432872053940855e+02 6.308550348776975625e-10
4.349999999999999645e+00 9.230185536489349829e+01 6.293247034605542467e-10
4.500000000000000000e+00 3.950353426383171040e+01 6.249969430882629240e-10
4.650000000000000355e+00 1.645016319044434994e+01 6.180977951686372762e-10
4.800000000000000711e+00 7.109735161342257470e+00 5.924802870538314892e-10
4.950000000000001066e+00 3.232558488240854899e+00 5.375623279846308833e-10
5.100000000000001421e+00 1.635811610333121280e+00 4.421639721030601322e-10
5.250000000000001776e+00 9.764920778391683598e-01 3.059902331514763318e-10
5.400000000000002132e+00 7.044835299774945270e-01 1.758473366919588443e-10
5.550000000000002487e+00 5.922318365242063010e-01 8.859912803416136740e-11
5.700000000000002842e+00 5.459124645639121809e-01 4.408429177260586584e-11
5.850000000000003197e+00 5.267987248239478504e-01 2.955391487091674207e-11
6.000000000000003553e+00 5.189115216311392942e-01 3.891209576778464907e-11
6.150000000000003908e+00 5.156569443995522306e-01 8.066991519228849938e-11
6.300000000000004263e+00 5.143141089400842247e-01 1.891983236745886643e-10
6.450000000000004619e+00 5.137603767265090937e-01 4.565609001971893122e-10
6.600000000000004974e+00 5.135328169274089305e-01 1.102717472889480632e-09
6.750000000000005329e+00 5.134411850714286629e-01 2.664548137687461349e-09
6.900000000000005684e+00 5.134088750669434376e-01 6.461122303846877912e-09
7.050000000000006040e+00 5.134088751259469063e-01 1.561208140543612899e-08
7.200000000000006395e+00 5.134411850714286629e-01 3.772180512395806318e-08
7.350000000000006750e+00 5.135328169274089305e-01 9.145329238346988632e-08
7.500000000000007105e+00 5.137603765494986874e-01 2.208833485006778119e-07
7.650000000000007461e+00 5.143141085270599433e-01 5.331529059349193744e-07
7.800000000000007816e+00 5.156569437505140741e-01 1.289449406693954359e-06
7.950000000000008171e+00 5.189115197430282933e-01 3.096196663054939791e-06
8.100000000000008527e+00 5.267987202216772857e-01 7.369424311454153553e-06
8.250000000000008882e+00 5.459124533532531132e-01 1.724410964953904113e-05
8.400000000000009237e+00 5.922318089105829131e-01 3.840846755698290593e-05
8.550000000000009592e+00 7.044834632445713396e-01 7.802066477191615945e-05
8.700000000000009948e+00 9.764919159336500343e-01 1.364838702763160327e-04
8.850000000000010303e+00 1.635811217783043503e+00 1.968887183178003042e-04
9.000000000000010658e+00 3.232557537746600929e+00 2.406699500362430300e-04
9.150000000000011013e+00 7.109732851669910758e+00 2.656064904335009302e-04
9.300000000000011369e+00 1.645015763817552923e+01 2.765466062120136570e-04
9.450000000000011724e+00 3.950352046697316410e+01 2.809000906091041472e-04
9.600000000000012079e+00 9.230182441553527894e+01 2.832454759869040828e-04
9.750000000000012434e+00 2.444431921567976360e+02 2.832641227841214970e-04
9.900000000000012790e+00 4.591034101658001418e+02 2.829877545765802083e-04
1.005000000000001315e+01 7.999456586417625203e+02 2.831414277457700024e-04
1.020000000000001350e+01 7.999456586417625203e+02 2.831414277457700024e-04
1.035000000000001386e+01 7.999456586417625203e+02 2.831414277457700024e-04
1.050000000000001421e+01 7.999456586417625203e+02 2.831414277457700024e-04
1.065000000000001457e+01 7.999456586417625203e+02 2.831414277457700024e-04
1.080000000000001492e+01 7.999456586417625203e+02 2.831414277457700024e-04
1.095000000000001528e+01 7.999456586417625203e+02 2.831414277457700024e-04
1.110000000000001563e+01 7.999456586417625203e+02 2.831414277457700024e-04
1.125000000000001599e+01 7.999456586417625203e+02 2.831414277457700024e-04
1.140000000000001634e+01 7.999456586417625203e+02 2.831414277457700024e-04
1.155000000000001670e+01 7.999456586417625203e+02 2.831414277457700024e-04
1.170000000000001705e+01 7.999456586417625203e+02 2.831414277457700024e-04
1.185000000000001741e+01 7.999456586417625203e+02 2.831414277457700024e-04
1.200000000000001776e+01 7.999456586417625203e+02 2.831414277457700024e-04
1.215000000000001812e+01 7.999456586417625203e+02 2.831414277457700024e-04
1.230000000000001847e+01 7.999456586417625203e+02 2.831414277457700024e-04
1.245000000000001883e+01 7.999456586417625203e+02 2.831414277457700024e-04
1.260000000000001918e+01 7.999456586417625203e+02 2.831414277457700024e-04
1.275000000000001954e+01 7.999456586417625203e+02 2.831414277457700024e-04
1.290000000000001990e+01 7.999456586417625203e+02 2.831414277457700024e-04
1.305000000000002025e+01 7.998802866219913312e+02 2.825803803927495750e-04
1.320000000000002061e+01 7.998802866219913312e+02 2.825803803927495750e-04
1.335000000000002096e+01 7.998802866219913312e+02 2.825803803927495750e-04
1.350000000000002132e+01 7.998802866219913312e+02 2.825803803927495750e-04
1.365000000000002167e+01 7.998802866219913312e+02 2.825803803927495750e-04
1.380000000000002203e+01 7.998802866219913312e+02 2.825803803927495750e-04
1.395000000000002238e+01 7.998802866219913312e+02 2.825803803927495750e-04
1.410000000000002274e+01 7.998802866219913312e+02 2.825803803927495750e-04
1.425000000000002309e+01 7.998802866219913312e+02 2.825803803927495750e-04
1.440000000000002345e+01 7.998802866219913312e+02 2.825803803927495750e-04
1.455000000000002380e+01 7.998802866219913312e+02 2.825803803927495750e-04
1.470000000000002416e+01 7.998802866219913312e+02 2.825803803927495750e-04
1.485000000000002451e+01 7.998802866219913312e+02 2.825803803927495750e-04
1.500000000000002487e+01 7.998802866219913312e+02 2.825803803927495750e-04
1.515000000000002522e+01 7.998802866219913312e+02 2.825803803927495750e-04
1.530000000000002558e+01 7.998802866219913312e+02 2.825803803927495750e-04
1.545000000000002593e+01 7.998802866219913312e+02 2.825803803927495750e-04
1.560000000000002629e+01 7.998802866219913312e+02 2.825803803927495750e-04
1.575000000000002665e+01 7.998802866219913312e+02 2.825803803927495750e-04
1.590000000000002700e+01 7.998802866219913312e+02 2.825803803927495750e-04
