1.499999999999999944e-01 7.998813277618477287e+02 1.771172097875250984e-11
2.999999999999999889e-01 7.998813277618477287e+02 1.771172097875250984e-11
4.499999999999999556e-01 7.998813277618477287e+02 1.771172097875250984e-11
5.999999999999999778e-01 7.998813277618477287e+02 1.771172097875250984e-11
7.500000000000000000e-01 7.998813277618477287e+02 1.771172097875250984e-11
9.000000000000000222e-01 7.998813277618477287e+02 1.771172097875250984e-11
1.050000000000000044e+00 7.998813277618477287e+02 1.771172097875250984e-11
1.199999999999999956e+00 7.998813277618477287e+02 1.771172097875250984e-11
1.349999999999999867e+00 7.998813277618477287e+02 1.771172097875250984e-11
1.499999999999999778e+00 7.998813277618477287e+02 1.771172097875250984e-11
1.649999999999999689e+00 7.998813277618477287e+02 1.771172097875250984e-11
1.799999999999999600e+00 7.998813277618477287e+02 1.771172097875250984e-11
1.949999999999999512e+00 7.998813277618477287e+02 1.771172097875250984e-11
2.099999999999999645e+00 7.999461287641227045e+02 1.769939750317917060e-11
2.249999999999999556e+00 7.999461287641227045e+02 1.769939750317917060e-11
2.399999999999999467e+00 7.999461287641227045e+02 1.769939750317917060e-11
2.549999999999999378e+00 7.999461287641227045e+02 1.769939750317917060e-11
2.699999999999999289e+00 7.999461287641227045e+02 1.769939750317917060e-11
2.849999999999999201e+00 7.999461287641227045e+02 1.769939750317917060e-11
2.999999999999999112e+00 7.999461287641227045e+02 1.769939750317917060e-11
3.149999999999999023e+00 7.999461287641227045e+02 1.769939750317917060e-11
3.299999999999998934e+00 7.999461287641227045e+02 1.769939750317917060e-11
3.449999999999998845e+00 7.999461287641227045e+02 1.769939750317917060e-11
3.599999999999998757e+00 7.999461287641227045e+02 1.769939750317917060e-11
3.749999999999998668e+00 7.999461287641227045e+02 1.769939750317917060e-11
3.899999999999998579e+00 7.999461287641227045e+02 1.769939750317917060e-11
4.049999999999998934e+00 4.590911019033911771e+02 1.767419544052017955e-11
4.199999999999999289e+00 2.443767670493907929e+02 1.782030079056085015e-11
4.349999999999999645e+00 9.219529721202881944e+01 1.772482161044308668e-11
4.500000000000000000e+00 3.937855532510996426e+01 1.766842228079212873e-11
4.650000000000000355e+00 1.631692281268066935e+01 1.752520351061548354e-11
4.800000000000000711e+00 6.973008468687432071e+00 1.691213835641747210e-11
4.950000000000001066e+00 3.094372526586568029e+00 1.579525399364456462e-11
5.100000000000001421e+00 1.497020224684206369e+00 1.346733835561053638e-11
5.250000000000001776e+00 8.374499729691251559e-01 1.024158535756214405e-11
5.400000000000002132e+00 5.653377373087096203e-01 7.184253192349387973e-12
5.550000000000002487e+00 4.530431779828631988e-01 6.550204822985961073e-12
5.700000000000002842e+00 4.067060886969784406e-01 1.080879830084313653e-11
5.850000000000003197e+00 3.875850264495284137e-01 2.449496161460729127e-11
6.000000000000003553e+00 3.796947969688062585e-01 5.928590951498335926e-11
6.150000000000003908e+00 3.764389692767053930e-01 1.443505315279480783e-10
6.300000000000004263e+00 3.750956168288439585e-01 3.501030576558150642e-10
6.450000000000004619e+00 3.745416713767326655e-01 8.497315073796585239e-10
6.600000000000004974e+00 3.743140236624640238e-01 2.055421166602400262e-09
6.750000000000005329e+00 3.742223561683886146e-01 4.972094513888691836e-09
6.900000000000005684e+00 3.741900338321784147e-01 1.205527633274527943e-08
7.050000000000006040e+00 3.741900336551680084e-01 2.915267460767978491e-08
7.200000000000006395e+00 3.742223562863955522e-01 7.049164774119986987e-08
7.350000000000006750e+00 3.743140236034605550e-01 1.708615345874520131e-07
7.500000000000007105e+00 3.745416710227118529e-01 4.129326878210548557e-07
7.650000000000007461e+00 3.750956162978127395e-01 9.970941360348817284e-07
7.800000000000007816e+00 3.764389682736464238e-01 2.408777021178920563e-06
7.950000000000008171e+00 3.796947949036848513e-01 5.775046253098103932e-06
8.100000000000008527e+00 3.875850212572231612e-01 1.368112528421505658e-05
8.250000000000008882e+00 4.067060763062499973e-01 3.160980451122341606e-05
8.400000000000009237e+00 4.530431477140837160e-01 6.862148369934928382e-05
8.550000000000009592e+00 5.653376642034118049e-01 1.329828970481061745e-04
8.700000000000009948e+00 8.374497957817084171e-01 2.176419030545106992e-04
8.850000000000010303e+00 1.497019795079950200e+00 2.944558711174272148e-04
9.000000000000010658e+00 3.094371486333287180e+00 3.443745191999969535e-04
9.150000000000011013e+00 6.973005940938264757e+00 3.708826582525803772e-04
9.300000000000011369e+00 1.631691673619921801e+01 3.821224850075743973e-04
9.450000000000011724e+00 3.937854022594436998e+01 3.865269578914309889e-04
9.600000000000012079e+00 9.219526334185000849e+01 3.888812625393311961e-04
9.750000000000012434e+00 2.443766630416841110e+02 3.889003998729378964e-04
9.900000000000012790e+00 4.590909826039793415e+02 3.886238310955025810e-04
1.005000000000001315e+01 7.999455062081167398e+02 3.887776951512211809e-04
1.020000000000001350e+01 7.999455062081167398e+02 3.887776951512211809e-04
1.035000000000001386e+01 7.999455062081167398e+02 3.887776951512211809e-04
1.050000000000001421e+01 7.999455062081167398e+02 3.887776951512211809e-04
1.065000000000001457e+01 7.999455062081167398e+02 3.887776951512211809e-04
1.080000000000001492e+01 7.999455062081167398e+02 3.887776951512211809e-04
1.095000000000001528e+01 7.999455062081167398e+02 3.887776951512211809e-04
1.110000000000001563e+01 7.999455062081167398e+02 3.887776951512211809e-04
1.125000000000001599e+01 7.999455062081167398e+02 3.887776951512211809e-04
1.140000000000001634e+01 7.999455062081167398e+02 3.887776951512211809e-04
1.155000000000001670e+01 7.999455062081167398e+02 3.887776951512211809e-04
1.170000000000001705e+01 7.999455062081167398e+02 3.887776951512211809e-04
1.185000000000001741e+01 7.999455062081167398e+02 3.887776951512211809e-04
1.200000000000001776e+01 7.999455062081167398e+02 3.887776951512211809e-04
1.215000000000001812e+01 7.999455062081167398e+02 3.887776951512211809e-04
1.230000000000001847e+01 7.999455062081167398e+02 3.887776951512211809e-04
1.245000000000001883e+01 7.999455062081167398e+02 3.887776951512211809e-04
1.260000000000001918e+01 7.999455062081167398e+02 3.887776951512211809e-04
1.275000000000001954e+01 7.999455062081167398e+02 3.887776951512211809e-04
1.290000000000001990e+01 7.999455062081167398e+02 3.887776951512211809e-04
1.305000000000002025e+01 7.998799563286488592e+02 3.882159160069065251e-04
1.320000000000002061e+01 7.998799563286488592e+02 3.882159160069065251e-04
1.335000000000002096e+01 7.998799563286488592e+02 3.882159160069065251e-04
1.350000000000002132e+01 7.998799563286488592e+02 3.882159160069065251e-04
1.365000000000002167e+01 7.998799563286488592e+02 3.882159160069065251e-04
1.380000000000002203e+01 7.998799563286488592e+02 3.882159160069065251e-04
1.395000000000002238e+01 7.998799563286488592e+02 3.882159160069065251e-04
1.410000000000002274e+01 7.998799563286488592e+02 3.882159160069065251e-04
1.425000000000002309e+01 7.998799563286488592e+02 3.882159160069065251e-04
1.440000000000002345e+01 7.998799563286488592e+02 3.882159160069065251e-04
1.455000000000002380e+01 7.998799563286488592e+02 3.882159160069065251e-04
1.470000000000002416e+01 7.998799563286488592e+02 3.882159160069065251e-04
1.485000000000002451e+01 7.998799563286488592e+02 3.882159160069065251e-04
1.500000000000002487e+01 7.998799563286488592e+02 3.882159160069065251e-04
1.515000000000002522e+01 7.998799563286488592e+02 3.882159160069065251e-04
1.530000000000002558e+01 7.998799563286488592e+02 3.882159160069065251e-04
1.545000000000002593e+01 7.998799563286488592e+02 3.882159160069065251e-04
1.560000000000002629e+01 7.998799563286488592e+02 3.882159160069065251e-04
1.575000000000002665e+01 7.998799563286488592e+02 3.882159160069065251e-04
1.590000000000002700e+01 7.998799563286488592e+02 3.882159160069065251e-04
