1.499999999999999944e-01 7.996043840226828934e+02 4.375944051560054504e-12
2.999999999999999889e-01 7.996043840226828934e+02 4.375944051560054504e-12
4.499999999999999556e-01 7.996043840226828934e+02 4.375944051560054504e-12
5.999999999999999778e-01 7.996043840226828934e+02 4.375944051560054504e-12
7.500000000000000000e-01 7.996043840226828934e+02 4.375944051560054504e-12
9.000000000000000222e-01 7.996043840226828934e+02 4.375944051560054504e-12
1.050000000000000044e+00 7.996043840226828934e+02 4.375944051560054504e-12
1.199999999999999956e+00 7.996043840226828934e+02 4.375944051560054504e-12
1.349999999999999867e+00 7.996043840226828934e+02 4.375944051560054504e-12
1.499999999999999778e+00 7.996043840226828934e+02 4.375944051560054504e-12
1.649999999999999689e+00 7.996043840226828934e+02 4.375944051560054504e-12
1.799999999999999600e+00 7.996043840226828934e+02 4.375944051560054504e-12
1.949999999999999512e+00 7.996043840226828934e+02 4.375944051560054504e-12
2.099999999999999645e+00 7.997903640025474488e+02 4.367062267363053252e-12
2.249999999999999556e+00 7.997903640025474488e+02 4.367062267363053252e-12
2.399999999999999467e+00 7.997903640025474488e+02 4.367062267363053252e-12
2.549999999999999378e+00 7.997903640025474488e+02 4.367062267363053252e-12
2.699999999999999289e+00 7.997903640025474488e+02 4.367062267363053252e-12
2.849999999999999201e+00 7.997903640025474488e+02 4.367062267363053252e-12
2.999999999999999112e+00 7.997903640025474488e+02 4.367062267363053252e-12
3.149999999999999023e+00 7.997903640025474488e+02 4.367062267363053252e-12
3.299999999999998934e+00 7.997903640025474488e+02 4.367062267363053252e-12
3.449999999999998845e+00 7.997903640025474488e+02 4.367062267363053252e-12
3.599999999999998757e+00 7.997903640025474488e+02 4.367062267363053252e-12
3.749999999999998668e+00 7.997903640025474488e+02 4.367062267363053252e-12
3.899999999999998579e+00 7.997903640025474488e+02 4.367062267363053252e-12
4.049999999999998934e+00 4.332411235275120589e+02 4.369837824924616143e-12
4.199999999999999289e+00 2.030303546008945830e+02 4.403366560268295871e-12
4.349999999999999645e+00 6.511786854553096759e+01 4.435896094889812957e-12
4.500000000000000000e+00 2.397895733546015862e+01 4.491407246121070784e-12
4.650000000000000355e+00 8.401327928810147228e+00 4.470090964048267779e-12
4.800000000000000711e+00 3.003819611952721402e+00 4.569677969357144320e-12
4.950000000000001066e+00 1.074474519174430043e+00 5.405009773085112101e-12
5.100000000000001421e+00 3.926768780013389915e-01 1.206845734458283914e-11
5.250000000000001776e+00 1.507293600020602753e-01 6.022982113051966735e-11
5.400000000000002132e+00 6.500199742731638253e-02 3.720392882655687572e-10
5.550000000000002487e+00 3.460978363182221074e-02 1.955630990480017317e-09
5.700000000000002842e+00 2.383730792462301906e-02 8.001726281570142874e-09
5.850000000000003197e+00 2.001872898472356610e-02 2.687264577527770371e-08
6.000000000000003553e+00 1.866517808230128139e-02 8.131034889835575541e-08
6.150000000000003908e+00 1.818538453153450973e-02 2.354056447551045039e-07
6.300000000000004263e+00 1.801531859746319242e-02 6.702836958805136192e-07
6.450000000000004619e+00 1.795504820620408282e-02 1.897379985127400914e-06
6.600000000000004974e+00 1.793372010433813557e-02 5.358359351781416535e-06
6.750000000000005329e+00 1.792626395399565808e-02 1.512076625742597713e-05
6.900000000000005684e+00 1.792391892013256438e-02 4.266493078441957465e-05
7.050000000000006040e+00 1.792391703202156350e-02 1.203462245283892784e-04
7.200000000000006395e+00 1.792626395399565808e-02 3.394197343214999663e-04
7.350000000000006750e+00 1.793371632811613381e-02 9.571871427445088898e-04
7.500000000000007105e+00 1.795503498942707665e-02 2.696760056245528503e-03
7.650000000000007461e+00 1.801528649957617745e-02 7.581390243951657837e-03
7.800000000000007816e+00 1.818529767842846923e-02 2.118897003341346785e-02
7.950000000000008171e+00 1.866494018031517044e-02 5.823249533258856303e-02
8.100000000000008527e+00 2.001811346053727902e-02 1.531546017284572958e-01
8.250000000000008882e+00 2.383584747076383792e-02 3.628834717285266409e-01
8.400000000000009237e+00 3.460694013665488455e-02 7.050161035428182954e-01
8.550000000000009592e+00 6.499768592584587168e-02 1.058895830775268720e+00
8.700000000000009948e+00 1.507239765255690145e-01 1.288200738288836078e+00
8.850000000000010303e+00 3.926706195624092288e-01 1.395106612657449840e+00
9.000000000000010658e+00 1.074466831996005567e+00 1.437235866863001199e+00
9.150000000000011013e+00 3.003808281656745294e+00 1.452950398950283217e+00
9.300000000000011369e+00 8.401306664277143454e+00 1.458350269414675271e+00
9.450000000000011724e+00 2.397890660973828858e+01 1.460160892692272450e+00
9.600000000000012079e+00 6.511774653750458697e+01 1.460928315482398432e+00
9.750000000000012434e+00 2.030299384363368631e+02 1.460958717761067893e+00
9.900000000000012790e+00 4.332405400330067096e+02 1.460889720935745206e+00
1.005000000000001315e+01 7.997878227194443070e+02 1.460931636839988501e+00
1.020000000000001350e+01 7.997878227194443070e+02 1.460931636839988501e+00
1.035000000000001386e+01 7.997878227194443070e+02 1.460931636839988501e+00
1.050000000000001421e+01 7.997878227194443070e+02 1.460931636839988501e+00
1.065000000000001457e+01 7.997878227194443070e+02 1.460931636839988501e+00
1.080000000000001492e+01 7.997878227194443070e+02 1.460931636839988501e+00
1.095000000000001528e+01 7.997878227194443070e+02 1.460931636839988501e+00
1.110000000000001563e+01 7.997878227194443070e+02 1.460931636839988501e+00
1.125000000000001599e+01 7.997878227194443070e+02 1.460931636839988501e+00
1.140000000000001634e+01 7.997878227194443070e+02 1.460931636839988501e+00
1.155000000000001670e+01 7.997878227194443070e+02 1.460931636839988501e+00
1.170000000000001705e+01 7.997878227194443070e+02 1.460931636839988501e+00
1.185000000000001741e+01 7.997878227194443070e+02 1.460931636839988501e+00
1.200000000000001776e+01 7.997878227194443070e+02 1.460931636839988501e+00
1.215000000000001812e+01 7.997878227194443070e+02 1.460931636839988501e+00
1.230000000000001847e+01 7.997878227194443070e+02 1.460931636839988501e+00
1.245000000000001883e+01 7.997878227194443070e+02 1.460931636839988501e+00
1.260000000000001918e+01 7.997878227194443070e+02 1.460931636839988501e+00
1.275000000000001954e+01 7.997878227194443070e+02 1.460931636839988501e+00
1.290000000000001990e+01 7.997878227194443070e+02 1.460931636839988501e+00
1.305000000000002025e+01 7.995995880962021829e+02 1.460783400800816700e+00
1.320000000000002061e+01 7.995995880962021829e+02 1.460783400800816700e+00
1.335000000000002096e+01 7.995995880962021829e+02 1.460783400800816700e+00
1.350000000000002132e+01 7.995995880962021829e+02 1.460783400800816700e+00
1.365000000000002167e+01 7.995995880962021829e+02 1.460783400800816700e+00
1.380000000000002203e+01 7.995995880962021829e+02 1.460783400800816700e+00
1.395000000000002238e+01 7.995995880962021829e+02 1.460783400800816700e+00
1.410000000000002274e+01 7.995995880962021829e+02 1.460783400800816700e+00
1.425000000000002309e+01 7.995995880962021829e+02 1.460783400800816700e+00
1.440000000000002345e+01 7.995995880962021829e+02 1.460783400800816700e+00
1.455000000000002380e+01 7.995995880962021829e+02 1.460783400800816700e+00
1.470000000000002416e+01 7.995995880962021829e+02 1.460783400800816700e+00
1.485000000000002451e+01 7.995995880962021829e+02 1.460783400800816700e+00
1.500000000000002487e+01 7.995995880962021829e+02 1.460783400800816700e+00
1.515000000000002522e+01 7.995995880962021829e+02 1.460783400800816700e+00
1.530000000000002558e+01 7.995995880962021829e+02 1.460783400800816700e+00
1.545000000000002593e+01 7.995995880962021829e+02 1.460783400800816700e+00
1.560000000000002629e+01 7.995995880962021829e+02 1.460783400800816700e+00
1.575000000000002665e+01 7.995995880962021829e+02 1.460783400800816700e+00
1.590000000000002700e+01 7.995995880962021829e+02 1.460783400800816700e+00
