1.499999999999999944e-01 7.999965957237834573e+02 1.281064587743685479e-09
2.999999999999999889e-01 7.999965957237834573e+02 1.281064587743685479e-09
4.499999999999999556e-01 7.999965957237834573e+02 1.281064587743685479e-09
5.999999999999999778e-01 7.999965957237834573e+02 1.281064587743685479e-09
7.500000000000000000e-01 7.999965957237834573e+02 1.281064587743685479e-09
9.000000000000000222e-01 7.999965957237834573e+02 1.281064587743685479e-09
1.050000000000000044e+00 7.999965957237834573e+02 1.281064587743685479e-09
1.199999999999999956e+00 7.999965957237834573e+02 1.281064587743685479e-09
1.349999999999999867e+00 7.999965957237834573e+02 1.281064587743685479e-09
1.499999999999999778e+00 7.999965957237834573e+02 1.281064587743685479e-09
1.649999999999999689e+00 7.999965957237834573e+02 1.281064587743685479e-09
1.799999999999999600e+00 7.999965957237834573e+02 1.281064587743685479e-09
1.949999999999999512e+00 7.999965957237834573e+02 1.281064587743685479e-09
2.099999999999999645e+00 7.999990294626352352e+02 1.282181250061853461e-09
2.249999999999999556e+00 7.999990294626352352e+02 1.282181250061853461e-09
2.399999999999999467e+00 7.999990294626352352e+02 1.282181250061853461e-09
2.549999999999999378e+00 7.999990294626352352e+02 1.282181250061853461e-09
2.699999999999999289e+00 7.999990294626352352e+02 1.282181250061853461e-09
2.849999999999999201e+00 7.999990294626352352e+02 1.282181250061853461e-09
2.999999999999999112e+00 7.999990294626352352e+02 1.282181250061853461e-09
3.149999999999999023e+00 7.999990294626352352e+02 1.282181250061853461e-09
3.299999999999998934e+00 7.999990294626352352e+02 1.282181250061853461e-09
3.449999999999998845e+00 7.999990294626352352e+02 1.282181250061853461e-09
3.599999999999998757e+00 7.999990294626352352e+02 1.282181250061853461e-09
3.749999999999998668e+00 7.999990294626352352e+02 1.282181250061853461e-09
3.899999999999998579e+00 7.999990294626352352e+02 1.282181250061853461e-09
4.049999999999998934e+00 4.987614976368262205e+02 1.294902185478008505e-09
4.199999999999999289e+00 3.588478835030925893e+02 1.370472957340496123e-09
4.349999999999999645e+00 2.128391835595553516e+02 1.636170088303856573e-09
4.500000000000000000e+00 1.425025393586561506e+02 2.262314557910372059e-09
4.650000000000000355e+00 9.607747903262705336e+01 3.709881291058536590e-09
4.800000000000000711e+00 6.589228026690780382e+01 6.830524812428961923e-09
4.950000000000001066e+00 4.560704830499218332e+01 1.345554112575086947e-08
5.100000000000001421e+00 3.188431849356010162e+01 2.733365223051009707e-08
5.250000000000001776e+00 2.255256718756353251e+01 5.568044203485555954e-08
5.400000000000002132e+00 1.619394494813518293e+01 1.125601055695923947e-07
5.550000000000002487e+00 1.185688861214537582e+01 2.244525620920256870e-07
5.700000000000002842e+00 8.897947754784254926e+00 4.360297320982198244e-07
5.850000000000003197e+00 6.879927659195644196e+00 8.225010607043614641e-07
6.000000000000003553e+00 5.505304083700600870e+00 1.503519547974008219e-06
6.150000000000003908e+00 4.571641155040495619e+00 2.641338699094220033e-06
6.300000000000004263e+00 3.941527438320804322e+00 4.469302466780789018e-06
6.450000000000004619e+00 3.522258832536948603e+00 7.315978438837689168e-06
6.600000000000004974e+00 3.252163967152611690e+00 1.155905349714547725e-05
6.750000000000005329e+00 3.091518626091144029e+00 1.773865170717758843e-05
6.900000000000005684e+00 3.016697531506665086e+00 2.659136317895161028e-05
7.050000000000006040e+00 3.016697531137893407e+00 3.879132089956716101e-05
7.200000000000006395e+00 3.091518624947951821e+00 5.521889634185761508e-05
7.350000000000006750e+00 3.252163965057988548e+00 7.678295864943507354e-05
7.500000000000007105e+00 3.522258829195877183e+00 1.034212881270146767e-04
7.650000000000007461e+00 3.941527433268632308e+00 1.348224513393336821e-04
7.800000000000007816e+00 4.571641147495427049e+00 1.700347326840656592e-04
7.950000000000008171e+00 5.505304072571071572e+00 2.059833833704116657e-04
8.100000000000008527e+00 6.879927642840620194e+00 2.404597315504020116e-04
8.250000000000008882e+00 8.897947730810408018e+00 2.719879210111297851e-04
8.400000000000009237e+00 1.185688857701249788e+01 2.978015309940129640e-04
8.550000000000009592e+00 1.619394489666203185e+01 3.181699927379266768e-04
8.700000000000009948e+00 2.255256711209348808e+01 3.343664526611611620e-04
8.850000000000010303e+00 3.188431838274144781e+01 3.453707335104860832e-04
9.000000000000010658e+00 4.560704814179826627e+01 3.529413789182811456e-04
9.150000000000011013e+00 6.589228002481979729e+01 3.588857016331159500e-04
9.300000000000011369e+00 9.607747867036557921e+01 3.619402827135242973e-04
9.450000000000011724e+00 1.425025387901575016e+02 3.636090230570987458e-04
9.600000000000012079e+00 2.128391826937854603e+02 3.652848905785210931e-04
9.750000000000012434e+00 3.588478814382157793e+02 3.652160507837676207e-04
9.900000000000012790e+00 4.987614960672402162e+02 3.649173596779187179e-04
1.005000000000001315e+01 7.999990140721492935e+02 3.650591114410239868e-04
1.020000000000001350e+01 7.999990140721492935e+02 3.650591114410239868e-04
1.035000000000001386e+01 7.999990140721492935e+02 3.650591114410239868e-04
1.050000000000001421e+01 7.999990140721492935e+02 3.650591114410239868e-04
1.065000000000001457e+01 7.999990140721492935e+02 3.650591114410239868e-04
1.080000000000001492e+01 7.999990140721492935e+02 3.650591114410239868e-04
1.095000000000001528e+01 7.999990140721492935e+02 3.650591114410239868e-04
1.110000000000001563e+01 7.999990140721492935e+02 3.650591114410239868e-04
1.125000000000001599e+01 7.999990140721492935e+02 3.650591114410239868e-04
1.140000000000001634e+01 7.999990140721492935e+02 3.650591114410239868e-04
1.155000000000001670e+01 7.999990140721492935e+02 3.650591114410239868e-04
1.170000000000001705e+01 7.999990140721492935e+02 3.650591114410239868e-04
1.185000000000001741e+01 7.999990140721492935e+02 3.650591114410239868e-04
1.200000000000001776e+01 7.999990140721492935e+02 3.650591114410239868e-04
1.215000000000001812e+01 7.999990140721492935e+02 3.650591114410239868e-04
1.230000000000001847e+01 7.999990140721492935e+02 3.650591114410239868e-04
1.245000000000001883e+01 7.999990140721492935e+02 3.650591114410239868e-04
1.260000000000001918e+01 7.999990140721492935e+02 3.650591114410239868e-04
1.275000000000001954e+01 7.999990140721492935e+02 3.650591114410239868e-04
1.290000000000001990e+01 7.999990140721492935e+02 3.650591114410239868e-04
1.305000000000002025e+01 7.999965417398080945e+02 3.644870184684734227e-04
1.320000000000002061e+01 7.999965417398080945e+02 3.644870184684734227e-04
1.335000000000002096e+01 7.999965417398080945e+02 3.644870184684734227e-04
1.350000000000002132e+01 7.999965417398080945e+02 3.644870184684734227e-04
1.365000000000002167e+01 7.999965417398080945e+02 3.644870184684734227e-04
1.380000000000002203e+01 7.999965417398080945e+02 3.644870184684734227e-04
1.395000000000002238e+01 7.999965417398080945e+02 3.644870184684734227e-04
1.410000000000002274e+01 7.999965417398080945e+02 3.644870184684734227e-04
1.425000000000002309e+01 7.999965417398080945e+02 3.644870184684734227e-04
1.440000000000002345e+01 7.999965417398080945e+02 3.644870184684734227e-04
1.455000000000002380e+01 7.999965417398080945e+02 3.644870184684734227e-04
1.470000000000002416e+01 7.999965417398080945e+02 3.644870184684734227e-04
1.485000000000002451e+01 7.999965417398080945e+02 3.644870184684734227e-04
1.500000000000002487e+01 7.999965417398080945e+02 3.644870184684734227e-04
1.515000000000002522e+01 7.999965417398080945e+02 3.644870184684734227e-04
1.530000000000002558e+01 7.999965417398080945e+02 3.644870184684734227e-04
1.545000000000002593e+01 7.999965417398080945e+02 3.644870184684734227e-04
1.560000000000002629e+01 7.999965417398080945e+02 3.644870184684734227e-04
1.575000000000002665e+01 7.999965417398080945e+02 3.644870184684734227e-04
1.590000000000002700e+01 7.999965417398080945e+02 3.644870184684734227e-04
