1.499999999999999944e-01 7.999920637556941756e+02 4.527411778809664611e-11
2.999999999999999889e-01 7.999920637556941756e+02 4.527411778809664611e-11
4.499999999999999556e-01 7.999920637556941756e+02 4.527411778809664611e-11
5.999999999999999778e-01 7.999920637556941756e+02 4.527411778809664611e-11
7.500000000000000000e-01 7.999920637556941756e+02 4.527411778809664611e-11
9.000000000000000222e-01 7.999920637556941756e+02 4.527411778809664611e-11
1.050000000000000044e+00 7.999920637556941756e+02 4.527411778809664611e-11
1.199999999999999956e+00 7.999920637556941756e+02 4.527411778809664611e-11
1.349999999999999867e+00 7.999920637556941756e+02 4.527411778809664611e-11
1.499999999999999778e+00 7.999920637556941756e+02 4.527411778809664611e-11
1.649999999999999689e+00 7.999920637556941756e+02 4.527411778809664611e-11
1.799999999999999600e+00 7.999920637556941756e+02 4.527411778809664611e-11
1.949999999999999512e+00 7.999920637556941756e+02 4.527411778809664611e-11
2.099999999999999645e+00 7.999974728257640209e+02 4.528344366150349742e-11
2.249999999999999556e+00 7.999974728257640209e+02 4.528344366150349742e-11
2.399999999999999467e+00 7.999974728257640209e+02 4.528344366150349742e-11
2.549999999999999378e+00 7.999974728257640209e+02 4.528344366150349742e-11
2.699999999999999289e+00 7.999974728257640209e+02 4.528344366150349742e-11
2.849999999999999201e+00 7.999974728257640209e+02 4.528344366150349742e-11
2.999999999999999112e+00 7.999974728257640209e+02 4.528344366150349742e-11
3.149999999999999023e+00 7.999974728257640209e+02 4.528344366150349742e-11
3.299999999999998934e+00 7.999974728257640209e+02 4.528344366150349742e-11
3.449999999999998845e+00 7.999974728257640209e+02 4.528344366150349742e-11
3.599999999999998757e+00 7.999974728257640209e+02 4.528344366150349742e-11
3.749999999999998668e+00 7.999974728257640209e+02 4.528344366150349742e-11
3.899999999999998579e+00 7.999974728257640209e+02 4.528344366150349742e-11
4.049999999999998934e+00 4.927449379867762786e+02 4.564693067976577368e-11
4.199999999999999289e+00 3.332723028237886638e+02 4.752742643887586382e-11
4.349999999999999645e+00 1.773452805379490087e+02 5.515699008640240208e-11
4.500000000000000000e+00 1.054368090195465157e+02 7.805667223692580592e-11
4.650000000000000355e+00 6.206746588718495872e+01 1.452850062477750726e-10
4.800000000000000711e+00 3.692031613161093162e+01 3.365826506396274453e-10
4.950000000000001066e+00 2.202967577486928974e+01 8.780086657722563359e-10
5.100000000000001421e+00 1.322257648764463056e+01 2.398142795456692511e-09
5.250000000000001776e+00 8.004499131893744845e+00 6.611268532630276695e-09
5.400000000000002132e+00 4.912606470736747610e+00 1.809634597726983429e-08
5.550000000000002487e+00 3.080266197228795022e+00 4.863678737532239893e-08
5.700000000000002842e+00 1.994377160519547942e+00 1.265759980162428633e-07
5.850000000000003197e+00 1.350903092731186916e+00 3.149601467411500266e-07
6.000000000000003553e+00 9.696981340179036124e-01 7.402591740701680578e-07
6.150000000000003908e+00 7.440439049860287923e-01 1.626281240785232285e-06
6.300000000000004263e+00 6.107694949527058270e-01 3.339605250118893309e-06
6.450000000000004619e+00 5.325655583575326091e-01 6.461883865771511637e-06
6.600000000000004974e+00 4.875394617750998805e-01 1.189878413099254573e-05
6.750000000000005329e+00 4.630864921271040657e-01 2.111691675599214335e-05
6.900000000000005684e+00 4.523612325887143015e-01 3.647267205264537182e-05
7.050000000000006040e+00 4.523612324117038952e-01 6.148198175970343016e-05
7.200000000000006395e+00 4.630864914780659092e-01 1.012398284009341509e-04
7.350000000000006750e+00 4.875394607720409113e-01 1.622422956408797745e-04
7.500000000000007105e+00 5.325655567054354833e-01 2.503693018796049330e-04
7.650000000000007461e+00 6.107694920025323881e-01 3.680079069967590044e-04
7.800000000000007816e+00 7.440439000002356806e-01 5.096785808897941195e-04
7.950000000000008171e+00 9.696981257279162492e-01 6.592329656051054698e-04
8.100000000000008527e+00 1.350903078599856144e+00 7.976861894185560686e-04
8.250000000000008882e+00 1.994377136770651759e+00 9.116128949981927576e-04
8.400000000000009237e+00 3.080266157165439722e+00 9.949750866280471229e-04
8.550000000000009592e+00 4.912606403192526727e+00 1.051659703983798266e-03
8.700000000000009948e+00 8.004499017943295769e+00 1.088997737732966264e-03
8.850000000000010303e+00 1.322257629537260826e+01 1.111404582597286250e-03
9.000000000000010658e+00 2.202967545036035091e+01 1.124712978353592518e-03
9.150000000000011013e+00 3.692031558241678368e+01 1.133321375364482186e-03
9.300000000000011369e+00 6.206746495922541840e+01 1.137446989797452623e-03
9.450000000000011724e+00 1.054368074012648293e+02 1.139463123278172674e-03
9.600000000000012079e+00 1.773452778771356009e+02 1.141204072064527786e-03
9.750000000000012434e+00 3.332722963605513655e+02 1.141118474826896545e-03
9.900000000000012790e+00 4.927449327604247742e+02 1.140816554895285329e-03
1.005000000000001315e+01 7.999974290410642652e+02 1.140960780216415671e-03
1.020000000000001350e+01 7.999974290410642652e+02 1.140960780216415671e-03
1.035000000000001386e+01 7.999974290410642652e+02 1.140960780216415671e-03
1.050000000000001421e+01 7.999974290410642652e+02 1.140960780216415671e-03
1.065000000000001457e+01 7.999974290410642652e+02 1.140960780216415671e-03
1.080000000000001492e+01 7.999974290410642652e+02 1.140960780216415671e-03
1.095000000000001528e+01 7.999974290410642652e+02 1.140960780216415671e-03
1.110000000000001563e+01 7.999974290410642652e+02 1.140960780216415671e-03
1.125000000000001599e+01 7.999974290410642652e+02 1.140960780216415671e-03
1.140000000000001634e+01 7.999974290410642652e+02 1.140960780216415671e-03
1.155000000000001670e+01 7.999974290410642652e+02 1.140960780216415671e-03
1.170000000000001705e+01 7.999974290410642652e+02 1.140960780216415671e-03
1.185000000000001741e+01 7.999974290410642652e+02 1.140960780216415671e-03
1.200000000000001776e+01 7.999974290410642652e+02 1.140960780216415671e-03
1.215000000000001812e+01 7.999974290410642652e+02 1.140960780216415671e-03
1.230000000000001847e+01 7.999974290410642652e+02 1.140960780216415671e-03
1.245000000000001883e+01 7.999974290410642652e+02 1.140960780216415671e-03
1.260000000000001918e+01 7.999974290410642652e+02 1.140960780216415671e-03
1.275000000000001954e+01 7.999974290410642652e+02 1.140960780216415671e-03
1.290000000000001990e+01 7.999974290410642652e+02 1.140960780216415671e-03
1.305000000000002025e+01 7.999919262558108812e+02 1.140388832366556748e-03
1.320000000000002061e+01 7.999919262558108812e+02 1.140388832366556748e-03
1.335000000000002096e+01 7.999919262558108812e+02 1.140388832366556748e-03
1.350000000000002132e+01 7.999919262558108812e+02 1.140388832366556748e-03
1.365000000000002167e+01 7.999919262558108812e+02 1.140388832366556748e-03
1.380000000000002203e+01 7.999919262558108812e+02 1.140388832366556748e-03
1.395000000000002238e+01 7.999919262558108812e+02 1.140388832366556748e-03
1.410000000000002274e+01 7.999919262558108812e+02 1.140388832366556748e-03
1.425000000000002309e+01 7.999919262558108812e+02 1.140388832366556748e-03
1.440000000000002345e+01 7.999919262558108812e+02 1.140388832366556748e-03
1.455000000000002380e+01 7.999919262558108812e+02 1.140388832366556748e-03
1.470000000000002416e+01 7.999919262558108812e+02 1.140388832366556748e-03
1.485000000000002451e+01 7.999919262558108812e+02 1.140388832366556748e-03
1.500000000000002487e+01 7.999919262558108812e+02 1.140388832366556748e-03
1.515000000000002522e+01 7.999919262558108812e+02 1.140388832366556748e-03
1.530000000000002558e+01 7.999919262558108812e+02 1.140388832366556748e-03
1.545000000000002593e+01 7.999919262558108812e+02 1.140388832366556748e-03
1.560000000000002629e+01 7.999919262558108812e+02 1.140388832366556748e-03
1.575000000000002665e+01 7.999919262558108812e+02 1.140388832366556748e-03
1.590000000000002700e+01 7.999919262558108812e+02 1.140388832366556748e-03
