1.499999999999999944e-01 7.999978549076472518e+02 4.351809708147413858e-07
2.999999999999999889e-01 7.999978549076472518e+02 4.351809708147413858e-07
4.499999999999999556e-01 7.999978549076472518e+02 4.351809708147413858e-07
5.999999999999999778e-01 7.999978549076472518e+02 4.351809708147413858e-07
7.500000000000000000e-01 7.999978549076472518e+02 4.351809708147413858e-07
9.000000000000000222e-01 7.999978549076472518e+02 4.351809708147413858e-07
1.050000000000000044e+00 7.999978549076472518e+02 4.351809708147413858e-07
1.199999999999999956e+00 7.999978549076472518e+02 4.351809708147413858e-07
1.349999999999999867e+00 7.999978549076472518e+02 4.351809708147413858e-07
1.499999999999999778e+00 7.999978549076472518e+02 4.351809708147413858e-07
1.649999999999999689e+00 7.999978549076472518e+02 4.351809708147413858e-07
1.799999999999999600e+00 7.999978549076472518e+02 4.351809708147413858e-07
1.949999999999999512e+00 7.999978549076472518e+02 4.351809708147413858e-07
2.099999999999999645e+00 7.999994247806120029e+02 4.361093076665767398e-07
2.249999999999999556e+00 7.999994247806120029e+02 4.361093076665767398e-07
2.399999999999999467e+00 7.999994247806120029e+02 4.361093076665767398e-07
2.549999999999999378e+00 7.999994247806120029e+02 4.361093076665767398e-07
2.699999999999999289e+00 7.999994247806120029e+02 4.361093076665767398e-07
2.849999999999999201e+00 7.999994247806120029e+02 4.361093076665767398e-07
2.999999999999999112e+00 7.999994247806120029e+02 4.361093076665767398e-07
3.149999999999999023e+00 7.999994247806120029e+02 4.361093076665767398e-07
3.299999999999998934e+00 7.999994247806120029e+02 4.361093076665767398e-07
3.449999999999998845e+00 7.999994247806120029e+02 4.361093076665767398e-07
3.599999999999998757e+00 7.999994247806120029e+02 4.361093076665767398e-07
3.749999999999998668e+00 7.999994247806120029e+02 4.361093076665767398e-07
3.899999999999998579e+00 7.999994247806120029e+02 4.361093076665767398e-07
4.049999999999998934e+00 5.014811091177663229e+02 4.414850334200082216e-07
4.199999999999999289e+00 3.721668026431824501e+02 4.716147938843562315e-07
4.349999999999999645e+00 2.338783748641999978e+02 5.734140963165046401e-07
4.500000000000000000e+00 1.671709397780025199e+02 7.858086674694675366e-07
4.650000000000000355e+00 1.215269962694587491e+02 1.209504403854033683e-06
4.800000000000000711e+00 9.014130047292566417e+01 1.994908031432984785e-06
4.950000000000001066e+00 6.748341078324591535e+01 3.415488111668807392e-06
5.100000000000001421e+00 5.083702149677515081e+01 5.941981484736125196e-06
5.250000000000001776e+00 3.845993621498811876e+01 1.038218696447490430e-05
5.400000000000002132e+00 2.920050345234158939e+01 1.813058861066529914e-05
5.550000000000002487e+00 2.225150716972790121e+01 3.157583127333385420e-05
5.700000000000002842e+00 1.703124928452576725e+01 5.470635962467884639e-05
5.850000000000003197e+00 1.311294936077874240e+01 9.416508841775250716e-05
6.000000000000003553e+00 1.018069127923523354e+01 1.607115797552793879e-04
6.150000000000003908e+00 7.999966346690349894e+00 2.707670523544036811e-04
6.300000000000004263e+00 6.397192499516812347e+00 4.481342943731814188e-04
6.450000000000004619e+00 5.245143110044566015e+00 7.234822642365745793e-04
6.600000000000004974e+00 4.452516788382865798e+00 1.127512082163106832e-03
6.750000000000005329e+00 3.956555513126673418e+00 1.678436287681051020e-03
6.900000000000005684e+00 3.718011048827946752e+00 2.363487809329711808e-03
7.050000000000006040e+00 3.718011047433989802e+00 3.126080687909649214e-03
7.200000000000006395e+00 3.956555508966928869e+00 3.885345664992989612e-03
7.350000000000006750e+00 4.452516781413081048e+00 4.568241984081455875e-03
7.500000000000007105e+00 5.245143100065604358e+00 5.128957414975765516e-03
7.650000000000007461e+00 6.397192486174652970e+00 5.562051473615325925e-03
7.800000000000007816e+00 7.999966329369144091e+00 5.885246274293653990e-03
7.950000000000008171e+00 1.018069125698355037e+01 6.117208635472382028e-03
8.100000000000008527e+00 1.311294933223028281e+01 6.282801923636727182e-03
8.250000000000008882e+00 1.703124924779057636e+01 6.403031604493958362e-03
8.400000000000009237e+00 2.225150712222273341e+01 6.486506567345617924e-03
8.550000000000009592e+00 2.920050339052900057e+01 6.545671537673825036e-03
8.700000000000009948e+00 3.845993613399848243e+01 6.590168691329445494e-03
8.850000000000010303e+00 5.083702138973455931e+01 6.619533055146731293e-03
9.000000000000010658e+00 6.748341064014084623e+01 6.639844673054007274e-03
9.150000000000011013e+00 9.014130027804320378e+01 6.656223681195116981e-03
9.300000000000011369e+00 1.215269959975868943e+02 6.664971435338173933e-03
9.450000000000011724e+00 1.671709393721476147e+02 6.670036912741816870e-03
9.600000000000012079e+00 2.338783742629282756e+02 6.675032913945000423e-03
9.750000000000012434e+00 3.721668011931892011e+02 6.675125488032507270e-03
9.900000000000012790e+00 5.014811080417972562e+02 6.674391719063921258e-03
1.005000000000001315e+01 7.999994132665399320e+02 6.674788195071057473e-03
1.020000000000001350e+01 7.999994132665399320e+02 6.674788195071057473e-03
1.035000000000001386e+01 7.999994132665399320e+02 6.674788195071057473e-03
1.050000000000001421e+01 7.999994132665399320e+02 6.674788195071057473e-03
1.065000000000001457e+01 7.999994132665399320e+02 6.674788195071057473e-03
1.080000000000001492e+01 7.999994132665399320e+02 6.674788195071057473e-03
1.095000000000001528e+01 7.999994132665399320e+02 6.674788195071057473e-03
1.110000000000001563e+01 7.999994132665399320e+02 6.674788195071057473e-03
1.125000000000001599e+01 7.999994132665399320e+02 6.674788195071057473e-03
1.140000000000001634e+01 7.999994132665399320e+02 6.674788195071057473e-03
1.155000000000001670e+01 7.999994132665399320e+02 6.674788195071057473e-03
1.170000000000001705e+01 7.999994132665399320e+02 6.674788195071057473e-03
1.185000000000001741e+01 7.999994132665399320e+02 6.674788195071057473e-03
1.200000000000001776e+01 7.999994132665399320e+02 6.674788195071057473e-03
1.215000000000001812e+01 7.999994132665399320e+02 6.674788195071057473e-03
1.230000000000001847e+01 7.999994132665399320e+02 6.674788195071057473e-03
1.245000000000001883e+01 7.999994132665399320e+02 6.674788195071057473e-03
1.260000000000001918e+01 7.999994132665399320e+02 6.674788195071057473e-03
1.275000000000001954e+01 7.999994132665399320e+02 6.674788195071057473e-03
1.290000000000001990e+01 7.999994132665399320e+02 6.674788195071057473e-03
1.305000000000002025e+01 7.999978119696877457e+02 6.673228460191471534e-03
1.320000000000002061e+01 7.999978119696877457e+02 6.673228460191471534e-03
1.335000000000002096e+01 7.999978119696877457e+02 6.673228460191471534e-03
1.350000000000002132e+01 7.999978119696877457e+02 6.673228460191471534e-03
1.365000000000002167e+01 7.999978119696877457e+02 6.673228460191471534e-03
1.380000000000002203e+01 7.999978119696877457e+02 6.673228460191471534e-03
1.395000000000002238e+01 7.999978119696877457e+02 6.673228460191471534e-03
1.410000000000002274e+01 7.999978119696877457e+02 6.673228460191471534e-03
1.425000000000002309e+01 7.999978119696877457e+02 6.673228460191471534e-03
1.440000000000002345e+01 7.999978119696877457e+02 6.673228460191471534e-03
1.455000000000002380e+01 7.999978119696877457e+02 6.673228460191471534e-03
1.470000000000002416e+01 7.999978119696877457e+02 6.673228460191471534e-03
1.485000000000002451e+01 7.999978119696877457e+02 6.673228460191471534e-03
1.500000000000002487e+01 7.999978119696877457e+02 6.673228460191471534e-03
1.515000000000002522e+01 7.999978119696877457e+02 6.673228460191471534e-03
1.530000000000002558e+01 7.999978119696877457e+02 6.673228460191471534e-03
1.545000000000002593e+01 7.999978119696877457e+02 6.673228460191471534e-03
1.560000000000002629e+01 7.999978119696877457e+02 6.673228460191471534e-03
1.575000000000002665e+01 7.999978119696877457e+02 6.673228460191471534e-03
1.590000000000002700e+01 7.999978119696877457e+02 6.673228460191471534e-03
