1.499999999999999944e-01 7.999947278974040046e+02 1.288362749818361408e-10
2.999999999999999889e-01 7.999947278974040046e+02 1.288362749818361408e-10
4.499999999999999556e-01 7.999947278974040046e+02 1.288362749818361408e-10
5.999999999999999778e-01 7.999947278974040046e+02 1.288362749818361408e-10
7.500000000000000000e-01 7.999947278974040046e+02 1.288362749818361408e-10
9.000000000000000222e-01 7.999947278974040046e+02 1.288362749818361408e-10
1.050000000000000044e+00 7.999947278974040046e+02 1.288362749818361408e-10
1.199999999999999956e+00 7.999947278974040046e+02 1.288362749818361408e-10
1.349999999999999867e+00 7.999947278974040046e+02 1.288362749818361408e-10
1.499999999999999778e+00 7.999947278974040046e+02 1.288362749818361408e-10
1.649999999999999689e+00 7.999947278974040046e+02 1.288362749818361408e-10
1.799999999999999600e+00 7.999947278974040046e+02 1.288362749818361408e-10
1.949999999999999512e+00 7.999947278974040046e+02 1.288362749818361408e-10
2.099999999999999645e+00 7.999984084701827669e+02 1.288962270251658992e-10
2.249999999999999556e+00 7.999984084701827669e+02 1.288962270251658992e-10
2.399999999999999467e+00 7.999984084701827669e+02 1.288962270251658992e-10
2.549999999999999378e+00 7.999984084701827669e+02 1.288962270251658992e-10
2.699999999999999289e+00 7.999984084701827669e+02 1.288962270251658992e-10
2.849999999999999201e+00 7.999984084701827669e+02 1.288962270251658992e-10
2.999999999999999112e+00 7.999984084701827669e+02 1.288962270251658992e-10
3.149999999999999023e+00 7.999984084701827669e+02 1.288962270251658992e-10
3.299999999999998934e+00 7.999984084701827669e+02 1.288962270251658992e-10
3.449999999999998845e+00 7.999984084701827669e+02 1.288962270251658992e-10
3.599999999999998757e+00 7.999984084701827669e+02 1.288962270251658992e-10
3.749999999999998668e+00 7.999984084701827669e+02 1.288962270251658992e-10
3.899999999999998579e+00 7.999984084701827669e+02 1.288962270251658992e-10
4.049999999999998934e+00 4.958411443475314400e+02 1.302644658807139422e-10
4.199999999999999289e+00 3.458041715987519069e+02 1.376811997744198379e-10
4.349999999999999645e+00 1.939335301647659264e+02 1.664365312237237049e-10
4.500000000000000000e+00 1.220174093901581642e+02 2.422568812221470580e-10
4.650000000000000355e+00 7.659866007354617068e+01 4.423250654639332424e-10
4.800000000000000711e+00 4.874287416956786245e+01 9.418642532565968395e-10
4.950000000000001066e+00 3.122738536989754010e+01 2.175610025467733522e-09
5.100000000000001421e+00 2.019775490052505518e+01 5.185854634603970226e-09
5.250000000000001776e+00 1.323372206534051543e+01 1.236984570329724420e-08
5.400000000000002132e+00 8.834017274437016454e+00 2.913717234154233893e-08
5.550000000000002487e+00 6.053431634115980842e+00 6.714867328838636240e-08
5.700000000000002842e+00 4.296039052828604099e+00 1.492415199200181064e-07
5.850000000000003197e+00 3.185510114071220755e+00 3.175647108610846203e-07
6.000000000000003553e+00 2.484136529020844364e+00 6.439040680650265358e-07
6.150000000000003908e+00 2.041817668851507506e+00 1.236224080103376366e-06
6.300000000000004263e+00 1.763902177568525076e+00 2.258199349736145223e-06
6.450000000000004619e+00 1.590922134881310512e+00 3.959094424743625495e-06
6.600000000000004974e+00 1.485864541582230913e+00 6.689434981055342178e-06
6.750000000000005329e+00 1.426250282894500288e+00 1.099756552325192871e-05
6.900000000000005684e+00 1.399323835720537090e+00 1.772481708151030233e-05
7.050000000000006040e+00 1.399323835469772348e+00 2.797081057737127452e-05
7.200000000000006395e+00 1.426250282201209529e+00 4.330626950388438701e-05
7.350000000000006750e+00 1.485864540239901999e+00 6.573169006618417853e-05
7.500000000000007105e+00 1.590922132624427832e+00 9.687873666119894978e-05
7.650000000000007461e+00 1.763902173880808277e+00 1.378880183739994436e-04
7.800000000000007816e+00 2.041817662965911495e+00 1.883616272945198844e-04
7.950000000000008171e+00 2.484136519727798031e+00 2.443199485182567798e-04
8.100000000000008527e+00 3.185510099327728994e+00 3.006644124453616840e-04
8.250000000000008882e+00 4.296039029529609365e+00 3.525387362607323993e-04
8.400000000000009237e+00 6.053431597279377741e+00 3.948294872854196669e-04
8.550000000000009592e+00 8.834017216174778753e+00 4.269757400575668882e-04
8.700000000000009948e+00 1.323372197315497090e+01 4.507577703727339014e-04
8.850000000000010303e+00 2.019775475459288216e+01 4.662065281573202213e-04
9.000000000000010658e+00 3.122738513866571353e+01 4.761520201450597511e-04
9.150000000000011013e+00 4.874287380171949735e+01 4.832426064147465894e-04
9.300000000000011369e+00 7.659865948720842255e+01 4.867650131503697963e-04
9.450000000000011724e+00 1.220174084202190414e+02 4.885787449225853507e-04
9.600000000000012079e+00 1.939335286331508996e+02 4.902737744129082031e-04
9.750000000000012434e+00 3.458041679321147512e+02 4.901890532014174795e-04
9.900000000000012790e+00 4.958411414789650280e+02 4.898865442860556030e-04
1.005000000000001315e+01 7.999983825490322715e+02 4.900293411687073331e-04
1.020000000000001350e+01 7.999983825490322715e+02 4.900293411687073331e-04
1.035000000000001386e+01 7.999983825490322715e+02 4.900293411687073331e-04
1.050000000000001421e+01 7.999983825490322715e+02 4.900293411687073331e-04
1.065000000000001457e+01 7.999983825490322715e+02 4.900293411687073331e-04
1.080000000000001492e+01 7.999983825490322715e+02 4.900293411687073331e-04
1.095000000000001528e+01 7.999983825490322715e+02 4.900293411687073331e-04
1.110000000000001563e+01 7.999983825490322715e+02 4.900293411687073331e-04
1.125000000000001599e+01 7.999983825490322715e+02 4.900293411687073331e-04
1.140000000000001634e+01 7.999983825490322715e+02 4.900293411687073331e-04
1.155000000000001670e+01 7.999983825490322715e+02 4.900293411687073331e-04
1.170000000000001705e+01 7.999983825490322715e+02 4.900293411687073331e-04
1.185000000000001741e+01 7.999983825490322715e+02 4.900293411687073331e-04
1.200000000000001776e+01 7.999983825490322715e+02 4.900293411687073331e-04
1.215000000000001812e+01 7.999983825490322715e+02 4.900293411687073331e-04
1.230000000000001847e+01 7.999983825490322715e+02 4.900293411687073331e-04
1.245000000000001883e+01 7.999983825490322715e+02 4.900293411687073331e-04
1.260000000000001918e+01 7.999983825490322715e+02 4.900293411687073331e-04
1.275000000000001954e+01 7.999983825490322715e+02 4.900293411687073331e-04
1.290000000000001990e+01 7.999983825490322715e+02 4.900293411687073331e-04
1.305000000000002025e+01 7.999946420309777295e+02 4.894569227663625455e-04
1.320000000000002061e+01 7.999946420309777295e+02 4.894569227663625455e-04
1.335000000000002096e+01 7.999946420309777295e+02 4.894569227663625455e-04
1.350000000000002132e+01 7.999946420309777295e+02 4.894569227663625455e-04
1.365000000000002167e+01 7.999946420309777295e+02 4.894569227663625455e-04
1.380000000000002203e+01 7.999946420309777295e+02 4.894569227663625455e-04
1.395000000000002238e+01 7.999946420309777295e+02 4.894569227663625455e-04
1.410000000000002274e+01 7.999946420309777295e+02 4.894569227663625455e-04
1.425000000000002309e+01 7.999946420309777295e+02 4.894569227663625455e-04
1.440000000000002345e+01 7.999946420309777295e+02 4.894569227663625455e-04
1.455000000000002380e+01 7.999946420309777295e+02 4.894569227663625455e-04
1.470000000000002416e+01 7.999946420309777295e+02 4.894569227663625455e-04
1.485000000000002451e+01 7.999946420309777295e+02 4.894569227663625455e-04
1.500000000000002487e+01 7.999946420309777295e+02 4.894569227663625455e-04
1.515000000000002522e+01 7.999946420309777295e+02 4.894569227663625455e-04
1.530000000000002558e+01 7.999946420309777295e+02 4.894569227663625455e-04
1.545000000000002593e+01 7.999946420309777295e+02 4.894569227663625455e-04
1.560000000000002629e+01 7.999946420309777295e+02 4.894569227663625455e-04
1.575000000000002665e+01 7.999946420309777295e+02 4.894569227663625455e-04
1.590000000000002700e+01 7.999946420309777295e+02 4.894569227663625455e-04
