1.499999999999999944e-01 7.996700571331482479e+02 1.167210772479165826e-11
2.999999999999999889e-01 7.996700571331482479e+02 1.167210772479165826e-11
4.499999999999999556e-01 7.996700571331482479e+02 1.167210772479165826e-11
5.999999999999999778e-01 7.996700571331482479e+02 1.167210772479165826e-11
7.500000000000000000e-01 7.996700571331482479e+02 1.167210772479165826e-11
9.000000000000000222e-01 7.996700571331482479e+02 1.167210772479165826e-11
1.050000000000000044e+00 7.996700571331482479e+02 1.167210772479165826e-11
1.199999999999999956e+00 7.996700571331482479e+02 1.167210772479165826e-11
1.349999999999999867e+00 7.996700571331482479e+02 1.167210772479165826e-11
1.499999999999999778e+00 7.996700571331482479e+02 1.167210772479165826e-11
1.649999999999999689e+00 7.996700571331482479e+02 1.167210772479165826e-11
1.799999999999999600e+00 7.996700571331482479e+02 1.167210772479165826e-11
1.949999999999999512e+00 7.996700571331482479e+02 1.167210772479165826e-11
2.099999999999999645e+00 7.998290933946610721e+02 1.163469320886179048e-11
2.249999999999999556e+00 7.998290933946610721e+02 1.163469320886179048e-11
2.399999999999999467e+00 7.998290933946610721e+02 1.163469320886179048e-11
2.549999999999999378e+00 7.998290933946610721e+02 1.163469320886179048e-11
2.699999999999999289e+00 7.998290933946610721e+02 1.163469320886179048e-11
2.849999999999999201e+00 7.998290933946610721e+02 1.163469320886179048e-11
2.999999999999999112e+00 7.998290933946610721e+02 1.163469320886179048e-11
3.149999999999999023e+00 7.998290933946610721e+02 1.163469320886179048e-11
3.299999999999998934e+00 7.998290933946610721e+02 1.163469320886179048e-11
3.449999999999998845e+00 7.998290933946610721e+02 1.163469320886179048e-11
3.599999999999998757e+00 7.998290933946610721e+02 1.163469320886179048e-11
3.749999999999998668e+00 7.998290933946610721e+02 1.163469320886179048e-11
3.899999999999998579e+00 7.998290933946610721e+02 1.163469320886179048e-11
4.049999999999998934e+00 4.376637277618135045e+02 1.179767394887676346e-11
4.199999999999999289e+00 2.092791299794328665e+02 1.179123465533393755e-11
4.349999999999999645e+00 6.894584329462001904e+01 1.178213082653201127e-11
4.500000000000000000e+00 2.610830882700922473e+01 1.157773876769851995e-11
4.650000000000000355e+00 9.539956435311715666e+00 1.164490726068834192e-11
4.800000000000000711e+00 3.663062329091872016e+00 1.107269831379653624e-11
4.950000000000001066e+00 1.515075832915272258e+00 9.770406705911227618e-12
5.100000000000001421e+00 7.384539899313722344e-01 7.226663711890068953e-12
5.250000000000001776e+00 4.565601689525919937e-01 4.338307491025261697e-12
5.400000000000002132e+00 3.543841997474146410e-01 2.219668893133075471e-12
5.550000000000002487e+00 3.173303602120540745e-01 9.169331960379167867e-13
5.700000000000002842e+00 3.038953552184011642e-01 5.763167720829187601e-13
5.850000000000003197e+00 2.990237589542630303e-01 9.047207427670400648e-13
6.000000000000003553e+00 2.972573388315140619e-01 2.040145830051187659e-12
6.150000000000003908e+00 2.966168391849350883e-01 6.387224082970988093e-12
6.300000000000004263e+00 2.963846031839239004e-01 1.763345025551643630e-11
6.450000000000004619e+00 2.963004166806513240e-01 4.830036370861989781e-11
6.600000000000004974e+00 2.962699511836035526e-01 1.329730769938919366e-10
6.750000000000005329e+00 2.962590703539262904e-01 3.653556346350228523e-10
6.900000000000005684e+00 2.962555834849354142e-01 1.008688466086482549e-09
7.050000000000006040e+00 2.962555836029423517e-01 2.775739527116627414e-09
7.200000000000006395e+00 2.962590702359193529e-01 7.637949939187649306e-09
7.350000000000006750e+00 2.962699509475896775e-01 2.107639129889093965e-08
7.500000000000007105e+00 2.963004162086235738e-01 5.799064406453169340e-08
7.650000000000007461e+00 2.963846029479100253e-01 1.595297515200044813e-07
7.800000000000007816e+00 2.966168387129073380e-01 4.398881638945084660e-07
7.950000000000008171e+00 2.972573375334377488e-01 1.207852216023042047e-06
8.100000000000008527e+00 2.990237557680757163e-01 3.304062735520751914e-06
8.250000000000008882e+00 3.038953456598392222e-01 8.971652168732191512e-06
8.400000000000009237e+00 3.173303342505278124e-01 2.364225363671312863e-05
8.550000000000009592e+00 3.543841283532174202e-01 5.825674001080916042e-05
8.700000000000009948e+00 4.565599724710409646e-01 1.247759704801065794e-04
8.850000000000010303e+00 7.384534475419854971e-01 2.123265943864138805e-04
9.000000000000010658e+00 1.515074339124453218e+00 2.846104922400449766e-04
9.150000000000011013e+00 3.663058193907517079e+00 3.253708836051805164e-04
9.300000000000011369e+00 9.539945149312593742e+00 3.422581281091741090e-04
9.450000000000011724e+00 2.610827679149717540e+01 3.484131043488547519e-04
9.600000000000012079e+00 6.894576213503847839e+01 3.511801243489820479e-04
9.750000000000012434e+00 2.092788498179208148e+02 3.512768602292881681e-04
9.900000000000012790e+00 4.376633447130366790e+02 3.510148125488443682e-04
1.005000000000001315e+01 7.998273803582310393e+02 3.511716252135865801e-04
1.020000000000001350e+01 7.998273803582310393e+02 3.511716252135865801e-04
1.035000000000001386e+01 7.998273803582310393e+02 3.511716252135865801e-04
1.050000000000001421e+01 7.998273803582310393e+02 3.511716252135865801e-04
1.065000000000001457e+01 7.998273803582310393e+02 3.511716252135865801e-04
1.080000000000001492e+01 7.998273803582310393e+02 3.511716252135865801e-04
1.095000000000001528e+01 7.998273803582310393e+02 3.511716252135865801e-04
1.110000000000001563e+01 7.998273803582310393e+02 3.511716252135865801e-04
1.125000000000001599e+01 7.998273803582310393e+02 3.511716252135865801e-04
1.140000000000001634e+01 7.998273803582310393e+02 3.511716252135865801e-04
1.155000000000001670e+01 7.998273803582310393e+02 3.511716252135865801e-04
1.170000000000001705e+01 7.998273803582310393e+02 3.511716252135865801e-04
1.185000000000001741e+01 7.998273803582310393e+02 3.511716252135865801e-04
1.200000000000001776e+01 7.998273803582310393e+02 3.511716252135865801e-04
1.215000000000001812e+01 7.998273803582310393e+02 3.511716252135865801e-04
1.230000000000001847e+01 7.998273803582310393e+02 3.511716252135865801e-04
1.245000000000001883e+01 7.998273803582310393e+02 3.511716252135865801e-04
1.260000000000001918e+01 7.998273803582310393e+02 3.511716252135865801e-04
1.275000000000001954e+01 7.998273803582310393e+02 3.511716252135865801e-04
1.290000000000001990e+01 7.998273803582310393e+02 3.511716252135865801e-04
1.305000000000002025e+01 7.996667499628044880e+02 3.506147107266155416e-04
1.320000000000002061e+01 7.996667499628044880e+02 3.506147107266155416e-04
1.335000000000002096e+01 7.996667499628044880e+02 3.506147107266155416e-04
1.350000000000002132e+01 7.996667499628044880e+02 3.506147107266155416e-04
1.365000000000002167e+01 7.996667499628044880e+02 3.506147107266155416e-04
1.380000000000002203e+01 7.996667499628044880e+02 3.506147107266155416e-04
1.395000000000002238e+01 7.996667499628044880e+02 3.506147107266155416e-04
1.410000000000002274e+01 7.996667499628044880e+02 3.506147107266155416e-04
1.425000000000002309e+01 7.996667499628044880e+02 3.506147107266155416e-04
1.440000000000002345e+01 7.996667499628044880e+02 3.506147107266155416e-04
1.455000000000002380e+01 7.996667499628044880e+02 3.506147107266155416e-04
1.470000000000002416e+01 7.996667499628044880e+02 3.506147107266155416e-04
1.485000000000002451e+01 7.996667499628044880e+02 3.506147107266155416e-04
1.500000000000002487e+01 7.996667499628044880e+02 3.506147107266155416e-04
1.515000000000002522e+01 7.996667499628044880e+02 3.506147107266155416e-04
1.530000000000002558e+01 7.996667499628044880e+02 3.506147107266155416e-04
1.545000000000002593e+01 7.996667499628044880e+02 3.506147107266155416e-04
1.560000000000002629e+01 7.996667499628044880e+02 3.506147107266155416e-04
1.575000000000002665e+01 7.996667499628044880e+02 3.506147107266155416e-04
1.590000000000002700e+01 7.996667499628044880e+02 3.506147107266155416e-04
