1.499999999999999944e-01 7.999574547713958736e+02 1.193389831399827017e-11
2.999999999999999889e-01 7.999574547713958736e+02 1.193389831399827017e-11
4.499999999999999556e-01 7.999574547713958736e+02 1.193389831399827017e-11
5.999999999999999778e-01 7.999574547713958736e+02 1.193389831399827017e-11
7.500000000000000000e-01 7.999574547713958736e+02 1.193389831399827017e-11
9.000000000000000222e-01 7.999574547713958736e+02 1.193389831399827017e-11
1.050000000000000044e+00 7.999574547713958736e+02 1.193389831399827017e-11
1.199999999999999956e+00 7.999574547713958736e+02 1.193389831399827017e-11
1.349999999999999867e+00 7.999574547713958736e+02 1.193389831399827017e-11
1.499999999999999778e+00 7.999574547713958736e+02 1.193389831399827017e-11
1.649999999999999689e+00 7.999574547713958736e+02 1.193389831399827017e-11
1.799999999999999600e+00 7.999574547713958736e+02 1.193389831399827017e-11
1.949999999999999512e+00 7.999574547713958736e+02 1.193389831399827017e-11
2.099999999999999645e+00 7.999831139803213773e+02 1.192934639959730703e-11
2.249999999999999556e+00 7.999831139803213773e+02 1.192934639959730703e-11
2.399999999999999467e+00 7.999831139803213773e+02 1.192934639959730703e-11
2.549999999999999378e+00 7.999831139803213773e+02 1.192934639959730703e-11
2.699999999999999289e+00 7.999831139803213773e+02 1.192934639959730703e-11
2.849999999999999201e+00 7.999831139803213773e+02 1.192934639959730703e-11
2.999999999999999112e+00 7.999831139803213773e+02 1.192934639959730703e-11
3.149999999999999023e+00 7.999831139803213773e+02 1.192934639959730703e-11
3.299999999999998934e+00 7.999831139803213773e+02 1.192934639959730703e-11
3.449999999999998845e+00 7.999831139803213773e+02 1.192934639959730703e-11
3.599999999999998757e+00 7.999831139803213773e+02 1.192934639959730703e-11
3.749999999999998668e+00 7.999831139803213773e+02 1.192934639959730703e-11
3.899999999999998579e+00 7.999831139803213773e+02 1.192934639959730703e-11
4.049999999999998934e+00 4.751169955092465784e+02 1.197364429827985077e-11
4.199999999999999289e+00 2.790594200117755577e+02 1.196920340618135015e-11
4.349999999999999645e+00 1.199802170089887170e+02 1.195454846225629808e-11
4.500000000000000000e+00 5.770443466968918500e+01 1.211419853319739559e-11
4.650000000000000355e+00 2.698037068136695282e+01 1.252487003000624100e-11
4.800000000000000711e+00 1.275955905602245721e+01 1.377098435284551670e-11
4.950000000000001066e+00 6.043190721296973322e+00 2.008682109533310722e-11
5.100000000000001421e+00 2.888937171062664788e+00 4.708977652256862712e-11
5.250000000000001776e+00 1.404944310294268917e+00 1.652565861931520885e-10
5.400000000000002132e+00 7.071216648698168683e-01 6.594416124272584057e-10
5.550000000000002487e+00 3.789305295219946856e-01 2.582626446034907985e-09
5.700000000000002842e+00 2.245870374813421222e-01 9.235846198940578233e-09
5.850000000000003197e+00 1.520007780759442539e-01 2.898776219062426662e-08
6.000000000000003553e+00 1.178648347809030383e-01 7.948215507980194161e-08
6.150000000000003908e+00 1.018124669481039746e-01 1.955759394434153364e-07
6.300000000000004263e+00 9.426629572135425406e-02 4.489848108857330544e-07
6.450000000000004619e+00 9.072401657294903998e-02 9.920172642230440374e-07
6.600000000000004974e+00 8.907218637887126533e-02 2.147700286614373510e-06
6.750000000000005329e+00 8.832526524383865763e-02 4.603681108994450710e-06
6.900000000000005684e+00 8.803761483704874991e-02 9.821459424852463371e-06
7.050000000000006040e+00 8.803761483704874991e-02 2.087615272694520741e-05
7.200000000000006395e+00 8.832526453579703229e-02 4.422911213963764965e-05
7.350000000000006750e+00 8.907218567082964000e-02 9.326209986748601466e-05
7.500000000000007105e+00 9.072401610092128976e-02 1.946253767426409098e-04
7.650000000000007461e+00 9.426629477729875362e-02 3.981435972820746017e-04
7.800000000000007816e+00 1.018124652960068488e-01 7.838795662594710834e-04
7.950000000000008171e+00 1.178648305326532864e-01 1.439264174894372417e-03
8.100000000000008527e+00 1.520007695794447500e-01 2.372211185466599481e-03
8.250000000000008882e+00 2.245870189542529261e-01 3.414041644270171538e-03
8.400000000000009237e+00 3.789304904026948861e-01 4.300982988578727628e-03
8.550000000000009592e+00 7.071215819699432359e-01 4.899027058062332962e-03
8.700000000000009948e+00 1.404944134567188030e+00 5.243146477526883231e-03
8.850000000000010303e+00 2.888936797828847602e+00 5.420162698780650601e-03
9.000000000000010658e+00 6.043189928526366828e+00 5.506568852639115441e-03
9.150000000000011013e+00 1.275955736745750002e+01 5.549437291163084041e-03
9.300000000000011369e+00 2.698036711254583153e+01 5.567619794593192672e-03
9.450000000000011724e+00 5.770442690626721571e+01 5.575166792824326478e-03
9.600000000000012079e+00 1.199802015727176467e+02 5.579934285222298840e-03
9.750000000000012434e+00 2.790593774029959491e+02 5.579848760305372579e-03
9.900000000000012790e+00 4.751169536905009068e+02 5.579181818498590850e-03
1.005000000000001315e+01 7.999828548529047794e+02 5.579529818645290185e-03
1.020000000000001350e+01 7.999828548529047794e+02 5.579529818645290185e-03
1.035000000000001386e+01 7.999828548529047794e+02 5.579529818645290185e-03
1.050000000000001421e+01 7.999828548529047794e+02 5.579529818645290185e-03
1.065000000000001457e+01 7.999828548529047794e+02 5.579529818645290185e-03
1.080000000000001492e+01 7.999828548529047794e+02 5.579529818645290185e-03
1.095000000000001528e+01 7.999828548529047794e+02 5.579529818645290185e-03
1.110000000000001563e+01 7.999828548529047794e+02 5.579529818645290185e-03
1.125000000000001599e+01 7.999828548529047794e+02 5.579529818645290185e-03
1.140000000000001634e+01 7.999828548529047794e+02 5.579529818645290185e-03
1.155000000000001670e+01 7.999828548529047794e+02 5.579529818645290185e-03
1.170000000000001705e+01 7.999828548529047794e+02 5.579529818645290185e-03
1.185000000000001741e+01 7.999828548529047794e+02 5.579529818645290185e-03
1.200000000000001776e+01 7.999828548529047794e+02 5.579529818645290185e-03
1.215000000000001812e+01 7.999828548529047794e+02 5.579529818645290185e-03
1.230000000000001847e+01 7.999828548529047794e+02 5.579529818645290185e-03
1.245000000000001883e+01 7.999828548529047794e+02 5.579529818645290185e-03
1.260000000000001918e+01 7.999828548529047794e+02 5.579529818645290185e-03
1.275000000000001954e+01 7.999828548529047794e+02 5.579529818645290185e-03
1.290000000000001990e+01 7.999828548529047794e+02 5.579529818645290185e-03
1.305000000000002025e+01 7.999568018840236618e+02 5.578219722833899219e-03
1.320000000000002061e+01 7.999568018840236618e+02 5.578219722833899219e-03
1.335000000000002096e+01 7.999568018840236618e+02 5.578219722833899219e-03
1.350000000000002132e+01 7.999568018840236618e+02 5.578219722833899219e-03
1.365000000000002167e+01 7.999568018840236618e+02 5.578219722833899219e-03
1.380000000000002203e+01 7.999568018840236618e+02 5.578219722833899219e-03
1.395000000000002238e+01 7.999568018840236618e+02 5.578219722833899219e-03
1.410000000000002274e+01 7.999568018840236618e+02 5.578219722833899219e-03
1.425000000000002309e+01 7.999568018840236618e+02 5.578219722833899219e-03
1.440000000000002345e+01 7.999568018840236618e+02 5.578219722833899219e-03
1.455000000000002380e+01 7.999568018840236618e+02 5.578219722833899219e-03
1.470000000000002416e+01 7.999568018840236618e+02 5.578219722833899219e-03
1.485000000000002451e+01 7.999568018840236618e+02 5.578219722833899219e-03
1.500000000000002487e+01 7.999568018840236618e+02 5.578219722833899219e-03
1.515000000000002522e+01 7.999568018840236618e+02 5.578219722833899219e-03
1.530000000000002558e+01 7.999568018840236618e+02 5.578219722833899219e-03
1.545000000000002593e+01 7.999568018840236618e+02 5.578219722833899219e-03
1.560000000000002629e+01 7.999568018840236618e+02 5.578219722833899219e-03
1.575000000000002665e+01 7.999568018840236618e+02 5.578219722833899219e-03
1.590000000000002700e+01 7.999568018840236618e+02 5.578219722833899219e-03
