1.499999999999999944e-01 7.999062897798527274e+02 2.389599629282201931e-11
2.999999999999999889e-01 7.999062897798527274e+02 2.389599629282201931e-11
4.499999999999999556e-01 7.999062897798527274e+02 2.389599629282201931e-11
5.999999999999999778e-01 7.999062897798527274e+02 2.389599629282201931e-11
7.500000000000000000e-01 7.999062897798527274e+02 2.389599629282201931e-11
9.000000000000000222e-01 7.999062897798527274e+02 2.389599629282201931e-11
1.050000000000000044e+00 7.999062897798527274e+02 2.389599629282201931e-11
1.199999999999999956e+00 7.999062897798527274e+02 2.389599629282201931e-11
1.349999999999999867e+00 7.999062897798527274e+02 2.389599629282201931e-11
1.499999999999999778e+00 7.999062897798527274e+02 2.389599629282201931e-11
1.649999999999999689e+00 7.999062897798527274e+02 2.389599629282201931e-11
1.799999999999999600e+00 7.999062897798527274e+02 2.389599629282201931e-11
1.949999999999999512e+00 7.999062897798527274e+02 2.389599629282201931e-11
2.099999999999999645e+00 7.999587510749918238e+02 2.387923192515017945e-11
2.249999999999999556e+00 7.999587510749918238e+02 2.387923192515017945e-11
2.399999999999999467e+00 7.999587510749918238e+02 2.387923192515017945e-11
2.549999999999999378e+00 7.999587510749918238e+02 2.387923192515017945e-11
2.699999999999999289e+00 7.999587510749918238e+02 2.387923192515017945e-11
2.849999999999999201e+00 7.999587510749918238e+02 2.387923192515017945e-11
2.999999999999999112e+00 7.999587510749918238e+02 2.387923192515017945e-11
3.149999999999999023e+00 7.999587510749918238e+02 2.387923192515017945e-11
3.299999999999998934e+00 7.999587510749918238e+02 2.387923192515017945e-11
3.449999999999998845e+00 7.999587510749918238e+02 2.387923192515017945e-11
3.599999999999998757e+00 7.999587510749918238e+02 2.387923192515017945e-11
3.749999999999998668e+00 7.999587510749918238e+02 2.387923192515017945e-11
3.899999999999998579e+00 7.999587510749918238e+02 2.387923192515017945e-11
4.049999999999998934e+00 4.632173091669074552e+02 2.389022313309396850e-11
4.199999999999999289e+00 2.524294663176704603e+02 2.385314168407148827e-11
4.349999999999999645e+00 9.816803960154837227e+01 2.368749640879741492e-11
4.500000000000000000e+00 4.307991190960926531e+01 2.368116813755705152e-11
4.650000000000000355e+00 1.834303856501053787e+01 2.363798046189913293e-11
4.800000000000000711e+00 8.009448870227807049e+00 2.301447921126964502e-11
4.950000000000001066e+00 3.591755837990262989e+00 2.179501024102137308e-11
5.100000000000001421e+00 1.716946867800089649e+00 1.944933103459334234e-11
5.250000000000001776e+00 9.193974041120327456e-01 1.613409406076016239e-11
5.400000000000002132e+00 5.803769535699530024e-01 1.362754353806394647e-11
5.550000000000002487e+00 4.362311099257567548e-01 1.639988145285542487e-11
5.700000000000002842e+00 3.749475902244512326e-01 3.174116525173076298e-11
5.850000000000003197e+00 3.488922835540506640e-01 7.423128778327736654e-11
6.000000000000003553e+00 3.378147457524391939e-01 1.778831526522139939e-10
6.150000000000003908e+00 3.331051752556959400e-01 4.225217953290894002e-10
6.300000000000004263e+00 3.311031814237139770e-01 9.976555137569675935e-10
6.450000000000004619e+00 3.302527625401125988e-01 2.352635752878029507e-09
6.600000000000004974e+00 3.298929517170563486e-01 5.529550817229278437e-09
6.750000000000005329e+00 3.297440943438232352e-01 1.298908602898052322e-08
6.900000000000005684e+00 3.296904951207579870e-01 3.056624742203695178e-08
7.050000000000006040e+00 3.296904951207579870e-01 7.176869343261671474e-08
7.200000000000006395e+00 3.297440943438232352e-01 1.684825348124974198e-07
7.350000000000006750e+00 3.298929514810424735e-01 3.962372406851599749e-07
7.500000000000007105e+00 3.302527624221056612e-01 9.293371306950959365e-07
7.650000000000007461e+00 3.311031809516862268e-01 2.176445356383283070e-06
7.800000000000007816e+00 3.331051741936335020e-01 5.090095919757509080e-06
7.950000000000008171e+00 3.378147432742935052e-01 1.178474674445872949e-05
8.100000000000008527e+00 3.488922778897176613e-01 2.679160987240081226e-05
8.250000000000008882e+00 3.749475764766430075e-01 5.865652428693746145e-05
8.400000000000009237e+00 4.362310777098628023e-01 1.183751064345317516e-04
8.550000000000009592e+00 5.803768777504956233e-01 2.089116217798281383e-04
8.700000000000009948e+00 9.193972261575709126e-01 3.102792704314794037e-04
8.850000000000010303e+00 1.716946449317987344e+00 3.901500296995541461e-04
9.000000000000010658e+00 3.591754854667954078e+00 4.377718556356491320e-04
9.150000000000011013e+00 8.009446551609059384e+00 4.623218233688053402e-04
9.300000000000011369e+00 1.834303315255781186e+01 4.726822483426262878e-04
9.450000000000011724e+00 4.307989886524961065e+01 4.767888924298580022e-04
9.600000000000012079e+00 9.816801114452962906e+01 4.790680461851382077e-04
9.750000000000012434e+00 2.524293811474769029e+02 4.790725269802065256e-04
9.900000000000012790e+00 4.632172151114930330e+02 4.787929698074622209e-04
1.005000000000001315e+01 7.999582410801101560e+02 4.789461241615500242e-04
1.020000000000001350e+01 7.999582410801101560e+02 4.789461241615500242e-04
1.035000000000001386e+01 7.999582410801101560e+02 4.789461241615500242e-04
1.050000000000001421e+01 7.999582410801101560e+02 4.789461241615500242e-04
1.065000000000001457e+01 7.999582410801101560e+02 4.789461241615500242e-04
1.080000000000001492e+01 7.999582410801101560e+02 4.789461241615500242e-04
1.095000000000001528e+01 7.999582410801101560e+02 4.789461241615500242e-04
1.110000000000001563e+01 7.999582410801101560e+02 4.789461241615500242e-04
1.125000000000001599e+01 7.999582410801101560e+02 4.789461241615500242e-04
1.140000000000001634e+01 7.999582410801101560e+02 4.789461241615500242e-04
1.155000000000001670e+01 7.999582410801101560e+02 4.789461241615500242e-04
1.170000000000001705e+01 7.999582410801101560e+02 4.789461241615500242e-04
1.185000000000001741e+01 7.999582410801101560e+02 4.789461241615500242e-04
1.200000000000001776e+01 7.999582410801101560e+02 4.789461241615500242e-04
1.215000000000001812e+01 7.999582410801101560e+02 4.789461241615500242e-04
1.230000000000001847e+01 7.999582410801101560e+02 4.789461241615500242e-04
1.245000000000001883e+01 7.999582410801101560e+02 4.789461241615500242e-04
1.260000000000001918e+01 7.999582410801101560e+02 4.789461241615500242e-04
1.275000000000001954e+01 7.999582410801101560e+02 4.789461241615500242e-04
1.290000000000001990e+01 7.999582410801101560e+02 4.789461241615500242e-04
1.305000000000002025e+01 7.999051311537117499e+02 4.783831003400962345e-04
1.320000000000002061e+01 7.999051311537117499e+02 4.783831003400962345e-04
1.335000000000002096e+01 7.999051311537117499e+02 4.783831003400962345e-04
1.350000000000002132e+01 7.999051311537117499e+02 4.783831003400962345e-04
1.365000000000002167e+01 7.999051311537117499e+02 4.783831003400962345e-04
1.380000000000002203e+01 7.999051311537117499e+02 4.783831003400962345e-04
1.395000000000002238e+01 7.999051311537117499e+02 4.783831003400962345e-04
1.410000000000002274e+01 7.999051311537117499e+02 4.783831003400962345e-04
1.425000000000002309e+01 7.999051311537117499e+02 4.783831003400962345e-04
1.440000000000002345e+01 7.999051311537117499e+02 4.783831003400962345e-04
1.455000000000002380e+01 7.999051311537117499e+02 4.783831003400962345e-04
1.470000000000002416e+01 7.999051311537117499e+02 4.783831003400962345e-04
1.485000000000002451e+01 7.999051311537117499e+02 4.783831003400962345e-04
1.500000000000002487e+01 7.999051311537117499e+02 4.783831003400962345e-04
1.515000000000002522e+01 7.999051311537117499e+02 4.783831003400962345e-04
1.530000000000002558e+01 7.999051311537117499e+02 4.783831003400962345e-04
1.545000000000002593e+01 7.999051311537117499e+02 4.783831003400962345e-04
1.560000000000002629e+01 7.999051311537117499e+02 4.783831003400962345e-04
1.575000000000002665e+01 7.999051311537117499e+02 4.783831003400962345e-04
1.590000000000002700e+01 7.999051311537117499e+02 4.783831003400962345e-04
