1.499999999999999944e-01 7.998512971576195696e+02 2.382194441707952137e-11
2.999999999999999889e-01 7.998512971576195696e+02 2.382194441707952137e-11
4.499999999999999556e-01 7.998512971576195696e+02 2.382194441707952137e-11
5.999999999999999778e-01 7.998512971576195696e+02 2.382194441707952137e-11
7.500000000000000000e-01 7.998512971576195696e+02 2.382194441707952137e-11
9.000000000000000222e-01 7.998512971576195696e+02 2.382194441707952137e-11
1.050000000000000044e+00 7.998512971576195696e+02 2.382194441707952137e-11
1.199999999999999956e+00 7.998512971576195696e+02 2.382194441707952137e-11
1.349999999999999867e+00 7.998512971576195696e+02 2.382194441707952137e-11
1.499999999999999778e+00 7.998512971576195696e+02 2.382194441707952137e-11
1.649999999999999689e+00 7.998512971576195696e+02 2.382194441707952137e-11
1.799999999999999600e+00 7.998512971576195696e+02 2.382194441707952137e-11
1.949999999999999512e+00 7.998512971576195696e+02 2.382194441707952137e-11
2.099999999999999645e+00 7.999304944717090393e+02 2.392175346699332295e-11
2.249999999999999556e+00 7.999304944717090393e+02 2.392175346699332295e-11
2.399999999999999467e+00 7.999304944717090393e+02 2.392175346699332295e-11
2.549999999999999378e+00 7.999304944717090393e+02 2.392175346699332295e-11
2.699999999999999289e+00 7.999304944717090393e+02 2.392175346699332295e-11
2.849999999999999201e+00 7.999304944717090393e+02 2.392175346699332295e-11
2.999999999999999112e+00 7.999304944717090393e+02 2.392175346699332295e-11
3.149999999999999023e+00 7.999304944717090393e+02 2.392175346699332295e-11
3.299999999999998934e+00 7.999304944717090393e+02 2.392175346699332295e-11
3.449999999999998845e+00 7.999304944717090393e+02 2.392175346699332295e-11
3.599999999999998757e+00 7.999304944717090393e+02 2.392175346699332295e-11
3.749999999999998668e+00 7.999304944717090393e+02 2.392175346699332295e-11
3.899999999999998579e+00 7.999304944717090393e+02 2.392175346699332295e-11
4.049999999999998934e+00 4.548923972006825807e+02 2.385114328262716299e-11
4.199999999999999289e+00 2.366548966080056573e+02 2.399691556576044604e-11
4.349999999999999645e+00 8.667266381084172622e+01 2.384170638691784916e-11
4.500000000000000000e+00 3.602951020668287896e+01 2.371847163118445678e-11
4.650000000000000355e+00 1.449742559197649072e+01 2.307887214669790410e-11
4.800000000000000711e+00 6.023009797776495589e+00 2.248512487312837038e-11
4.950000000000001066e+00 2.602206453619601234e+00 2.094047157896739009e-11
5.100000000000001421e+00 1.232997979615845452e+00 1.785371850360206736e-11
5.250000000000001776e+00 6.833897221240476938e-01 1.316324826916570601e-11
5.400000000000002132e+00 4.629853093796327812e-01 8.425038444670462923e-12
5.550000000000002487e+00 3.745699246567255614e-01 5.818678872060445428e-12
5.700000000000002842e+00 3.391058839656579948e-01 7.334022278371321590e-12
5.850000000000003197e+00 3.248804883294269530e-01 1.524813608710928747e-11
6.000000000000003553e+00 3.191744548612405197e-01 3.698696904308462763e-11
6.150000000000003908e+00 3.168856920162852475e-01 9.224665475926485669e-11
6.300000000000004263e+00 3.159677112107601715e-01 2.298954360213656400e-10
6.450000000000004619e+00 3.155996993775715964e-01 5.737073038858397922e-10
6.600000000000004974e+00 3.154525994816594903e-01 1.428113849399892388e-09
6.750000000000005329e+00 3.153948821704943839e-01 3.554308847242282354e-09
6.900000000000005684e+00 3.153749395880822703e-01 8.865529865786925257e-09
7.050000000000006040e+00 3.153749393520683952e-01 2.205968674395819562e-08
7.200000000000006395e+00 3.153948820524874463e-01 5.488761323224622402e-08
7.350000000000006750e+00 3.154525993636525527e-01 1.368704076742943698e-07
7.500000000000007105e+00 3.155996992595646589e-01 3.404143192886621705e-07
7.650000000000007461e+00 3.159677109747462964e-01 8.460628867501540640e-07
7.800000000000007816e+00 3.168856914262505597e-01 2.104053363649605046e-06
7.950000000000008171e+00 3.191744529731295188e-01 5.197951706170655939e-06
8.100000000000008527e+00 3.248804833731355757e-01 1.270683598364463762e-05
8.250000000000008882e+00 3.391058721059607706e-01 3.036270778578042950e-05
8.400000000000009237e+00 3.745698943879460785e-01 6.839774408839982556e-05
8.550000000000009592e+00 4.629852342092135586e-01 1.376938746342482034e-04
8.700000000000009948e+00 6.833895347290308564e-01 2.326532571191863852e-04
8.850000000000010303e+00 1.232997512485383140e+00 3.209010283298230348e-04
9.000000000000010658e+00 2.602205290144951277e+00 3.782073997794510589e-04
9.150000000000011013e+00 6.023006888717411300e+00 4.079994349860394109e-04
9.300000000000011369e+00 1.449741840134728932e+01 4.203849876287524268e-04
9.450000000000011724e+00 3.602949181212746055e+01 4.251338523851844187e-04
9.600000000000012079e+00 8.667262143883581871e+01 4.275700984759378542e-04
9.750000000000012434e+00 2.366547632180406140e+02 4.276045154163465867e-04
9.900000000000012790e+00 4.548922384263132699e+02 4.273309175650830127e-04
1.005000000000001315e+01 7.999296950015066159e+02 4.274854837361674598e-04
1.020000000000001350e+01 7.999296950015066159e+02 4.274854837361674598e-04
1.035000000000001386e+01 7.999296950015066159e+02 4.274854837361674598e-04
1.050000000000001421e+01 7.999296950015066159e+02 4.274854837361674598e-04
1.065000000000001457e+01 7.999296950015066159e+02 4.274854837361674598e-04
1.080000000000001492e+01 7.999296950015066159e+02 4.274854837361674598e-04
1.095000000000001528e+01 7.999296950015066159e+02 4.274854837361674598e-04
1.110000000000001563e+01 7.999296950015066159e+02 4.274854837361674598e-04
1.125000000000001599e+01 7.999296950015066159e+02 4.274854837361674598e-04
1.140000000000001634e+01 7.999296950015066159e+02 4.274854837361674598e-04
1.155000000000001670e+01 7.999296950015066159e+02 4.274854837361674598e-04
1.170000000000001705e+01 7.999296950015066159e+02 4.274854837361674598e-04
1.185000000000001741e+01 7.999296950015066159e+02 4.274854837361674598e-04
1.200000000000001776e+01 7.999296950015066159e+02 4.274854837361674598e-04
1.215000000000001812e+01 7.999296950015066159e+02 4.274854837361674598e-04
1.230000000000001847e+01 7.999296950015066159e+02 4.274854837361674598e-04
1.245000000000001883e+01 7.999296950015066159e+02 4.274854837361674598e-04
1.260000000000001918e+01 7.999296950015066159e+02 4.274854837361674598e-04
1.275000000000001954e+01 7.999296950015066159e+02 4.274854837361674598e-04
1.290000000000001990e+01 7.999296950015066159e+02 4.274854837361674598e-04
1.305000000000002025e+01 7.998495867200583689e+02 4.269246928885195302e-04
1.320000000000002061e+01 7.998495867200583689e+02 4.269246928885195302e-04
1.335000000000002096e+01 7.998495867200583689e+02 4.269246928885195302e-04
1.350000000000002132e+01 7.998495867200583689e+02 4.269246928885195302e-04
1.365000000000002167e+01 7.998495867200583689e+02 4.269246928885195302e-04
1.380000000000002203e+01 7.998495867200583689e+02 4.269246928885195302e-04
1.395000000000002238e+01 7.998495867200583689e+02 4.269246928885195302e-04
1.410000000000002274e+01 7.998495867200583689e+02 4.269246928885195302e-04
1.425000000000002309e+01 7.998495867200583689e+02 4.269246928885195302e-04
1.440000000000002345e+01 7.998495867200583689e+02 4.269246928885195302e-04
1.455000000000002380e+01 7.998495867200583689e+02 4.269246928885195302e-04
1.470000000000002416e+01 7.998495867200583689e+02 4.269246928885195302e-04
1.485000000000002451e+01 7.998495867200583689e+02 4.269246928885195302e-04
1.500000000000002487e+01 7.998495867200583689e+02 4.269246928885195302e-04
1.515000000000002522e+01 7.998495867200583689e+02 4.269246928885195302e-04
1.530000000000002558e+01 7.998495867200583689e+02 4.269246928885195302e-04
1.545000000000002593e+01 7.998495867200583689e+02 4.269246928885195302e-04
1.560000000000002629e+01 7.998495867200583689e+02 4.269246928885195302e-04
1.575000000000002665e+01 7.998495867200583689e+02 4.269246928885195302e-04
1.590000000000002700e+01 7.998495867200583689e+02 4.269246928885195302e-04
