1.499999999999999944e-01 7.997742386267552774e+02 1.714917097217494302e-11
2.999999999999999889e-01 7.997742386267552774e+02 1.714917097217494302e-11
4.499999999999999556e-01 7.997742386267552774e+02 1.714917097217494302e-11
5.999999999999999778e-01 7.997742386267552774e+02 1.714917097217494302e-11
7.500000000000000000e-01 7.997742386267552774e+02 1.714917097217494302e-11
9.000000000000000222e-01 7.997742386267552774e+02 1.714917097217494302e-11
1.050000000000000044e+00 7.997742386267552774e+02 1.714917097217494302e-11
1.199999999999999956e+00 7.997742386267552774e+02 1.714917097217494302e-11
1.349999999999999867e+00 7.997742386267552774e+02 1.714917097217494302e-11
1.499999999999999778e+00 7.997742386267552774e+02 1.714917097217494302e-11
1.649999999999999689e+00 7.997742386267552774e+02 1.714917097217494302e-11
1.799999999999999600e+00 7.997742386267552774e+02 1.714917097217494302e-11
1.949999999999999512e+00 7.997742386267552774e+02 1.714917097217494302e-11
2.099999999999999645e+00 7.998886220263104860e+02 1.717037623194528351e-11
2.249999999999999556e+00 7.998886220263104860e+02 1.717037623194528351e-11
2.399999999999999467e+00 7.998886220263104860e+02 1.717037623194528351e-11
2.549999999999999378e+00 7.998886220263104860e+02 1.717037623194528351e-11
2.699999999999999289e+00 7.998886220263104860e+02 1.717037623194528351e-11
2.849999999999999201e+00 7.998886220263104860e+02 1.717037623194528351e-11
2.999999999999999112e+00 7.998886220263104860e+02 1.717037623194528351e-11
3.149999999999999023e+00 7.998886220263104860e+02 1.717037623194528351e-11
3.299999999999998934e+00 7.998886220263104860e+02 1.717037623194528351e-11
3.449999999999998845e+00 7.998886220263104860e+02 1.717037623194528351e-11
3.599999999999998757e+00 7.998886220263104860e+02 1.717037623194528351e-11
3.749999999999998668e+00 7.998886220263104860e+02 1.717037623194528351e-11
3.899999999999998579e+00 7.998886220263104860e+02 1.717037623194528351e-11
4.049999999999998934e+00 4.463515643423369852e+02 1.715538822111284389e-11
4.199999999999999289e+00 2.223224765185639740e+02 1.717137543266744615e-11
4.349999999999999645e+00 7.706268266591118277e+01 1.721511821983767732e-11
4.500000000000000000e+00 3.050741976891989538e+01 1.711519814762141323e-11
4.650000000000000355e+00 1.166893234120497524e+01 1.702193941355290008e-11
4.800000000000000711e+00 4.645836453487930839e+00 1.625455325893199188e-11
4.950000000000001066e+00 1.954277931022090797e+00 1.472133526192465069e-11
5.100000000000001421e+00 9.326438761479494133e-01 1.154676354531147808e-11
5.250000000000001776e+00 5.435546440590997008e-01 7.597478202114871237e-12
5.400000000000002132e+00 3.955439780373808389e-01 4.264366637585226272e-12
5.550000000000002487e+00 3.392171791406326520e-01 2.187250380814020900e-12
5.700000000000002842e+00 3.177845750510641665e-01 1.804445481923266925e-12
5.850000000000003197e+00 3.096289644297485211e-01 3.633426892690749810e-12
6.000000000000003553e+00 3.065256197560302098e-01 8.781642080180063203e-12
6.150000000000003908e+00 3.053447463992142730e-01 2.291777878582479389e-11
6.300000000000004263e+00 3.048954269600017142e-01 6.006861674734409462e-11
6.450000000000004619e+00 3.047245166862921906e-01 1.582570741121003266e-10
6.600000000000004974e+00 3.046596509868777503e-01 4.147184817782090249e-10
6.750000000000005329e+00 3.046354122438970080e-01 1.088059198295354690e-09
6.900000000000005684e+00 3.046273555562493129e-01 2.860651937552916024e-09
7.050000000000006040e+00 3.046273554382423754e-01 7.502399035352880219e-09
7.200000000000006395e+00 3.046354122438970080e-01 1.967519480672308418e-08
7.350000000000006750e+00 3.046596507508638751e-01 5.172867068026221204e-08
7.500000000000007105e+00 3.047245165682852530e-01 1.356335568303279615e-07
7.650000000000007461e+00 3.048954264879739640e-01 3.555099578056442056e-07
7.800000000000007816e+00 3.053447459271865227e-01 9.333886910045663399e-07
7.950000000000008171e+00 3.065256182219400216e-01 2.438452344155628282e-06
8.100000000000008527e+00 3.096289602995057066e-01 6.330923306707703091e-06
8.250000000000008882e+00 3.177845643124328490e-01 1.621912075966402966e-05
8.400000000000009237e+00 3.392171511729884514e-01 3.984806535173301967e-05
8.550000000000009592e+00 3.955439044010518046e-01 8.962455131855673329e-05
8.700000000000009948e+00 5.435544505867255793e-01 1.714763379148109834e-04
8.850000000000010303e+00 9.326433673905398791e-01 2.621386419123794553e-04
9.000000000000010658e+00 1.954276595567080221e+00 3.279322558541464261e-04
9.150000000000011013e+00 4.645832932190415931e+00 3.631991611005025433e-04
9.300000000000011369e+00 1.166892317476533592e+01 3.777686794196322140e-04
9.450000000000011724e+00 3.050739501305299939e+01 3.832014394888894060e-04
9.600000000000012079e+00 7.706262274114243382e+01 3.858007097816695818e-04
9.750000000000012434e+00 2.223222786853046671e+02 3.858659643468653755e-04
9.900000000000012790e+00 4.463513114630879954e+02 3.855981703595467991e-04
1.005000000000001315e+01 7.998874273937909720e+02 3.857539569191992257e-04
1.020000000000001350e+01 7.998874273937909720e+02 3.857539569191992257e-04
1.035000000000001386e+01 7.998874273937909720e+02 3.857539569191992257e-04
1.050000000000001421e+01 7.998874273937909720e+02 3.857539569191992257e-04
1.065000000000001457e+01 7.998874273937909720e+02 3.857539569191992257e-04
1.080000000000001492e+01 7.998874273937909720e+02 3.857539569191992257e-04
1.095000000000001528e+01 7.998874273937909720e+02 3.857539569191992257e-04
1.110000000000001563e+01 7.998874273937909720e+02 3.857539569191992257e-04
1.125000000000001599e+01 7.998874273937909720e+02 3.857539569191992257e-04
1.140000000000001634e+01 7.998874273937909720e+02 3.857539569191992257e-04
1.155000000000001670e+01 7.998874273937909720e+02 3.857539569191992257e-04
1.170000000000001705e+01 7.998874273937909720e+02 3.857539569191992257e-04
1.185000000000001741e+01 7.998874273937909720e+02 3.857539569191992257e-04
1.200000000000001776e+01 7.998874273937909720e+02 3.857539569191992257e-04
1.215000000000001812e+01 7.998874273937909720e+02 3.857539569191992257e-04
1.230000000000001847e+01 7.998874273937909720e+02 3.857539569191992257e-04
1.245000000000001883e+01 7.998874273937909720e+02 3.857539569191992257e-04
1.260000000000001918e+01 7.998874273937909720e+02 3.857539569191992257e-04
1.275000000000001954e+01 7.998874273937909720e+02 3.857539569191992257e-04
1.290000000000001990e+01 7.998874273937909720e+02 3.857539569191992257e-04
1.305000000000002025e+01 7.997718170847798547e+02 3.851951506749218268e-04
1.320000000000002061e+01 7.997718170847798547e+02 3.851951506749218268e-04
1.335000000000002096e+01 7.997718170847798547e+02 3.851951506749218268e-04
1.350000000000002132e+01 7.997718170847798547e+02 3.851951506749218268e-04
1.365000000000002167e+01 7.997718170847798547e+02 3.851951506749218268e-04
1.380000000000002203e+01 7.997718170847798547e+02 3.851951506749218268e-04
1.395000000000002238e+01 7.997718170847798547e+02 3.851951506749218268e-04
1.410000000000002274e+01 7.997718170847798547e+02 3.851951506749218268e-04
1.425000000000002309e+01 7.997718170847798547e+02 3.851951506749218268e-04
1.440000000000002345e+01 7.997718170847798547e+02 3.851951506749218268e-04
1.455000000000002380e+01 7.997718170847798547e+02 3.851951506749218268e-04
1.470000000000002416e+01 7.997718170847798547e+02 3.851951506749218268e-04
1.485000000000002451e+01 7.997718170847798547e+02 3.851951506749218268e-04
1.500000000000002487e+01 7.997718170847798547e+02 3.851951506749218268e-04
1.515000000000002522e+01 7.997718170847798547e+02 3.851951506749218268e-04
1.530000000000002558e+01 7.997718170847798547e+02 3.851951506749218268e-04
1.545000000000002593e+01 7.997718170847798547e+02 3.851951506749218268e-04
1.560000000000002629e+01 7.997718170847798547e+02 3.851951506749218268e-04
1.575000000000002665e+01 7.997718170847798547e+02 3.851951506749218268e-04
1.590000000000002700e+01 7.997718170847798547e+02 3.851951506749218268e-04
