1.499999999999999944e-01 7.999999991118022535e+02 3.476462926070844617e-04
2.999999999999999889e-01 7.999999991118022535e+02 3.476462926070844617e-04
4.499999999999999556e-01 7.999999991118022535e+02 3.476462926070844617e-04
5.999999999999999778e-01 7.999999991118022535e+02 3.476462926070844617e-04
7.500000000000000000e-01 7.999999991118022535e+02 3.476462926070844617e-04
9.000000000000000222e-01 7.999999991118022535e+02 3.476462926070844617e-04
1.050000000000000044e+00 7.999999991118022535e+02 3.476462926070844617e-04
1.199999999999999956e+00 7.999999991118022535e+02 3.476462926070844617e-04
1.349999999999999867e+00 7.999999991118022535e+02 3.476462926070844617e-04
1.499999999999999778e+00 7.999999991118022535e+02 3.476462926070844617e-04
1.649999999999999689e+00 7.999999991118022535e+02 3.476462926070844617e-04
1.799999999999999600e+00 7.999999991118022535e+02 3.476462926070844617e-04
1.949999999999999512e+00 7.999999991118022535e+02 3.476462926070844617e-04
2.099999999999999645e+00 7.999999999088632876e+02 3.482635068200456985e-04
2.249999999999999556e+00 7.999999999088632876e+02 3.482635068200456985e-04
2.399999999999999467e+00 7.999999999088632876e+02 3.482635068200456985e-04
2.549999999999999378e+00 7.999999999088632876e+02 3.482635068200456985e-04
2.699999999999999289e+00 7.999999999088632876e+02 3.482635068200456985e-04
2.849999999999999201e+00 7.999999999088632876e+02 3.482635068200456985e-04
2.999999999999999112e+00 7.999999999088632876e+02 3.482635068200456985e-04
3.149999999999999023e+00 7.999999999088632876e+02 3.482635068200456985e-04
3.299999999999998934e+00 7.999999999088632876e+02 3.482635068200456985e-04
3.449999999999998845e+00 7.999999999088632876e+02 3.482635068200456985e-04
3.599999999999998757e+00 7.999999999088632876e+02 3.482635068200456985e-04
3.749999999999998668e+00 7.999999999088632876e+02 3.482635068200456985e-04
3.899999999999998579e+00 7.999999999088632876e+02 3.482635068200456985e-04
4.049999999999998934e+00 5.172950027912963833e+02 3.519624234064044899e-04
4.199999999999999289e+00 4.842040898462406062e+02 3.681105375352711206e-04
4.349999999999999645e+00 4.448639546523239687e+02 3.983166473667809626e-04
4.500000000000000000e+00 4.389165631940654180e+02 4.294516969192141431e-04
4.650000000000000355e+00 4.369857134687192115e+02 4.619476285828705286e-04
4.800000000000000711e+00 4.365436279617489390e+02 4.940367664332256936e-04
4.950000000000001066e+00 4.364263979825673232e+02 5.259657160214814553e-04
5.100000000000001421e+00 4.363973067548026847e+02 5.580717060206241698e-04
5.250000000000001776e+00 4.363898676256415570e+02 5.895466500414059396e-04
5.400000000000002132e+00 4.363879908929877161e+02 6.207571004647194357e-04
5.550000000000002487e+00 4.363875145251971048e+02 6.521635068136300006e-04
5.700000000000002842e+00 4.363873939433690339e+02 6.828272717798178348e-04
5.850000000000003197e+00 4.363873633826211176e+02 7.131870852624677681e-04
6.000000000000003553e+00 4.363873556415508688e+02 7.437708667694664655e-04
6.150000000000003908e+00 4.363873536802304329e+02 7.735067553406027585e-04
6.300000000000004263e+00 4.363873531833572770e+02 8.029011072118175107e-04
6.450000000000004619e+00 4.363873530574774122e+02 8.325467927382534938e-04
6.600000000000004974e+00 4.363873530255951891e+02 8.612426098135728125e-04
6.750000000000005329e+00 4.363873530175497422e+02 8.895606160865821010e-04
6.900000000000005684e+00 4.363873530156350284e+02 9.181563696116779028e-04
7.050000000000006040e+00 4.363873530156362790e+02 9.457038920500648871e-04
7.200000000000006395e+00 4.363873530175525843e+02 9.728387667152782470e-04
7.350000000000006750e+00 4.363873530255999640e+02 1.000276746221495650e-03
7.500000000000007105e+00 4.363873530574843471e+02 1.026572115620072445e-03
7.650000000000007461e+00 4.363873531833661445e+02 1.052421566885675119e-03
7.800000000000007816e+00 4.363873536802411763e+02 1.078598329278479540e-03
7.950000000000008171e+00 4.363873556415637154e+02 1.103542442407401403e-03
8.100000000000008527e+00 4.363873633826356127e+02 1.128009059628842792e-03
8.250000000000008882e+00 4.363873939433856322e+02 1.152825949142899375e-03
8.400000000000009237e+00 4.363875145252153516e+02 1.176324818480622980e-03
8.550000000000009592e+00 4.363879908930074976e+02 1.199316389476123845e-03
8.700000000000009948e+00 4.363898676256631006e+02 1.222679714238950055e-03
8.850000000000010303e+00 4.363973067548262179e+02 1.244644129182792547e-03
9.000000000000010658e+00 4.364263979825922206e+02 1.266070973576116643e-03
9.150000000000011013e+00 4.365436279617752007e+02 1.287882789357985835e-03
9.300000000000011369e+00 4.369857134687453595e+02 1.308179739792358909e-03
9.450000000000011724e+00 4.389165631940860521e+02 1.327835918072617361e-03
9.600000000000012079e+00 4.448639546523283457e+02 1.347180238963185950e-03
9.750000000000012434e+00 4.842040898461330016e+02 1.364233841239737011e-03
9.900000000000012790e+00 5.172950027912251016e+02 1.372775718222807306e-03
1.005000000000001315e+01 7.999999999058629783e+02 1.374878105661392347e-03
1.020000000000001350e+01 7.999999999058629783e+02 1.374878105661392347e-03
1.035000000000001386e+01 7.999999999058629783e+02 1.374878105661392347e-03
1.050000000000001421e+01 7.999999999058629783e+02 1.374878105661392347e-03
1.065000000000001457e+01 7.999999999058629783e+02 1.374878105661392347e-03
1.080000000000001492e+01 7.999999999058629783e+02 1.374878105661392347e-03
1.095000000000001528e+01 7.999999999058629783e+02 1.374878105661392347e-03
1.110000000000001563e+01 7.999999999058629783e+02 1.374878105661392347e-03
1.125000000000001599e+01 7.999999999058629783e+02 1.374878105661392347e-03
1.140000000000001634e+01 7.999999999058629783e+02 1.374878105661392347e-03
1.155000000000001670e+01 7.999999999058629783e+02 1.374878105661392347e-03
1.170000000000001705e+01 7.999999999058629783e+02 1.374878105661392347e-03
1.185000000000001741e+01 7.999999999058629783e+02 1.374878105661392347e-03
1.200000000000001776e+01 7.999999999058629783e+02 1.374878105661392347e-03
1.215000000000001812e+01 7.999999999058629783e+02 1.374878105661392347e-03
1.230000000000001847e+01 7.999999999058629783e+02 1.374878105661392347e-03
1.245000000000001883e+01 7.999999999058629783e+02 1.374878105661392347e-03
1.260000000000001918e+01 7.999999999058629783e+02 1.374878105661392347e-03
1.275000000000001954e+01 7.999999999058629783e+02 1.374878105661392347e-03
1.290000000000001990e+01 7.999999999058629783e+02 1.374878105661392347e-03
1.305000000000002025e+01 7.999999990825617715e+02 1.374683127596587617e-03
1.320000000000002061e+01 7.999999990825617715e+02 1.374683127596587617e-03
1.335000000000002096e+01 7.999999990825617715e+02 1.374683127596587617e-03
1.350000000000002132e+01 7.999999990825617715e+02 1.374683127596587617e-03
1.365000000000002167e+01 7.999999990825617715e+02 1.374683127596587617e-03
1.380000000000002203e+01 7.999999990825617715e+02 1.374683127596587617e-03
1.395000000000002238e+01 7.999999990825617715e+02 1.374683127596587617e-03
1.410000000000002274e+01 7.999999990825617715e+02 1.374683127596587617e-03
1.425000000000002309e+01 7.999999990825617715e+02 1.374683127596587617e-03
1.440000000000002345e+01 7.999999990825617715e+02 1.374683127596587617e-03
1.455000000000002380e+01 7.999999990825617715e+02 1.374683127596587617e-03
1.470000000000002416e+01 7.999999990825617715e+02 1.374683127596587617e-03
1.485000000000002451e+01 7.999999990825617715e+02 1.374683127596587617e-03
1.500000000000002487e+01 7.999999990825617715e+02 1.374683127596587617e-03
1.515000000000002522e+01 7.999999990825617715e+02 1.374683127596587617e-03
1.530000000000002558e+01 7.999999990825617715e+02 1.374683127596587617e-03
1.545000000000002593e+01 7.999999990825617715e+02 1.374683127596587617e-03
1.560000000000002629e+01 7.999999990825617715e+02 1.374683127596587617e-03
1.575000000000002665e+01 7.999999990825617715e+02 1.374683127596587617e-03
1.590000000000002700e+01 7.999999990825617715e+02 1.374683127596587617e-03
