1.499999999999999944e-01 7.999769932424917442e+02 2.331390636101104974e-11
2.999999999999999889e-01 7.999769932424917442e+02 2.331390636101104974e-11
4.499999999999999556e-01 7.999769932424917442e+02 2.331390636101104974e-11
5.999999999999999778e-01 7.999769932424917442e+02 2.331390636101104974e-11
7.500000000000000000e-01 7.999769932424917442e+02 2.331390636101104974e-11
9.000000000000000222e-01 7.999769932424917442e+02 2.331390636101104974e-11
1.050000000000000044e+00 7.999769932424917442e+02 2.331390636101104974e-11
1.199999999999999956e+00 7.999769932424917442e+02 2.331390636101104974e-11
1.349999999999999867e+00 7.999769932424917442e+02 2.331390636101104974e-11
1.499999999999999778e+00 7.999769932424917442e+02 2.331390636101104974e-11
1.649999999999999689e+00 7.999769932424917442e+02 2.331390636101104974e-11
1.799999999999999600e+00 7.999769932424917442e+02 2.331390636101104974e-11
1.949999999999999512e+00 7.999769932424917442e+02 2.331390636101104974e-11
2.099999999999999645e+00 7.999915710948748711e+02 2.334499260570055412e-11
2.249999999999999556e+00 7.999915710948748711e+02 2.334499260570055412e-11
2.399999999999999467e+00 7.999915710948748711e+02 2.334499260570055412e-11
2.549999999999999378e+00 7.999915710948748711e+02 2.334499260570055412e-11
2.699999999999999289e+00 7.999915710948748711e+02 2.334499260570055412e-11
2.849999999999999201e+00 7.999915710948748711e+02 2.334499260570055412e-11
2.999999999999999112e+00 7.999915710948748711e+02 2.334499260570055412e-11
3.149999999999999023e+00 7.999915710948748711e+02 2.334499260570055412e-11
3.299999999999998934e+00 7.999915710948748711e+02 2.334499260570055412e-11
3.449999999999998845e+00 7.999915710948748711e+02 2.334499260570055412e-11
3.599999999999998757e+00 7.999915710948748711e+02 2.334499260570055412e-11
3.749999999999998668e+00 7.999915710948748711e+02 2.334499260570055412e-11
3.899999999999998579e+00 7.999915710948748711e+02 2.334499260570055412e-11
4.049999999999998934e+00 4.825818858056031218e+02 2.347011474057580926e-11
4.199999999999999289e+00 2.993811023651780943e+02 2.352418260187505439e-11
4.349999999999999645e+00 1.393784538807249760e+02 2.345412752902120701e-11
4.500000000000000000e+00 7.252302104094414403e+01 2.352429362417751690e-11
4.650000000000000355e+00 3.705007995247898123e+01 2.370892371317268044e-11
4.800000000000000711e+00 1.926540605763349134e+01 2.397793075203935587e-11
4.950000000000001066e+00 1.017766994206668585e+01 2.652977837414027817e-11
5.100000000000001421e+00 5.554177618719315035e+00 3.625022504394337375e-11
5.250000000000001776e+00 3.198377961327395269e+00 7.179956629244088617e-11
5.400000000000002132e+00 1.998442834097488685e+00 1.819716599626985953e-10
5.550000000000002487e+00 1.387177540622843708e+00 4.837141798219590783e-10
5.700000000000002842e+00 1.075798469541155100e+00 1.200722521410568788e-09
5.850000000000003197e+00 9.171818089610610514e-01 2.745007110505071068e-09
6.000000000000003553e+00 8.363860311526423175e-01 5.903465272183439083e-09
6.150000000000003908e+00 7.952373162785875138e-01 1.215337497306734349e-08
6.300000000000004263e+00 7.742940982877257738e-01 2.443820579234312618e-08
6.450000000000004619e+00 7.636613173640967034e-01 4.864954994410197742e-08
6.600000000000004974e+00 7.583152976023939118e-01 9.592752148179783944e-08
6.750000000000005329e+00 7.557302025802528078e-01 1.884698965781694824e-07
6.900000000000005684e+00 7.546846510829254839e-01 3.705599690428940107e-07
7.050000000000006040e+00 7.546846509944202808e-01 7.255614887791139722e-07
7.200000000000006395e+00 7.557302024032424015e-01 1.418694419830224263e-06
7.350000000000006750e+00 7.583152974548852399e-01 2.776010227467651248e-06
7.500000000000007105e+00 7.636613168625672188e-01 5.397416527719300916e-06
7.650000000000007461e+00 7.742940972256633358e-01 1.042309430598908904e-05
7.800000000000007816e+00 7.952373141544626378e-01 1.992604661427144208e-05
7.950000000000008171e+00 8.363860268748908311e-01 3.709599583567868564e-05
8.100000000000008527e+00 9.171818005530667506e-01 6.623602978661491392e-05
8.250000000000008882e+00 1.075798453049685577e+00 1.108751757642467695e-04
8.400000000000009237e+00 1.387177508141434146e+00 1.683639355156696382e-04
8.550000000000009592e+00 1.998442770285237202e+00 2.288269875466708569e-04
8.700000000000009948e+00 3.198377836077781922e+00 2.807255555170584671e-04
8.850000000000010303e+00 5.554177372844485205e+00 3.165397069281317144e-04
9.000000000000010658e+00 1.017766945956950764e+01 3.382010687194014764e-04
9.150000000000011013e+00 1.926540510871204859e+01 3.509976797599900777e-04
9.300000000000011369e+00 3.705007809772983052e+01 3.569252959553237403e-04
9.450000000000011724e+00 7.252301731350648595e+01 3.595850956419344158e-04
9.600000000000012079e+00 1.393784469730411502e+02 3.614933650822882427e-04
9.750000000000012434e+00 2.993810843070652936e+02 3.614302574317385108e-04
9.900000000000012790e+00 4.825818694367696366e+02 3.611357370099099739e-04
1.005000000000001315e+01 7.999914581113031318e+02 3.612837480879704799e-04
1.020000000000001350e+01 7.999914581113031318e+02 3.612837480879704799e-04
1.035000000000001386e+01 7.999914581113031318e+02 3.612837480879704799e-04
1.050000000000001421e+01 7.999914581113031318e+02 3.612837480879704799e-04
1.065000000000001457e+01 7.999914581113031318e+02 3.612837480879704799e-04
1.080000000000001492e+01 7.999914581113031318e+02 3.612837480879704799e-04
1.095000000000001528e+01 7.999914581113031318e+02 3.612837480879704799e-04
1.110000000000001563e+01 7.999914581113031318e+02 3.612837480879704799e-04
1.125000000000001599e+01 7.999914581113031318e+02 3.612837480879704799e-04
1.140000000000001634e+01 7.999914581113031318e+02 3.612837480879704799e-04
1.155000000000001670e+01 7.999914581113031318e+02 3.612837480879704799e-04
1.170000000000001705e+01 7.999914581113031318e+02 3.612837480879704799e-04
1.185000000000001741e+01 7.999914581113031318e+02 3.612837480879704799e-04
1.200000000000001776e+01 7.999914581113031318e+02 3.612837480879704799e-04
1.215000000000001812e+01 7.999914581113031318e+02 3.612837480879704799e-04
1.230000000000001847e+01 7.999914581113031318e+02 3.612837480879704799e-04
1.245000000000001883e+01 7.999914581113031318e+02 3.612837480879704799e-04
1.260000000000001918e+01 7.999914581113031318e+02 3.612837480879704799e-04
1.275000000000001954e+01 7.999914581113031318e+02 3.612837480879704799e-04
1.290000000000001990e+01 7.999914581113031318e+02 3.612837480879704799e-04
1.305000000000002025e+01 7.999766848525778187e+02 3.607158139269373009e-04
1.320000000000002061e+01 7.999766848525778187e+02 3.607158139269373009e-04
1.335000000000002096e+01 7.999766848525778187e+02 3.607158139269373009e-04
1.350000000000002132e+01 7.999766848525778187e+02 3.607158139269373009e-04
1.365000000000002167e+01 7.999766848525778187e+02 3.607158139269373009e-04
1.380000000000002203e+01 7.999766848525778187e+02 3.607158139269373009e-04
1.395000000000002238e+01 7.999766848525778187e+02 3.607158139269373009e-04
1.410000000000002274e+01 7.999766848525778187e+02 3.607158139269373009e-04
1.425000000000002309e+01 7.999766848525778187e+02 3.607158139269373009e-04
1.440000000000002345e+01 7.999766848525778187e+02 3.607158139269373009e-04
1.455000000000002380e+01 7.999766848525778187e+02 3.607158139269373009e-04
1.470000000000002416e+01 7.999766848525778187e+02 3.607158139269373009e-04
1.485000000000002451e+01 7.999766848525778187e+02 3.607158139269373009e-04
1.500000000000002487e+01 7.999766848525778187e+02 3.607158139269373009e-04
1.515000000000002522e+01 7.999766848525778187e+02 3.607158139269373009e-04
1.530000000000002558e+01 7.999766848525778187e+02 3.607158139269373009e-04
1.545000000000002593e+01 7.999766848525778187e+02 3.607158139269373009e-04
1.560000000000002629e+01 7.999766848525778187e+02 3.607158139269373009e-04
1.575000000000002665e+01 7.999766848525778187e+02 3.607158139269373009e-04
1.590000000000002700e+01 7.999766848525778187e+02 3.607158139269373009e-04
